1680194714652 0.9959096858638743 0
1680194745488 1.0 0
1680194776688 1.0 0
1680194807477 1.0 0
1680194838943 1.0 0
1680194871045 0.9987729057591623 0
1680194902322 1.0 0
1680194933627 1.0 0
1680194964630 1.0 0
1680194995981 1.0 0
1680195031369 0.9990034168564921 0
1680195066806 1.0 0
1680195102014 1.0 0
1680195137674 1.0 0
1680195172811 1.0 0
1680195208384 1.0 0
1680195242996 1.0 0
1680195278209 1.0 0
1680195314317 1.0 0
1680195349639 1.0 0
1680195385337 0.9994226327944573 0
1680195420276 0.9999278290993071 0
1680195455342 1.0 0
1680195490212 1.0 0
1680195525517 1.0 0
1680195560047 1.0 0
1680195594831 1.0 0
1680195630195 1.0 0
1680195665040 1.0 0
1680195700046 1.0 0
1680195735941 1.0 0
1680195771036 0.9998532863849765 0
1680195805628 1.0 0
1680195840849 1.0 0
1680195875209 1.0 0
1680195910134 1.0 0
1680195944657 1.0 0
1680195979719 1.0 0
1680196014372 1.0 0
1680196048985 1.0 0
1680196081227 0.9996648793565683 0
1680196111306 1.0 0
1680196142351 1.0 0
1680196173574 1.0 0
1680196204466 1.0 0
1680196235127 1.0 0
1680196265755 1.0 0
1680196297026 1.0 0
1680196327417 1.0 0
1680196357739 1.0 0
1680196402398 0.9826582867783985 0
1680196444710 0.9941806331471136 0
1680196488288 0.9966247672253259 0
1680196531321 0.9969739292364991 0
1680196574566 0.9968575418994413 0
1680196617242 0.9976140595903166 0
1680196659773 0.998312383612663 0
1680196701977 0.9984869646182495 0
1680196746032 0.9993016759776536 0
1680196788773 0.9991270949720671 0
1680196819416 0.9976032448377581 0
1680196846998 0.998801622418879 0
1680196874707 0.9992625368731564 0
1680196902288 1.0 0
1680196930239 1.0 0
1680196957745 1.0 0
1680196985893 1.0 0
1680197014269 1.0 0
1680197041362 1.0 0
1680197069150 1.0 0
1680197082873 0.9798119469026548 0
1680197094247 0.9950221238938053 0
1680197105151 0.9983407079646017 0
1680197115926 0.9975110619469026 0
1680197126850 0.9975110619469026 0
1680197137913 0.9991703539823009 0
1680197149121 1.0 0
1680197160234 1.0 0
1680197171366 1.0 0
1680197182360 1.0 0
1680197217881 0.9879385964912281 0
1680197250650 0.9982769423558897 0
1680197283392 0.9994517543859649 0
1680197315150 0.9988251879699248 0
1680197349472 0.9970238095238095 0
1680197382483 0.99968671679198 0
1680197415471 1.0 0
1680197448334 0.99968671679198 0
1680197481166 0.9989818295739349 0
1680197513932 0.9998433583959899 0
1680197528988 0.9673165137614679 0
1680197539701 0.9997133027522935 0
1680197550502 0.9991399082568807 0
1680197560897 0.9997133027522935 0
1680197571696 0.997993119266055 0
1680197582224 0.9982798165137615 0
1680197593291 0.9985665137614679 0
1680197603866 0.9997133027522935 0
1680197614452 1.0 0
1680197624796 1.0 0
1680197638873 0.9897836538461539 0
1680197649765 0.9975961538461539 0
1680197660394 0.9984975961538461 0
1680197670491 0.9984975961538461 0
1680197680915 0.9993990384615384 0
1680197691229 1.0 0
1680197701533 1.0 0
1680197712042 0.9987980769230769 0
1680197722380 0.9990985576923077 0
1680197732952 0.9996995192307693 0
1680197747593 0.9711538461538461 0
1680197757925 0.9909855769230769 0
1680197768373 0.9963942307692307 0
1680197778815 0.9987980769230769 0
1680197789288 1.0 0
1680197800011 1.0 0
1680197810553 1.0 0
1680197820998 1.0 0
1680197831725 1.0 0
1680197841835 1.0 0
1680197857169 0.9951923076923077 0
1680197867565 0.9987980769230769 0
1680197877930 1.0 0
1680197888034 1.0 0
1680197898299 1.0 0
1680197908360 0.9951923076923077 0
1680197918790 0.9987980769230769 0
1680197929345 1.0 0
1680197939714 1.0 0
1680197950638 1.0 0
