1680194714663 0.012540782861590133 0
1680194745499 3.6792148610209516e-05 0
1680194776700 7.590327856924001e-06 0
1680194807487 5.652056772729012e-06 0
1680194838949 4.405125964822861e-06 0
1680194871059 0.004581407275468305 0
1680194902337 2.6407720938130852e-05 0
1680194933640 8.002019189769293e-06 0
1680194964641 4.702314843694862e-06 0
1680194995996 1.0110325743424437e-05 0
1680195031379 0.007418130512970634 0
1680195066818 0.00557221280164796 0
1680195102025 0.004072021704128941 0
1680195137684 0.003115119631052153 0
1680195172821 0.002430841528782982 0
1680195208391 0.0019983797178206994 0
1680195243008 0.0015704514345277211 0
1680195278219 0.0012539412655521837 0
1680195314328 0.0010186361183692407 0
1680195349650 0.0008375064967357149 0
1680195385352 0.010201780223774872 0
1680195420294 0.0030003012352629497 0
1680195455355 0.001929060583686839 0
1680195490224 0.0014163360381972121 0
1680195525535 0.001080265563485744 0
1680195560058 0.0008487126765252193 0
1680195594846 0.0006849152907378559 0
1680195630208 0.0005660322189651533 0
1680195665053 0.0004800576012254656 0
1680195700055 0.0004112862257419184 0
1680195735954 0.0001637072459209903 0
1680195771048 0.0022683856117117172 0
1680195805638 0.0036233555145141942 0
1680195840859 0.0016619903161168587 0
1680195875220 0.001114444318282125 0
1680195910144 0.0008698314075257647 0
1680195944667 0.000564161549675379 0
1680195979731 0.00043656499781744213 0
1680196014384 0.0003589169948800148 0
1680196048996 0.0003055841003395967 0
1680196081238 0.001281132567044249 0
1680196111313 0.0002699214393171874 0
1680196142362 0.00019369895658774138 0
1680196173588 0.00021472460692205364 0
1680196204479 0.0001634337923950803 0
1680196235140 0.00014576360288521788 0
1680196265765 0.00013825949371184396 0
1680196297042 0.00013694723894202898 0
1680196327431 0.00013406467845603504 0
1680196357750 0.00013321361499969616 0
1680196402409 0.10171499400589532 0
1680196444723 0.021264611664913193 0
1680196488299 0.015385364201370787 0
1680196531330 0.015107644095347442 0
1680196574578 0.01326566236006925 0
1680196617258 0.010322028505260357 0
1680196659783 0.008133640381016766 0
1680196701989 0.009577110075882639 0
1680196746043 0.005717732101588664 0
1680196788784 0.005371411411209618 0
1680196819427 0.01307254046003216 0
1680196847014 0.005135625571281729 0
1680196874720 0.003769114149588773 0
1680196902301 0.0008938177394307051 0
1680196930249 0.0006041122144733757 0
1680196957769 0.00046182785000841635 0
1680196985905 0.00035958552149613457 0
1680197014284 0.0002991271162835557 0
1680197041372 0.0002648673107614741 0
1680197069162 0.0002303591557722786 0
1680197082885 0.10987011785412916 0
1680197094257 0.018425260678724905 0
1680197105164 0.009312197464040226 0
1680197115943 0.00908130259084128 0
1680197126864 0.00942052669093771 0
1680197137932 0.003165871229443073 0
1680197149131 0.001631920142470142 0
1680197160245 0.001240321302135368 0
1680197171379 0.0010135126855446899 0
1680197182374 0.0009023137869667757 0
1680197217892 0.06368056916964956 0
1680197250666 0.007622969141323353 0
1680197283412 0.002744419064914299 0
1680197315157 0.005771547714061568 0
1680197349484 0.016854834250631955 0
1680197382499 0.003183223835232301 0
1680197415486 0.0018361805054711593 0
1680197448345 0.002601790385738594 0
1680197481178 0.006655967701868362 0
1680197513943 0.0028510445674629252 0
1680197529000 0.29171683686815303 0
1680197539720 0.004254872452493313 0
1680197550510 0.004125056597147855 0
1680197560909 0.0027479005842939567 0
1680197571711 0.026265825032803374 0
1680197582235 0.011348120159033788 0
1680197593305 0.008335722665892008 0
1680197603878 0.003517546368455258 0
1680197614464 0.0024790754926245695 0
1680197624807 0.0021492149531328626 0
1680197638885 0.04336292299222595 0
1680197649780 0.007806259286343657 0
1680197660406 0.007959893085241605 0
1680197670513 0.004599204380960705 0
1680197680926 0.002740633461843782 0
1680197691240 0.0006898788874073384 0
1680197701540 0.0007132854331687738 0
1680197712050 0.0036778104194336966 0
1680197722392 0.005591202023564479 0
1680197732964 0.0035321021714480594 0
1680197747605 0.09964076509976831 0
1680197757941 0.023454009786991473 0
1680197768384 0.010425425443547564 0
1680197778828 0.004422896425239742 0
1680197789300 0.001985014257885408 0
1680197800026 0.0012304573392611928 0
1680197810564 0.0009624083787247611 0
1680197821009 0.0010785419116683232 0
1680197831743 0.0007623169927123504 0
1680197841853 0.000725859310477972 0
1680197857179 0.021664256507480016 0
1680197867579 0.004544844180949999 0
1680197877945 0.0006451434883974099 0
1680197888046 0.0006603380732905442 0
1680197898310 0.0008953850466731148 0
1680197908371 0.015857261818522463 0
1680197918801 0.005624782571640725 0
1680197929356 0.0013504113941542949 0
1680197939726 0.0013738738052779809 0
1680197950660 0.001234019730943076 0
