1680194714670 32.20775422799852 0
1680194745507 30.478659001997585 0
1680194776710 30.84868268199716 0
1680194807496 30.451834968000185 0
1680194838954 31.129628855000192 0
1680194871068 31.735884112997155 0
1680194902347 30.93246221300069 0
1680194933647 30.96346602599806 0
1680194964646 30.660894502998417 0
1680194996007 31.003465303001576 0
1680195031386 34.569563467997796 0
1680195066826 35.073075127002085 0
1680195102032 34.80715439899723 0
1680195137692 35.29957952699988 0
1680195172827 34.792480189000344 0
1680195208397 35.22278347899919 0
1680195243016 34.26130477699917 0
1680195278226 34.8478749370006 0
1680195314336 35.72438197900192 0
1680195349657 34.93495155799974 0
1680195385362 34.6098906369989 0
1680195420305 34.58910924900192 0
1680195455365 34.71691205300158 0
1680195490232 34.48350544400091 0
1680195525545 34.972827631001564 0
1680195560065 34.14897578700038 0
1680195594856 34.44084343299983 0
1680195630223 35.0160375000014 0
1680195665064 34.422577411998645 0
1680195700061 34.635769272998004 0
1680195735961 34.36658214699855 0
1680195771063 34.73211326099772 0
1680195805645 34.227931255998556 0
1680195840870 34.880658884001605 0
1680195875226 34.00292799399904 0
1680195910151 34.557080620001216 0
1680195944673 34.13245798900243 0
1680195979746 34.7056491229996 0
1680196014392 34.266021462000936 0
1680196049004 34.26264668400108 0
1680196081245 30.319496767999226 0
1680196111320 29.736701197998627 0
1680196142370 30.684368688001996 0
1680196173598 30.856973955000285 0
1680196204488 30.523557575001178 0
1680196235151 30.320950385998003 0
1680196265773 30.2315608209974 0
1680196297060 30.920302967999305 0
1680196327439 30.00321666599848 0
1680196357758 29.9706228440009 0
1680196402417 42.5063930719989 0
1680196444732 41.952251974998944 0
1680196488306 43.20273946300222 0
1680196531344 42.66180475500005 0
1680196574585 42.86864238099952 0
1680196617267 42.29797210700053 0
1680196659791 42.13387766199958 0
1680196701997 41.825729236999905 0
1680196746050 43.681968212000356 0
1680196788791 42.39367499599757 0
1680196819434 27.989097851001134 0
1680196847023 27.208499986998504 0
1680196874735 27.31152929200107 0
1680196902310 27.203779022998788 0
1680196930258 27.577192577999085 0
1680196957784 27.152185211998585 0
1680196985913 27.76224588599871 0
1680197014293 28.030225503996917 0
1680197041379 26.725942417000624 0
1680197069170 27.43580522800039 0
1680197082893 10.586587922996841 0
1680197094264 11.038011101001757 0
1680197105171 10.568731326999114 0
1680197115954 10.440791630000604 0
1680197126881 10.560136287000205 0
1680197137943 10.695128247996763 0
1680197149138 10.854015680000884 0
1680197160252 10.76311994400021 0
1680197171385 10.794113956999354 0
1680197182383 10.614117249002447 0
1680197217899 32.12779353700171 0
1680197250681 32.41532780499983 0
1680197283424 32.36464590300238 0
1680197315164 31.38839973100039 0
1680197349492 33.90774712300117 0
1680197382512 32.55844369799888 0
1680197415497 32.606987433999166 0
1680197448352 32.494777061001514 0
1680197481190 32.47704565400272 0
1680197513951 32.39029911200123 0
1680197529007 10.770503375999397 0
1680197539731 10.337043126997742 0
1680197550517 10.449413170001208 0
1680197560917 10.075402140999358 0
1680197571720 10.46839824899871 0
1680197582244 10.176811738001561 0
1680197593316 10.728460593996715 0
1680197603886 10.229578427999513 0
1680197614471 10.260353663001297 0
1680197624815 10.028624963000766 0
1680197638894 9.952888570998766 0
1680197649792 10.526863213999604 0
1680197660414 10.290600696000183 0
1680197670533 9.756855392999569 0
1680197680933 10.056218530000478 0
1680197691248 9.976600862999476 0
1680197701548 9.97744782999871 0
1680197712057 10.170322866000788 0
1680197722400 9.994245136000245 0
1680197732972 10.237215649001882 0
1680197747613 10.044402581999748 0
1680197757950 10.00816802999907 0
1680197768392 10.09159589599949 0
1680197778838 10.082302457998594 0
1680197789308 10.136866263001139 0
1680197800036 10.357673693000834 0
1680197810572 10.197156680002081 0
1680197821018 10.096154209997621 0
1680197831755 10.392748106998624 0
1680197841861 9.741968280999572 0
1680197857187 10.119209606000368 0
1680197867589 10.060621731001447 0
1680197877954 10.028872671002318 0
1680197888053 9.795623526999407 0
1680197898318 9.907421856998553 0
1680197908380 9.729026010998496 0
1680197918809 10.090436981001403 0
1680197929365 10.221157530999335 0
1680197939733 10.023923241002194 0
1680197950674 10.5421442629995 0
