1679937108714 0.18390890041106864 0
1679937193313 0.07859181888046028 0
1679937278074 0.04762943633745888 0
1679937361533 0.0340089332516384 0
1679937444938 0.024064616900038957 0
1679937527095 0.01568562983153905 0
1679937609168 0.010426572338109355 0
1679937691237 0.0075128692024416435 0
1679937774345 0.005779142584867083 0
1679937858590 0.004808052234791905 0
1679937967582 0.07382544393622718 0
1679938004007 0.06303034227726415 0
1679938040483 0.06142197651287007 0
1679938076646 0.06032478426524819 0
1679938112691 0.05960016588651978 0
1679938148640 0.05915864995169674 0
1679938184888 0.05838418934694891 0
1679938220932 0.05780686100530052 0
1679938256997 0.05744700541033842 0
1679938292878 0.05782833619496014 0
1679938389001 0.05524522865670998 0
1679938424901 0.05105316289734459 0
1679938461145 0.05014036180454223 0
1679938497055 0.0498210672625331 0
1679938533442 0.04904620679911481 0
1679938569623 0.048737730782104895 0
1679938606030 0.0486714239632155 0
1679938641829 0.04869198960182969 0
1679938678135 0.04808418694856472 0
1679938713644 0.04776078806661362 0
1679938812110 0.054918787028678466 0
1679938848065 0.053609501901238595 0
1679938883909 0.05269889645224228 0
1679938920114 0.053098047252478735 0
1679938956122 0.05286713935207071 0
1679938992449 0.05254216527151489 0
1679939028935 0.05220777776195319 0
1679939065035 0.052082106427681324 0
1679939101112 0.05198533130806954 0
1679939137489 0.05178716442286101 0
1679939238038 0.05089425077604935 0
1679939275247 0.050471384672033215 0
1679939311433 0.05052881797686154 0
1679939346798 0.05027649523432772 0
1679939382863 0.05006615152742491 0
1679939419636 0.050093488407143685 0
1679939456021 0.050140767546677 0
1679939492251 0.049984207729303336 0
1679939528638 0.04964191818764376 0
1679939565156 0.04954936330950937 0
1679939667246 0.04732192599172589 0
1679939703568 0.04716279714475379 0
1679939739145 0.047180475675252846 0
1679939775604 0.04705991112563374 0
1679939812167 0.047042447897392765 0
1679939848284 0.04701267056210506 0
1679939884375 0.04693773386151336 0
1679939921169 0.04682338082948713 0
1679939957296 0.04680000470877995 0
1679939993450 0.046869205956223924 0
1679940098927 0.04657958984255877 0
1679940135442 0.04647884286972586 0
1679940171897 0.046448798755422065 0
1679940208433 0.04638214896129834 0
1679940245209 0.046292948902064805 0
1679940282066 0.04631308087440164 0
1679940318544 0.046257801776275385 0
1679940355218 0.046370573279577804 0
1679940391967 0.04622405937732046 0
1679940428305 0.04616950602855447 0
1679940535937 0.04531315939641709 0
1679940573019 0.045274028995854046 0
1679940610014 0.0452533386117064 0
1679940646475 0.04516855257205925 0
1679940682309 0.04517744549788361 0
1679940718252 0.04528785951240638 0
1679940754573 0.045181437877418344 0
1679940790741 0.04507909364305263 0
1679940827109 0.04509726854117024 0
1679940862744 0.04510861589183468 0
1679940972219 0.04528004834441986 0
1679941008795 0.045307249663156364 0
1679941045107 0.04519142749484797 0
1679941080894 0.04523530148587893 0
1679941116989 0.0451904851889029 0
1679941152776 0.0451155697284307 0
1679941189425 0.04505832788291803 0
1679941225762 0.04509901287362218 0
1679941263154 0.04514210716193593 0
1679941300281 0.04505158021633975 0
1679941412345 0.04486953139748473 0
1679941449200 0.04491244054552173 0
1679941485524 0.04489236798121206 0
1679941522470 0.044793411283733535 0
1679941559374 0.04482239967074207 0
1679941595484 0.04486093525227337 0
1679941632565 0.04490608131007463 0
1679941668810 0.04485629764162491 0
1679941705806 0.04479108461961474 0
1679941742251 0.044776246635613665 0
1679941856568 0.04458869467699545 0
1679941893412 0.04449116281915613 0
1679941930607 0.044411353438854044 0
1679941967424 0.04445654693096225 0
1679942004296 0.04442349213190388 0
1679942040545 0.044414472002996974 0
1679942076838 0.04446556297940198 0
1679942113981 0.04445679337762329 0
1679942150494 0.044456635627575666 0
1679942186709 0.04438192379190498 0
1679942302507 0.04449127815609825 0
1679942338745 0.04449369430110074 0
1679942375431 0.04446204513635325 0
1679942411874 0.044492299879050776 0
1679942448397 0.04448505408683981 0
1679942484003 0.04449641916738904 0
1679942520841 0.04440475359721028 0
1679942557208 0.04442243690642974 0
1679942593401 0.04441561119603938 0
1679942630630 0.044412734945291195 0
1679942749371 0.044307566180197135 0
1679942785554 0.04430495027647635 0
1679942822529 0.04425627298566491 0
1679942859131 0.04424748068058127 0
1679942896282 0.04420989344091436 0
1679942933175 0.044241248156203956 0
1679942969865 0.04425500454868428 0
1679943006721 0.04418800312884932 0
1679943043703 0.044185586360304854 0
1679943080655 0.044233902473933995 0
1679943203242 0.04401268175654653 0
1679943240349 0.044004773321575014 0
1679943277458 0.04399318886191948 0
1679943314563 0.044010729151035564 0
1679943351842 0.04395815111372782 0
1679943389167 0.04402372242099997 0
1679943426464 0.04397578438662964 0
1679943463201 0.043959430842727854 0
1679943499864 0.04388966498545546 0
1679943537100 0.043998319679952186 0
1679943661523 0.04365492526549792 0
1679943698198 0.043721607181689014 0
1679943735665 0.043662765560050804 0
1679943772219 0.04362705485166415 0
1679943809236 0.04365773976281069 0
1679943846224 0.04365215319600226 0
1679943883037 0.04363161568408427 0
1679943919916 0.043631879329357456 0
1679943956342 0.043660578604085724 0
1679943993387 0.043663632821129714 0
1679944120801 0.042969533612114794 0
1679944158421 0.04290998445526845 0
1679944195390 0.04294440791928682 0
1679944232759 0.04293976466886807 0
1679944270338 0.042928499690648436 0
1679944307335 0.042962807748952635 0
1679944344892 0.042904230258495046 0
1679944382203 0.042880812130760455 0
1679944419394 0.04289071426011514 0
1679944456734 0.042884660633685796 0
1679944586709 0.042827395557601386 0
1679944623895 0.042796210223889866 0
1679944661214 0.04282466512497352 0
1679944698679 0.04281327987386697 0
1679944736519 0.04280990963882726 0
1679944774071 0.04280200920513143 0
1679944810577 0.0427776164955635 0
1679944848118 0.04281504840144645 0
1679944885279 0.04279388403115065 0
1679944923076 0.04281994047156279 0
1679945055206 0.04264368206197613 0
1679945092044 0.04258829784352159 0
1679945128938 0.04260098468241563 0
1679945165645 0.04259909301465594 0
1679945202282 0.04257339846104557 0
1679945238717 0.04257258874104293 0
1679945275975 0.04262743331491947 0
1679945313313 0.04253487552375381 0
1679945350898 0.04253183348580848 0
1679945388409 0.042565644805341266 0
1679945523591 0.042306322677093264 0
1679945560759 0.04227852786627377 0
1679945597746 0.04231824323459599 0
1679945634734 0.04230242993176586 0
1679945671010 0.042287213380604635 0
1679945707723 0.04227776637548484 0
1679945744829 0.04229113421903525 0
1679945782210 0.04230786366334368 0
1679945819330 0.042242853530827976 0
1679945856909 0.04223864950573427 0
1679945995033 0.04202496656959039 0
1679946032214 0.041996675454404046 0
1679946069564 0.04198822741923125 0
1679946106411 0.0419656330935549 0
1679946143672 0.0419474470415625 0
1679946180813 0.04197965356912734 0
1679946217991 0.041945609627156585 0
1679946255320 0.04196147715699845 0
1679946292551 0.04196444497970135 0
1679946330177 0.04196913108445596 0
