1679276731349 0.32684518318331124 0
1679276740338 0.1284582532540548 0
1679276749772 0.05420862667732781 0
1679276758840 0.03778632149481507 0
1679276768037 0.01663910318037618 0
1679276777431 0.022313951704763538 0
1679276786810 0.008766566608149636 0
1679276796391 0.0749915338032331 0
1679276805674 0.05133095930810383 0
1679276815013 0.016310616362270415 0
1679276839354 0.6698213652433718 0
1679276848921 0.08999494448139825 0
1679276858543 0.06330034428038726 0
1679276868153 0.06553710168958002 0
1679276877560 0.022615642161291166 0
1679276887039 0.01657805628115859 0
1679276896982 0.012617323161833281 0
1679276906352 0.023534015905312903 0
1679276916167 0.03297274962852837 0
1679276925910 0.02853739836627581 0
1679276948467 1.0630877175021405 0
1679276958399 0.12302460207366477 0
1679276967984 0.06101250829284682 0
1679276977927 0.03252759854099257 0
1679276987863 0.05142950137858005 0
1679276997694 0.02963914356066608 0
1679277007372 0.022343475608995148 0
1679277017337 0.023566426718424932 0
1679277027231 0.020003306487684742 0
1679277037271 0.014996719761185493 0
1679277059777 1.639301009330095 0
1679277069382 0.2846702536677613 0
1679277079305 0.11120327594507412 0
1679277089209 0.07328666097886276 0
1679277098967 0.06726810326069302 0
1679277108565 0.06492677725413266 0
1679277118375 0.025546168442815542 0
1679277128110 0.011570997403788507 0
1679277138302 0.013505369986352675 0
1679277148757 0.04280482070045728 0
1679277172835 1.6329023890635546 0
1679277182837 0.1962736481618063 0
1679277192516 0.07309714901973219 0
1679277202239 0.053613699913280556 0
1679277212141 0.0371392478518115 0
1679277221788 0.028296460730808916 0
1679277231497 0.0535060693692489 0
1679277241477 0.048713229724443426 0
1679277251325 0.024947571339925714 0
1679277260926 0.017642065343976606 0
1679277284527 1.9105799819032352 0
1679277294403 0.28321161197827144 0
1679277304276 0.1211451506972605 0
1679277313814 0.0462065186698501 0
1679277323588 0.06809186510851278 0
1679277333397 0.05258380573279425 0
1679277343202 0.014154166804955286 0
1679277352980 0.02087064679054653 0
1679277362593 0.03583049915694431 0
1679277372238 0.05701889987925396 0
1679277395785 1.7979262335335506 0
1679277405419 0.17854743359573916 0
1679277415406 0.0810376342440791 0
1679277425161 0.05310059672075452 0
1679277434628 0.03311065977950599 0
1679277444016 0.01905920974654602 0
1679277453558 0.02883801220313591 0
1679277463323 0.021972319019921853 0
1679277472788 0.056498772601651794 0
1679277482478 0.027418585631119853 0
1679277505020 1.8947989106470464 0
1679277514625 0.2524375378647271 0
1679277524524 0.12585043525505885 0
1679277534329 0.07902936301395005 0
1679277544018 0.043856952558545506 0
1679277553480 0.040953282673167536 0
1679277563407 0.03507498617959665 0
1679277573186 0.03867047568600552 0
1679277583105 0.02008398943671993 0
1679277592808 0.02414030550668637 0
1679277616439 1.7315953078807569 0
1679277626482 0.27403226962276533 0
1679277636209 0.1479553017473104 0
1679277645968 0.07502034064564927 0
1679277655557 0.0520274795171823 0
1679277665420 0.06802993427560318 0
1679277675134 0.0492583445693348 0
1679277685016 0.045014420807288555 0
1679277695249 0.01985375456256317 0
1679277705307 0.014180525096462053 0
1679277729573 1.9867152150939493 0
1679277739149 0.35953816618112955 0
1679277748679 0.1296990775484957 0
1679277758309 0.07915153041226315 0
1679277768269 0.06663835250462095 0
1679277777903 0.061563745533645735 0
1679277787983 0.04869447203864362 0
1679277797602 0.03851153715239728 0
1679277807339 0.04421191263542164 0
1679277817045 0.03937045788830694 0
1679277841190 1.9902421078261208 0
1679277851189 0.44898966940886836 0
1679277861145 0.18854472804449351 0
1679277870582 0.10386544557324812 0
1679277880653 0.06609965166003973 0
1679277890299 0.059390518376055884 0
1679277899949 0.055323970622803066 0
1679277909763 0.056810010151535854 0
1679277919496 0.041076828314758396 0
1679277929178 0.051136029427688495 0
1679277953736 2.093320764162961 0
1679277963666 0.38115427716105593 0
1679277973597 0.18384858936655754 0
1679277983296 0.08930582808805447 0
1679277993116 0.04881356179020276 0
1679278002943 0.045088212498847174 0
1679278012861 0.04886330445023144 0
1679278022910 0.051850936302513466 0
1679278032725 0.03625784594309973 0
1679278042456 0.040999049256902696 0
1679278068758 2.0653440465821937 0
1679278078581 0.27692292316579353 0
1679278088160 0.11575931076909982 0
1679278097871 0.06464761450850204 0
1679278107659 0.05548194174965223 0
1679278117417 0.051552880601044376 0
1679278127232 0.04100607826794479 0
1679278137188 0.04022237961637039 0
1679278147138 0.03559177580709551 0
1679278156870 0.03433093379306443 0
1679278181160 1.935925014755305 0
1679278191122 0.28531840545874015 0
1679278201424 0.1276139301594858 0
1679278211302 0.07212319589384339 0
1679278221123 0.07850880707230638 0
1679278230739 0.07178148641890171 0
1679278240598 0.030987640477570834 0
1679278250529 0.023737062937488743 0
1679278260029 0.02419387883342364 0
1679278269843 0.021033470044095143 0
1679278293570 2.147867625834895 0
1679278303394 0.3731236220428757 0
1679278313397 0.142251962101927 0
1679278323247 0.06377186461844865 0
1679278333009 0.03372647880813947 0
1679278343114 0.03304898361766748 0
1679278353351 0.036227171373206614 0
1679278363064 0.078599450589322 0
1679278373086 0.04819855874623446 0
1679278382744 0.027245601255665806 0
1679278408231 2.2089465371533934 0
1679278417847 0.22561530958788067 0
1679278427706 0.07911470657506701 0
1679278437523 0.05083745953572147 0
1679278447189 0.05625403797546146 0
1679278457020 0.053375090828494114 0
1679278466911 0.03193461827422474 0
1679278476791 0.029230157141665034 0
1679278486782 0.03071338445970825 0
1679278496911 0.03477081640933951 0
1679278522485 2.0158975308432296 0
1679278532231 0.4089119672483089 0
1679278542216 0.19551899989007734 0
1679278552234 0.11874450337799157 0
1679278561937 0.09224795821287177 0
1679278571773 0.0582560645416379 0
1679278582262 0.05992447280818049 0
1679278592895 0.06881455446173455 0
1679278602925 0.04533976029750763 0
1679278612598 0.03269863555061759 0
1679278638244 2.08453594966262 0
1679278647992 0.25882899615110133 0
1679278657820 0.11877690125987225 0
1679278667614 0.06977526644500447 0
1679278677699 0.04213021670961205 0
1679278687385 0.03352988368886359 0
1679278696974 0.03451936426298583 0
1679278707007 0.03374462333672187 0
1679278716923 0.0498310896458433 0
1679278726775 0.03597640009669989 0
1679278752417 2.0009230036361543 0
1679278762284 0.3197823019296515 0
1679278772199 0.1486713380059775 0
1679278782358 0.08178041006127994 0
1679278792087 0.06899871792205993 0
1679278801948 0.048683324463519397 0
1679278811781 0.049209376477508567 0
1679278821358 0.03357055145954969 0
1679278831552 0.02777835873740853 0
1679278841445 0.0458298392466032 0
1679278867863 2.211570128506305 0
1679278877526 0.25775693689345147 0
1679278887363 0.10007165604289256 0
1679278897238 0.05271667140700361 0
1679278906906 0.06169472653053555 0
1679278917145 0.03524794707111284 0
1679278927297 0.047985248678528214 0
1679278937315 0.05560948980935648 0
1679278947074 0.044437780693246456 0
1679278956678 0.03777944149595557 0
