1678649270261 0.8732866280840694 0
1678649274746 0.9582698751142248 0
1678649279196 0.9805056350898569 0
1678649283703 0.9844654279622297 0
1678649288146 0.9875114224794396 0
1678649292592 0.9844654279622297 0
1678649296996 0.9786780383795309 0
1678649301386 0.9917758148035334 0
1678649305821 0.9826378312519037 0
1678649310004 0.9890344197380445 0
1678649366035 0.887893761581223 0
1678649370204 0.9793082149474984 0
1678649374456 0.9944410129709698 0
1678649378664 0.9854848672019765 0
1678649383306 0.9928968499073502 0
1678649387828 0.9913526868437307 0
1678649392360 0.9922791846819025 0
1678649396895 0.9959851760345892 0
1678649401455 0.9894996911673872 0
1678649405822 0.9919703520691785 0
1678649464570 0.8983940704138357 0
1678649468842 0.983940704138357 0
1678649473196 0.9814700432365658 0
1678649477415 0.990426189005559 0
1678649481784 0.9928968499073502 0
1678649486026 0.9969116738727609 0
1678649490620 0.9975293390982087 0
1678649495079 0.9867201976528721 0
1678649499549 0.9916615194564546 0
1678649504041 0.9969116738727609 0
1678649564563 0.7810376775787523 0
1678649568886 0.9688079061148858 0
1678649573181 0.9882643607164917 0
1678649577398 0.9941321803582458 0
1678649581627 0.9882643607164917 0
1678649586023 0.9928968499073502 0
1678649590420 0.9885731933292156 0
1678649595028 0.993823347745522 0
1678649599716 0.9956763434218654 0
1678649604318 0.9925880172946263 0
1678649664787 0.557442865966646 0
1678649669046 0.9126003705991352 0
1678649673384 0.9765287214329833 0
1678649677614 0.9805435453983941 0
1678649681724 0.9879555281037677 0
1678649686021 0.9879555281037677 0
1678649690198 0.9932056825200741 0
1678649694383 0.9848672019765288 0
1678649698808 0.9925880172946263 0
1678649703289 0.9928968499073502 0
1678649764575 0.3891290920321186 0
1678649768834 0.8613341568869672 0
1678649773162 0.9595429277331686 0
1678649777365 0.9762198888202595 0
1678649781480 0.980852378011118 0
1678649785695 0.9913526868437307 0
1678649790118 0.9836318715256331 0
1678649794478 0.9799258801729462 0
1678649798807 0.9749845583693638 0
1678649803280 0.9913526868437307 0
1678649866310 0.31624459542927735 0
1678649870592 0.7127856701667696 0
1678649874754 0.8919085855466338 0
1678649878936 0.9437924644842496 0
1678649883247 0.9712785670166769 0
1678649887426 0.967881408276714 0
1678649891723 0.9882643607164917 0
1678649895933 0.9722050648548487 0
1678649900156 0.9768375540457073 0
1678649904539 0.9885731933292156 0
1678649967851 0.3372452130945028 0
1678649972163 0.7192711550339715 0
1678649976411 0.8993205682520075 0
1678649980726 0.9357628165534281 0
1678649984877 0.9752933909820877 0
1678649989237 0.9802347127856702 0
1678649993625 0.9891908585546634 0
1678649997971 0.9820877084620135 0
1678650002173 0.9694255713403336 0
1678650006522 0.9811612106238419 0
1678650068892 0.25138974675725756 0
1678650072711 0.6324891908585547 0
1678650076829 0.8415688696726374 0
1678650081226 0.932674490426189 0
1678650085536 0.9638665843113032 0
1678650089831 0.974366893143916 0
1678650093924 0.9654107473749228 0
1678650098327 0.9820877084620135 0
1678650102643 0.9796170475602224 0
1678650106899 0.9894996911673872 0
1678650169992 0.3038912909203212 0
1678650174572 0.7686843730697962 0
1678650178152 0.932983323038913 0
1678650182381 0.9657195799876467 0
1678650186580 0.9768375540457073 0
1678650190884 0.983940704138357 0
1678650195327 0.9796170475602224 0
1678650199530 0.990426189005559 0
1678650203928 0.990426189005559 0
1678650208264 0.9786905497220506 0
1678650269923 0.272390364422483 0
1678650274446 0.6849907350216183 0
1678650278900 0.8786287831995059 0
1678650282741 0.9456454601605929 0
1678650287113 0.968190240889438 0
1678650291421 0.9765287214329833 0
1678650295832 0.9836318715256331 0
1678650300241 0.983940704138357 0
1678650304448 0.9740580605311921 0
1678650308680 0.9885731933292156 0
1678650369644 0.2217418159357628 0
1678650374211 0.6741815935762816 0
1678650378702 0.8915997529339098 0
1678650383191 0.9416306361951822 0
1678650387261 0.9651019147621989 0
1678650391679 0.9703520691785052 0
1678650395988 0.9793082149474984 0
1678650400386 0.9833230389129092 0
1678650404722 0.9885731933292156 0
1678650409059 0.9734403953057443 0
1678650468073 0.24799258801729462 0
1678650472662 0.6432983323038913 0
1678650477242 0.8529956763434219 0
1678650481785 0.9332921556516368 0
1678650486110 0.9558369363804817 0
1678650490038 0.9617047560222359 0
1678650494588 0.9768375540457073 0
1678650499032 0.9830142063001853 0
1678650503359 0.9759110562075355 0
1678650507692 0.984249536751081 0
1678650568212 0.26466954910438545 0
1678650572817 0.7205064854848672 0
1678650577372 0.8993205682520075 0
1678650581863 0.9530574428659666 0
1678650586399 0.9697344039530574 0
1678650590897 0.9823965410747375 0
1678650594786 0.9888820259419395 0
1678650599113 0.9888820259419395 0
1678650603565 0.9947498455836936 0
1678650608022 0.9861025324274243 0
1678650667376 0.20784434836318716 0
1678650671592 0.6133415688696726 0
1678650676312 0.8394070413835701 0
1678650680862 0.9249536751080915 0
1678650685429 0.9490426189005559 0
1678650689979 0.9718962322421247 0
1678650694633 0.9774552192711551 0
1678650698722 0.9737492279184682 0
1678650702985 0.9771463866584311 0
1678650707241 0.9922791846819025 0
1678650766796 0.18931439159975294 0
1678650771343 0.5861642989499691 0
1678650775703 0.8437306979617047 0
1678650780384 0.9410129709697344 0
1678650784833 0.9715873996294009 0
1678650789404 0.9740580605311921 0
1678650794057 0.9740580605311921 0
1678650798712 0.9827053736874614 0
1678650802972 0.9910438542310068 0
1678650807206 0.9796170475602224 0
1678650866683 0.19024088943792464 0
1678650871140 0.6244595429277332 0
1678650875805 0.8956145768993206 0
1678650880244 0.9533662754786906 0
1678650884805 0.9774552192711551 0
1678650889224 0.9697344039530574 0
1678650893737 0.983940704138357 0
1678650898304 0.9879555281037677 0
1678650902909 0.9873378628783199 0
1678650907152 0.9916615194564546 0
1678650966456 0.31902408894379247 0
1678650970855 0.7918468190240889 0
1678650975495 0.9289684990735022 0
1678650980223 0.9734403953057443 0
1678650984614 0.9777640518838789 0
1678650989205 0.9756022235948116 0
1678650993519 0.9814700432365658 0
1678650998137 0.9894996911673872 0
1678651002789 0.9913526868437307 0
1678651007627 0.980852378011118 0
1678651065558 0.20197652872143299 0
1678651070410 0.5784434836318715 0
1678651075074 0.820259419394688 0
1678651079650 0.9268066707844348 0
1678651084183 0.9675725756639901 0
1678651088477 0.9756022235948116 0
1678651093202 0.9793082149474984 0
1678651097834 0.9805435453983941 0
1678651102545 0.9793082149474984 0
1678651107025 0.9932056825200741 0
1678651164736 0.30111179740580607 0
1678651169446 0.7059913526868438 0
1678651174130 0.8810994441012971 0
1678651178853 0.9505867819641755 0
1678651183336 0.9771463866584311 0
1678651187893 0.9891908585546634 0
1678651192351 0.9768375540457073 0
1678651197105 0.9953675108091414 0
1678651201781 0.9925880172946263 0
1678651206363 0.9870290302655961 0
