1678649270280 4.557456837967038 0
1678649274769 4.320396883878857 0
1678649279215 4.28210753435269 0
1678649283722 4.340645924210548 0
1678649288161 4.3096813559532166 0
1678649292620 4.3203154229559 0
1678649297016 4.2277822168543935 0
1678649301408 4.21488420618698 0
1678649305841 4.26646193722263 0
1678649310018 4.04551183572039 0
1678649366051 4.098969329614192 0
1678649370221 4.04565011896193 0
1678649374473 4.12645301502198 0
1678649378681 4.063738701865077 0
1678649383324 4.485030158888549 0
1678649387847 4.367922521196306 0
1678649392380 4.361271530389786 0
1678649396911 4.37524078367278 0
1678649401483 4.394536377862096 0
1678649405840 4.212908076122403 0
1678649464586 4.137862418778241 0
1678649468863 4.144379782024771 0
1678649473216 4.200965001247823 0
1678649477433 4.071519568096846 0
1678649481810 4.235506463330239 0
1678649486049 4.065656170714647 0
1678649490641 4.42816833499819 0
1678649495096 4.296039613429457 0
1678649499564 4.310982420109212 0
1678649504064 4.347633229102939 0
1678649564585 3.956319557968527 0
1678649568903 4.185587591025978 0
1678649573196 4.147642755880952 0
1678649577417 4.071872757747769 0
1678649581645 4.074709267355502 0
1678649586042 4.257764695212245 0
1678649590439 4.237625681329519 0
1678649595048 4.4305555718019605 0
1678649599732 4.537864479236305 0
1678649604337 4.4275753777474165 0
1678649664801 4.147475101985037 0
1678649669064 4.108466236852109 0
1678649673409 4.191313943360001 0
1678649677631 4.06898268731311 0
1678649681748 3.9687280491925776 0
1678649686038 4.157836904283613 0
1678649690215 4.036021411884576 0
1678649694401 4.040686527267098 0
1678649698828 4.254261337220669 0
1678649703309 4.2991692260839045 0
1678649764597 4.2539001908153296 0
1678649768856 4.124508657027036 0
1678649773180 4.160921378992498 0
1678649777381 4.069058851338923 0
1678649781499 3.9694955069571733 0
1678649785716 4.066827600821853 0
1678649790138 4.21574549889192 0
1678649794499 4.185740348882973 0
1678649798832 4.157235901802778 0
1678649803299 4.301949034910649 0
1678649866330 4.146924001630396 0
1678649870614 4.12863844493404 0
1678649874773 4.011331784073263 0
1678649878958 4.022520693950355 0
1678649883273 4.134904562029988 0
1678649887446 4.013375744223595 0
1678649891739 4.14509287988767 0
1678649895954 4.074109820649028 0
1678649900171 4.067826146725565 0
1678649904556 4.226249767933041 0
1678649967870 3.6521875271573663 0
1678649972182 4.149572551250458 0
1678649976430 4.112135358154774 0
1678649980736 4.17184365587309 0
1678649984895 3.999580527190119 0
1678649989258 4.207031230907887 0
1678649993649 4.22665850399062 0
1678649997994 4.1874219118617475 0
1678650002196 4.053041120991111 0
1678650006536 4.19399982271716 0
1678650068915 4.144584573805332 0
1678650072728 3.660867311991751 0
1678650076853 3.9653863669373095 0
1678650081242 4.233320728875697 0
1678650085569 4.159474003128707 0
1678650089851 4.134495879989117 0
1678650093947 3.952304761391133 0
1678650098345 4.226794410031289 0
1678650102661 4.160095805767924 0
1678650106920 4.12430751696229 0
1678650170011 4.512146333232522 0
1678650174586 4.3811917109414935 0
1678650178174 3.4495251029729843 0
1678650182402 4.093338695820421 0
1678650186602 4.053952866233885 0
1678650190902 4.13134080497548 0
1678650195351 4.287460399325937 0
1678650199548 4.037635247223079 0
1678650203954 4.2436226340942085 0
1678650208283 4.158739450853318 0
1678650269940 4.257032481953502 0
1678650274465 4.3885219702497125 0
1678650278917 4.280259998049587 0
1678650282758 3.661808303091675 0
1678650287135 4.215955181978643 0
1678650291439 4.140048261731863 0
1678650295862 4.239800645969808 0
1678650300261 4.2546757105737925 0
1678650304468 4.052258178126067 0
1678650308698 4.073464093264192 0
1678650369669 4.215663333889097 0
1678650374232 4.372247356921434 0
1678650378721 4.3110981290228665 0
1678650383209 4.329116482753307 0
1678650387280 3.871811647899449 0
1678650391695 4.248711910098791 0
1678650396007 4.1530721969902515 0
1678650400410 4.245072579011321 0
1678650404742 4.176375973038375 0
1678650409078 4.182014400139451 0
1678650468092 4.345448535867035 0
1678650472691 4.417733127716929 0
1678650477259 4.412894319277257 0
1678650481821 4.381194079294801 0
1678650486128 4.176265866030008 0
1678650490057 3.7387482379563153 0
1678650494607 4.382856746204197 0
1678650499053 4.2752894992008805 0
1678650503378 4.166026185266674 0
1678650507712 4.175261180382222 0
1678650568234 4.344106986187398 0
1678650572849 4.411019681952894 0
1678650577397 4.3944372977130115 0
1678650581894 4.3035194161348045 0
1678650586418 4.3600503439083695 0
1678650590917 4.320597730111331 0
1678650594807 3.6991966478526592 0
1678650599131 4.158737021964043 0
1678650603587 4.295945062302053 0
1678650608044 4.300387075170875 0
1678650667397 4.322453673928976 0
1678650671612 4.02680912008509 0
1678650676329 4.547133816871792 0
1678650680888 4.372058994136751 0
1678650685455 4.387204528320581 0
1678650689997 4.375104813836515 0
1678650694653 4.4751986102201045 0
1678650698744 3.8962478190660477 0
1678650703004 4.089610045775771 0
1678650707268 4.10195746133104 0
1678650766820 4.417478000279516 0
1678650771363 4.377285049762577 0
1678650775722 4.177760867867619 0
1678650780421 4.5060032438486814 0
1678650784852 4.255759981926531 0
1678650789425 4.398916746955365 0
1678650794076 4.470500017981976 0
1678650798749 4.476734900381416 0
1678650802994 4.019491014070809 0
1678650807241 4.059470918029547 0
1678650866707 4.557140695862472 0
1678650871160 4.286619565915316 0
1678650875825 4.482680599670857 0
1678650880263 4.263367329724133 0
1678650884824 4.382311949972063 0
1678650889254 4.227620480116457 0
1678650893755 4.3414934650063515 0
1678650898335 4.377344647888094 0
1678650902940 4.406799027230591 0
1678650907175 4.078495556022972 0
1678650966486 4.393805217929184 0
1678650970875 4.2103010499849916 0
1678650975529 4.452382096555084 0
1678650980254 4.556315480265766 0
1678650984647 4.210614494979382 0
1678650989232 4.385597954038531 0
1678650993553 4.141917654313147 0
1678650998160 4.430652009788901 0
1678651002812 4.464045234024525 0
1678651007665 4.642983969766647 0
1678651065580 4.525425190571696 0
1678651070429 4.667658186051995 0
1678651075102 4.486403150949627 0
1678651079674 4.379440616350621 0
1678651084209 4.349118493963033 0
1678651088513 4.123733375687152 0
1678651093237 4.508674807846546 0
1678651097856 4.429365388117731 0
1678651102565 4.5262609496712685 0
1678651107058 4.303064737003297 0
1678651164757 4.200330723077059 0
1678651169467 4.53479464026168 0
1678651174161 4.4921742607839406 0
1678651178879 4.528986336197704 0
1678651183363 4.307311758864671 0
1678651187915 4.355513495858759 0
1678651192376 4.267036170698702 0
1678651197129 4.545876221731305 0
1678651201802 4.502573201898485 0
1678651206398 4.408867908176035 0
