1675341179917 0.25235330678828777 0
1675341183732 0.1191920314182611 0
1675341187467 0.04225293805743348 0
1675341191741 0.04246188140526709 0
1675341195848 0.012903290192504562 0
1675341203445 0.09746779117697016 0
1675341207592 0.05963431813331963 0
1675341211823 0.03499346085702464 0
1675341216040 0.015278247583278448 0
1675341220138 0.025701221708164624 0
1675341227866 0.09637266057893475 0
1675341232129 0.032961637340841815 0
1675341236396 0.030187956032549194 0
1675341240652 0.02325355181857762 0
1675341244646 0.0208880963519234 0
1675341252739 0.23285557094373202 0
1675341257063 0.07815805728109429 0
1675341261259 0.0591328249228559 0
1675341265355 0.02384637437950142 0
1675341269198 0.031961527315148376 0
1675341277094 0.49800041370837844 0
1675341281467 0.12884192635365743 0
1675341285621 0.0586309487669671 0
1675341289693 0.05169558559670449 0
1675341293264 0.03561111425986388 0
1675341301708 0.6725241641885871 0
1675341305983 0.17268900762076805 0
1675341309603 0.09080933810411955 0
1675341313550 0.0717455572784315 0
1675341317473 0.058928834848815434 0
1675341325934 0.7033346777327323 0
1675341330078 0.22644562842124571 0
1675341334384 0.1417497223630366 0
1675341338328 0.10081642822378725 0
1675341342268 0.0670705528932417 0
1675341351201 0.9504342170975277 0
1675341355168 0.38212426712638453 0
1675341359078 0.22872237489719893 0
1675341363157 0.15665178942972907 0
1675341367407 0.1314238394221179 0
1675341376260 1.2186475500112552 0
1675341380583 0.5526578955847938 0
1675341384521 0.33184097697611925 0
1675341388715 0.21658847128550088 0
1675341393000 0.16690738223404553 0
1675341402234 1.4139301962903261 0
1675341406549 0.7426723364713587 0
1675341410654 0.47934651887238366 0
1675341414930 0.297450310089353 0
1675341418532 0.21032356970825208 0
