1675341179921 4.235577667001053 0
1675341183735 3.702335360001598 0
1675341187470 3.6203526399986004 0
1675341191745 4.15953741499834 0
1675341195851 3.986306257000251 0
1675341203449 4.003351974999532 0
1675341207596 4.03057655399607 0
1675341211827 4.08419060199958 0
1675341216044 4.109864120997372 0
1675341220142 3.984620769995672 0
1675341227870 4.108990004002408 0
1675341232133 4.142859943000076 0
1675341236401 4.149096699002257 0
1675341240656 4.134567647000949 0
1675341244650 3.872097189996566 0
1675341252743 4.261953312001424 0
1675341257068 4.219658356996661 0
1675341261264 4.075048629994853 0
1675341265359 3.9901813219985343 0
1675341269202 3.727468876000785 0
1675341277099 3.8147586090053665 0
1675341281472 4.251808822002204 0
1675341285626 4.046003423994989 0
1675341289697 3.966215085994918 0
1675341293269 3.4456368220053264 0
1675341301712 3.9652002889997675 0
1675341305987 4.147507072004373 0
1675341309608 3.494406154000899 0
1675341313555 3.813531015999615 0
1675341317477 3.8011198450039956 0
1675341325939 3.865828172994952 0
1675341330083 4.019779493995884 0
1675341334389 4.168570435002039 0
1675341338333 3.826946102002694 0
1675341342273 3.807597330000135 0
1675341351206 4.2692917569947895 0
1675341355173 3.8417733999958728 0
1675341359083 3.76877006200084 0
1675341363162 3.956338201001927 0
1675341367412 4.1198829999993904 0
1675341376266 3.9270873939967714 0
1675341380588 4.194669090997195 0
1675341384526 3.826441096003691 0
1675341388720 4.069870308005193 0
1675341393006 4.164419861001079 0
1675341402239 4.095669759997691 0
1675341406555 4.187176252999052 0
1675341410660 3.9932736570044653 0
1675341414935 4.145303078999859 0
1675341418537 3.479708425998979 0
