1679606401305 0.06066032910192754 0
1679606464326 0.014587830156740303 0
1679606526917 0.011717877575760571 0
1679606589755 0.010831026117870428 0
1679606652657 0.0045369276053114325 0
1679606715934 0.011153105404392452 0
1679606778756 0.006121294934769747 0
1679606841200 0.00588050029998765 0
1679606904139 0.00389165053896713 0
1679606967593 0.004636557286268188 0
1679607007431 0.4133776387587073 0
1679607027914 0.015372139778159908 0
1679607048584 0.0038856187123594284 0
1679607068715 0.0023764048882170753 0
1679607089062 0.00878776735715128 0
1679607109385 0.0053878787338708205 0
1679607129939 0.0019332520421494338 0
1679607150481 0.0016738991868620815 0
1679607171046 0.008702075956550561 0
1679607191443 0.004790010585184268 0
1679607232565 0.5764749832620845 0
1679607252787 0.027573243608954363 0
1679607273451 0.015668259949472848 0
1679607294078 0.011241716031469695 0
1679607314303 0.01349934315381397 0
1679607335596 0.005967605047911638 0
1679607356507 0.014823976496610703 0
1679607377020 0.0024850019867979425 0
1679607397343 0.0064023482950694415 0
1679607418109 0.007386850824460998 0
1679607460840 0.764959925288707 0
1679607481262 0.041601670493464915 0
1679607501656 0.019540423696499783 0
1679607522443 0.014002700814575655 0
1679607542850 0.010066725878653232 0
1679607563263 0.016436706838743702 0
1679607583455 0.018570230773690855 0
1679607603635 0.006736522052631335 0
1679607623851 0.004400851118620448 0
1679607644485 0.010755581165598051 0
1679607688594 0.8537337126865983 0
1679607708749 0.05360523849129677 0
1679607729513 0.03090974847874604 0
1679607750615 0.0182924848316703 0
1679607771240 0.017692674539986183 0
1679607791895 0.011177282666014799 0
1679607812478 0.02164222857586283 0
1679607833105 0.02419293692366191 0
1679607853826 0.010837101634126885 0
1679607874442 0.006267883345835435 0
1679607920326 1.0308259294003248 0
1679607941162 0.09153598536066711 0
1679607961820 0.04292131901201792 0
1679607982939 0.03475114159486257 0
1679608003806 0.02528182292650454 0
1679608024566 0.02536935359268682 0
1679608047168 0.021829777251486666 0
1679608068336 0.024220771521748976 0
1679608089163 0.01749377756052563 0
1679608109878 0.011089525364841393 0
1679608158057 1.1480997887223958 0
1679608178745 0.09226222293842584 0
1679608199570 0.040878359272331 0
1679608220092 0.03906475360929035 0
1679608240572 0.028038084188406354 0
1679608261217 0.02531841991119436 0
1679608281957 0.021465417997329497 0
1679608302447 0.01999199674137635 0
1679608322896 0.01759503849449393 0
1679608343475 0.013036766544093553 0
1679608392755 1.0815274566695094 0
1679608413263 0.08155531701613218 0
1679608434024 0.035707537692575717 0
1679608455215 0.03329093409366906 0
1679608475751 0.01794330689403578 0
1679608496513 0.024736851724248846 0
1679608517264 0.02662624023667886 0
1679608538017 0.014832351866012323 0
1679608558642 0.021824359087037736 0
1679608579251 0.01745996951120178 0
1679608629879 1.0379795404285193 0
1679608650785 0.05584561906345189 0
1679608671953 0.030606715169502422 0
1679608692567 0.0217216756781796 0
1679608712878 0.018703654751350406 0
1679608733496 0.016284691683464917 0
1679608754489 0.020524943069007713 0
1679608775053 0.02064641908002959 0
1679608795968 0.006000969316645933 0
1679608816696 0.008323912698468484 0
1679608869360 1.1069584794074296 0
1679608890018 0.10412977712862194 0
1679608910960 0.04808649135925807 0
1679608931927 0.03497269227663055 0
1679608953142 0.02753497756469296 0
1679608973738 0.024781990405172108 0
1679608994787 0.023490065336987026 0
1679609015530 0.016323821784427855 0
1679609036358 0.018811200722421928 0
1679609057237 0.018027712860250903 0
1679609111700 1.2381356707751752 0
1679609132782 0.11970832903385162 0
1679609153530 0.05556343765230849 0
1679609174367 0.03697241198527627 0
1679609195109 0.026241031033801845 0
1679609215892 0.029323866360378453 0
1679609236709 0.019616960384964476 0
1679609257550 0.026858633528201607 0
1679609278340 0.022590880913109866 0
1679609299164 0.01331171749784553 0
1679609355974 1.1963766323685645 0
1679609376916 0.08884870378375054 0
1679609397647 0.037888990279985595 0
1679609419099 0.03136234760431107 0
1679609440001 0.023450297121010953 0
1679609460935 0.02071653044770355 0
1679609482080 0.014249944200445315 0
1679609502709 0.016623123060325453 0
1679609523099 0.019449127555999438 0
1679609544113 0.01725051270997501 0
1679609602967 1.1890516479671 0
1679609623846 0.1254866856135428 0
1679609644221 0.05896690676342696 0
1679609664699 0.04736049047049601 0
1679609685607 0.03057845156653784 0
1679609706892 0.028361142807244322 0
1679609727605 0.02006606803032919 0
1679609748281 0.03224295464569004 0
1679609768870 0.023749907035764774 0
1679609790117 0.0167966406291147 0
1679609850352 1.062620093819499 0
1679609871118 0.08116961964294314 0
1679609891789 0.03512135859578848 0
1679609912817 0.03825592443463392 0
1679609933829 0.019015560419287068 0
1679609955050 0.01615913932051044 0
1679609975795 0.0247641163952183 0
1679609996782 0.017420130385924132 0
1679610018011 0.015233567232568749 0
1679610038345 0.01735693711884087 0
1679610100791 1.3562153289437293 0
1679610121751 0.17715859424620867 0
1679610142651 0.08022491739783436 0
1679610163060 0.05450895504159853 0
1679610184178 0.037980698584415946 0
1679610205125 0.03132676646020263 0
1679610225923 0.028602757080923767 0
1679610246995 0.03346658570916625 0
1679610268230 0.02323007278830628 0
1679610289575 0.02391398219674593 0
1679610353611 1.3471247170686722 0
1679610374605 0.17970774145126342 0
1679610395815 0.07605079826302827 0
1679610416782 0.052777313296031206 0
1679610437788 0.04585972321885638 0
1679610458779 0.04012991093711462 0
1679610480004 0.03232235757978633 0
1679610500679 0.027040883641247637 0
1679610521814 0.02868658962758491 0
1679610542800 0.027516165568935685 0
1679610609800 1.4824980178952216 0
1679610630915 0.15872693588137626 0
1679610651798 0.07235449656378477 0
1679610672936 0.047958384259883316 0
1679610694009 0.04596690829342697 0
1679610714888 0.03753085917176213 0
1679610735531 0.04042905630907044 0
1679610756470 0.03437314421132905 0
1679610777791 0.027257237698929383 0
1679610798811 0.02677800429253839 0
1679610867551 1.4999955683469772 0
1679610888338 0.28836918994784355 0
1679610909008 0.12371010109484196 0
1679610930121 0.07829338376000523 0
1679610951242 0.05955305592250079 0
1679610972205 0.0528284921720624 0
1679610993389 0.03910509627000429 0
1679611014810 0.043880120455869476 0
1679611036015 0.033291353785921816 0
1679611057556 0.03671609958049375 0
1679611131528 1.5227831703662873 0
1679611152787 0.23756820788085461 0
1679611173938 0.10701000904515386 0
1679611195336 0.06618202455602586 0
1679611216496 0.05599078194219619 0
1679611237623 0.04859448622697964 0
1679611258641 0.048103345546824855 0
1679611280390 0.04332358423611149 0
1679611302246 0.035510054412228056 0
1679611323539 0.030213645496650135 0
1679611396429 1.4780471226930618 0
1679611417338 0.23707865083664656 0
1679611438554 0.09340828259661793 0
1679611459850 0.06839912199266254 0
1679611481112 0.05487401488451287 0
1679611502291 0.04783980308705941 0
1679611523703 0.04142506444188766 0
1679611544782 0.035327901574177666 0
1679611565592 0.04476752361762337 0
1679611587428 0.039351255099894476 0
