1680204846331 0.015244503113809557 0
1680204860329 8.737929318983395e-05 0
1680204873802 2.238898707093459e-05 0
1680204887305 9.402350511635256e-06 0
1680204900233 5.238729664184999e-06 0
1680204913483 3.4491296485118672e-06 0
1680204926875 2.6602428345531008e-06 0
1680204940423 3.0044116825012303e-06 0
1680204953565 2.2631019578961903e-06 0
1680204966024 1.1747889915320315e-06 0
1680204992315 0.002574096417408901 0
1680205018740 3.480616432222442e-06 0
1680205044616 1.834261141449096e-06 0
1680205070285 1.6580186786664058e-06 0
1680205095813 8.273056668495624e-07 0
1680205121792 1.1551870907120635e-06 0
1680205148039 1.0700579878177795e-06 0
1680205174356 2.0299764389988356e-06 0
1680205200513 1.49049749039803e-06 0
1680205226385 0.004750463404977091 0
1680205264608 0.0009688015902849856 0
1680205302676 2.5333815711775694e-06 0
1680205340833 1.1334297012438041e-06 0
1680205380030 1.2576805961939144e-06 0
1680205417759 8.724814387233534e-07 0
1680205456461 9.349010625832376e-07 0
1680205494980 7.275543300708883e-07 0
1680205533357 0.0016062755890812888 0
1680205570771 5.791797554255743e-06 0
1680205608651 2.42073973977454e-06 0
1680205660455 0.0010844299178454596 0
1680205710885 5.26808438428307e-05 0
1680205760307 2.6364742944519724e-05 0
1680205809672 8.983901318933975e-07 0
1680205859938 4.941523049403902e-07 0
1680205910119 7.001209008623452e-07 0
1680205959718 0.0006473722978612942 0
1680206008847 1.0324639121351835e-06 0
1680206059724 1.2036398034757696e-06 0
1680206110446 2.905116751228094e-07 0
1680206173144 3.651447065132435e-05 0
1680206233517 4.62016728596656e-07 0
1680206294291 4.659350413807036e-07 0
1680206355088 6.262427152847966e-07 0
1680206415208 7.701057478665243e-07 0
1680206477429 0.0011975117735008622 0
1680206538515 2.6641490784775716e-06 0
1680206599218 5.301824200788511e-06 0
1680206660614 2.846796656760286e-07 0
1680206722677 4.5959176129698885e-07 0
1680206800554 0.009450338227874859 0
1680206878409 0.0038004451886587695 0
1680206955548 0.0027551656701770145 0
1680207031691 0.0023142437147515857 0
1680207111385 0.0022363459804902084 0
1680207187609 0.001836526586111641 0
1680207265496 0.0011752319604899628 0
1680207341943 0.0010816537481530553 0
1680207419408 0.0007576834026558114 0
1680207500612 0.0009694328016159196 0
1680207593198 0.0022713096821003376 0
1680207683229 0.0014711762073176648 0
1680207773345 0.0008927273040668142 0
1680207861458 0.0006906370270441595 0
1680207951240 0.0007070171824175153 0
1680208039682 0.0008697848555341148 0
1680208126900 0.0006757389381001183 0
1680208214642 0.0006262700588680598 0
1680208302204 0.00041715997776331737 0
1680208388551 0.00029636874258121476 0
1680208481017 0.0018322991047555477 0
1680208571086 0.0009784507548592717 0
1680208660776 0.0006955789667318156 0
1680208751099 0.0006369172105302968 0
1680208840515 0.0006818235177723161 0
1680208929245 0.0007966678916525195 0
1680209018781 0.0007210649674549426 0
1680209109036 0.0004213385992682794 0
1680209197917 0.0006003666604665267 0
1680209287689 0.0009101159171859059 0
1680209391606 0.011238660658082223 0
1680209493894 0.0027129762119047656 0
1680209595958 0.0015597608677957577 0
1680209696371 0.0018546785208117882 0
1680209799393 0.0018122435740590402 0
1680209901653 0.001624689934007053 0
1680210003840 0.0016505442915680279 0
1680210105461 0.0017501785609377435 0
1680210208808 0.0015573545718708733 0
1680210312411 0.0013831893590629922 0
1680210425277 0.0027956371703125676 0
1680210533398 0.0012740878933677675 0
1680210643493 0.0015440840183954408 0
1680210750586 0.0012611694994424695 0
1680210857044 0.001074486608573951 0
1680210961830 0.0014353349529783181 0
1680211066890 0.0013369858532318235 0
1680211172512 0.0010963261779100416 0
1680211277604 0.0011441706289348696 0
1680211381891 0.0014317772022785454 0
1680211493089 0.003006833839414947 0
1680211599897 0.0014758672850501346 0
1680211708025 0.0015837694109572939 0
1680211816224 0.001384363444632643 0
1680211924762 0.0017632055371862858 0
1680212031500 0.0015001958715245042 0
1680212139069 0.0015000664827203357 0
1680212247591 0.0017979997823744005 0
1680212355745 0.0011275919033081072 0
1680212463928 0.0016648716641839364 0
1680212579440 0.004531381151369395 0
1680212689971 0.0016746394592743307 0
1680212802676 0.0017404738063856288 0
1680212913285 0.0016475893237575992 0
1680213024909 0.0014591747434803124 0
1680213137828 0.001334915727018591 0
1680213253724 0.001441848533528834 0
1680213369693 0.0014473117565266592 0
1680213485440 0.0017985739170469678 0
1680213598031 0.0011331237703552503 0
1680213718260 0.00198458918643805 0
1680213833361 0.001508505312454356 0
1680213948093 0.0014129451739385347 0
1680214062821 0.0014904764748024965 0
1680214177213 0.0016126967606285517 0
1680214290339 0.0014267511924213989 0
1680214404660 0.0011349039093356903 0
1680214517465 0.0016520637964804528 0
1680214632777 0.0015424309522016426 0
1680214745485 0.0015396293375686864 0
