1680204846320 0.9947643979057592 0
1680204860317 1.0 0
1680204873792 1.0 0
1680204887291 1.0 0
1680204900222 1.0 0
1680204913473 1.0 0
1680204926865 1.0 0
1680204940409 1.0 0
1680204953554 1.0 0
1680204966013 1.0 0
1680204992303 0.9996574299634592 0
1680205018728 1.0 0
1680205044605 1.0 0
1680205070272 1.0 0
1680205095803 1.0 0
1680205121782 1.0 0
1680205148028 1.0 0
1680205174342 1.0 0
1680205200500 1.0 0
1680205226374 0.9992006699147381 0
1680205264597 0.9998504784688995 0
1680205302664 1.0 0
1680205340820 1.0 0
1680205380015 1.0 0
1680205417749 1.0 0
1680205456448 1.0 0
1680205494966 1.0 0
1680205533349 0.9998006379585327 0
1680205570759 1.0 0
1680205608641 1.0 0
1680205660444 0.9996839678762641 0
1680205710869 0.9999628197501487 0
1680205760296 1.0 0
1680205809659 1.0 0
1680205859923 1.0 0
1680205910108 1.0 0
1680205959703 0.9998698691255206 0
1680206008833 1.0 0
1680206059711 1.0 0
1680206110434 1.0 0
1680206173132 0.9999847857838364 0
1680206233506 1.0 0
1680206294279 1.0 0
1680206355078 1.0 0
1680206415202 1.0 0
1680206477414 0.999741358325219 0
1680206538502 1.0 0
1680206599205 1.0 0
1680206660600 1.0 0
1680206722667 1.0 0
1680206800540 0.9975525655864198 0
1680206878397 0.998975212191358 0
1680206955535 0.9992645640432098 0
1680207031680 0.9994695216049383 0
1680207111378 0.9994454089506173 0
1680207187598 0.9995659722222222 0
1680207265485 0.9996985918209876 0
1680207341927 0.9996985918209876 0
1680207419395 0.9997347608024691 0
1680207500601 0.9997468171296297 0
1680207593186 0.9993924795361528 0
1680207683217 0.999605644611187 0
1680207773335 0.9997868349249659 0
1680207861443 0.9998294679399727 0
1680207951222 0.9998294679399727 0
1680208039669 0.9997548601637107 0
1680208126889 0.9997868349249659 0
1680208214627 0.9997868349249659 0
1680208302182 0.9999147339699863 0
1680208388538 0.9999253922237381 0
1680208481004 0.9995894909688013 0
1680208571075 0.999702380952381 0
1680208660758 0.9998152709359606 0
1680208751087 0.9998255336617405 0
1680208840502 0.9998152709359606 0
1680208929227 0.9997639573070608 0
1680209018769 0.9998152709359606 0
1680209109024 0.9999076354679803 0
1680209197902 0.9998563218390805 0
1680209287677 0.9997126436781609 0
1680209391595 0.9970782520325203 0
1680209493881 0.9993557636469221 0
1680209595944 0.9996279761904762 0
1680209696353 0.9995190911730546 0
1680209799381 0.9996279761904762 0
1680209901641 0.9996189024390244 0
1680210003828 0.9995372386759582 0
1680210105449 0.9996914924506388 0
1680210208799 0.9997005662020906 0
1680210312396 0.9997096399535423 0
1680210425257 0.9994107092597805 0
1680210533382 0.9997625246270757 0
1680210643482 0.9996569800168872 0
1680210750572 0.9996745707852519 0
1680210857031 0.9997625246270757 0
1680210961814 0.9997185477061638 0
1680211066878 0.9997361384745286 0
1680211172499 0.9997977061638053 0
1680211277592 0.9997889107796228 0
1680211381879 0.9997097523219814 0
1680211493077 0.9990944505194095 0
1680211599886 0.9996753690541279 0
1680211708014 0.9996070256971022 0
1680211816211 0.9997351694915254 0
1680211924747 0.9996839119737562 0
1680212031489 0.9997095407326407 0
1680212139058 0.9996753690541279 0
1680212247579 0.9996497402952433 0
1680212355729 0.9997864270092947 0
1680212463915 0.9996753690541279 0
1680212579426 0.9988788865267074 0
1680212689961 0.9995847727876694 0
1680212802665 0.9996096864204093 0
1680212913274 0.9996595136858889 0
1680213024895 0.9997176454956151 0
1680213137809 0.9997342545841085 0
1680213253712 0.9996927318628753 0
1680213369682 0.9997259500398619 0
1680213485429 0.999593077331916 0
1680213598018 0.999850518203561 0
1680213718249 0.9995718071354706 0
1680213833349 0.999709152016546 0
1680213948082 0.999709152016546 0
1680214062809 0.999725310237849 0
1680214177201 0.999692993795243 0
1680214290326 0.99967683557394 0
1680214404649 0.999789943123061 0
1680214517450 0.999660677352637 0
1680214632766 0.9997010729058945 0
1680214745473 0.9997737849017581 0
