1680207457300 14.482850791999226 0
1680207470743 13.149965582000732 0
1680207484200 13.150391731000127 0
1680207497631 13.135219808998954 0
1680207509039 11.120707174999552 0
1680207522216 12.86668604299848 0
1680207535551 13.016067956999905 0
1680207548588 12.740730568999425 0
1680207561846 12.94721653900342 0
1680207575020 12.877438154999254 0
1680207605801 19.420251056999405 0
1680207625500 19.384769749001862 0
1680207644994 19.179652411999996 0
1680207664322 19.002658371999132 0
1680207684077 19.43969707100041 0
1680207703766 19.39001128399832 0
1680207723719 19.627677742999367 0
1680207743055 19.029065086000628 0
1680207762857 19.49491241099895 0
1680207782730 19.574174061999656 0
1680207818381 22.502847589999874 0
1680207840784 22.092008309999073 0
1680207863328 22.24438473000191 0
1680207886138 22.474310263001826 0
1680207908734 22.292190227999527 0
1680207931239 22.197359663001407 0
1680207954098 22.55812522600172 0
1680207976652 22.254870689997915 0
1680207998980 21.99957607200122 0
1680208021711 22.41773622099936 0
1680208060457 25.057301417000417 0
1680208085769 25.00968136099982 0
1680208110653 24.579382879997866 0
1680208136139 25.16939981699761 0
1680208161582 25.125815982002678 0
1680208186712 24.815514333000465 0
1680208212068 25.04005151599995 0
1680208236963 24.582352532997902 0
1680208261651 24.380386466000346 0
1680208286680 24.722036424995167 0
1680208324423 24.22250222299772 0
1680208349216 24.51350407100108 0
1680208374023 24.52084728999762 0
1680208397696 23.366042282003036 0
1680208422206 24.19633615299972 0
1680208446723 24.230143767999834 0
1680208470761 23.747138936996635 0
1680208494943 23.90013464599906 0
1680208519207 23.939191671001026 0
1680208543520 24.015741909002827 0
1680208593288 37.55440858499787 0
1680208630755 37.134999871996115 0
1680208668745 37.64162792999559 0
1680208706004 36.933101338996494 0
1680208743958 37.632047375002 0
1680208781287 37.00813622599526 0
1680208819046 37.41894445700018 0
1680208856799 37.39829260700208 0
1680208894522 37.38720499900228 0
1680208931910 37.05842843699793 0
1680208975761 26.120041690002836 0
1680209002430 26.37331546399946 0
1680209028988 26.237945501001377 0
1680209055371 26.08963090799807 0
1680209082046 26.394789735000813 0
1680209108900 26.55195094899682 0
1680209135447 26.261881799000548 0
1680209162354 26.6075938569993 0
1680209188873 26.22869683099998 0
1680209215541 26.365486816001066 0
1680209239042 11.059731392997492 0
1680209249800 10.507681050999963 0
1680209260615 10.542432148002263 0
1680209271524 10.646486192999873 0
1680209282671 10.887335928004177 0
1680209293224 10.294724963998306 0
1680209304016 10.51428379999561 0
1680209315169 10.87087853900448 0
1680209326240 10.785900659000617 0
1680209337327 10.842431507000583 0
1680209378842 35.05242501799512 0
1680209414725 35.562377907001064 0
1680209450025 35.01443081499747 0
1680209485317 34.998646038002335 0
1680209521237 35.606417159004195 0
1680209557346 35.81674631900387 0
1680209593036 35.389222036996216 0
1680209629008 35.67835627699969 0
1680209664771 35.46607008000137 0
1680209700662 35.58648967999761 0
1680209727891 11.842413163001765 0
1680209739977 11.817769922003208 0
1680209752010 11.743942210006935 0
1680209763889 11.619647241997882 0
1680209775814 11.653358894996927 0
1680209787908 11.815129891001561 0
1680209799903 11.729907386004925 0
1680209812049 11.898285345996555 0
1680209823768 11.433591171000444 0
1680209835496 11.4623989180036 0
1680209854791 11.742808049995801 0
1680209866897 11.823423361995083 0
1680209879033 11.872058852000919 0
1680209891326 11.996295006996661 0
1680209903742 12.151506161004363 0
1680209915813 11.810555423995538 0
1680209928040 11.948833034002746 0
1680209940456 12.164884690995677 0
1680209952680 11.964325176006241 0
1680209964806 11.835269900999265 0
1680209984065 12.345888898002158 0
1680209996995 12.662197303005087 0
1680210010021 12.773525709999376 0
1680210023098 12.816695834000711 0
1680210035990 12.614206696998735 0
1680210048580 12.339240629000415 0
1680210061621 12.761763285998313 0
1680210074398 12.520317768998211 0
1680210087119 12.434732001005614 0
1680210099555 12.160073982005997 0
1680210120023 12.954084462995525 0
1680210133388 13.072465987002943 0
1680210146619 12.956968147002044 0
1680210160053 13.18328188900341 0
1680210173391 13.045991017999768 0
1680210186583 12.930740034003975 0
1680210199878 13.026746238996566 0
1680210213429 13.269816477004497 0
1680210226782 13.078401564001979 0
1680210240229 13.189726764001534 0
