1680207457280 0.9916557591623036 0
1680207470724 0.9998363874345549 0
1680207484186 1.0 0
1680207497611 0.9999181937172775 0
1680207509021 1.0 0
1680207522190 1.0 0
1680207535534 1.0 0
1680207548565 1.0 0
1680207561819 1.0 0
1680207574997 1.0 0
1680207605779 0.9990746013667426 0
1680207625474 1.0 0
1680207644964 1.0 0
1680207664294 1.0 0
1680207684048 1.0 0
1680207703747 1.0 0
1680207723695 1.0 0
1680207743038 1.0 0
1680207762834 1.0 0
1680207782712 1.0 0
1680207818361 0.9997113163972287 0
1680207840763 1.0 0
1680207863313 1.0 0
1680207886104 1.0 0
1680207908718 1.0 0
1680207931211 1.0 0
1680207954080 1.0 0
1680207976634 1.0 0
1680207998962 1.0 0
1680208021688 1.0 0
1680208060434 0.9991197183098591 0
1680208085749 0.9998532863849765 0
1680208110637 1.0 0
1680208136119 1.0 0
1680208161565 1.0 0
1680208186684 1.0 0
1680208212047 1.0 0
1680208236930 1.0 0
1680208261632 1.0 0
1680208286659 1.0 0
1680208324404 1.0 0
1680208349198 1.0 0
1680208374005 1.0 0
1680208397670 1.0 0
1680208422186 1.0 0
1680208446704 1.0 0
1680208470742 1.0 0
1680208494925 1.0 0
1680208519185 1.0 0
1680208543499 1.0 0
1680208593266 0.988885009310987 0
1680208630733 0.9977886405959032 0
1680208668714 0.9995926443202979 0
1680208705981 0.9994762569832403 0
1680208743939 0.9997672253258846 0
1680208781266 0.9997090316573557 0
1680208819026 0.9997672253258846 0
1680208856779 0.9999418063314711 0
1680208894492 1.0 0
1680208931892 0.9999418063314711 0
1680208975740 0.9975110619469026 0
1680209002415 0.9997234513274337 0
1680209028968 0.9999078171091446 0
1680209055339 0.9999078171091446 0
1680209082028 1.0 0
1680209108884 1.0 0
1680209135429 1.0 0
1680209162320 1.0 0
1680209188848 1.0 0
1680209215515 1.0 0
1680209239024 0.9676438053097345 0
1680209249778 0.9944690265486725 0
1680209260588 0.9977876106194691 0
1680209271497 0.9980641592920354 0
1680209282654 0.9988938053097345 0
1680209293205 0.9986172566371682 0
1680209303997 0.9980641592920354 0
1680209315139 0.9997234513274337 0
1680209326216 0.9994469026548672 0
1680209337313 1.0 0
1680209378822 0.9884868421052632 0
1680209414700 0.9991384711779449 0
1680209450005 0.9994517543859649 0
1680209485290 0.99968671679198 0
1680209521210 0.9998433583959899 0
1680209557328 0.99968671679198 0
1680209593011 0.99968671679198 0
1680209628992 1.0 0
1680209664749 1.0 0
1680209700639 1.0 0
1680209727868 0.9799311926605505 0
1680209739958 0.9997133027522935 0
1680209751985 1.0 0
1680209763870 1.0 0
1680209775794 0.9997133027522935 0
1680209787878 1.0 0
1680209799877 1.0 0
1680209812030 1.0 0
1680209823734 1.0 0
1680209835476 1.0 0
1680209854761 0.9915865384615384 0
1680209866872 0.9996995192307693 0
1680209879014 0.9996995192307693 0
1680209891289 0.9996995192307693 0
1680209903719 1.0 0
1680209915790 1.0 0
1680209928013 1.0 0
1680209940436 1.0 0
1680209952652 1.0 0
1680209964779 1.0 0
1680209984037 0.9807692307692307 0
1680209996972 0.9975961538461539 0
1680210009998 0.9978966346153846 0
1680210023078 0.9993990384615384 0
1680210035961 1.0 0
1680210048560 1.0 0
1680210061596 0.9993990384615384 0
1680210074379 1.0 0
1680210087100 1.0 0
1680210099536 1.0 0
1680210119999 0.9927884615384616 0
1680210133366 0.9996995192307693 0
1680210146594 0.9993990384615384 0
1680210160033 0.9996995192307693 0
1680210173366 1.0 0
1680210186560 1.0 0
1680210199860 1.0 0
1680210213408 1.0 0
1680210226753 1.0 0
1680210240209 1.0 0
