1680271859610 0.14838175580183405 0
1680271864702 0.004819517697943675 0
1680271869670 0.003894780136291839 0
1680271874716 0.0016837330885239006 0
1680271879706 0.0013034107225042048 0
1680271884718 0.0016714304175336784 0
1680271889667 0.001827208934334903 0
1680271894496 0.0008687703489305286 0
1680271899347 0.0009130878848560726 0
1680271904319 0.0008541085567084074 0
1680271909878 0.13155475910753012 0
1680271915110 0.00671474342497306 0
1680271920472 0.0042793621494990565 0
1680271925670 0.0017121539450243055 0
1680271930927 0.001524556177525571 0
1680271936217 0.002461770132574583 0
1680271941379 0.0008771837599323912 0
1680271946632 0.0024649329182378304 0
1680271951830 0.0010431049845318475 0
1680271956984 0.000784544125992632 0
1680271963101 0.1407397264847532 0
1680271968503 0.012059576756831619 0
1680271973834 0.004658726835435617 0
1680271979135 0.0014765637057397754 0
1680271984518 0.0012254547381739794 0
1680271989844 0.0008174520297606866 0
1680271995267 0.0009622144470115252 0
1680272000627 0.0022467283748893907 0
1680272006104 0.0009524972784058791 0
1680272011302 0.0009975577995646745 0
1680272017788 0.13581101234341342 0
1680272023396 0.007295182767143893 0
1680272029093 0.0048994863539138025 0
1680272034557 0.0029517196643639417 0
1680272040161 0.002065364656793404 0
1680272045719 0.0008423312723490169 0
1680272051338 0.000669223814780238 0
1680272056991 0.005334482550449226 0
1680272062499 0.0009685801306923461 0
1680272067910 0.0014346301166721874 0
1680272074809 0.1617518498772575 0
1680272080551 0.007093289375094877 0
1680272086271 0.005446896091715673 0
1680272091974 0.0022339526889657963 0
1680272097683 0.0017506702741581736 0
1680272103417 0.0011073767555870055 0
1680272109135 0.0005219149568274001 0
1680272114852 0.000685112730289186 0
1680272120485 0.0004980875271411928 0
1680272126195 0.0007699847861776136 0
1680272133687 0.1879226217316764 0
1680272139676 0.017421399629975277 0
1680272145695 0.0038521264627155278 0
1680272151711 0.003560766856084698 0
1680272157625 0.0025554021910553977 0
1680272163616 0.0018345936071953825 0
1680272169624 0.0012487259183187908 0
1680272175596 0.002328258757423159 0
1680272181564 0.001186523121085033 0
1680272187544 0.003076706908271468 0
1680272195955 0.2133381697199037 0
1680272202127 0.02653785164452969 0
1680272208377 0.010610856584295811 0
1680272214345 0.0067688352203056695 0
1680272220536 0.008143099238006999 0
1680272226626 0.002084447861923235 0
1680272232766 0.001239346391230356 0
1680272238942 0.0024783339079388705 0
1680272244968 0.0013964793118160037 0
1680272251113 0.0008784072483502959 0
1680272260080 0.2148623178682981 0
1680272266155 0.038755949064638584 0
1680272272112 0.012497266884067005 0
1680272278227 0.008935001831794638 0
1680272284502 0.005872856236472275 0
1680272290728 0.0057329757842272825 0
1680272296942 0.003639962348613828 0
1680272303084 0.0017522051024453475 0
1680272309156 0.0016425316324814284 0
1680272315464 0.0010314819955965504 0
1680272324758 0.23978063527254329 0
1680272330953 0.045348737651722565 0
1680272337249 0.030667485924617897 0
1680272343596 0.01180872892690522 0
1680272349992 0.011410337543272744 0
1680272356382 0.011557578369730993 0
1680272362566 0.0019038275197324824 0
1680272368843 0.0018447721546005096 0
1680272375021 0.0016153831693959692 0
1680272381314 0.001441234013210276 0
1680272391394 0.24977446200265999 0
1680272397746 0.06886194041749884 0
1680272404075 0.032859964061513425 0
1680272410523 0.0261717212241849 0
1680272416901 0.010416794483805256 0
1680272423325 0.008337053458108716 0
1680272429658 0.0058399927107647305 0
1680272436034 0.002980758290270328 0
1680272442471 0.010657579731008398 0
1680272448926 0.00834739976914622 0
1680272459153 0.24887520892004814 0
1680272465532 0.06557834736492124 0
1680272471961 0.03242474522501711 0
1680272478256 0.019377091337153086 0
1680272484908 0.012988926704800237 0
1680272491319 0.004960299723954391 0
1680272497865 0.002488101472056681 0
1680272504343 0.0027670567917906035 0
1680272510897 0.002702679298724228 0
1680272517042 0.0009437211219553701 0
1680272527473 0.2575738518048198 0
1680272533888 0.06210658850238448 0
1680272540430 0.045603659931540245 0
1680272546865 0.031104594598629423 0
1680272553121 0.010638783349760718 0
1680272559700 0.007954002793168559 0
1680272566171 0.010139750483381983 0
1680272572494 0.008529436815860532 0
1680272579013 0.005465296694901847 0
1680272585381 0.0081452506112269 0
1680272595909 0.2710113142346663 0
1680272602353 0.05992319098403377 0
1680272608877 0.037607753450321336 0
1680272615395 0.023535880243270507 0
1680272621736 0.017851835126132375 0
1680272628221 0.016898132232581114 0
1680272634733 0.008126136706954229 0
1680272641167 0.008910565990992192 0
1680272647611 0.004109969158655018 0
1680272654024 0.01079876488403252 0
