1680271859622 6.206543096006499 0
1680271864710 4.757038059004117 0
1680271869681 4.632438820000971 0
1680271874725 4.680156820002594 0
1680271879712 4.644408446998568 0
1680271884726 4.663734649991966 0
1680271889679 4.613928223989205 0
1680271894502 4.4865640649950365 0
1680271899355 4.522651154009509 0
1680271904325 4.626156717000413 0
1680271909889 4.7986230550013715 0
1680271915120 4.843315999998595 0
1680271920486 4.981486569988192 0
1680271925679 4.8165677310025785 0
1680271930935 4.883291716003441 0
1680271936223 4.922987862999435 0
1680271941388 4.766327148012351 0
1680271946647 4.872696388993063 0
1680271951836 4.819675163002103 0
1680271956999 4.7709586919954745 0
1680271963110 4.9800335059990175 0
1680271968515 4.983891433003009 0
1680271973842 4.90819258299598 0
1680271979153 4.87625010299962 0
1680271984528 4.941671638996922 0
1680271989859 4.895922221010551 0
1680271995276 4.997415508012637 0
1680272000639 4.934596316990792 0
1680272006113 5.031943466994562 0
1680272011313 4.767110777000198 0
1680272017796 5.051248681003926 0
1680272023408 5.155217072999221 0
1680272029106 5.220488576000207 0
1680272034569 4.988834201009013 0
1680272040171 5.114913216995774 0
1680272045728 5.076927920003072 0
1680272051353 5.152212485001655 0
1680272056998 5.183707129006507 0
1680272062511 5.034388714004308 0
1680272067919 4.94333384699712 0
1680272074819 5.150547594996169 0
1680272080564 5.240380118004396 0
1680272086281 5.196631312996033 0
1680272091989 5.2022635260073 0
1680272097694 5.188540322007611 0
1680272103424 5.23069823399419 0
1680272109149 5.204919779003831 0
1680272114860 5.21614698600024 0
1680272120503 5.1259318190132035 0
1680272126204 5.185052246000851 0
1680272133697 5.393081585993059 0
1680272139685 5.416526180997607 0
1680272145702 5.456071241002064 0
1680272151724 5.424691752996296 0
1680272157632 5.345876257997588 0
1680272163629 5.409969856002135 0
1680272169632 5.432561314999475 0
1680272175605 5.40291505199275 0
1680272181575 5.388777688000118 0
1680272187554 5.394746186997509 0
1680272195964 5.493394632998388 0
1680272202144 5.56176807898737 0
1680272208384 5.613452829988091 0
1680272214353 5.37568999400537 0
1680272220546 5.569933159000357 0
1680272226638 5.481184803007636 0
1680272232783 5.517252356992685 0
1680272238961 5.557736030998058 0
1680272244979 5.384509969997453 0
1680272251125 5.507379763002973 0
1680272260093 5.528249837996555 0
1680272266168 5.4292547369987005 0
1680272272124 5.319545992009807 0
1680272278246 5.470524317002855 0
1680272284510 5.638491188001353 0
1680272290736 5.613277997006662 0
1680272296950 5.588444855005946 0
1680272303096 5.495133772987174 0
1680272309166 5.432391219001147 0
1680272315475 5.669368557006237 0
1680272324768 5.640231658995617 0
1680272330961 5.538808104000054 0
1680272337256 5.630532341994694 0
1680272343609 5.66957087800256 0
1680272350002 5.7049966330087045 0
1680272356393 5.7029875490115955 0
1680272362575 5.508532747000572 0
1680272368852 5.617996617002063 0
1680272375029 5.503759936007555 0
1680272381329 5.628115056999377 0
1680272391404 5.789522252001916 0
1680272397754 5.657826529000886 0
1680272404086 5.6731306449946715 0
1680272410533 5.751316877009231 0
1680272416916 5.7067659240128705 0
1680272423334 5.704145802999847 0
1680272429670 5.652927777002333 0
1680272436047 5.685597239003982 0
1680272442484 5.740942617005203 0
1680272448934 5.767804853996495 0
1680272459161 5.790852870995877 0
1680272465541 5.683689632991445 0
1680272471970 5.7205847419973 0
1680272478272 5.61381543900643 0
1680272484918 5.955572080987622 0
1680272491340 5.695563784989645 0
1680272497876 5.833337335003307 0
1680272504352 5.779076446007821 0
1680272510910 5.846240815997589 0
1680272517056 5.432619129001978 0
1680272527484 5.79553927500092 0
1680272533896 5.711075637998874 0
1680272540437 5.837022186009563 0
1680272546873 5.7160057879955275 0
1680272553133 5.5481734560016776 0
1680272559710 5.871165913005825 0
1680272566182 5.751818364995415 0
1680272572508 5.60490476799896 0
1680272579022 5.810223706997931 0
1680272585393 5.653880747995572 0
1680272595920 5.67357252399961 0
1680272602364 5.69906619899848 0
1680272608893 5.7951587090065 0
1680272615404 5.788877545011928 0
1680272621746 5.601949443997 0
1680272628230 5.765441371011548 0
1680272634742 5.790485762991011 0
1680272641175 5.717865965998499 0
1680272647620 5.729962333993171 0
1680272654037 5.6887557599984575 0
