1680271859592 0.9349798387096774 0
1680271864691 1.0 0
1680271869652 1.0 0
1680271874700 1.0 0
1680271879699 1.0 0
1680271884705 1.0 0
1680271889648 1.0 0
1680271894485 1.0 0
1680271899335 1.0 0
1680271904308 1.0 0
1680271909860 0.9450604838709677 0
1680271915096 0.9994959677419355 0
1680271920455 0.9994959677419355 0
1680271925660 0.9994959677419355 0
1680271930915 1.0 0
1680271936209 0.9994959677419355 0
1680271941366 1.0 0
1680271946612 0.998991935483871 0
1680271951824 1.0 0
1680271956972 1.0 0
1680271963088 0.9329637096774194 0
1680271968483 0.9974798387096774 0
1680271973823 0.9994959677419355 0
1680271979114 1.0 0
1680271984505 1.0 0
1680271989827 1.0 0
1680271995250 1.0 0
1680272000607 0.9994959677419355 0
1680272006090 1.0 0
1680272011290 1.0 0
1680272017777 0.9440524193548387 0
1680272023378 0.9994959677419355 0
1680272029079 0.9984879032258065 0
1680272034547 0.998991935483871 0
1680272040147 1.0 0
1680272045708 1.0 0
1680272051317 1.0 0
1680272056980 0.998991935483871 0
1680272062479 1.0 0
1680272067896 1.0 0
1680272074798 0.9284274193548387 0
1680272080537 0.9994959677419355 0
1680272086255 0.998991935483871 0
1680272091965 1.0 0
1680272097672 1.0 0
1680272103405 1.0 0
1680272109119 1.0 0
1680272114845 1.0 0
1680272120472 1.0 0
1680272126182 1.0 0
1680272133671 0.9178427419354839 0
1680272139662 0.9964717741935484 0
1680272145683 1.0 0
1680272151690 1.0 0
1680272157613 0.9994959677419355 0
1680272163598 1.0 0
1680272169612 1.0 0
1680272175582 0.9994959677419355 0
1680272181551 1.0 0
1680272187528 0.9994959677419355 0
1680272195939 0.9057459677419355 0
1680272202116 0.9934475806451613 0
1680272208365 0.9979838709677419 0
1680272214333 0.9984879032258065 0
1680272220518 0.9974798387096774 0
1680272226606 1.0 0
1680272232743 1.0 0
1680272238931 0.9994959677419355 0
1680272244950 1.0 0
1680272251096 1.0 0
1680272260061 0.9077620967741935 0
1680272266136 0.9884072580645161 0
1680272272093 0.9969758064516129 0
1680272278206 0.9974798387096774 0
1680272284490 0.9984879032258065 0
1680272290716 0.9984879032258065 0
1680272296929 0.9994959677419355 0
1680272303063 1.0 0
1680272309140 1.0 0
1680272315446 1.0 0
1680272324744 0.8991935483870968 0
1680272330940 0.9873991935483871 0
1680272337239 0.9909274193548387 0
1680272343575 0.9979838709677419 0
1680272349976 0.9979838709677419 0
1680272356367 0.9979838709677419 0
1680272362554 1.0 0
1680272368828 1.0 0
1680272375006 1.0 0
1680272381300 1.0 0
1680272391377 0.8956653225806451 0
1680272397734 0.9793346774193549 0
1680272404062 0.9899193548387096 0
1680272410508 0.9919354838709677 0
1680272416882 0.9974798387096774 0
1680272423311 0.9974798387096774 0
1680272429637 0.9974798387096774 0
1680272436020 1.0 0
1680272442450 0.9974798387096774 0
1680272448914 0.9984879032258065 0
1680272459142 0.8921370967741935 0
1680272465518 0.9798387096774194 0
1680272471948 0.9899193548387096 0
1680272478241 0.9939516129032258 0
1680272484895 0.9974798387096774 0
1680272491297 0.998991935483871 0
1680272497850 1.0 0
1680272504329 0.9994959677419355 0
1680272510877 0.9994959677419355 0
1680272517024 1.0 0
1680272527456 0.8860887096774194 0
1680272533878 0.9793346774193549 0
1680272540417 0.9828629032258065 0
1680272546852 0.9899193548387096 0
1680272553103 0.9969758064516129 0
1680272559685 0.9984879032258065 0
1680272566154 0.9964717741935484 0
1680272572480 0.9969758064516129 0
1680272579002 0.9979838709677419 0
1680272585363 0.9969758064516129 0
1680272595893 0.8830645161290323 0
1680272602335 0.985383064516129 0
1680272608854 0.9879032258064516 0
1680272615379 0.9924395161290323 0
1680272621719 0.9959677419354839 0
1680272628208 0.9964717741935484 0
1680272634722 0.9969758064516129 0
1680272641155 0.9984879032258065 0
1680272647598 1.0 0
1680272654010 0.9969758064516129 0
