1680263626904 19.363676203007344 0
1680263644986 17.71475731099781 0
1680263663207 17.87079351399734 0
1680263681153 17.610901124004158 0
1680263699110 17.60644333799428 0
1680263717465 18.004170835003606 0
1680263735412 17.61851854599081 0
1680263753342 17.591032878000988 0
1680263771523 17.83521503501106 0
1680263790085 18.220558467000956 0
1680263829291 26.76702955098881 0
1680263856581 26.939709720012615 0
1680263883195 26.2584554359928 0
1680263910228 26.658919701993 0
1680263936660 26.066508987001725 0
1680263963604 26.586486690008314 0
1680263990458 26.483639726007823 0
1680264017257 26.436324693000643 0
1680264044195 26.581642599994666 0
1680264071187 26.63074747400242 0
1680264106476 26.66564947400184 0
1680264133852 27.02383154600102 0
1680264161418 27.215267469000537 0
1680264189121 27.3431936979905 0
1680264216255 26.764660914996057 0
1680264243148 26.53200788999675 0
1680264270746 27.23830264400749 0
1680264298541 27.426850585005013 0
1680264326138 27.249340142006986 0
1680264353555 27.058991045007133 0
1680264387221 26.779860591996112 0
1680264413930 26.36049403999641 0
1680264441356 27.072523273003753 0
1680264468552 26.847889875003602 0
1680264495648 26.758178933989257 0
1680264522378 26.390552073993604 0
1680264549973 27.240776630002074 0
1680264577278 26.92865427400102 0
1680264604654 27.022934407010325 0
1680264631475 26.46335202200862 0
1680264660894 23.20910984199145 0
1680264685076 23.82848012399336 0
1680264709963 24.534102189005353 0
1680264734592 24.281570159000694 0
1680264758798 23.865797876002034 0
1680264783380 24.23548950800614 0
1680264808321 24.59648166700208 0
1680264832405 23.757269818001078 0
1680264857153 24.39121971798886 0
1680264881976 24.471715362000396 0
1680264920382 32.54930182699172 0
1680264953126 32.37657217899687 0
1680264986138 32.63472980199731 0
1680265018962 32.42747535300441 0
1680265052260 32.88883987200097 0
1680265085271 32.63122543600912 0
1680265118141 32.50363077200018 0
1680265151464 32.94737601099769 0
1680265184688 32.83950786199421 0
1680265217835 32.769313297001645 0
1680265248423 22.851326435993542 0
1680265271410 22.648057304992108 0
1680265294301 22.55171363799309 0
1680265317517 22.84740413998952 0
1680265340641 22.769110825000098 0
1680265363327 22.345959615995525 0
1680265386427 22.72254764799436 0
1680265408999 22.217273650006973 0
1680265431672 22.334936798011768 0
1680265454879 22.868248220998794 0
1680265473065 11.236097638000501 0
1680265484692 11.331773361001979 0
1680265496508 11.50533267800347 0
1680265507951 11.14313199200842 0
1680265519395 11.12580846399942 0
1680265531013 11.308091541010072 0
1680265542441 11.121079680990078 0
1680265553837 11.093621163992793 0
1680265565099 10.955398757010698 0
1680265576708 11.284644216008019 0
1680265607905 25.453926055997727 0
1680265633463 25.19542591299978 0
1680265659325 25.49993868000456 0
1680265684927 25.251137516999734 0
1680265711043 25.77175961699686 0
1680265736776 25.37147030699998 0
1680265762337 25.21729540899105 0
1680265787593 24.911258273001295 0
1680265813470 25.51295600499725 0
1680265839372 25.56052112200996 0
1680265858054 10.338077432010323 0
1680265869361 10.99292855800013 0
1680265880471 10.772534015995916 0
1680265891686 10.901265735999914 0
1680265903104 11.122209525012295 0
1680265914386 10.957720507998602 0
1680265925876 11.1636132440035 0
1680265937442 11.249536782008363 0
1680265948876 11.093995495000854 0
1680265960183 11.008626775001176 0
1680265977469 10.664883143996121 0
1680265988466 10.691750846002833 0
1680265999085 10.323864646998118 0
1680266010089 10.697729499006527 0
1680266021439 11.037944794006762 0
1680266032402 10.644775352004217 0
1680266043430 10.719784311993863 0
1680266054622 10.842831632005982 0
1680266065480 10.57351159400423 0
1680266076448 10.6605163320055 0
1680266093948 10.660777665994829 0
1680266105011 10.764760927995667 0
1680266116152 10.839175293003791 0
1680266127220 10.763935466995463 0
1680266138325 10.789794028998585 0
1680266149033 10.409385977996862 0
1680266160264 10.896324928995455 0
1680266171111 10.528798460989492 0
1680266181985 10.56450932000007 0
1680266192858 10.593185067002196 0
1680266210582 10.681946835000417 0
1680266221792 10.878335107001476 0
1680266233133 11.028182085006847 0
1680266244027 10.583417493005982 0
1680266254777 10.43795793299796 0
1680266265648 10.56309414601128 0
1680266276757 10.763230359996669 0
1680266287527 10.482424253001227 0
1680266298453 10.583415090994094 0
1680266309488 10.693380894997972 0
