1680263626899 0.19324149922297107 0
1680263644969 0.0124321328745777 0
1680263663192 0.005348859460755003 0
1680263681145 0.0037284354389467184 0
1680263699098 0.0025518565911129823 0
1680263717457 0.0015193677538349439 0
1680263735402 0.0011907259361897363 0
1680263753335 0.001104045548164365 0
1680263771511 0.0008592141854233311 0
1680263790075 0.0008362242152871892 0
1680263829284 0.052858892255549475 0
1680263856567 0.0456351488327326 0
1680263883185 0.04459496172083306 0
1680263910217 0.0436071095482965 0
1680263936648 0.04317142747103489 0
1680263963595 0.04245470172685126 0
1680263990449 0.04241208167549986 0
1680264017248 0.04173091184887765 0
1680264044187 0.04134096858317252 0
1680264071181 0.04149004747400804 0
1680264106465 0.06341717182235285 0
1680264133843 0.06108809629775057 0
1680264161407 0.06025550364695414 0
1680264189109 0.06042988815843457 0
1680264216239 0.05997948963759524 0
1680264243136 0.0596257103211952 0
1680264270735 0.05940074630909496 0
1680264298533 0.05917051362645145 0
1680264326128 0.05953965326300775 0
1680264353542 0.05885294971968791 0
1680264387212 0.08323633552864805 0
1680264413920 0.0807785124014147 0
1680264441344 0.08011020138691806 0
1680264468543 0.07996077787085268 0
1680264495640 0.07905621153348294 0
1680264522371 0.07921182054675138 0
1680264549965 0.07872805510433849 0
1680264577263 0.07852736330346861 0
1680264604646 0.07809469374049394 0
1680264631461 0.07822440438293164 0
1680264660885 0.3471862224669292 0
1680264685068 0.340022418314013 0
1680264709952 0.3387419558804611 0
1680264734584 0.3381588702914359 0
1680264758789 0.3372953373467785 0
1680264783367 0.33766122597387466 0
1680264808313 0.336746911276346 0
1680264832395 0.3366656993654953 0
1680264857142 0.33653242492127694 0
1680264881968 0.3357005682484857 0
1680264920372 0.3614520514259736 0
1680264953120 0.35031614010532697 0
1680264986129 0.3475307793666919 0
1680265018947 0.3461181238293648 0
1680265052247 0.34545365152259666 0
1680265085264 0.3441669431328773 0
1680265118127 0.343537097175916 0
1680265151457 0.34314640402793883 0
1680265184679 0.34232666986684007 0
1680265217826 0.34181224562227724 0
1680265248413 0.43066633370385243 0
1680265271403 0.4304158605301558 0
1680265294293 0.4292878090445675 0
1680265317504 0.42948588313747993 0
1680265340632 0.4291432884646885 0
1680265363315 0.42927738297638013 0
1680265386420 0.4287785751309561 0
1680265408986 0.42874936714990813 0
1680265431664 0.4287510268130706 0
1680265454871 0.42848806772659076 0
1680265473053 0.37006894194267015 0
1680265484681 0.36757352558726614 0
1680265496500 0.36848118816587055 0
1680265507944 0.36871274476024235 0
1680265519380 0.36828280629759486 0
1680265531006 0.36723456311632285 0
1680265542429 0.36760836331681773 0
1680265553823 0.3681003476747058 0
1680265565092 0.3669700322842056 0
1680265576697 0.36710998822342267 0
1680265607893 0.4635899943539998 0
1680265633454 0.4567769258373989 0
1680265659308 0.45603455787367003 0
1680265684914 0.45542754475310154 0
1680265711033 0.45518268984207105 0
1680265736760 0.45480258261821277 0
1680265762327 0.4545107115375246 0
1680265787585 0.4541880441203293 0
1680265813461 0.4540588964997041 0
1680265839365 0.4540460943658543 0
1680265858035 0.42232463508844376 0
1680265869348 0.4195869436790777 0
1680265880461 0.41959735803132836 0
1680265891670 0.419384780318238 0
1680265903097 0.4190649998395942 0
1680265914375 0.4191833720650784 0
1680265925861 0.419205182860064 0
1680265937429 0.41867083051176956 0
1680265948868 0.4186477558903916 0
1680265960175 0.4183058381773705 0
1680265977457 0.42332487334748226 0
1680265988458 0.4235912896915824 0
1680265999078 0.4237154290347756 0
1680266010071 0.4232563949273732 0
1680266021422 0.42398560350526593 0
1680266032389 0.4232684215028843 0
1680266043419 0.42365210516724044 0
1680266054612 0.4236958512289081 0
1680266065472 0.4228093875739389 0
1680266076434 0.4237901307865531 0
1680266093935 0.42879994722183595 0
1680266105003 0.42911746134301143 0
1680266116141 0.4289298259212585 0
1680266127212 0.4285076556805365 0
1680266138311 0.42867072827801733 0
1680266149022 0.42873365133108493 0
1680266160256 0.4289506154502937 0
1680266171096 0.42845936646004634 0
1680266181974 0.42864889370467135 0
1680266192850 0.4281868823987995 0
1680266210567 0.42467906232365593 0
1680266221777 0.42477158764879147 0
1680266233114 0.4246255734009657 0
1680266244018 0.4248271211535631 0
1680266254765 0.42471949122623054 0
1680266265638 0.42472690861382173 0
1680266276741 0.4243898181144349 0
1680266287519 0.4246661238327712 0
1680266298438 0.42463007765615773 0
1680266309476 0.4248230314540292 0
