1679415938384 3.164521620958112 0
1679415941358 2.7972973169526085 0
1679415945299 3.73257117299363 0
1679415948241 2.735743307042867 0
1679415951230 2.787856792099774 0
1679415954134 2.701630807016045 0
1679415957044 2.719527687993832 0
1679415959977 2.7441774930339307 0
1679415963972 3.8235493539832532 0
1679415967082 2.917637120001018 0
1679415979705 4.709244577912614 0
1679415984771 4.866041311994195 0
1679415989582 4.617292640963569 0
1679415994259 4.48419925395865 0
1679415999742 5.2941715710330755 0
1679416004523 4.583849899936467 0
1679416009235 4.508253426058218 0
1679416013856 4.412794835981913 0
1679416019417 5.373211749014445 0
1679416024230 4.6083704580087215 0
1679416039827 6.957182341022417 0
1679416046387 6.366551568033174 0
1679416053506 6.9353147690417245 0
1679416060004 6.316190114943311 0
1679416066534 6.345049762050621 0
1679416074466 7.75598216697108 0
1679416083898 9.243847182020545 0
1679416090633 6.5192951610079035 0
1679416097045 6.215079365065321 0
1679416104386 7.140512560959905 0
1679416121357 8.435143255977891 0
1679416129651 8.09130086901132 0
1679416137666 7.803794753039256 0
1679416146512 8.621542288921773 0
1679416155032 8.312956012086943 0
1679416164426 9.180450150975958 0
1679416172949 8.32649979100097 0
1679416182607 9.46576409006957 0
1679416190801 7.99483474297449 0
1679416199946 8.930748061975464 0
1679416219766 10.79425832896959 0
1679416229546 9.57178350200411 0
1679416240665 10.91830784000922 0
1679416251291 10.46190695790574 0
1679416261552 10.060205645044334 0
1679416272297 10.560045663965866 0
1679416286856 14.373335795011371 0
1679416296855 9.788455275003798 0
1679416307832 10.767353271017782 0
1679416318185 10.151726516080089 0
1679416339318 11.237862141104415 0
1679416351378 11.858803319046274 0
1679416363997 12.402809088933282 0
1679416375377 11.162553434958681 0
1679416387564 11.981087121996097 0
1679416400250 12.479722759919241 0
1679416411789 11.337305277003907 0
1679416423787 11.78518853103742 0
1679416436959 12.966953133000061 0
1679416448535 11.360901969019324 0
1679416472554 13.568409386090934 0
1679416490772 17.99524230894167 0
1679416504223 13.291464139940217 0
1679416517960 13.545438471017405 0
1679416532482 14.295891413930804 0
1679416546599 13.927561177057214 0
1679416561137 14.346025016973726 0
1679416574822 13.490968664060347 0
1679416588983 13.95049000706058 0
1679416603233 14.041943173040636 0
1679416628946 16.129630711046048 0
1679416645031 15.891650584992021 0
1679416660897 15.662555272923782 0
1679416677216 16.148622376960702 0
1679416697149 19.723969934973866 0
1679416713160 15.793674791930243 0
1679416729528 16.144369018031284 0
1679416744501 14.729346693027765 0
1679416760944 16.240473189973272 0
1679416776869 15.703593994025141 0
1679416803218 16.358016187907197 0
1679416820211 16.77357032406144 0
1679416838121 17.686899972031824 0
1679416856011 17.683315825997852 0
1679416873502 17.27795491600409 0
1679416896086 22.36834825796541 0
1679416913750 17.45848169492092 0
1679416932180 18.227483359980397 0
1679416950426 18.019724810961634 0
1679416968074 17.404452069080435 0
1679416998487 19.12267662398517 0
1679417017889 19.20006053999532 0
1679417037504 19.382618610048667 0
1679417057056 19.33887225401122 0
1679417076364 19.08989459706936 0
1679417096726 20.204743121983483 0
1679417125587 28.571573212975636 0
1679417154703 28.92542131699156 0
1679417183709 28.82187332189642 0
1679417212840 28.96301390498411 0
1679417257489 30.734430097974837 0
1679417289398 31.72885066899471 0
1679417320936 31.350792758050375 0
1679417353066 31.945975315989926 0
1679417385158 31.914330058032647 0
1679417417361 32.013793045072816 0
1679417448994 31.457911745994352 0
1679417480529 31.356551110977307 0
1679417511950 31.22406019002665 0
1679417543346 31.221517181023955 0
1679417592090 33.91432010603603 0
1679417626573 34.30519627395552 0
1679417661007 34.2403003629297 0
1679417695230 34.04156032006722 0
1679417729400 33.975590607966296 0
1679417763223 33.653379410970956 0
1679417797497 34.08439671294764 0
1679417832145 34.47548620298039 0
1679417866284 33.95793325395789 0
1679417900526 34.05688993993681 0
1679417950890 36.32814940693788 0
1679417987959 36.9010263979435 0
1679418024787 36.63284089998342 0
1679418061665 36.69048673193902 0
1679418098784 36.94226989103481 0
1679418136560 37.60533420694992 0
1679418173944 37.199903825996444 0
1679418210929 36.81723696901463 0
1679418247359 36.25689965789206 0
1679418284224 36.70132885000203 0
1679418337305 39.70712276699487 0
1679418377104 39.6174323449377 0
1679418417217 39.91705308202654 0
1679418457535 40.1414098989917 0
1679418497462 39.75528356595896 0
1679418536979 39.34914324095007 0
1679418577543 40.379415711038746 0
1679418617502 39.772463927045465 0
1679418657126 39.447461651056074 0
1679418696269 38.96320211200509 0
1679418754229 43.04367061704397 0
1679418796388 41.95299619890284 0
1679418839121 42.53442180005368 0
1679418881723 42.43678621901199 0
1679418923440 41.50816259207204 0
1679418965904 42.294039036962204 0
1679419008379 42.28657245694194 0
1679419051951 43.39197534706909 0
1679419093372 41.227080611977726 0
1679419125458 31.84130752494093 0
1679419167723 29.62940782797523 0
1679419198485 30.51233604294248 0
1679419228999 30.282778260996565 0
1679419259975 30.77279428904876 0
1679419294962 34.729231110890396 0
1679419325699 30.48539712105412 0
1679419356261 30.329564472893253 0
1679419387322 30.821816316922195 0
1679419418391 30.840375854982994 0
1679419448694 30.04063447297085 0
1679419497887 36.68061845097691 0
1679419530482 32.34325585095212 0
1679419562768 32.028251287993044 0
1679419596095 33.08050012704916 0
1679419629379 33.049184049014 0
1679419662948 33.33584561001044 0
1679419697582 34.392168749007396 0
1679419729749 31.94856571801938 0
1679419761913 31.975175566971302 0
1679419793780 31.62707444105763 0
1679419840790 33.57201852602884 0
1679419879455 38.430330510949716 0
1679419914303 34.58828311599791 0
1679419949003 34.423347639036365 0
1679419983719 34.46587302698754 0
1679420018261 34.28236676193774 0
1679420052718 34.24950624804478 0
1679420089714 36.775050743017346 0
1679420124103 34.141703799017705 0
1679420158365 34.01611760200467 0
1679420207681 35.714565721922554 0
1679420244424 36.49470696703065 0
1679420286372 41.68617570400238 0
1679420322996 36.36931054096203 0
1679420360168 36.910933653009124 0
1679420396058 35.631973812007345 0
1679420431631 35.38093430700246 0
1679420471956 40.07177824701648 0
1679420509281 37.08375500701368 0
1679420545389 35.835714195040055 0
1679420596857 37.70192873105407 0
1679420634647 37.506920853978954 0
1679420677040 42.14009130303748 0
1679420714410 37.10949059296399 0
1679420752150 37.482835186994635 0
1679420789484 37.065506812999956 0
1679420828687 38.92417847807519 0
1679420866468 37.51653764699586 0
1679420923366 56.71411161602009 0
1679420980915 57.34776373405475 0
