1679415938366 0.909375 0
1679415941342 0.9677083333333333 0
1679415945285 0.9756944444444444 0
1679415948226 0.9809027777777778 0
1679415951214 0.9875 0
1679415954114 0.9885416666666667 0
1679415957033 0.9875 0
1679415959961 0.9795138888888889 0
1679415963956 0.9854166666666667 0
1679415967067 0.9857638888888889 0
1679415979689 0.9507941988950276 0
1679415984760 0.981353591160221 0
1679415989566 0.9772099447513812 0
1679415994243 0.992921270718232 0
1679415999730 0.993439226519337 0
1679416004507 0.9903314917127072 0
1679416009218 0.9917127071823204 0
1679416013839 0.9936118784530387 0
1679416019401 0.993957182320442 0
1679416024214 0.9936118784530387 0
1679416039815 0.9532979704797048 0
1679416046368 0.9870848708487084 0
1679416053489 0.9936577490774908 0
1679416059987 0.9971171586715867 0
1679416066517 0.990890221402214 0
1679416074445 0.9905442804428044 0
1679416083886 0.9986162361623616 0
1679416090608 0.9994234317343174 0
1679416097028 0.9946955719557196 0
1679416104369 0.9955027675276753 0
1679416121338 0.9553694751381215 0
1679416129634 0.9907631215469613 0
1679416137648 0.9930939226519337 0
1679416146495 0.9940435082872928 0
1679416155015 0.992921270718232 0
1679416164404 0.9946477900552486 0
1679416172932 0.997496546961326 0
1679416182589 0.9983598066298343 0
1679416190783 0.995424723756906 0
1679416199929 0.997496546961326 0
1679416219753 0.9719994469026548 0
1679416229528 0.9926023230088495 0
1679416240648 0.9932936946902655 0
1679416251272 0.9939159292035398 0
1679416261534 0.9953678097345132 0
1679416272275 0.998133296460177 0
1679416286839 0.9930862831858407 0
1679416296828 0.9969579646017699 0
1679416307819 0.9980641592920354 0
1679416318165 0.9979258849557522 0
1679416339299 0.975310773480663 0
1679416351360 0.9928637200736649 0
1679416363980 0.9956837016574586 0
1679416375358 0.9943024861878453 0
1679416387546 0.9960290055248618 0
1679416400233 0.998158379373849 0
1679416411770 0.9960290055248618 0
1679416423769 0.9948204419889503 0
1679416436942 0.9981008287292817 0
1679416448517 0.9976979742173112 0
1679416472531 0.9785742496050553 0
1679416490753 0.9950138230647709 0
1679416504205 0.9932859399684044 0
1679416517941 0.99461887835703 0
1679416532463 0.996297393364929 0
1679416546580 0.996297393364929 0
1679416561111 0.996791074249605 0
1679416574803 0.996149289099526 0
1679416588964 0.9984202211690363 0
1679416603215 0.9966429699842022 0
1679416628927 0.9761308701657458 0
1679416645012 0.9930075966850829 0
1679416660878 0.994172997237569 0
1679416677197 0.9938708563535912 0
1679416697130 0.995208908839779 0
1679416713141 0.9970217541436464 0
1679416729509 0.9948636049723757 0
1679416744469 0.9966332872928176 0
1679416760925 0.996978591160221 0
1679416776849 0.9955973756906077 0
1679416803205 0.9821867321867321 0
1679416820192 0.9939726658476659 0
1679416838101 0.9947020884520884 0
1679416855993 0.9950476044226044 0
1679416873482 0.9948556511056511 0
1679416896070 0.9959305896805897 0
1679416913730 0.9954315110565111 0
1679416932160 0.9973894348894349 0
1679416950406 0.9968135749385749 0
1679416968043 0.9969671375921376 0
1679416998470 0.9776933701657459 0
1679417017873 0.992506906077348 0
1679417037483 0.9948204419889503 0
1679417057036 0.9955455801104972 0
1679417076344 0.9954765193370165 0
1679417096710 0.9960290055248618 0
1679417125562 0.9979281767955801 0
1679417154680 0.9977209944751381 0
1679417183689 0.9969613259668508 0
1679417212817 0.9962016574585635 0
1679417257469 0.9842336683417086 0
1679417289381 0.9944723618090452 0
1679417320907 0.9960427135678392 0
1679417353042 0.9955402010050252 0
1679417385137 0.9959170854271356 0
1679417417345 0.9967650753768844 0
1679417448975 0.997141959798995 0
1679417480507 0.9981469849246232 0
1679417511924 0.9970163316582915 0
1679417543323 0.9978957286432161 0
1679417592071 0.9805191068139963 0
1679417626553 0.9929788213627992 0
1679417660983 0.9939859576427256 0
1679417695203 0.9952520718232044 0
1679417729377 0.9955686003683242 0
1679417763203 0.996460635359116 0
1679417797460 0.9962879834254144 0
1679417832127 0.99617288213628 0
1679417866262 0.9965181860036832 0
1679417900506 0.9972087937384899 0
1679417950870 0.9775722789115646 0
1679417987938 0.9913637329931972 0
1679418024757 0.9945525085034014 0
1679418061637 0.9952699829931972 0
1679418098756 0.99609375 0
1679418136545 0.9970769557823129 0
1679418173922 0.9972363945578231 0
1679418210908 0.9965454931972789 0
1679418247337 0.9978210034013606 0
1679418284206 0.9973161139455783 0
1679418337288 0.9845599842146804 0
1679418377082 0.9946971191791634 0
1679418417189 0.9952890686661405 0
1679418457516 0.9962509865824783 0
1679418497434 0.9969169297553275 0
1679418536959 0.9968922651933702 0
1679418577517 0.9963249802683505 0
1679418617478 0.9972868981846882 0
1679418657107 0.997656866614049 0
1679418696246 0.9975582083662194 0
1679418754193 0.9838568533529846 0
1679418796362 0.9945191599115696 0
1679418839097 0.9947033898305084 0
1679418881704 0.9957396831245394 0
1679418923421 0.9970062638172439 0
1679418965885 0.9970062638172439 0
1679419008360 0.9963384303610906 0
1679419051922 0.9974438098747237 0
1679419093353 0.9979964996315401 0
1679419125443 0.9971674649963154 0
1679419167699 0.9826268991712708 0
1679419198461 0.9953383977900553 0
1679419228977 0.996460635359116 0
1679419259952 0.995208908839779 0
1679419294941 0.9969354281767956 0
1679419325680 0.9966117058011049 0
1679419356237 0.9970649171270718 0
1679419387298 0.9969138466850829 0
1679419418366 0.9974533839779005 0
1679419448669 0.9971080801104972 0
1679419497868 0.9846085120207927 0
1679419530457 0.9943347953216374 0
1679419562743 0.9955937296946069 0
1679419596070 0.9955125081221572 0
1679419629355 0.9956952566601689 0
1679419662929 0.9959795321637427 0
1679419697558 0.9969744964262508 0
1679419729730 0.9969135802469136 0
1679419761891 0.9972587719298246 0
1679419793756 0.9969948018193632 0
1679419840764 0.9861494782074892 0
1679419879430 0.9956837016574586 0
1679419914277 0.9956453345610804 0
1679419948982 0.995779619398404 0
1679419983703 0.9968155310006138 0
1679420018238 0.9966620626151013 0
1679420052697 0.9970265500306936 0
1679420089689 0.9971608348680172 0
1679420124072 0.9973526703499079 0
1679420158339 0.997640423572744 0
1679420207655 0.9825581395348837 0
1679420244398 0.9936773255813953 0
1679420286352 0.9950399709302326 0
1679420322971 0.995984738372093 0
1679420360142 0.9956395348837209 0
1679420396032 0.9970748546511627 0
1679420431605 0.9966933139534884 0
1679420471930 0.9969113372093024 0
1679420509254 0.9967114825581396 0
1679420545369 0.9979106104651163 0
1679420596833 0.9835635359116022 0
1679420634626 0.994060773480663 0
1679420677012 0.9955455801104972 0
1679420714382 0.9954937845303867 0
1679420752126 0.9957872928176795 0
1679420789447 0.9968404696132597 0
1679420828666 0.9967541436464088 0
1679420866441 0.996460635359116 0
1679420923343 0.9972548342541436 0
1679420980895 0.9970131215469613 0
