1679791570162 63.449914221069776 0
1679791633675 63.16581404500175 0
1679791697642 63.6375809389865 0
1679791761269 63.29172356205527 0
1679791824879 63.27507267904002 0
1679791887865 62.66448683699127 0
1679791952734 64.55696139798965 0
1679792016650 63.56052649707999 0
1679792080252 63.25978733599186 0
1679792143466 62.89744155202061 0
1679792184130 21.25173480005469 0
1679792205226 20.92223348398693 0
1679792226470 21.06728810700588 0
1679792247973 21.322805057978258 0
1679792269623 21.51271905901376 0
1679792290628 20.836115743033588 0
1679792311815 21.001511555048637 0
1679792333116 21.12056648300495 0
1679792355215 21.90453472500667 0
1679792376851 21.462140110088512 0
1679792418782 21.252655896008946 0
1679792440176 21.216065365006216 0
1679792461489 21.15853272099048 0
1679792482527 20.855971497949213 0
1679792503834 21.128353286068887 0
1679792525225 21.213137501035817 0
1679792546591 21.19711988698691 0
1679792568069 21.289274466922507 0
1679792589332 21.09739987598732 0
1679792610936 21.420975537970662 0
1679792654024 20.926422222983092 0
1679792675569 21.367079142015427 0
1679792696770 21.024209894007072 0
1679792718322 21.38713889895007 0
1679792740209 21.725858449935913 0
1679792762742 22.36949136503972 0
1679792784465 21.547735744039528 0
1679792805614 20.968815730069764 0
1679792827233 21.42991239298135 0
1679792848587 21.176813611993566 0
1679792894066 21.27476543094963 0
1679792915378 21.13290715299081 0
1679792937361 21.810772274970077 0
1679792958786 21.243567919009365 0
1679792980166 21.202111529069953 0
1679793001923 21.58862115093507 0
1679793022657 20.531560890027322 0
1679793044621 21.788974069058895 0
1679793065702 20.91269873897545 0
1679793087288 21.39807076298166 0
1679793134237 21.34957419708371 0
1679793155456 21.04498337698169 0
1679793177023 21.37884248199407 0
1679793198667 21.47395365301054 0
1679793220274 21.421180004021153 0
1679793241866 21.396284944028594 0
1679793263307 21.258238767040893 0
1679793284828 21.340770586044528 0
1679793305970 20.942561321076937 0
1679793327079 20.91586831305176 0
1679793375765 21.62880955496803 0
1679793397563 21.603918732027523 0
1679793419034 21.27186207100749 0
1679793440489 21.253236365970224 0
1679793462078 21.393449182040058 0
1679793483864 21.579198349034414 0
1679793505350 21.30056693300139 0
1679793526870 21.31351079198066 0
1679793548150 21.090961329988204 0
1679793569515 21.17840700095985 0
1679793619584 21.401129462989047 0
1679793641176 21.396170526975766 0
1679793662907 21.5295752849197 0
1679793684709 21.57300364691764 0
1679793706673 21.7645633459324 0
1679793728291 21.427224781014957 0
1679793749961 21.464762671967037 0
1679793771651 21.488076729001477 0
1679793793536 21.685276445932686 0
1679793814992 21.277084717992693 0
1679793866822 21.006431163055822 0
1679793887816 20.790252972976305 0
1679793908940 20.925354651990347 0
1679793930431 21.286455899011344 0
1679793951481 20.85093971795868 0
1679793973062 21.360959996003658 0
1679793995109 21.846969453035854 0
1679794017235 21.925602759001777 0
1679794037985 20.565595634980127 0
1679794059291 21.08866031107027 0
1679794113066 21.49990194896236 0
1679794135183 21.909765033982694 0
1679794156964 21.58101477602031 0
1679794178532 21.33747998299077 0
1679794200800 22.059342416003346 0
1679794222056 21.053720692987554 0
1679794243645 21.362778426962905 0
1679794264960 21.112995696021244 0
1679794286590 21.42427626310382 0
1679794308265 21.46138483507093 0
1679794363697 21.451407985994592 0
1679794385461 21.552739779930562 0
1679794407514 21.84759161400143 0
1679794431551 23.796121524996124 0
1679794453410 21.657933608978055 0
1679794475141 21.54443023703061 0
1679794496968 21.62498067494016 0
1679794518633 21.45958853396587 0
1679794539195 20.347250403021462 0
1679794560805 21.398744371021166 0
1679794618641 21.586511527071707 0
1679794640633 21.77136893302668 0
1679794662609 21.75450937100686 0
1679794684228 21.396026915987022 0
1679794705657 21.239741705940105 0
1679794727085 21.212830452015623 0
1679794748611 21.311663492000662 0
1679794770078 21.25520231795963 0
1679794791417 21.150144497980364 0
1679794812986 21.349350485019386 0
1679794872421 21.404915692051873 0
1679794894238 21.598228558083065 0
1679794916119 21.667328873067163 0
1679794937948 21.58938592893537 0
1679794959451 21.293074224959128 0
1679794981262 21.598165331990458 0
1679795002956 21.472361655090936 0
1679795024006 20.850340755074285 0
1679795046203 21.95776030200068 0
1679795067649 21.2369930180721 0
1679795128750 21.20655302796513 0
1679795151020 22.04870497295633 0
1679795172950 21.71027768100612 0
1679795194766 21.594681988004595 0
1679795216034 21.046288785990328 0
1679795237867 21.593148439074866 0
1679795259225 21.1526644800324 0
1679795280717 21.263064237078652 0
1679795302292 21.34902659500949 0
1679795323663 21.153479747939855 0
1679795386955 21.58412099198904 0
1679795408243 21.071607873076573 0
1679795429611 21.14771512406878 0
1679795450853 21.004887494025752 0
1679795472439 21.376486102933995 0
1679795494608 21.922441066009924 0
1679795516461 21.618351729004644 0
1679795538624 21.940142228035256 0
1679795560451 21.601540228002705 0
1679795581813 21.165204438962974 0
1679795647529 21.940357832005247 0
1679795669724 21.960207423078828 0
1679795691170 21.240484497044235 0
1679795712657 21.25068824691698 0
1679795734390 21.49452057806775 0
1679795756171 21.51777743094135 0
1679795777492 21.096602977020666 0
1679795799676 21.981190714985132 0
1679795820991 21.068136560032144 0
1679795842750 21.51934980705846 0
1679795909852 21.090207936009392 0
1679795931541 21.459485570085235 0
1679795953751 21.98018425400369 0
1679795975305 21.33395347802434 0
1679795997081 21.548247240949422 0
1679796019087 21.761958571034484 0
1679796040534 21.221572484006174 0
1679796062481 21.714375096955337 0
1679796084401 21.684739538934082 0
1679796106093 21.454640298034064 0
1679796175057 21.24680729000829 0
1679796196573 21.296992053976282 0
1679796218287 21.477660464006476 0
1679796239939 21.430202823947184 0
1679796261797 21.606964568956755 0
1679796283579 21.527659259038046 0
1679796305114 21.283056442975067 0
1679796326942 21.58843215997331 0
1679796348469 21.297661409014836 0
1679796369966 21.259920916054398 0
1679796441451 21.10224754596129 0
1679796463303 21.586006598896347 0
1679796484862 21.323112081969157 0
1679796506261 21.143234263989143 0
1679796528474 21.955006569973193 0
1679796550125 21.39533458801452 0
1679796571915 21.550322522991337 0
1679796594140 22.023005938972346 0
1679796615826 21.43399047793355 0
1679796637746 21.663031116011553 0
1679796711371 21.344140614965 0
1679796733275 21.653366502025165 0
1679796755012 21.506282032933086 0
1679796777026 21.769609681912698 0
1679796798944 21.651429675985128 0
1679796820727 21.52505071402993 0
1679796842260 21.2954218769446 0
1679796864366 21.83483452803921 0
1679796886142 21.514435385004617 0
1679796907884 21.497177034034394 0
