1679791570138 0.9806931596884129 0
1679791633655 0.9947358812074002 0
1679791697615 0.9962268743914313 0
1679791761249 0.9977482960077897 0
1679791824860 0.9974592259006816 0
1679791887850 0.9986459347614411 0
1679791952718 0.9979765092502434 0
1679792016624 0.9988741480038948 0
1679792080232 0.9986155063291139 0
1679792143451 0.9990567185978578 0
1679792184111 0.9610909090909091 0
1679792205208 0.9960454545454546 0
1679792226447 0.9971363636363636 0
1679792247955 0.9986818181818182 0
1679792269607 0.9986363636363637 0
1679792290611 0.9980454545454546 0
1679792311794 0.9987727272727273 0
1679792333095 0.9973636363636363 0
1679792355196 0.9994090909090909 0
1679792376833 0.9997272727272727 0
1679792418766 0.9471363636363637 0
1679792440158 0.9903181818181818 0
1679792461473 0.9948181818181818 0
1679792482514 0.997 0
1679792503815 0.9969545454545454 0
1679792525208 0.995 0
1679792546580 0.9978636363636364 0
1679792568051 0.9982272727272727 0
1679792589316 0.9975454545454545 0
1679792610917 0.9981818181818182 0
1679792654012 0.913537594326757 0
1679792675553 0.9828166196926993 0
1679792696758 0.9937267024274934 0
1679792718305 0.9939994544958632 0
1679792740193 0.9951359214474043 0
1679792762724 0.9949540867351577 0
1679792784441 0.9971815619601782 0
1679792805593 0.9960905536866987 0
1679792827216 0.9970906446040549 0
1679792848570 0.9977270660969179 0
1679792894047 0.8834090909090909 0
1679792915362 0.9726818181818182 0
1679792937339 0.9858636363636364 0
1679792958769 0.9914090909090909 0
1679792980150 0.9930454545454546 0
1679793001906 0.9936363636363637 0
1679793022640 0.9957272727272727 0
1679793044608 0.9942727272727273 0
1679793065686 0.9959545454545454 0
1679793087268 0.9937727272727273 0
1679793134220 0.8641818181818182 0
1679793155438 0.9652272727272727 0
1679793177006 0.9863181818181819 0
1679793198649 0.9916363636363636 0
1679793220257 0.9923181818181818 0
1679793241849 0.9941363636363636 0
1679793263289 0.993 0
1679793284812 0.9955909090909091 0
1679793305953 0.9951363636363636 0
1679793327062 0.9926818181818182 0
1679793375748 0.8638967178834439 0
1679793397544 0.9662242022002 0
1679793419016 0.9826347849804528 0
1679793440462 0.987680698245295 0
1679793462065 0.9920901900172743 0
1679793483847 0.9937267024274934 0
1679793505332 0.9925447767978908 0
1679793526851 0.9929993635785072 0
1679793548133 0.9951359214474043 0
1679793569495 0.9954541321938358 0
1679793619559 0.8470106842464197 0
1679793641158 0.9618549670379631 0
1679793662890 0.9847238008638327 0
1679793684681 0.989906796999318 0
1679793706653 0.9911343487156172 0
1679793728264 0.9927710843373494 0
1679793749941 0.9929529438508752 0
1679793771632 0.9928620140941123 0
1679793793518 0.9956353716753807 0
1679793814973 0.9932257331211639 0
1679793866796 0.8475909090909091 0
1679793887798 0.9604090909090909 0
1679793908923 0.9848181818181818 0
1679793930417 0.988909090909091 0
1679793951462 0.9907272727272727 0
1679793973042 0.9901363636363636 0
1679793995090 0.9947272727272727 0
1679794017216 0.992909090909091 0
1679794037967 0.9931818181818182 0
1679794059259 0.9961363636363636 0
1679794113030 0.8530775525047731 0
1679794135165 0.9623602145649605 0
1679794156946 0.9824074915901445 0
1679794178516 0.9906809709973634 0
1679794200786 0.9896808800800073 0
1679794222026 0.9929539049004455 0
1679794243611 0.9948177107009728 0
1679794264942 0.9905445949631785 0
1679794286565 0.9919538139830893 0
1679794308246 0.9947267933448495 0
1679794363678 0.8430909090909091 0
1679794385442 0.9636363636363636 0
1679794407488 0.9835 0
1679794431522 0.9895909090909091 0
1679794453391 0.9915454545454545 0
1679794475122 0.9933636363636363 0
1679794496948 0.9884545454545455 0
1679794518614 0.9939545454545454 0
1679794539176 0.9954090909090909 0
1679794560786 0.9936363636363637 0
1679794618622 0.8175162566504479 0
1679794640614 0.9537083352280479 0
1679794662590 0.9803101268700832 0
1679794684209 0.9903596926015188 0
1679794705643 0.9870401527897776 0
1679794727067 0.9894047564912919 0
1679794748590 0.9911782092674276 0
1679794770058 0.99367923241326 0
1679794791398 0.9932245009321995 0
1679794812967 0.9924059842662908 0
1679794872390 0.8041105856675155 0
1679794894219 0.9468443070207349 0
1679794916100 0.9798108403055656 0
1679794937928 0.9872680974899963 0
1679794959432 0.9894052382684613 0
1679794981243 0.9885412877409967 0
1679795002936 0.9907238995998545 0
1679795023987 0.9886777009821753 0
1679795046173 0.9929519825391051 0
1679795067627 0.9943161149508912 0
1679795128731 0.781026877074901 0
1679795150986 0.9453363045158943 0
1679795172931 0.9800809495656919 0
1679795194746 0.9822638592023284 0
1679795216014 0.9907226340442948 0
1679795237843 0.9897221337941698 0
1679795259195 0.9891764063850107 0
1679795280695 0.9934967483741871 0
1679795302272 0.9928145891127382 0
1679795323643 0.9907681113283915 0
1679795386939 0.7893851191559033 0
1679795408224 0.9456976532654175 0
1679795429591 0.9757595051846462 0
1679795450832 0.9881298890303802 0
1679795472414 0.9885846825541205 0
1679795494579 0.9894033108968529 0
1679795516441 0.9886301619064944 0
1679795538603 0.9907676914680735 0
1679795560435 0.9904948153538293 0
1679795581795 0.993814808077133 0
1679795647508 0.761536712889293 0
1679795669703 0.9388497385769493 0
1679795691148 0.9750397817685837 0
1679795712631 0.983950897931348 0
1679795734369 0.9867242555126166 0
1679795756149 0.9847238008638327 0
1679795777472 0.9863605364855649 0
1679795799658 0.9884973857694931 0
1679795820958 0.9893612184587406 0
1679795842733 0.991816321891339 0
1679795909835 0.7544545454545455 0
1679795931513 0.9309545454545455 0
1679795953722 0.9676818181818182 0
1679795975284 0.9814545454545455 0
1679795997060 0.9796818181818182 0
1679796019058 0.9857727272727272 0
1679796040513 0.9852272727272727 0
1679796062460 0.9857272727272727 0
1679796084384 0.988 0
1679796106072 0.9896363636363636 0
1679796175036 0.7108554277138569 0
1679796196552 0.9064077493292101 0
1679796218250 0.9609804902451226 0
1679796239918 0.975715130292419 0
1679796261770 0.9829005411796807 0
1679796283558 0.9791714038837601 0
1679796305093 0.9866296784756015 0
1679796326920 0.988585201691755 0
1679796348448 0.9815816999408795 0
1679796369945 0.9850379735322207 0
1679796441432 0.8033457587053369 0
1679796463280 0.9466315119556323 0
1679796484841 0.9779525411401037 0
1679796506240 0.983362123829439 0
1679796528425 0.9831348304391309 0
1679796550103 0.9846804254932267 0
1679796571892 0.9868624420401855 0
1679796594121 0.9894081280116375 0
1679796615794 0.9887717065187744 0
1679796637724 0.9876352395672334 0
1679796711349 0.6464651057058423 0
1679796733253 0.8647874516935667 0
1679796754993 0.9417140259149807 0
1679796777004 0.9635826324164583 0
1679796798920 0.9744032734712434 0
1679796820704 0.9742668788360991 0
1679796842241 0.9775403500795635 0
1679796864344 0.9789952261877699 0
1679796886100 0.981632189133894 0
1679796907862 0.9814503296203683 0
