1679585239421 0.04927784226486073 0
1679585303110 0.020048011770959048 0
1679585366002 0.011161315615973336 0
1679585429477 0.012478480543398989 0
1679585492844 0.008820053269210629 0
1679585555933 0.005584221812289943 0
1679585618588 0.005893648579693767 0
1679585681476 0.00446610692792791 0
1679585744546 0.0057493568094277294 0
1679585808289 0.0030662366289514846 0
1679585858418 0.5141070896845311 0
1679585879053 0.02131251457997714 0
1679585899400 0.010987017133054906 0
1679585919274 0.011155371245175775 0
1679585939670 0.0035752957899677315 0
1679585960086 0.00892430839033641 0
1679585980443 0.010719916178276844 0
1679586000602 0.0052269934908968025 0
1679586021507 0.0034170269012160134 0
1679586041964 0.0035544701660109924 0
1679586082268 0.6007809854384512 0
1679586102068 0.030444495760428254 0
1679586122364 0.024146669245691737 0
1679586142829 0.01589912708689226 0
1679586163132 0.01325687482768335 0
1679586183590 0.014208541189928656 0
1679586203867 0.006507722046327399 0
1679586223601 0.005391128371572995 0
1679586243630 0.01208690012154766 0
1679586264218 0.010231794613447164 0
1679586306071 0.6945866144955158 0
1679586326175 0.03149485805027653 0
1679586346236 0.01630130118468078 0
1679586366496 0.014162175856312388 0
1679586387015 0.015953732600834335 0
1679586407422 0.010752724351205688 0
1679586427645 0.00965074017562947 0
1679586448433 0.012967574922507628 0
1679586468505 0.0024028590620340765 0
1679586488843 0.014819402050665667 0
1679586532380 0.9359153429612518 0
1679586553103 0.08270141623206437 0
1679586573806 0.04268198354649357 0
1679586594047 0.03304537726605777 0
1679586614364 0.024227428567319294 0
1679586635071 0.026005010446027155 0
1679586657093 0.012187688280617294 0
1679586677088 0.01643644196999885 0
1679586697740 0.013809559898538283 0
1679586718020 0.014040332297435088 0
1679586763313 0.8892331628933549 0
1679586784046 0.06780923602450639 0
1679586804050 0.03482143865879625 0
1679586824141 0.025561568528949283 0
1679586844617 0.024120785465848168 0
1679586865008 0.022047643135505494 0
1679586885354 0.016501159493322485 0
1679586905311 0.010480636925046565 0
1679586925823 0.016779197169185498 0
1679586946112 0.013910472547181417 0
1679586993562 0.9859521920531988 0
1679587013756 0.07651949320156128 0
1679587034032 0.03814317611497827 0
1679587054242 0.02514640195114189 0
1679587074888 0.0249191935598501 0
1679587095768 0.020958079545118382 0
1679587116283 0.010581449143652572 0
1679587136415 0.01587501266637737 0
1679587156650 0.016544273792059538 0
1679587177098 0.023639997849466455 0
1679587226600 1.1066861378081143 0
1679587246968 0.08298967748368159 0
1679587267346 0.047301507807709274 0
1679587288348 0.03393466092108283 0
1679587308914 0.024829126010125036 0
1679587329498 0.020771983307652408 0
1679587349700 0.020675420021078025 0
1679587370255 0.01929968974790827 0
1679587390364 0.014789543153445993 0
1679587411558 0.016340363139409602 0
1679587462029 1.290927876406908 0
1679587482692 0.09832556699290872 0
1679587503950 0.04230955405104905 0
1679587524503 0.0301774274060037 0
1679587545341 0.02665272650383413 0
1679587565469 0.024918291350151413 0
1679587586185 0.021593361644662218 0
1679587606758 0.021760653867499785 0
1679587627084 0.025823193782483576 0
1679587648961 0.01726730485688604 0
1679587706968 1.2697780141294002 0
1679587727660 0.07566606689356267 0
1679587748102 0.03954964015996083 0
1679587768094 0.02177529454200994 0
1679587788778 0.025138539086148375 0
1679587809661 0.016253122295072534 0
1679587830185 0.02132333905652631 0
1679587850776 0.021257021304790395 0
1679587871468 0.014647492776624858 0
1679587891798 0.017959676419448806 0
1679587946003 1.0601598436325788 0
1679587966764 0.11306744306944311 0
1679587987393 0.05674183028433472 0
1679588007943 0.027180165004590525 0
1679588028580 0.027582483537471853 0
1679588049355 0.03053233126429841 0
1679588070553 0.02625688080044929 0
1679588091147 0.019165423535814626 0
1679588111607 0.020632993664412062 0
1679588132324 0.024553718108986506 0
1679588188538 1.2910500300168992 0
1679588209264 0.1316034903354943 0
1679588230052 0.05898785688336938 0
1679588250990 0.037380730946408584 0
1679588271616 0.03439710252599325 0
1679588292217 0.02982417467366904 0
1679588313063 0.016820875396742485 0
1679588333813 0.029646735909266864 0
1679588354669 0.02325293640999589 0
1679588375766 0.016731536865381348 0
1679588434087 1.2571327353417874 0
1679588454341 0.10711465853899717 0
1679588475177 0.04926236530058086 0
1679588495849 0.028250814760709182 0
1679588516847 0.02717194777614204 0
1679588537398 0.026134247990138828 0
1679588558033 0.02618234264589846 0
1679588578599 0.015761834361418734 0
1679588599406 0.023511000300751768 0
1679588620078 0.01803453692760668 0
1679588680396 1.3094626916587353 0
1679588701293 0.10074143871590495 0
1679588721835 0.04451566003039479 0
1679588742223 0.03189274038868025 0
1679588763175 0.02874662052068161 0
1679588784019 0.02923635470145382 0
1679588804614 0.015151225758422515 0
1679588825379 0.021135266530007357 0
1679588847023 0.0185263139934832 0
1679588868802 0.02135315361723624 0
1679588930973 1.205259678146243 0
1679588951762 0.09969958763420582 0
1679588972598 0.04173346253130585 0
1679588993371 0.030125075250002555 0
1679589013661 0.029063067154097372 0
1679589034676 0.029932683997170535 0
1679589055445 0.018164828139147722 0
1679589076349 0.020868763392153777 0
1679589096919 0.02278514861072472 0
1679589117637 0.022166055719411815 0
1679589181336 1.4467886664688587 0
1679589202198 0.12768924257420003 0
1679589223207 0.046751765171438454 0
1679589243830 0.03059351392206736 0
1679589264301 0.0310780764704803 0
1679589285032 0.035234422621340494 0
1679589306161 0.020504260205104947 0
1679589326615 0.023248134092445253 0
1679589347410 0.02475225212884834 0
1679589368688 0.018085518884113118 0
1679589434725 1.4761863171696663 0
1679589455500 0.1755231432452798 0
1679589476597 0.07697315948493778 0
1679589497209 0.04525918267602101 0
1679589518191 0.041866835632035505 0
1679589539163 0.040202928537270054 0
1679589560110 0.039502341889357195 0
1679589581154 0.033018773660971786 0
1679589602221 0.03149685121848015 0
1679589623356 0.03210172176611377 0
1679589691311 1.2667550037741662 0
1679589712524 0.14156848983317613 0
1679589733559 0.05553463397538289 0
1679589754048 0.04408313132589683 0
1679589774913 0.03450665398244746 0
1679589796382 0.03238776876549237 0
1679589817288 0.04147725979234092 0
1679589837853 0.027972067429922753 0
1679589858897 0.03163226381745189 0
1679589879422 0.028544725455378648 0
1679589950395 1.3698336888849736 0
1679589971293 0.14971743934452533 0
1679589992755 0.06909958008043468 0
1679590013602 0.047181599718146026 0
1679590034521 0.04527383052180521 0
1679590055598 0.043974928534869104 0
1679590076534 0.03466226216426585 0
1679590097484 0.031169585081376135 0
1679590118485 0.027961875108536333 0
1679590139326 0.02939509089246858 0
1679590212716 1.4671410900712014 0
1679590233804 0.18986625371724367 0
1679590256696 0.07729958916306495 0
1679590277822 0.05074704588800669 0
1679590298820 0.04568855159049854 0
1679590319967 0.05416409900723956 0
1679590340964 0.03748436827911064 0
1679590362299 0.0320700133604696 0
1679590383161 0.033515934421750715 0
1679590404490 0.02558570404089987 0
