1679283747013 0.32684518318331124 0
1679283751621 0.1284582532540548 0
1679283756086 0.05420862667732781 0
1679283760693 0.03778632149481507 0
1679283765434 0.01663910318037618 0
1679283770097 0.022313951704763538 0
1679283774556 0.008766566608149636 0
1679283779248 0.0749915338032331 0
1679283783689 0.05133095930810383 0
1679283788198 0.016310616362270415 0
1679283808880 0.7073662929675159 0
1679283815830 0.11317699346873983 0
1679283823372 0.05534070315565366 0
1679283830833 0.04268662098797458 0
1679283838404 0.02661728511670577 0
1679283845890 0.019909490796956506 0
1679283852953 0.01767743732688912 0
1679283860198 0.03091963852192766 0
1679283867656 0.03989545920493958 0
1679283875052 0.017419099614213052 0
1679283896534 1.0056391534779001 0
1679283903952 0.09230912773066438 0
1679283911445 0.06829128390538744 0
1679283918771 0.04738399979096892 0
1679283926354 0.031324815396539064 0
1679283934237 0.028297151182949377 0
1679283941573 0.015718892723431483 0
1679283949069 0.011848194350736151 0
1679283956828 0.014218507982863515 0
1679283964588 0.007080568780771037 0
1679283985419 1.22505934580284 0
1679283993016 0.15086758176010906 0
1679284000429 0.07799634648094356 0
1679284008052 0.06447941912155525 0
1679284015402 0.03964965131279884 0
1679284023267 0.024228024398611273 0
1679284030843 0.0654478254833592 0
1679284038774 0.03312520624860875 0
1679284045662 0.044291922542969604 0
1679284053211 0.015164122580922684 0
1679284073627 1.5246399549000405 0
1679284081481 0.2669808309269594 0
1679284088693 0.11815267412320656 0
1679284096014 0.0717122491229983 0
1679284103612 0.05187573989707173 0
1679284111771 0.03246488608534028 0
1679284119245 0.03420958873945946 0
1679284127246 0.03518429044668343 0
1679284134950 0.050901638285722584 0
1679284142665 0.03982833241695748 0
1679284163567 1.7580596199807 0
1679284171116 0.3128321599945718 0
1679284178798 0.13006316790101574 0
1679284186466 0.119511796289361 0
1679284194259 0.06857717845031955 0
1679284201512 0.05103539702866007 0
1679284208931 0.05186452457679016 0
1679284216681 0.0419051675220116 0
1679284224341 0.052959878866757064 0
1679284231738 0.026110074612113426 0
1679284253776 1.841222505943448 0
1679284261569 0.38871922102921147 0
1679284269458 0.14205153666290582 0
1679284276498 0.08456933390641329 0
1679284284013 0.07175281146933854 0
1679284291879 0.03546335284059465 0
1679284299215 0.03920912740959823 0
1679284306844 0.011726798624651707 0
1679284314373 0.034644777197921514 0
1679284322151 0.040712340722915116 0
1679284342900 1.7678137377781027 0
1679284350921 0.2828443690257914 0
1679284357740 0.15291560526170275 0
1679284365492 0.09657941272427492 0
1679284372957 0.053636986426735186 0
1679284380531 0.02477947173026098 0
1679284387937 0.01822866872694873 0
1679284395950 0.012686907421048804 0
1679284403792 0.019538791835086656 0
1679284411355 0.03153356952751375 0
1679284433018 1.8096237939362432 0
1679284439777 0.3706304118329403 0
1679284447574 0.17666327683072464 0
1679284455133 0.09261938174456066 0
1679284462767 0.0460678113706629 0
1679284470486 0.04535611813623166 0
1679284478271 0.0425282001550145 0
1679284485840 0.03583645011702388 0
1679284493331 0.02703496649366 0
1679284500905 0.0206588386088911 0
1679284523424 1.9348243866481034 0
1679284531382 0.39923980766359496 0
1679284539035 0.14470998151227832 0
1679284546686 0.0816405374173294 0
1679284554118 0.052135352449327266 0
1679284561764 0.0236102445347819 0
1679284569230 0.04479482531371782 0
1679284576974 0.03381078649145624 0
1679284584638 0.030597101569155176 0
1679284592653 0.01126135182415715 0
1679284613533 2.1752989432391 0
1679284621426 0.37968984008858014 0
1679284629008 0.13860266314198574 0
1679284636676 0.061721636231203435 0
1679284644080 0.069783120493715 0
1679284651698 0.02821959485414018 0
1679284659516 0.035463392870345466 0
1679284666969 0.03279035460311171 0
1679284674577 0.03485734423242427 0
1679284681534 0.04661578546488183 0
1679284703612 1.8755172415106904 0
1679284711208 0.2690218699840354 0
1679284718740 0.08937803042742114 0
1679284726669 0.06647598887017618 0
1679284734236 0.051430413348819405 0
1679284741967 0.03749678283245029 0
1679284749806 0.030329206835435173 0
1679284757906 0.0211127946172115 0
1679284764882 0.009117164193965294 0
1679284772471 0.004359188487333264 0
1679284794444 1.8162288180753297 0
1679284802014 0.31432232299052615 0
1679284809674 0.12228678201562633 0
1679284817341 0.05621111674654279 0
1679284824911 0.0475388084077185 0
1679284832674 0.0333279995989584 0
1679284840530 0.014952096189589094 0
1679284847447 0.004757614460615122 0
1679284855126 0.018430865641230233 0
1679284862930 0.04112157214195559 0
1679284884942 1.791386256615321 0
1679284892481 0.3643686438673267 0
1679284900122 0.13930834737588085 0
1679284908059 0.08613524512004327 0
1679284915634 0.05868851211762019 0
1679284923659 0.029510127937457727 0
1679284930248 0.03246580429578328 0
1679284938002 0.051920611410191754 0
1679284945889 0.02514049104459392 0
1679284953747 0.023993502024620517 0
1679284976495 2.078154272892896 0
1679284984277 0.3970571347311431 0
1679284991890 0.16144486147837311 0
1679284999710 0.07825680212209038 0
1679285007360 0.06990964356216364 0
1679285014325 0.0462844052047277 0
1679285022074 0.023050420626532286 0
1679285029752 0.013037229065529947 0
1679285037100 0.01983519500536917 0
1679285044903 0.0281313703724699 0
1679285067726 2.4603866847122418 0
1679285075219 0.4649415913165784 0
1679285083065 0.1843708091981563 0
1679285091049 0.0796370170873535 0
1679285098073 0.06298355807723734 0
1679285105675 0.03521107679105127 0
1679285113275 0.0383364993898545 0
1679285121042 0.0361305467862015 0
1679285128565 0.056162706179676725 0
1679285135938 0.04101559515202455 0
1679285158949 2.27266762361807 0
1679285166629 0.5843773270938911 0
1679285174606 0.2339592789683272 0
1679285181501 0.11338895318262718 0
1679285189228 0.09357401225989793 0
1679285196822 0.04698959654014485 0
1679285204515 0.04113896613525154 0
1679285212191 0.056135789178512696 0
1679285219857 0.06836398571784444 0
1679285227794 0.0305639695052021 0
1679285250945 2.454579982687445 0
1679285258785 0.6074945922283566 0
1679285266441 0.22768745491025494 0
1679285274186 0.12251574175395802 0
1679285281004 0.08927593371538702 0
1679285288935 0.05483717689811088 0
1679285296679 0.04728322876411874 0
1679285304268 0.03060460320614534 0
1679285312384 0.03835985282842325 0
1679285320015 0.02617383611219588 0
1679285343894 2.4285836786616084 0
1679285351679 0.5343610702776441 0
1679285359138 0.18458076807505944 0
1679285366726 0.09880710826894525 0
1679285374198 0.09853277999597292 0
1679285382098 0.055298213011530394 0
1679285389956 0.055673923411328964 0
1679285397727 0.030557911417917256 0
1679285405598 0.054672865523481926 0
1679285413379 0.029333841365501833 0
1679285437433 2.3457477571917513 0
1679285445343 0.47161219137556415 0
1679285453072 0.19229097255304747 0
1679285460827 0.100823429668797 0
1679285468516 0.06429910319446422 0
1679285476373 0.03299796860665083 0
1679285484315 0.039283871676946316 0
1679285491303 0.03609050984617651 0
1679285498951 0.03536001389375979 0
1679285506746 0.026442063140897445 0
