1679283747004 0.8863357843137255 0
1679283751610 0.9571078431372549 0
1679283756074 0.9803921568627451 0
1679283760687 0.9880514705882353 0
1679283765424 0.9947916666666666 0
1679283770087 0.9941789215686274 0
1679283774543 0.9978553921568627 0
1679283779235 0.977328431372549 0
1679283783678 0.9856004901960784 0
1679283788183 0.9966299019607843 0
1679283808868 0.852328431372549 0
1679283815816 0.9666053921568627 0
1679283823360 0.9831495098039216 0
1679283830823 0.9874387254901961 0
1679283838394 0.9926470588235294 0
1679283845875 0.9935661764705882 0
1679283852942 0.9954044117647058 0
1679283860191 0.9895833333333334 0
1679283867645 0.9871323529411765 0
1679283875041 0.9944852941176471 0
1679283896516 0.7754289215686274 0
1679283903942 0.975796568627451 0
1679283911426 0.9810049019607843 0
1679283918763 0.9859068627450981 0
1679283926341 0.9905024509803921 0
1679283934226 0.991421568627451 0
1679283941562 0.9957107843137255 0
1679283949058 0.9966299019607843 0
1679283956819 0.9954044117647058 0
1679283964581 0.9981617647058824 0
1679283985408 0.7637867647058824 0
1679283993006 0.9592524509803921 0
1679284000419 0.9779411764705882 0
1679284008040 0.9816176470588235 0
1679284015394 0.9886642156862745 0
1679284023256 0.9917279411764706 0
1679284030833 0.9837622549019608 0
1679284038762 0.9898897058823529 0
1679284045651 0.9883578431372549 0
1679284053199 0.9954044117647058 0
1679284073615 0.6553308823529411 0
1679284081469 0.9221813725490197 0
1679284088682 0.9669117647058824 0
1679284096002 0.9761029411764706 0
1679284103602 0.9840686274509803 0
1679284111760 0.9908088235294118 0
1679284119237 0.9908088235294118 0
1679284127234 0.9892769607843137 0
1679284134940 0.9859068627450981 0
1679284142651 0.9877450980392157 0
1679284163558 0.5940563725490197 0
1679284171098 0.899203431372549 0
1679284178784 0.9561887254901961 0
1679284186453 0.9629289215686274 0
1679284194246 0.9794730392156863 0
1679284201500 0.9822303921568627 0
1679284208919 0.9834558823529411 0
1679284216670 0.9871323529411765 0
1679284224325 0.9856004901960784 0
1679284231726 0.9920343137254902 0
1679284253763 0.5597426470588235 0
1679284261558 0.8893995098039216 0
1679284269447 0.9580269607843137 0
1679284276486 0.9767156862745098 0
1679284284003 0.9800857843137255 0
1679284291869 0.9898897058823529 0
1679284299199 0.9889705882352942 0
1679284306832 0.9969362745098039 0
1679284314362 0.9892769607843137 0
1679284322145 0.9889705882352942 0
1679284342892 0.6348039215686274 0
1679284350910 0.9194240196078431 0
1679284357729 0.9515931372549019 0
1679284365483 0.9693627450980392 0
1679284372945 0.9856004901960784 0
1679284380519 0.9935661764705882 0
1679284387925 0.9947916666666666 0
1679284395939 0.9963235294117647 0
1679284403779 0.9950980392156863 0
1679284411344 0.9905024509803921 0
1679284433007 0.5609681372549019 0
1679284439766 0.8848039215686274 0
1679284447563 0.9457720588235294 0
1679284455122 0.9721200980392157 0
1679284462757 0.9859068627450981 0
1679284470475 0.9852941176470589 0
1679284478259 0.9865196078431373 0
1679284485828 0.9911151960784313 0
1679284493313 0.9901960784313726 0
1679284500894 0.9944852941176471 0
1679284523410 0.5245098039215687 0
1679284531362 0.8719362745098039 0
1679284539016 0.9555759803921569 0
1679284546676 0.9764093137254902 0
1679284554103 0.9819240196078431 0
1679284561752 0.992953431372549 0
1679284569217 0.9856004901960784 0
1679284576960 0.9892769607843137 0
1679284584630 0.9901960784313726 0
1679284592643 0.9966299019607843 0
1679284613521 0.44607843137254904 0
1679284621413 0.8884803921568627 0
1679284628997 0.9620098039215687 0
1679284636662 0.9819240196078431 0
1679284644067 0.9794730392156863 0
1679284651686 0.9901960784313726 0
1679284659504 0.9911151960784313 0
1679284666957 0.9883578431372549 0
1679284674566 0.9883578431372549 0
1679284681521 0.9852941176470589 0
1679284703601 0.5958946078431373 0
1679284711197 0.9234068627450981 0
1679284718730 0.9751838235294118 0
1679284726658 0.9806985294117647 0
1679284734224 0.9837622549019608 0
1679284741954 0.9883578431372549 0
1679284749791 0.9901960784313726 0
1679284757888 0.9932598039215687 0
1679284764870 0.9960171568627451 0
1679284772460 0.9993872549019608 0
1679284794431 0.6029411764705882 0
1679284802002 0.9044117647058824 0
1679284809661 0.9598651960784313 0
1679284817330 0.9819240196078431 0
1679284824900 0.9877450980392157 0
1679284832662 0.9908088235294118 0
1679284840519 0.9963235294117647 0
1679284847435 0.9990808823529411 0
1679284855116 0.9950980392156863 0
1679284862921 0.9889705882352942 0
1679284884928 0.5723039215686274 0
1679284892466 0.8881740196078431 0
1679284900110 0.9595588235294118 0
1679284908050 0.9748774509803921 0
1679284915621 0.9840686274509803 0
1679284923647 0.991421568627451 0
1679284930235 0.9895833333333334 0
1679284937987 0.9837622549019608 0
1679284945880 0.9938725490196079 0
1679284953733 0.9917279411764706 0
1679284976478 0.5049019607843137 0
1679284984259 0.8771446078431373 0
1679284991867 0.9497549019607843 0
1679284999689 0.9745710784313726 0
1679285007345 0.9803921568627451 0
1679285014313 0.9877450980392157 0
1679285022059 0.9935661764705882 0
1679285029739 0.9978553921568627 0
1679285037089 0.9947916666666666 0
1679285044893 0.9920343137254902 0
1679285067711 0.4543504901960784 0
1679285075207 0.8498774509803921 0
1679285083052 0.9433210784313726 0
1679285091037 0.9748774509803921 0
1679285098061 0.9791666666666666 0
1679285105664 0.9889705882352942 0
1679285113263 0.9886642156862745 0
1679285121031 0.9889705882352942 0
1679285128551 0.9840686274509803 0
1679285135922 0.9886642156862745 0
1679285158933 0.45465686274509803 0
1679285166606 0.8128063725490197 0
1679285174594 0.9227941176470589 0
1679285181486 0.9647671568627451 0
1679285189217 0.9699754901960784 0
1679285196812 0.9874387254901961 0
1679285204502 0.9889705882352942 0
1679285212169 0.9834558823529411 0
1679285219848 0.9776348039215687 0
1679285227776 0.9905024509803921 0
1679285250932 0.40808823529411764 0
1679285258774 0.8085171568627451 0
1679285266426 0.9307598039215687 0
1679285274173 0.9589460784313726 0
1679285280991 0.9705882352941176 0
1679285288924 0.9831495098039216 0
1679285296661 0.9840686274509803 0
1679285304256 0.9908088235294118 0
1679285312373 0.9883578431372549 0
1679285320004 0.9932598039215687 0
1679285343883 0.4378063725490196 0
1679285351664 0.8158700980392157 0
1679285359119 0.9436274509803921 0
1679285366707 0.9656862745098039 0
1679285374178 0.96875 0
1679285382086 0.9840686274509803 0
1679285389944 0.9840686274509803 0
1679285397713 0.9901960784313726 0
1679285405586 0.9825367647058824 0
1679285413366 0.9905024509803921 0
1679285437418 0.4831495098039216 0
1679285445328 0.8422181372549019 0
1679285453059 0.9393382352941176 0
1679285460818 0.9653799019607843 0
1679285468504 0.9800857843137255 0
1679285476362 0.9898897058823529 0
1679285484301 0.9889705882352942 0
1679285491291 0.9877450980392157 0
1679285498937 0.9892769607843137 0
1679285506729 0.9905024509803921 0
