1678705004429 4.4659538785927 0
1678705008861 4.254195583052933 0
1678705013244 4.196625038981438 0
1678705017691 4.280501879286021 0
1678705022153 4.28955896012485 0
1678705026596 4.260612660087645 0
1678705031044 4.2945561720989645 0
1678705035529 4.30233243200928 0
1678705039945 4.240404639393091 0
1678705044366 4.245643592905253 0
1678705113270 5.194909765850753 0
1678705118572 5.153144171927124 0
1678705123920 5.204264098778367 0
1678705129269 5.183133395854384 0
1678705134692 5.241582140792161 0
1678705140200 5.337142340838909 0
1678705145526 5.128639467060566 0
1678705150817 5.1322916629724205 0
1678705156119 5.148870741017163 0
1678705161461 5.174128056038171 0
1678705230760 5.431491966824979 0
1678705236386 5.460355398245156 0
1678705242029 5.512106586713344 0
1678705247779 5.576355078723282 0
1678705253380 5.4373554908670485 0
1678705259229 5.696181610226631 0
1678705264703 5.308973971288651 0
1678705270295 5.447998865973204 0
1678705275888 5.437638045754284 0
1678705281522 5.486256789881736 0
1678705351297 5.562138530891389 0
1678705356905 5.457617331761867 0
1678705362716 5.667112421244383 0
1678705368339 5.473802605178207 0
1678705374174 5.6833711210638285 0
1678705379808 5.467297736089677 0
1678705385663 5.710925466846675 0
1678705391132 5.3236731588840485 0
1678705396976 5.697683415841311 0
1678705402846 5.715276855044067 0
1678705473581 6.298117630183697 0
1678705479945 6.208399876952171 0
1678705486221 6.114687315188348 0
1678705492779 6.403086288832128 0
1678705498907 5.976286676246673 0
1678705505074 6.027073565404862 0
1678705511487 6.264569270890206 0
1678705517851 6.200173822231591 0
1678705524193 6.193801905959845 0
1678705530597 6.2495587528683245 0
1678705602114 6.81600301573053 0
1678705609140 6.867085161153227 0
1678705616358 7.068398121744394 0
1678705623320 6.809191488195211 0
1678705630209 6.750104345846921 0
1678705637151 6.8057938842102885 0
1678705644091 6.773107695858926 0
1678705651163 6.919409088790417 0
1678705658214 6.903130369260907 0
1678705665097 6.731210063677281 0
1678705737403 7.4549485123716295 0
1678705744940 7.386987986043096 0
1678705752585 7.4817842319607735 0
1678705760273 7.54329471802339 0
1678705767980 7.545973008032888 0
1678705775612 7.486525219865143 0
1678705783231 7.479721654672176 0
1678705790809 7.448550074826926 0
1678705798339 7.382259330712259 0
1678705806001 7.502551636658609 0
1678705879213 8.340684356633574 0
1678705887181 7.818683541379869 0
1678705895368 8.044228118378669 0
1678705903745 8.222797926981002 0
1678705911811 7.909776189830154 0
1678705919738 7.784324491862208 0
1678705928111 8.227711400948465 0
1678705936389 8.127147809136659 0
1678705944701 8.163467075210065 0
1678705952612 7.753280928824097 0
1678706026575 8.907770230900496 0
1678706035854 9.113762347958982 0
1678706044711 8.709009849932045 0
1678706053760 8.89860728662461 0
1678706062939 9.010805297177285 0
1678706072060 8.961332303937525 0
1678706081068 8.868764942977577 0
1678706089894 8.678228367120028 0
1678706098732 8.692353138700128 0
1678706107715 8.833870253991336 0
1678706182891 9.646526912227273 0
1678706192430 9.396256993059069 0
1678706202068 9.479678569827229 0
1678706211685 9.46093009505421 0
1678706221192 9.360194263979793 0
1678706230622 9.272582923993468 0
1678706240099 9.315524590201676 0
1678706249727 9.470358157064766 0
1678706259517 9.629159364849329 0
1678706268970 9.301884616259485 0
1678706344155 9.571760517079383 0
1678706354296 9.98519105417654 0
1678706364421 9.97121614869684 0
1678706374506 9.925666091963649 0
1678706384206 9.55381273990497 0
1678706394380 10.034107555169612 0
1678706403527 8.992794229183346 0
1678706413603 9.915039021987468 0
1678706423722 9.967356701847166 0
1678706433753 9.881086497101933 0
1678706509004 10.731893189251423 0
1678706519784 10.61586372507736 0
1678706530640 10.69839772908017 0
1678706541399 10.587835748679936 0
1678706552163 10.609042261727154 0
1678706563106 10.778266621287912 0
1678706574175 10.914911587256938 0
1678706585102 10.778835115022957 0
1678706595796 10.533601601142436 0
1678706606389 10.456120960880071 0
1678706683819 11.31469452008605 0
1678706695421 11.447832908015698 0
1678706706801 11.242189152166247 0
1678706718169 11.206063052639365 0
1678706729447 11.12543267197907 0
1678706740821 11.218844040762633 0
1678706752328 11.338696090038866 0
1678706763664 11.182474948931485 0
1678706775010 11.189458607230335 0
1678706786330 11.171623528003693 0
1678706863872 11.250546539202332 0
1678706876325 12.293047612998635 0
1678706888698 12.213394819758832 0
1678706900758 11.898369016125798 0
1678706912791 11.875601192004979 0
1678706924735 11.783155540004373 0
1678706936723 11.82727326778695 0
1678706948711 11.822467316873372 0
1678706960677 11.814396681264043 0
1678706972843 11.99796791980043 0
1678707051502 12.392979270312935 0
1678707064065 12.40511405095458 0
1678707076812 12.589586822781712 0
1678707089522 12.53311359276995 0
1678707102110 12.43705133209005 0
1678707114775 12.493251600768417 0
1678707127434 12.493862421251833 0
1678707139902 12.331867068074644 0
1678707152601 12.538459551986307 0
1678707165199 12.439908707048744 0
1678707245293 13.183784720022231 0
1678707258653 13.209653047844768 0
1678707270822 12.010275437962264 0
1678707284314 13.313037438783795 0
1678707297633 13.146816322114319 0
1678707311022 13.243534189648926 0
1678707324358 13.173479168210179 0
1678707337632 13.10760751599446 0
1678707350793 12.98940049065277 0
1678707364295 13.347185078077018 0
1678707444833 13.730242175981402 0
1678707458596 13.59337764699012 0
1678707472238 13.484937390312552 0
1678707486106 13.705567697994411 0
1678707500060 13.809749885927886 0
1678707514011 13.786559282802045 0
1678707527994 13.813055046834052 0
1678707542020 13.84209707705304 0
1678707555895 13.720553215127438 0
1678707569837 13.781380459666252 0
1678707650931 14.483704613987356 0
1678707665301 14.209986842237413 0
1678707679810 14.336663527879864 0
1678707694506 14.519899051636457 0
1678707709079 14.416516538709402 0
1678707723468 14.242298814933747 0
1678707738210 14.56694504013285 0
1678707752850 14.480616955086589 0
1678707767518 14.501346790231764 0
1678707782097 14.424344139639288 0
1678707864203 15.28803015081212 0
1678707879345 14.947563496418297 0
1678707894175 14.659711646847427 0
1678707909184 14.851386033929884 0
1678707924599 15.263209127355367 0
1678707939932 15.179541090037674 0
1678707955210 15.119380880147219 0
1678707970353 14.984051732812077 0
1678707984714 14.207029211334884 0
1678708000172 15.302370670251548 0
1678708083340 15.736042709089816 0
1678708099187 15.708455368876457 0
1678708114583 15.255305944941938 0
1678708130415 15.635667132213712 0
1678708146089 15.502679793164134 0
1678708161776 15.532233958132565 0
1678708177524 15.586462977342308 0
1678708193098 15.415949224028736 0
1678708208911 15.637371965218335 0
1678708224357 15.285913109779358 0
