1678705004408 0.8102345415778252 0
1678705008833 0.9649710630520865 0
1678705013223 0.9884252208346025 0
1678705017674 0.9960402071276272 0
1678705022128 1.0 0
1678705026568 1.0 0
1678705031026 1.0 0
1678705035504 1.0 0
1678705039924 1.0 0
1678705044345 1.0 0
1678705113255 0.9224830142063002 0
1678705118558 0.9898085237801112 0
1678705123909 0.9969116738727609 0
1678705129251 0.9987646695491044 0
1678705134677 0.9990735021618283 0
1678705140180 0.9996911673872761 0
1678705145501 1.0 0
1678705150793 0.9990735021618283 0
1678705156108 0.9984558369363805 0
1678705161448 0.9941321803582458 0
1678705230742 0.8560840024706609 0
1678705236357 0.9854848672019765 0
1678705242014 0.9959851760345892 0
1678705247758 0.9987646695491044 0
1678705253361 0.9972205064854849 0
1678705259204 0.9990735021618283 0
1678705264687 0.9987646695491044 0
1678705270278 0.9996911673872761 0
1678705275869 0.9996911673872761 0
1678705281495 0.9993823347745522 0
1678705351269 0.6964175416924027 0
1678705356884 0.9249536751080915 0
1678705362704 0.9725138974675726 0
1678705368322 0.9888820259419395 0
1678705374146 0.9947498455836936 0
1678705379782 0.9947498455836936 0
1678705385630 0.9959851760345892 0
1678705391110 0.9975293390982087 0
1678705396955 0.9987646695491044 0
1678705402819 0.9996911673872761 0
1678705473564 0.5920321185917233 0
1678705479921 0.8863495985176034 0
1678705486203 0.9536751080914144 0
1678705492760 0.9756022235948116 0
1678705498877 0.9857936998147004 0
1678705505052 0.9919703520691785 0
1678705511456 0.993514515132798 0
1678705517822 0.9975293390982087 0
1678705524170 0.9966028412600371 0
1678705530569 0.9966028412600371 0
1678705602083 0.40148239654107476 0
1678705609111 0.798023471278567 0
1678705616328 0.9218653489808524 0
1678705623290 0.9694255713403336 0
1678705630188 0.9861025324274243 0
1678705637131 0.9919703520691785 0
1678705644071 0.9962940086473132 0
1678705651135 0.9969116738727609 0
1678705658182 0.993514515132798 0
1678705665068 0.9990735021618283 0
1678705737384 0.36226065472513896 0
1678705744909 0.7603458925262507 0
1678705752553 0.9064237183446572 0
1678705760241 0.9629400864731316 0
1678705767949 0.9845583693638048 0
1678705775579 0.9894996911673872 0
1678705783208 0.9950586781964176 0
1678705790788 0.9978381717109327 0
1678705798311 0.9987646695491044 0
1678705805970 0.9950586781964176 0
1678705879187 0.35237801111797407 0
1678705887151 0.7340951204447189 0
1678705895344 0.9138357010500309 0
1678705903727 0.9632489190858554 0
1678705911791 0.9876466954910439 0
1678705919717 0.9959851760345892 0
1678705928095 0.9981470043236566 0
1678705936367 0.9987646695491044 0
1678705944670 0.9993823347745522 0
1678705952582 0.9987646695491044 0
1678706026542 0.32798023471278565 0
1678706035826 0.7850525015441631 0
1678706044692 0.9209388511426807 0
1678706053738 0.9684990735021618 0
1678706062906 0.9922791846819025 0
1678706072029 0.9969116738727609 0
1678706081050 0.9956763434218654 0
1678706089864 0.9919703520691785 0
1678706098708 0.9941321803582458 0
1678706107687 0.9953675108091414 0
1678706182864 0.38449660284126 0
1678706192402 0.798332303891291 0
1678706202034 0.9394688079061149 0
1678706211661 0.9774552192711551 0
1678706221172 0.9870290302655961 0
1678706230594 0.9910438542310068 0
1678706240075 0.9959851760345892 0
1678706249700 0.9981470043236566 0
1678706259486 0.9959851760345892 0
1678706268939 0.9993823347745522 0
1678706344137 0.30018529956763434 0
1678706354266 0.7461395923409512 0
1678706364388 0.91692402717727 0
1678706374487 0.9688079061148858 0
1678706384185 0.990117356392835 0
1678706394362 0.9956763434218654 0
1678706403499 0.9953675108091414 0
1678706413573 0.9941321803582458 0
1678706423704 0.9978381717109327 0
1678706433723 0.9981470043236566 0
1678706508985 0.34651019147621986 0
1678706519758 0.8103767757875232 0
1678706530610 0.9558369363804817 0
1678706541369 0.9814700432365658 0
1678706552139 0.990117356392835 0
1678706563075 0.993823347745522 0
1678706574159 0.9981470043236566 0
1678706585077 0.9972205064854849 0
1678706595778 0.9953675108091414 0
1678706606370 0.9969116738727609 0
1678706683799 0.32890673255095737 0
1678706695393 0.7544780728844966 0
1678706706780 0.9187770228536133 0
1678706718148 0.9737492279184682 0
1678706729421 0.9922791846819025 0
1678706740787 0.990426189005559 0
1678706752297 0.9959851760345892 0
1678706763635 0.9944410129709698 0
1678706774981 0.9928968499073502 0
1678706786307 0.9978381717109327 0
1678706863842 0.36689314391599753 0
1678706876297 0.7791846819024089 0
1678706888678 0.926189005558987 0
1678706900740 0.9752933909820877 0
1678706912757 0.9916615194564546 0
1678706924703 0.9950586781964176 0
1678706936687 0.9966028412600371 0
1678706948679 0.9981470043236566 0
1678706960655 0.9966028412600371 0
1678706972811 0.9984558369363805 0
1678707051482 0.31006794317479924 0
1678707064038 0.7535515750463249 0
1678707076785 0.9317479925880173 0
1678707089483 0.9722050648548487 0
1678707102087 0.9864113650401483 0
1678707114743 0.9959851760345892 0
1678707127403 0.9916615194564546 0
1678707139880 0.9941321803582458 0
1678707152581 0.9966028412600371 0
1678707165168 0.993514515132798 0
1678707245267 0.33570105003088324 0
1678707258633 0.7862878319950587 0
1678707270803 0.9339098208770846 0
1678707284272 0.9749845583693638 0
1678707297612 0.9891908585546634 0
1678707311001 0.9966028412600371 0
1678707324318 0.993514515132798 0
1678707337607 0.9950586781964176 0
1678707350770 0.9956763434218654 0
1678707364275 0.9987646695491044 0
1678707444813 0.3687461395923409 0
1678707458575 0.7767140210006177 0
1678707472219 0.9240271772699197 0
1678707486082 0.9780728844966028 0
1678707500040 0.9857936998147004 0
1678707513978 0.9928968499073502 0
1678707527974 0.9972205064854849 0
1678707541984 0.9932056825200741 0
1678707555862 0.9879555281037677 0
1678707569818 0.9953675108091414 0
1678707650914 0.3730697961704756 0
1678707665272 0.7856701667696109 0
1678707679775 0.9243360098826436 0
1678707694484 0.9796170475602224 0
1678707709061 0.990117356392835 0
1678707723448 0.9864113650401483 0
1678707738177 0.9972205064854849 0
1678707752809 0.9962940086473132 0
1678707767484 0.9959851760345892 0
1678707782078 0.9987646695491044 0
1678707864170 0.36226065472513896 0
1678707879303 0.7594193946880791 0
1678707894140 0.9033353922174182 0
1678707909161 0.9734403953057443 0
1678707924580 0.9864113650401483 0
1678707939907 0.9913526868437307 0
1678707955181 0.9876466954910439 0
1678707970329 0.9932056825200741 0
1678707984694 0.9969116738727609 0
1678708000148 0.9944410129709698 0
1678708083319 0.3971587399629401 0
1678708099166 0.8150092649783817 0
1678708114563 0.948733786287832 0
1678708130380 0.9793082149474984 0
1678708146066 0.9870290302655961 0
1678708161755 0.9966028412600371 0
1678708177500 0.9913526868437307 0
1678708193064 0.9978381717109327 0
1678708208889 0.9966028412600371 0
1678708224337 0.9919703520691785 0
