1678705004421 0.5895806847278061 0
1678705008850 0.1080507488147972 0
1678705013236 0.04427424502200718 0
1678705017685 0.023809122117397954 0
1678705022142 0.0102790123645467 0
1678705026585 0.0060960649102222726 0
1678705031037 0.004414330535896515 0
1678705035519 0.0035292734450141795 0
1678705039936 0.0029992181792154004 0
1678705044358 0.002080825990987326 0
1678705113263 0.30815020435529406 0
1678705118566 0.040719505341941006 0
1678705123915 0.017050353650272885 0
1678705129262 0.0084768018298141 0
1678705134686 0.006402508047920749 0
1678705140192 0.005199614996832598 0
1678705145514 0.003439901501326888 0
1678705150807 0.0041068016952381155 0
1678705156114 0.006893652391754012 0
1678705161454 0.01804679636673805 0
1678705230753 0.6528374444856697 0
1678705236375 0.05977632500314101 0
1678705242023 0.02200990886075987 0
1678705247771 0.014034603750580545 0
1678705253373 0.01747424544339713 0
1678705259216 0.00988619112357304 0
1678705264697 0.010562210166027253 0
1678705270289 0.008987518679753287 0
1678705275880 0.00725341790515085 0
1678705281512 0.007351407164580075 0
1678705351287 1.5180806916683378 0
1678705356896 0.2618978693022855 0
1678705362711 0.1159942777777911 0
1678705368333 0.061402717118575444 0
1678705374161 0.04020739046234345 0
1678705379793 0.03433310134201745 0
1678705385648 0.03182100509353778 0
1678705391123 0.020824277213210306 0
1678705396966 0.0189115817004549 0
1678705402831 0.014749742409305266 0
1678705473574 2.2241880795041156 0
1678705479934 0.39557678637643007 0
1678705486213 0.17651732480400797 0
1678705492772 0.10957573765659863 0
1678705498896 0.07338929284936929 0
1678705505066 0.04804007986064602 0
1678705511475 0.043258621294679576 0
1678705517840 0.02683064492489542 0
1678705524184 0.030025744001905146 0
1678705530588 0.033332983576051245 0
1678705602103 3.0053822566433555 0
1678705609129 0.6804462418355935 0
1678705616346 0.29942943694195384 0
1678705623309 0.15974864406008424 0
1678705630200 0.0920649316297629 0
1678705637143 0.07202808794561472 0
1678705644083 0.0486096226419837 0
1678705651152 0.041540795560969915 0
1678705658202 0.05879755744997037 0
1678705665082 0.03564512400144114 0
1678705737395 3.314359795612785 0
1678705744926 0.7904994187346206 0
1678705752573 0.36681835565985244 0
1678705760261 0.19152962870624346 0
1678705767968 0.1140116433106211 0
1678705775599 0.08369432410905213 0
1678705783220 0.06428076736421921 0
1678705790801 0.053319061567306224 0
1678705798327 0.047670593281599234 0
1678705805989 0.05550931938052398 0
1678705879202 3.431679938883602 0
1678705887171 0.8752314063632393 0
1678705895358 0.3745530261310108 0
1678705903738 0.20530857376804906 0
1678705911804 0.11852696904287874 0
1678705919729 0.08115127572238703 0
1678705928105 0.07036077407423989 0
1678705936380 0.06423486463628926 0
1678705944689 0.05692159453978724 0
1678705952602 0.05393228101428458 0
1678706026563 3.4478390962713807 0
1678706035844 0.765163644660469 0
1678706044703 0.3372466810935806 0
1678706053751 0.1774835205413148 0
1678706062928 0.10717803587730908 0
1678706072049 0.08759408272512906 0
1678706081061 0.08112949582071051 0
1678706089884 0.0892377182832097 0
1678706098720 0.08277784015493234 0
1678706107703 0.0778449377283187 0
1678706182881 3.3913328354928582 0
1678706192419 0.7099776692858738 0
1678706202056 0.30428955472494956 0
1678706211675 0.175145232949896 0
1678706221185 0.13798308471899992 0
1678706230612 0.10956500382280555 0
1678706240090 0.09140179238619814 0
1678706249715 0.08244256527060119 0
1678706259506 0.08700330225017941 0
1678706268959 0.0748124774948103 0
1678706344147 3.439248413344531 0
1678706354284 0.9200498126332152 0
1678706364409 0.4034530211555288 0
1678706374499 0.22347136505449752 0
1678706384198 0.1410504308580395 0
1678706394373 0.10932994275420002 0
1678706403513 0.10841947852865717 0
1678706413592 0.11081468142279141 0
1678706423714 0.09432672539414116 0
1678706433742 0.08950066034480184 0
1678706508996 3.41588264081565 0
1678706519770 0.7124525436727702 0
1678706530623 0.3001501004109786 0
1678706541388 0.19330511603405476 0
1678706552154 0.1631862035572271 0
1678706563095 0.14201711097052247 0
1678706574168 0.1214561703913443 0
1678706585091 0.11505847595001607 0
1678706595789 0.12123393390265566 0
1678706606382 0.11491081587984063 0
1678706683811 3.275783451270586 0
1678706695409 0.8958185894243359 0
1678706706793 0.4154612046100977 0
1678706718161 0.23728458729697421 0
1678706729435 0.1725292244098892 0
1678706740809 0.17230553443671892 0
1678706752317 0.15386621279433746 0
1678706763652 0.1430947907255195 0
1678706774996 0.14401722653844315 0
1678706786321 0.12983346630608028 0
1678706863861 3.1606873562484705 0
1678706876312 0.8326004779655451 0
1678706888690 0.4069978751246763 0
1678706900751 0.2501740611726079 0
1678706912779 0.1926136760062977 0
1678706924724 0.16353277747022876 0
1678706936710 0.15998234923346827 0
1678706948700 0.1423193144901363 0
1678706960668 0.1439246898672329 0
1678706972831 0.13430049417194134 0
1678707051495 3.223295004666772 0
1678707064055 0.9242368473396985 0
1678707076797 0.42596759952241214 0
1678707089508 0.2674256154164037 0
1678707102099 0.22102915890942834 0
1678707114758 0.18284858841451324 0
1678707127422 0.18094407392917702 0
1678707139891 0.17156508014554075 0
1678707152593 0.16529301164178217 0
1678707165183 0.17506661611696023 0
1678707245281 3.0252187876439227 0
1678707258645 0.8617507382408198 0
1678707270814 0.43277876615671557 0
1678707284296 0.30114363911639325 0
1678707297624 0.244636650804092 0
1678707311014 0.2077203881895196 0
1678707324345 0.20557203150738015 0
1678707337623 0.20392812483836428 0
1678707350784 0.19321993328377815 0
1678707364287 0.17722129560385758 0
1678707444825 2.862056715095242 0
1678707458588 0.8875862530825535 0
1678707472230 0.4603278721792599 0
1678707486097 0.30359844914036377 0
1678707500053 0.2689509918065333 0
1678707513998 0.23784893027715584 0
1678707527986 0.212303240112201 0
1678707542004 0.22160021322903034 0
1678707555883 0.24782631787862064 0
1678707569829 0.21664025533744183 0
1678707650923 2.783510552209568 0
1678707665288 0.8927261121041838 0
1678707679798 0.5137483366777162 0
1678707694497 0.3372168314169777 0
1678707709071 0.28409504463379587 0
1678707723460 0.29977745896434255 0
1678707738189 0.2553736521109451 0
1678707752835 0.24112416889433363 0
1678707767505 0.23985334017749477 0
1678707782090 0.22613370206858216 0
1678707864189 2.8373308376149677 0
1678707879329 0.9848803223615226 0
1678707894163 0.5735548620536196 0
1678707909174 0.38432298264730264 0
1678707924591 0.3169285757737516 0
1678707939923 0.29213734774621936 0
1678707955198 0.30518455988393295 0
1678707970344 0.2806172611501351 0
1678707984706 0.2567035590078155 0
1678708000163 0.2617388860983492 0
1678708083331 2.660939779599704 0
1678708099178 0.8609743794222685 0
1678708114574 0.4799358539922949 0
1678708130402 0.36610070027415587 0
1678708146080 0.33283079804425775 0
1678708161768 0.2924942070131614 0
1678708177515 0.31194817701411 0
1678708193086 0.2764722630519643 0
1678708208902 0.26843241573190013 0
1678708224348 0.28575312283173104 0
