1679255597805 0.3932272245486577 0
1679255602644 0.27209511720666696 0
1679255607899 0.2530229919973542 0
1679255613240 0.23744481816595675 0
1679255618242 0.22486083983790642 0
1679255623314 0.2113351269679911 0
1679255628239 0.20049621603068182 0
1679255633152 0.1890661608354718 0
1679255638416 0.1793817157546679 0
1679255643490 0.17045090946496702 0
1679255687597 0.25694435072893446 0
1679255697091 0.2532737774097107 0
1679255706024 0.2522007016126405 0
1679255715282 0.25183841289783065 0
1679255724601 0.2518619110130451 0
1679255734111 0.2521749267523939 0
1679255743188 0.25178054584698245 0
1679255752444 0.2512034203179858 0
1679255761859 0.2514550000090491 0
1679255771053 0.25113786723126064 0
1679255815412 0.2397941902698762 0
1679255827899 0.23812173330879594 0
1679255840911 0.23798747606066814 0
1679255853122 0.2374987201877387 0
1679255865753 0.23785662740828042 0
1679255878696 0.23754818498130784 0
1679255891314 0.23759764343141074 0
1679255904269 0.2378282569139358 0
1679255917033 0.2378135999761911 0
1679255929845 0.23741762280224796 0
1679255966631 0.2244464619279368 0
1679255979918 0.22376709405519787 0
1679255993149 0.2233126417780475 0
1679256006691 0.22323387251397359 0
1679256020287 0.22356322056768482 0
1679256033163 0.22322380859189053 0
1679256046560 0.2234170765950413 0
1679256059979 0.2233160336620559 0
1679256073252 0.22327499333265666 0
1679256086552 0.223637332154517 0
1679256120719 0.21558607161738153 0
1679256134404 0.2153526975433956 0
1679256147731 0.21530526177596676 0
1679256160776 0.21534842362468556 0
1679256174232 0.21545389606509097 0
1679256187475 0.2151836279288743 0
1679256200577 0.21547484732875527 0
1679256214022 0.21551776683145715 0
1679256227251 0.2149855095402215 0
1679256240448 0.21534103957950607 0
1679256273766 0.20860506692367006 0
1679256286958 0.20837134758169337 0
1679256300332 0.20835063306167145 0
1679256313693 0.20829778875029364 0
1679256326963 0.20787098420451777 0
1679256340143 0.208499456041081 0
1679256353349 0.20817268339469452 0
1679256366732 0.20836725080198096 0
1679256379985 0.20869141817092896 0
1679256392823 0.20795697978762692 0
1679256427321 0.20534713795551887 0
1679256440699 0.20548255518078803 0
1679256454171 0.20462376423753226 0
1679256467014 0.20483109956750503 0
1679256480152 0.20499757963877457 0
1679256493544 0.20476104754668015 0
1679256506850 0.20483850326675634 0
1679256520075 0.2046695799781726 0
1679256533640 0.20466429906395767 0
1679256547192 0.20435297718414894 0
1679256580281 0.2022781295845142 0
1679256593852 0.20244422004773066 0
1679256606675 0.20224169962681257 0
1679256619786 0.20247284047878705 0
1679256632941 0.20216798547368783 0
1679256646359 0.2022092806032071 0
1679256659780 0.20248780886714274 0
1679256673528 0.2023272133217408 0
1679256686578 0.20181776869755524 0
1679256699980 0.20210476105029768 0
1679256734108 0.1984011573287157 0
1679256747691 0.19841455519199372 0
1679256761418 0.1985925173530212 0
1679256775031 0.19835695354984356 0
1679256788130 0.19822407026703542 0
1679256801570 0.1980463503071895 0
1679256814806 0.19833035715497457 0
1679256827845 0.19777192863134238 0
1679256840673 0.19822171141321843 0
1679256854079 0.19788267440520801 0
1679256888275 0.20036298718590004 0
1679256901597 0.19991736022325662 0
1679256915081 0.2002023410338622 0
1679256928373 0.20003238022327424 0
1679256941903 0.20016649680641982 0
1679256955523 0.19986935366804784 0
1679256968990 0.2001277184830262 0
1679256982622 0.20000302436260076 0
1679256996191 0.19981264580900854 0
1679257008909 0.1997649877690352 0
1679257043315 0.1991327541858651 0
1679257056930 0.1990578427564266 0
1679257069913 0.19920886134685473 0
1679257082778 0.19893726105837858 0
1679257095994 0.1986169277351032 0
1679257109801 0.1991949960473896 0
1679257122736 0.19888478251852731 0
1679257135941 0.19884290494198023 0
1679257149048 0.19868273767389993 0
1679257162444 0.19861897312162458 0
1679257197598 0.19660523109711134 0
1679257211237 0.19656800518815334 0
1679257224878 0.19628548587744052 0
1679257238379 0.1961693722468156 0
1679257251537 0.19654027492954182 0
1679257264885 0.19603363711100358 0
1679257277744 0.19614751803187225 0
1679257290748 0.19604697777674748 0
1679257303970 0.19648248793987128 0
1679257317690 0.19662489547179296 0
1679257352684 0.19433100126110592 0
1679257365929 0.19421082757986508 0
1679257379592 0.19410768139820833 0
1679257393318 0.1939831698170075 0
1679257406796 0.19429459256621506 0
1679257420167 0.1941739962078058 0
1679257433369 0.1939510250893923 0
1679257446551 0.19381947236565444 0
1679257459834 0.19371227071835445 0
1679257473484 0.1939848713003672 0
1679257509441 0.19449293133856235 0
1679257522753 0.19426673936204436 0
1679257535798 0.1943928903090086 0
1679257549130 0.19466046212505106 0
1679257562511 0.1941874417765387 0
1679257575995 0.19435784186439953 0
1679257589701 0.19434687506650142 0
1679257602548 0.19425286004369743 0
1679257615548 0.19434576964012965 0
1679257628853 0.19410584495898864 0
1679257665151 0.19339160489348264 0
1679257678701 0.19359432854331457 0
1679257691909 0.19339792493444222 0
1679257705447 0.193045214506296 0
1679257718712 0.1934597803423038 0
1679257731996 0.19360182291040054 0
1679257745274 0.19321309855351082 0
1679257758741 0.19324692762815035 0
1679257771871 0.19297659185070257 0
1679257785032 0.193021239225681 0
1679257822189 0.1927484971010822 0
1679257835858 0.19257643322149912 0
1679257850092 0.19265060063979636 0
1679257863279 0.1923541062978949 0
1679257876742 0.1924536845350631 0
1679257889941 0.19235920180991234 0
1679257903606 0.1924927540665842 0
1679257917209 0.19239073809079282 0
1679257930923 0.19241420553561828 0
1679257944005 0.19221013887175198 0
1679257980471 0.19224464108470743 0
1679257994114 0.19174561359500156 0
1679258007425 0.1915321155017569 0
1679258021199 0.19165240142864126 0
1679258034525 0.19157626201178282 0
1679258047864 0.19153559549164226 0
1679258061325 0.1915500136732145 0
1679258074855 0.1915360347346495 0
1679258087946 0.19148634032893727 0
1679258101659 0.19163316846576356 0
1679258138970 0.1915977410543924 0
1679258152436 0.1913191952467878 0
1679258165807 0.19143701964182872 0
1679258179244 0.19126648059064857 0
1679258192752 0.19141316510936765 0
1679258206753 0.191434509338547 0
1679258220391 0.19128713097380495 0
1679258233709 0.19135605946354484 0
1679258247286 0.19116833320751045 0
1679258260962 0.19137966518657876 0
1679258299112 0.19108479716456853 0
1679258312521 0.19125670154507343 0
1679258326835 0.1910573162138462 0
1679258340822 0.19104939687710543 0
1679258354399 0.191181658494931 0
1679258368582 0.1908742787173161 0
1679258382670 0.19124534749067745 0
1679258396256 0.19106336046869937 0
1679258409926 0.19103515486304576 0
1679258423763 0.19097670803849515 0
1679258461903 0.18928407434061284 0
1679258475885 0.1894039124932908 0
1679258489607 0.1894205619246905 0
1679258503548 0.18941050028527967 0
1679258517263 0.1893193944151165 0
1679258531081 0.1895994237474813 0
1679258545106 0.1895253195334937 0
1679258558387 0.18950840239306443 0
1679258571589 0.18937841063464872 0
1679258585324 0.18957470607666568 0
