1679255597793 0.22518382352941177 0
1679255602634 0.4417892156862745 0
1679255607888 0.5631127450980392 0
1679255613235 0.6188725490196079 0
1679255618229 0.6455269607843137 0
1679255623306 0.6645220588235294 0
1679255628230 0.6875 0
1679255633141 0.7261029411764706 0
1679255638404 0.7377450980392157 0
1679255643481 0.7542892156862745 0
1679255687586 0.31214488636363635 0
1679255697079 0.3137428977272727 0
1679255706013 0.3142755681818182 0
1679255715268 0.3162286931818182 0
1679255724589 0.3151633522727273 0
1679255734100 0.3151633522727273 0
1679255743178 0.3162286931818182 0
1679255752433 0.31800426136363635 0
1679255761849 0.3142755681818182 0
1679255771037 0.3172940340909091 0
1679255815394 0.21285140562248997 0
1679255827888 0.20833333333333334 0
1679255840900 0.20745481927710843 0
1679255853111 0.2082078313253012 0
1679255865743 0.20582329317269077 0
1679255878685 0.20896084337349397 0
1679255891303 0.21009036144578314 0
1679255904258 0.20921184738955823 0
1679255917020 0.20896084337349397 0
1679255929830 0.20845883534136547 0
1679255966617 0.14502895752895753 0
1679255979907 0.14213320463320464 0
1679255993138 0.1414092664092664 0
1679256006684 0.14020270270270271 0
1679256020281 0.1443050193050193 0
1679256033152 0.14128861003861004 0
1679256046550 0.1406853281853282 0
1679256059969 0.1406853281853282 0
1679256073239 0.14080598455598456 0
1679256086539 0.1438223938223938 0
1679256120708 0.10428779069767442 0
1679256134393 0.10440891472868218 0
1679256147720 0.10622577519379844 0
1679256160764 0.10537790697674419 0
1679256174220 0.10562015503875968 0
1679256187462 0.10513565891472869 0
1679256200566 0.10380329457364341 0
1679256214011 0.10368217054263566 0
1679256227239 0.10477228682170543 0
1679256240436 0.10513565891472869 0
1679256273754 0.08321220930232558 0
1679256286950 0.0841812015503876 0
1679256300321 0.08357558139534883 0
1679256313681 0.08321220930232558 0
1679256326951 0.08393895348837209 0
1679256340131 0.08212209302325581 0
1679256353337 0.08381782945736434 0
1679256366722 0.08200096899224807 0
1679256379973 0.08187984496124032 0
1679256392809 0.08515019379844961 0
1679256427309 0.06995192307692308 0
1679256440688 0.06899038461538462 0
1679256454153 0.06971153846153846 0
1679256466999 0.07007211538461539 0
1679256480135 0.07007211538461539 0
1679256493533 0.0703125 0
1679256506837 0.07067307692307692 0
1679256520062 0.06995192307692308 0
1679256533628 0.07163461538461538 0
1679256547177 0.06995192307692308 0
1679256580267 0.061057692307692306 0
1679256593841 0.06057692307692308 0
1679256606663 0.05997596153846154 0
1679256619773 0.05997596153846154 0
1679256632929 0.05997596153846154 0
1679256646347 0.06045673076923077 0
1679256659768 0.06009615384615385 0
1679256673517 0.059014423076923075 0
1679256686567 0.060697115384615384 0
1679256699969 0.061899038461538464 0
1679256734097 0.053125 0
1679256747678 0.05276442307692308 0
1679256761403 0.05228365384615385 0
1679256775020 0.05372596153846154 0
1679256788116 0.052884615384615384 0
1679256801556 0.05216346153846154 0
1679256814795 0.05264423076923077 0
1679256827833 0.0515625 0
1679256840662 0.051682692307692304 0
1679256854067 0.05336538461538461 0
1679256888263 0.04795673076923077 0
1679256901587 0.04735576923076923 0
1679256915069 0.046634615384615385 0
1679256928362 0.046153846153846156 0
1679256941891 0.047475961538461536 0
1679256955509 0.04795673076923077 0
1679256968978 0.04723557692307692 0
1679256982609 0.047115384615384615 0
1679256996175 0.04591346153846154 0
1679257008898 0.04735576923076923 0
1679257043303 0.04263565891472868 0
1679257056910 0.04263565891472868 0
1679257069905 0.04190891472868217 0
1679257082766 0.042877906976744186 0
1679257095976 0.041182170542635656 0
1679257109788 0.041182170542635656 0
1679257122723 0.04093992248062016 0
1679257135924 0.040697674418604654 0
1679257149033 0.043362403100775194 0
1679257162432 0.041666666666666664 0
1679257197587 0.03798076923076923 0
1679257211226 0.0375 0
1679257224861 0.03810096153846154 0
1679257238366 0.03858173076923077 0
1679257251525 0.037620192307692306 0
1679257264874 0.03786057692307692 0
1679257277733 0.03822115384615385 0
1679257290733 0.03737980769230769 0
1679257303957 0.03810096153846154 0
1679257317678 0.03713942307692308 0
1679257352667 0.03461538461538462 0
1679257365917 0.034254807692307696 0
1679257379579 0.035096153846153846 0
1679257393303 0.034735576923076925 0
1679257406783 0.034254807692307696 0
1679257420148 0.03497596153846154 0
1679257433357 0.035096153846153846 0
1679257446536 0.03497596153846154 0
1679257459824 0.03461538461538462 0
1679257473472 0.03449519230769231 0
1679257509425 0.031369731800766285 0
1679257522741 0.03292624521072797 0
1679257535787 0.031848659003831416 0
1679257549118 0.032567049808429116 0
1679257562497 0.031848659003831416 0
1679257575981 0.032806513409961685 0
1679257589685 0.031609195402298854 0
1679257602534 0.0326867816091954 0
1679257615536 0.03148946360153257 0
1679257628841 0.031848659003831416 0
1679257665132 0.02980769230769231 0
1679257678676 0.02956730769230769 0
1679257691897 0.029447115384615384 0
1679257705432 0.030048076923076924 0
1679257718700 0.029326923076923077 0
1679257731979 0.029927884615384617 0
1679257745259 0.028846153846153848 0
1679257758725 0.02980769230769231 0
1679257771856 0.029447115384615384 0
1679257785020 0.029086538461538462 0
1679257822180 0.027418582375478926 0
1679257835845 0.02717911877394636 0
1679257850079 0.02813697318007663 0
1679257863268 0.02646072796934866 0
1679257876731 0.02717911877394636 0
1679257889927 0.02717911877394636 0
1679257903594 0.027777777777777776 0
1679257917197 0.02753831417624521 0
1679257930911 0.02717911877394636 0
1679257943993 0.02789750957854406 0
1679257980460 0.025524809160305344 0
1679257994102 0.02588263358778626 0
1679258007413 0.026001908396946567 0
1679258021181 0.025763358778625955 0
1679258034513 0.02588263358778626 0
1679258047852 0.026717557251908396 0
1679258061312 0.02588263358778626 0
1679258074844 0.025405534351145037 0
1679258087933 0.026001908396946567 0
1679258101634 0.026240458015267174 0
1679258138951 0.024305555555555556 0
1679258152424 0.02418582375478927 0
1679258165795 0.02454501915708812 0
1679258179233 0.024066091954022987 0
1679258192731 0.02478448275862069 0
1679258206741 0.02454501915708812 0
1679258220380 0.02442528735632184 0
1679258233695 0.02454501915708812 0
1679258247274 0.02442528735632184 0
1679258260948 0.02454501915708812 0
1679258299101 0.0234375 0
1679258312500 0.02295673076923077 0
1679258326817 0.02247596153846154 0
1679258340806 0.02295673076923077 0
1679258354384 0.023076923076923078 0
1679258368570 0.023677884615384615 0
1679258382657 0.023557692307692307 0
1679258396245 0.02283653846153846 0
1679258409914 0.02247596153846154 0
1679258423751 0.02295673076923077 0
1679258461891 0.021708015267175574 0
1679258475871 0.02194656488549618 0
1679258489595 0.022185114503816793 0
1679258503523 0.0223043893129771 0
1679258517251 0.021588740458015267 0
1679258531069 0.02254293893129771 0
1679258545094 0.021111641221374045 0
1679258558375 0.02254293893129771 0
1679258571577 0.0223043893129771 0
1679258585312 0.022185114503816793 0
