1680117324350 0.6733581801095316 0
1680117329227 0.09122825881105757 0
1680117334083 0.029459047176304362 0
1680117338802 0.015540890421928657 0
1680117343532 0.00988832366983256 0
1680117348268 0.00761399564761368 0
1680117353136 0.00813750453638814 0
1680117357935 0.0037834315575779446 0
1680117362630 0.004331259377067909 0
1680117367269 0.0030695937297892787 0
1680117391807 0.9431866551599195 0
1680117396993 0.15876911760818574 0
1680117402159 0.05235741376095722 0
1680117407233 0.025862894204985953 0
1680117412293 0.01384085199735578 0
1680117417342 0.0072418844605225225 0
1680117422549 0.0048085216117361865 0
1680117427624 0.004758870538001159 0
1680117432652 0.004186951232353045 0
1680117437719 0.003866625438076294 0
1680117459638 1.1119408943960745 0
1680117464743 0.2695654236501263 0
1680117469942 0.090388085242481 0
1680117475337 0.03629359061409149 0
1680117480574 0.017421801950061513 0
1680117485755 0.012546043245932989 0
1680117490986 0.017680772760462378 0
1680117496192 0.012347869804098962 0
1680117501469 0.0054080884325348084 0
1680117506688 0.0038534239218044547 0
1680117529480 1.2516051304917182 0
1680117534926 0.30133526075270867 0
1680117540103 0.10516003152776149 0
1680117545499 0.05275014277187086 0
1680117550847 0.03196460115648205 0
1680117555985 0.017169297946947475 0
1680117561099 0.009458347082874108 0
1680117566434 0.008464261489514742 0
1680117571742 0.0059241271594674474 0
1680117576944 0.005309812465472327 0
1680117600387 1.2725584593511396 0
1680117605584 0.32983050543454384 0
1680117611045 0.11515535792756465 0
1680117616380 0.05103974229085349 0
1680117621746 0.024151615295258742 0
1680117627073 0.011390350169442114 0
1680117632392 0.00906762264053067 0
1680117637848 0.005885707205086346 0
1680117643140 0.005124504607538843 0
1680117648450 0.004324617267083076 0
1680117672747 1.3216734417984564 0
1680117678107 0.3083990442176019 0
1680117683495 0.10704505632841779 0
1680117688839 0.03652253816084516 0
1680117694145 0.023519222587046605 0
1680117699520 0.011614429392671634 0
1680117704864 0.008665878367009423 0
1680117710284 0.00654779082059019 0
1680117715657 0.00867955777381036 0
1680117721052 0.006536889971504288 0
1680117745678 1.3199642464037864 0
1680117751168 0.31727562736599674 0
1680117756716 0.1034012992355612 0
1680117762149 0.044200380197575974 0
1680117767622 0.017457009270606984 0
1680117772980 0.010733145942550993 0
1680117778485 0.03140450840545518 0
1680117783956 0.011797599776107217 0
1680117789451 0.007246831700491208 0
1680117794851 0.008163917811602474 0
1680117820031 1.3545821395612532 0
1680117825583 0.3397191284644988 0
1680117830874 0.1043555561092592 0
1680117836467 0.05135156041491897 0
1680117841925 0.02712980958993637 0
1680117847446 0.014563279218911644 0
1680117852902 0.013278877948440852 0
1680117858325 0.012650077918454284 0
1680117863939 0.006681945054761825 0
1680117869439 0.005053484481909583 0
1680117895348 1.4089368764431245 0
1680117900972 0.3519904692807505 0
1680117906451 0.10840349971887565 0
1680117912110 0.043237731131094116 0
1680117917777 0.030602253868334716 0
1680117923447 0.017825823780449647 0
1680117928912 0.011110952745507201 0
1680117934555 0.009272949214303685 0
1680117940197 0.008313314529180887 0
1680117945834 0.007393642587797536 0
1680117972288 1.3577800075854025 0
1680117977795 0.3214548313088955 0
1680117983441 0.11029545698435075 0
1680117989073 0.038148020799722404 0
1680117994716 0.028974139229244283 0
1680118000440 0.017687346012662013 0
1680118006012 0.011349016609000824 0
1680118011509 0.008980444961062243 0
1680118017159 0.006900513197310389 0
1680118022716 0.006921554055635727 0
1680118049694 1.3884714135239202 0
1680118055327 0.3420216162358561 0
1680118060924 0.11687284383562303 0
1680118066672 0.05048246632119821 0
1680118072331 0.021725500723527323 0
1680118078114 0.01290017919569847 0
1680118083850 0.01190366668085898 0
1680118089515 0.008534152513264769 0
1680118095182 0.0073346049663791015 0
1680118100855 0.007195619408101324 0
1680118128837 1.4336959065929535 0
1680118134684 0.38836384949184233 0
1680118140416 0.11184402882692314 0
1680118146210 0.042050236625777136 0
1680118151779 0.024300812262921564 0
1680118157519 0.015693186493139836 0
1680118163280 0.011103003278314587 0
1680118168968 0.0075931366919840294 0
1680118174623 0.006062383667731117 0
1680118180210 0.005075760529331503 0
1680118208136 1.397296917053961 0
1680118213963 0.3575736950001409 0
1680118219853 0.09266316055530502 0
1680118225690 0.041518402398533875 0
1680118231536 0.02004273803604226 0
1680118237324 0.01584897335288265 0
1680118243095 0.013111162420001722 0
1680118249010 0.007642090784370779 0
1680118254921 0.0063617711421102285 0
1680118260798 0.006647154275748518 0
1680118289510 1.4189583543808229 0
1680118295350 0.360176472894607 0
1680118301284 0.10030084511926098 0
1680118307223 0.03995591935311114 0
1680118313098 0.01721388023466833 0
1680118319129 0.012459286665093274 0
1680118325045 0.008721378849699132 0
1680118330952 0.006829003165025384 0
1680118336647 0.005719808664458293 0
1680118342594 0.004242931104888539 0
1680118371980 1.4500485226031272 0
1680118377853 0.3357235143982595 0
1680118383763 0.09823528145469966 0
1680118389700 0.045830020635959604 0
1680118395593 0.027303059014581865 0
1680118401541 0.01797573772379227 0
1680118407528 0.011880408292786488 0
1680118413385 0.00872123402903878 0
1680118419381 0.011492885279303958 0
1680118425288 0.010717835645341584 0
1680118455411 1.4786948196349605 0
1680118461366 0.32305171569028207 0
1680118467420 0.10003877377077457 0
1680118473388 0.04477391455082163 0
1680118479287 0.023672065614993052 0
1680118485408 0.012797265685343694 0
1680118491322 0.010240796123511128 0
1680118497143 0.008364824608208673 0
1680118503073 0.011867461757989781 0
1680118509009 0.0064852670822743205 0
1680118539341 1.4631460616665501 0
1680118545408 0.3569341607151493 0
1680118551296 0.09649747117392478 0
1680118557395 0.04493061353963229 0
1680118563400 0.03208788859868242 0
1680118569449 0.017702879680831347 0
1680118575395 0.009838283940729114 0
1680118581426 0.0091513397787968 0
1680118587562 0.006154826312746492 0
1680118593623 0.004946790951033754 0
1680118625004 1.4387652787470049 0
1680118631123 0.3524432917756419 0
1680118637228 0.09699183311914245 0
1680118643268 0.040984221929383856 0
1680118649273 0.021536414421373797 0
1680118655268 0.015166209120633862 0
1680118661404 0.013662192842832977 0
1680118667510 0.009832066449997645 0
1680118673603 0.00732136535788736 0
1680118679735 0.007568998487606164 0
1680118711757 1.4947406428475534 0
1680118717709 0.353451132774353 0
1680118723809 0.09684817390816827 0
1680118729994 0.04695360967889428 0
1680118736175 0.029178435103066506 0
1680118742140 0.00987817998599982 0
1680118748189 0.010853204928759125 0
1680118754329 0.00778670578015848 0
1680118760347 0.0072335170097498885 0
1680118766496 0.006966496506074984 0
1680118799497 1.486614175381199 0
1680118805726 0.3511910726947169 0
1680118811873 0.09337070193742553 0
1680118817916 0.03939266011659657 0
1680118824202 0.025669344392935594 0
1680118830265 0.018552990750439705 0
1680118836466 0.022939615687655825 0
1680118842557 0.015379747165547263 0
1680118848700 0.00762258056596282 0
1680118854918 0.0049339096989452595 0
