1680117324358 4.523138151969761 0
1680117329237 4.452308359090239 0
1680117334093 4.427189180860296 0
1680117338810 4.298136159079149 0
1680117343543 4.30841542291455 0
1680117348275 4.315599100198597 0
1680117353146 4.451299197971821 0
1680117357943 4.369460264919326 0
1680117362637 4.272368664154783 0
1680117367276 4.2124987409915775 0
1680117391812 4.633627120871097 0
1680117397003 4.731317318044603 0
1680117402168 4.695628703106195 0
1680117407238 4.620817781891674 0
1680117412300 4.594630344072357 0
1680117417348 4.591437665047124 0
1680117422557 4.751706860028207 0
1680117427633 4.603578764013946 0
1680117432665 4.547579393954948 0
1680117437731 4.587232849095017 0
1680117459649 4.7154378849081695 0
1680117464752 4.615246838191524 0
1680117469953 4.722655109828338 0
1680117475343 4.927447425900027 0
1680117480588 4.752929081907496 0
1680117485762 4.705285447882488 0
1680117490995 4.767092732945457 0
1680117496207 4.704988254001364 0
1680117501474 4.805108012864366 0
1680117506695 4.753522912040353 0
1680117529494 4.72141335089691 0
1680117534939 4.949041202198714 0
1680117540108 4.697792875114828 0
1680117545511 4.911175788147375 0
1680117550858 4.842747574206442 0
1680117555990 4.6546207559295 0
1680117561104 4.638592370087281 0
1680117566439 4.85009660711512 0
1680117571752 4.810271556954831 0
1680117576952 4.718071558047086 0
1680117600397 5.101437568897381 0
1680117605591 4.698599118972197 0
1680117611054 4.963870920939371 0
1680117616390 4.8494378118775785 0
1680117621753 4.8685494849924 0
1680117627079 4.830154526978731 0
1680117632403 4.825419859960675 0
1680117637854 4.955247424077243 0
1680117643152 4.790532208047807 0
1680117648461 4.792588487965986 0
1680117672754 4.878937632078305 0
1680117678114 4.840778709854931 0
1680117683501 4.877140501048416 0
1680117688847 4.843211567029357 0
1680117694153 4.777529665036127 0
1680117699531 4.856546839000657 0
1680117704872 4.834040793124586 0
1680117710290 4.916391146136448 0
1680117715670 4.859713943907991 0
1680117721064 4.870381320826709 0
1680117745692 4.844677915098146 0
1680117751174 4.9580282780807465 0
1680117756726 5.012239014962688 0
1680117762157 4.908621107926592 0
1680117767628 4.952033285051584 0
1680117772986 4.835967526072636 0
1680117778494 4.976707010995597 0
1680117783971 4.940738011151552 0
1680117789464 4.9481014490593225 0
1680117794863 4.877322795102373 0
1680117820045 4.9398746700026095 0
1680117825591 5.00688563589938 0
1680117830889 4.747320780996233 0
1680117836481 5.042851678095758 0
1680117841931 4.916118422988802 0
1680117847456 5.013298504985869 0
1680117852911 4.923975056968629 0
1680117858338 4.891918492037803 0
1680117863950 5.074804318137467 0
1680117869449 4.95696010789834 0
1680117895355 4.994358541909605 0
1680117900988 5.070910192094743 0
1680117906458 4.929098900873214 0
1680117912121 5.103772349888459 0
1680117917791 5.11067115701735 0
1680117923461 5.119289537193254 0
1680117928924 4.927520673023537 0
1680117934563 5.085519710090011 0
1680117940208 5.090164530090988 0
1680117945846 5.077745359856635 0
1680117972296 5.164740127045661 0
1680117977804 4.9474547288846225 0
1680117983457 5.078302277019247 0
1680117989080 5.05022469907999 0
1680117994724 5.09267201111652 0
1680118000456 5.153386652935296 0
1680118006021 5.013660734053701 0
1680118011526 4.921635489910841 0
1680118017166 5.091166166821495 0
1680118022730 4.996245407033712 0
1680118049705 5.107552224071696 0
1680118055335 5.078164495993406 0
1680118060931 5.026460489956662 0
1680118066679 5.162712759105489 0
1680118072338 5.091395260998979 0
1680118078130 5.2050054802093655 0
1680118083865 5.1793903689831495 0
1680118089534 5.075879706069827 0
1680118095189 5.083936174865812 0
1680118100867 5.096859730081633 0
1680118128845 5.295660980977118 0
1680118134691 5.2751139278989285 0
1680118140430 5.145916771842167 0
1680118146222 5.208684381097555 0
1680118151788 4.982407530071214 0
1680118157526 5.164047779049724 0
1680118163290 5.1602117801085114 0
1680118168982 5.099753732094541 0
1680118174632 5.047027593012899 0
1680118180224 5.000420056050643 0
1680118208144 5.181282171048224 0
1680118213973 5.222926231101155 0
1680118219861 5.295178084867075 0
1680118225697 5.2448960239999 0
1680118231544 5.259597460972145 0
1680118237341 5.173874436877668 0
1680118243103 5.161771364975721 0
1680118249018 5.3194426849950105 0
1680118254932 5.314576509175822 0
1680118260813 5.259015606017783 0
1680118289524 4.956113982945681 0
1680118295362 5.223045579856262 0
1680118301299 5.313562174094841 0
1680118307231 5.3276864951476455 0
1680118313120 5.253165679983795 0
1680118319145 5.398646287852898 0
1680118325052 5.3122186770197 0
1680118330962 5.293552133953199 0
1680118336666 5.085161139955744 0
1680118342610 5.324296694947407 0
1680118371989 5.320941278012469 0
1680118377866 5.2423393609933555 0
1680118383780 5.286586890928447 0
1680118389711 5.307331037009135 0
1680118395600 5.267294746125117 0
1680118401553 5.328927787952125 0
1680118407536 5.354493473889306 0
1680118413398 5.225923015968874 0
1680118419388 5.368367417016998 0
1680118425296 5.2958292758557945 0
1680118455423 5.22089896700345 0
1680118461387 5.304330564104021 0
1680118467428 5.391489651054144 0
1680118473399 5.332057248800993 0
1680118479297 5.244239108869806 0
1680118485418 5.456842900021002 0
1680118491330 5.2724061529152095 0
1680118497153 5.182735722977668 0
1680118503084 5.2810479258187115 0
1680118509019 5.288798704976216 0
1680118539350 5.407272136071697 0
1680118545416 5.417316582985222 0
1680118551306 5.235922505147755 0
1680118557405 5.4402863930445164 0
1680118563408 5.3545686029829085 0
1680118569470 5.385939721018076 0
1680118575403 5.281436152989045 0
1680118581445 5.364460794953629 0
1680118587572 5.456077756127343 0
1680118593649 5.4164736738894135 0
1680118625026 5.334920613793656 0
1680118631131 5.4496280329767615 0
1680118637240 5.441412626998499 0
1680118643278 5.357969322009012 0
1680118649282 5.3286486230790615 0
1680118655281 5.319377040024847 0
1680118661416 5.4784147390164435 0
1680118667520 5.431001559831202 0
1680118673623 5.42305528302677 0
1680118679744 5.468333249911666 0
1680118711767 5.409662012010813 0
1680118717718 5.27029932802543 0
1680118723821 5.4294037509243935 0
1680118730005 5.515816589817405 0
1680118736186 5.504231539089233 0
1680118742149 5.294641599059105 0
1680118748197 5.37132382998243 0
1680118754341 5.461675191996619 0
1680118760365 5.3311835108324885 0
1680118766504 5.473612034926191 0
1680118799507 5.550368109950796 0
1680118805737 5.526938559953123 0
1680118811884 5.448993868893012 0
1680118817924 5.366229004925117 0
1680118824212 5.595210877014324 0
1680118830278 5.378322367090732 0
1680118836478 5.50907469401136 0
1680118842566 5.421543819829822 0
1680118848712 5.462137538939714 0
1680118854929 5.524882737081498 0
