1679400620535 4.498763951007277 0
1679400624739 4.0609926549950615 0
1679400629031 4.1305275140330195 0
1679400633269 4.065613055950962 0
1679400637456 4.0205403480213135 0
1679400641640 4.024448868003674 0
1679400645926 4.031553692999296 0
1679400649020 2.917449157102965 0
1679400653264 4.096186131006107 0
1679400657701 4.270168040995486 0
1679400672759 4.398318769061007 0
1679400677300 4.382898887968622 0
1679400681775 4.285938921035267 0
1679400686268 4.343931716983207 0
1679400690480 4.071835746988654 0
1679400694859 4.221953600062989 0
1679400699136 4.129882501903921 0
1679400703422 4.132169279968366 0
1679400707522 3.9443874899297953 0
1679400711813 4.1363661389332265 0
1679400727882 3.8340487929526716 0
1679400732110 4.078650269075297 0
1679400736202 3.9419297539861873 0
1679400740465 4.089119844022207 0
1679400744974 4.3467037819791585 0
1679400749183 4.054527501924895 0
1679400753386 4.034872181946412 0
1679400757796 4.254304910078645 0
1679400762125 4.158790035988204 0
1679400766396 4.122340357978828 0
1679400781700 4.121686494909227 0
1679400785922 4.051024737069383 0
1679400790325 4.241959627950564 0
1679400794873 4.392261981032789 0
1679400799170 4.141907301032916 0
1679400803470 4.146170799038373 0
1679400807835 4.211894211010076 0
1679400812091 4.092236703028902 0
1679400816307 4.058823697967455 0
1679400820473 4.003548215026967 0
1679400836114 3.7942522930679843 0
1679400840598 4.296909717959352 0
1679400845022 4.266996445017867 0
1679400849150 3.9731810690136626 0
1679400853460 4.139933077967726 0
1679400857818 4.2223031390458345 0
1679400862038 4.0647388939978555 0
1679400866291 4.11808664991986 0
1679400870805 4.34010574396234 0
1679400875267 4.28125221002847 0
1679400891556 4.204662506002933 0
1679400895928 4.172061100020073 0
1679400900411 4.2964842959772795 0
1679400904915 4.326769132050686 0
1679400908896 3.8261459469795227 0
1679400913196 4.1444295750698075 0
1679400917524 4.150135069037788 0
1679400921908 4.222533472930081 0
1679400926395 4.310284598032013 0
1679400930837 4.271167643018998 0
1679400947649 4.145761830965057 0
1679400951890 4.07638132001739 0
1679400956151 4.101401922991499 0
1679400960760 4.442701541935094 0
1679400965025 4.107252624933608 0
1679400969399 4.211308146012016 0
1679400973647 4.09985836094711 0
1679400978028 4.208252527983859 0
1679400982659 4.463765418971889 0
1679400987056 4.2195858909981325 0
1679401003973 4.19729101494886 0
1679401008353 4.217318000970408 0
1679401012804 4.2177998959086835 0
1679401017072 4.093332833959721 0
1679401021358 4.081811729003675 0
1679401025955 4.407709833001718 0
1679401030269 4.172099192044698 0
1679401034747 4.324742765980773 0
1679401039085 4.157900960999541 0
1679401043365 4.130399810965173 0
1679401060508 4.1024405849166214 0
1679401064762 4.105468120891601 0
1679401069160 4.2299189059995115 0
1679401073551 4.217946394928731 0
1679401078180 4.4531091580865905 0
1679401082270 3.9060065740486607 0
1679401086730 4.2710467770230025 0
1679401090951 4.0703348169336095 0
1679401095538 4.403542527928948 0
1679401099906 4.1975839040242136 0
1679401117330 4.165478187031113 0
1679401121647 4.15991181100253 0
1679401125986 4.18209586199373 0
1679401130300 4.134029501001351 0
1679401134665 4.185295406961814 0
1679401139194 4.36586093402002 0
1679401143001 3.615106921060942 0
1679401147445 4.249402312911116 0
1679401151949 4.335656776907854 0
1679401156010 3.901918228948489 0
1679401173571 4.146872960031033 0
1679401177911 4.182918381062336 0
1679401182122 4.021449525025673 0
1679401186750 4.440938299987465 0
1679401191148 4.240669326973148 0
1679401195682 4.346130718011409 0
1679401200158 4.304157161037438 0
1679401203685 3.321559878066182 0
1679401208254 4.389423780958168 0
1679401212736 4.254219854949042 0
1679401230733 3.9971166369505227 0
1679401235073 4.171682326006703 0
1679401239583 4.3364732910413295 0
1679401244061 4.303673114045523 0
1679401248738 4.505174249992706 0
1679401253203 4.292102594976313 0
1679401257679 4.283962249057367 0
1679401262033 4.189846875029616 0
1679401265747 3.4989507750142366 0
1679401270396 4.46143582300283 0
1679401288211 4.138154276064597 0
1679401292725 4.325469719944522 0
1679401296968 4.0600120349554345 0
1679401301121 3.985956054064445 0
1679401305565 4.296847515972331 0
1679401309885 4.154568972997367 0
1679401314474 4.4127868299838156 0
1679401319202 4.543046584003605 0
1679401323726 4.358050754992291 0
1679401327181 3.2978514470160007 0
1679401346863 4.266272198059596 0
1679401351435 4.383572833030485 0
1679401356026 4.404923836002126 0
1679401360515 4.319903174065985 0
1679401365092 4.378142665955238 0
1679401369709 4.451186143909581 0
1679401374108 4.2131083300337195 0
1679401378489 4.203255099011585 0
1679401382773 4.113056991947815 0
1679401387063 4.0757749089971185 0
1679401408482 4.2912146539893 0
1679401412824 4.172766245901585 0
1679401417141 4.131513889995404 0
1679401421573 4.261789618991315 0
1679401425906 4.159990340936929 0
1679401430440 4.359501063940115 0
1679401435109 4.465036035049707 0
1679401439566 4.2890121770324185 0
1679401444314 4.569043590920046 0
1679401448878 4.375594384036958 0
1679401468382 3.9990043399157003 0
1679401472687 4.123132096021436 0
1679401476875 4.014510766020976 0
1679401481301 4.246850496972911 0
1679401485868 4.385130260954611 0
1679401490369 4.3217084519565105 0
1679401494958 4.39838432695251 0
1679401499661 4.5155585299944505 0
1679401504133 4.281515287933871 0
1679401508758 4.4443626219872385 0
1679401526538 4.216484013013542 0
1679401530614 3.9065096511039883 0
1679401535016 4.219669756945223 0
1679401539689 4.39613049197942 0
1679401544263 4.376031878055073 0
1679401548798 4.33448716707062 0
1679401553511 4.520012900931761 0
1679401558263 4.561467548948713 0
1679401562823 4.386302171973512 0
1679401567467 4.4544584329705685 0
1679401587359 4.290344806970097 0
1679401591974 4.443026751047 0
1679401596013 3.8550965269096196 0
1679401600425 4.223578543984331 0
1679401604914 4.290448303101584 0
1679401609529 4.364605671958998 0
1679401614053 4.3112925860332325 0
1679401618700 4.443549852003343 0
1679401623118 4.230435832985677 0
1679401627678 4.382193295052275 0
1679401646439 3.2394625790184364 0
1679401651230 4.57928134908434 0
1679401655880 4.391123686917126 0
1679401660038 3.976834150031209 0
1679401664561 4.290411435998976 0
1679401669031 4.283239823067561 0
1679401673862 4.637648422038183 0
1679401678529 4.475040154997259 0
1679401683217 4.465921647963114 0
1679401687746 4.341677366988733 0
1679401708003 4.300510679953732 0
1679401711616 3.360968907014467 0
1679401716350 4.516680563101545 0
1679401720918 4.354708467028104 0
1679401725003 3.9043576969997957 0
1679401729522 4.286909359041601 0
1679401734172 4.436324657057412 0
1679401738926 4.557410259032622 0
1679401743482 4.356350178015418 0
1679401747936 4.273227700032294 0
