1679400620528 0.29359106567377846 0
1679400624733 0.13766795282976496 0
1679400629023 0.09335202696319256 0
1679400633263 0.05860369893877457 0
1679400637450 0.0774311433520375 0
1679400641633 0.0401665025520035 0
1679400645920 0.035219122968717584 0
1679400649015 0.07428340522261957 0
1679400653257 0.03365073791355826 0
1679400657692 0.01758722445220984 0
1679400672754 0.5781851731085529 0
1679400677293 0.051070980787173745 0
1679400681765 0.03477108373060926 0
1679400686262 0.037381093441864424 0
1679400690475 0.021332355787308188 0
1679400694852 0.01037855891514078 0
1679400699132 0.019278915551775654 0
1679400703416 0.008408937223349414 0
1679400707515 0.0015884564361234273 0
1679400711806 0.013114423931640178 0
1679400727874 0.7524711283544699 0
1679400732104 0.0644265193602122 0
1679400736196 0.04203567530688209 0
1679400740456 0.015446955097528796 0
1679400744967 0.022438691738110115 0
1679400749178 0.011435356702794606 0
1679400753379 0.011145678028212085 0
1679400757792 0.025586562276011034 0
1679400762121 0.006463357004273955 0
1679400766390 0.020583290610395325 0
1679400781693 0.9383825875404809 0
1679400785918 0.09032117592481276 0
1679400790317 0.05512599618183837 0
1679400794865 0.03764370780667781 0
1679400799163 0.01863914355102073 0
1679400803465 0.016421688819496516 0
1679400807829 0.013343631811666354 0
1679400812083 0.02041754072100351 0
1679400816297 0.02810623946821175 0
1679400820466 0.010287288980099321 0
1679400836106 0.7060647283473777 0
1679400840588 0.09235973129204164 0
1679400845013 0.045598654808903426 0
1679400849144 0.029258231162707996 0
1679400853453 0.04545976665815235 0
1679400857813 0.039748799450333334 0
1679400862032 0.039165954233127805 0
1679400866286 0.021646916642849748 0
1679400870793 0.010423917695879937 0
1679400875259 0.014412384604899369 0
1679400891549 0.7253452050810059 0
1679400895921 0.08792990377017608 0
1679400900406 0.0670807469125268 0
1679400904909 0.0455662431641637 0
1679400908887 0.032682755313322154 0
1679400913187 0.014196335423265635 0
1679400917515 0.005208213587158955 0
1679400921901 0.019589905856345367 0
1679400926388 0.028618856495369174 0
1679400930828 0.02603283354692394 0
1679400947639 0.880412647433372 0
1679400951883 0.08255679347914541 0
1679400956143 0.06080940732240884 0
1679400960753 0.0250465218074775 0
1679400965017 0.0154318162789827 0
1679400969390 0.026330226889048288 0
1679400973642 0.019666930532386887 0
1679400978020 0.015984047497396306 0
1679400982651 0.032198642756945145 0
1679400987049 0.013286263304083452 0
1679401003964 0.7290944489055416 0
1679401008347 0.047056835924417506 0
1679401012797 0.007139833814128199 0
1679401017064 0.010591502747491986 0
1679401021347 0.013088905025506392 0
1679401025949 0.004802537083903897 0
1679401030264 0.0019745804224941014 0
1679401034739 0.004210540572441661 0
1679401039077 0.001103936923633834 0
1679401043359 0.005730155368554632 0
1679401060498 1.0266105443239213 0
1679401064756 0.1738451695173151 0
1679401069152 0.10363195669423375 0
1679401073544 0.06978707843680038 0
1679401078170 0.056233068849218804 0
1679401082260 0.05762722084295496 0
1679401086722 0.03495276186990345 0
1679401090945 0.017522772153541963 0
1679401095531 0.01888379457442271 0
1679401099899 0.012096989826224874 0
1679401117322 0.704183044232842 0
1679401121640 0.025349074242209706 0
1679401125976 0.008293124569010817 0
1679401130293 0.018075974889021986 0
1679401134657 0.017842647307326036 0
1679401139188 0.004534696648018629 0
1679401142988 0.0006470334708258937 0
1679401147437 0.00041146526934123054 0
1679401151936 0.0004816061575183994 0
1679401156003 0.0002588840601169472 0
1679401173564 1.3274265648590193 0
1679401177899 0.24793937239382002 0
1679401182108 0.1230561858560476 0
1679401186740 0.08664580660665201 0
1679401191142 0.055091997958758535 0
1679401195674 0.04304108104358117 0
1679401200143 0.0210896571761825 0
1679401203676 0.02121367911458947 0
1679401208247 0.022674184807692656 0
1679401212727 0.011025972334027755 0
1679401230721 1.1073239766061307 0
1679401235064 0.09446827865516146 0
1679401239576 0.051950043451506646 0
1679401244053 0.05211575284807218 0
1679401248730 0.03125082630819331 0
1679401253196 0.01579297234873391 0
1679401257666 0.05108666229563015 0
1679401262026 0.015437094517821808 0
1679401265738 0.010740494296058185 0
1679401270388 0.009225295022770297 0
1679401288204 0.8722729429085222 0
1679401292715 0.06388599525800803 0
1679401296961 0.05815616832890858 0
1679401301109 0.023657993281247198 0
1679401305559 0.03224922619669491 0
1679401309878 0.02101606694147146 0
1679401314463 0.016984592334402908 0
1679401319193 0.005340185318507591 0
1679401323719 0.0039820943665997924 0
1679401327173 0.005868145830512124 0
1679401346852 1.058728342420525 0
1679401351426 0.261150815938082 0
1679401356018 0.1557670425520175 0
1679401360508 0.0825487343956613 0
1679401365075 0.05670784970538484 0
1679401369702 0.037716695059659994 0
1679401374095 0.03158516886049054 0
1679401378481 0.031102438218335415 0
1679401382762 0.024019050616900333 0
1679401387055 0.035573210632881255 0
1679401408471 0.9329476827134688 0
1679401412813 0.09945764653384685 0
1679401417131 0.05216931090819546 0
1679401421562 0.03558295465061544 0
1679401425890 0.01476208272652002 0
1679401430428 0.03238765790010802 0
1679401435099 0.017733623527359063 0
1679401439559 0.02377096848908372 0
1679401444306 0.008411702972646 0
1679401448869 0.007794090835199718 0
1679401468365 1.1887841776841217 0
1679401472678 0.18053394029330877 0
1679401476865 0.08625580761322958 0
1679401481294 0.04551444723038003 0
1679401485859 0.03947748437187531 0
1679401490356 0.0373299249920011 0
1679401494951 0.009377724774660439 0
1679401499652 0.004757535209905149 0
1679401504126 0.006161229565097731 0
1679401508751 0.0023864737813710235 0
1679401526522 1.1821318459179666 0
1679401530606 0.1157055778377172 0
1679401535008 0.06260373662096552 0
1679401539679 0.027456429730065995 0
1679401544251 0.025874604819627063 0
1679401548788 0.014844951502002206 0
1679401553500 0.008254280803440553 0
1679401558255 0.002372752330201264 0
1679401562813 0.0008763684389931667 0
1679401567457 0.0010265792483146975 0
1679401587352 0.9154043758081065 0
1679401591967 0.1896554548293352 0
1679401596005 0.10823629658617494 0
1679401600415 0.04782234322305562 0
1679401604898 0.04978183547500521 0
1679401609518 0.03520837114580597 0
1679401614035 0.016554714243264042 0
1679401618688 0.017564337669237932 0
1679401623108 0.020065134389086678 0
1679401627666 0.01792573906390721 0
1679401646426 1.166616296271483 0
1679401651218 0.18374042537891203 0
1679401655872 0.09881842344637132 0
1679401660021 0.0708936513815489 0
1679401664547 0.05134350215472902 0
1679401669023 0.020641799298917046 0
1679401673853 0.026922674478393877 0
1679401678515 0.02448245602556401 0
1679401683205 0.011456738411086714 0
1679401687738 0.01235095917565761 0
1679401707995 0.9793194262828264 0
1679401711604 0.06775755442342618 0
1679401716337 0.023222100251587108 0
1679401720905 0.010409070825456486 0
1679401724981 0.004357935750198926 0
1679401729507 0.002129402546820024 0
1679401734156 0.013908237531318769 0
1679401738912 0.001870014205471509 0
1679401743473 0.0004944455675083898 0
1679401747927 0.0006152981787333071 0
