1679229668319 4.33894623600645 0
1679229672405 3.9699062809813768 0
1679229676627 4.103415509976912 0
1679229680870 4.131998594966717 0
1679229685042 4.048255463014357 0
1679229689293 4.139066234987695 0
1679229693493 4.074819995032158 0
1679229697782 4.167302593006752 0
1679229702098 4.1895150510245 0
1679229706137 3.9173593220184557 0
1679229722123 4.306624135002494 0
1679229726359 4.121187273005489 0
1679229730549 4.0688047999865375 0
1679229734787 4.109427309012972 0
1679229739028 4.108121866011061 0
1679229743264 4.1112535639549606 0
1679229747527 4.096601616998669 0
1679229751796 4.132284901977982 0
1679229756201 4.270869609026704 0
1679229760331 4.005133584025316 0
1679229777066 4.373423117969651 0
1679229781432 4.220299114007503 0
1679229785689 4.112540767993778 0
1679229789821 4.013597410055809 0
1679229793485 3.527733905997593 0
1679229797671 4.050826859020162 0
1679229802034 4.1680530939484015 0
1679229806460 4.29441760800546 0
1679229810766 4.1747819960000925 0
1679229814985 4.090624924981967 0
1679229831404 4.034231554949656 0
1679229835843 4.320715077978093 0
1679229840152 4.184850950026885 0
1679229844404 4.121409452985972 0
1679229848556 4.030035623000003 0
1679229852906 4.2109977540094405 0
1679229856575 3.522187894966919 0
1679229860814 4.115945209981874 0
1679229865171 4.236704300972633 0
1679229869289 3.9893215249758214 0
1679229885814 4.2126440609572455 0
1679229890101 4.1489561760099605 0
1679229894367 4.13880423194496 0
1679229898747 4.248054607014637 0
1679229902928 4.048585684970021 0
1679229906971 3.926646004023496 0
1679229911181 4.071751278010197 0
1679229915265 3.9590093410224654 0
1679229919476 4.032161857001483 0
1679229923197 3.5952933999942616 0
1679229939794 4.154089486983139 0
1679229943985 4.062845982029103 0
1679229948239 4.116353447025176 0
1679229952349 3.9879500759998336 0
1679229956581 4.109055657987483 0
1679229960861 4.152033497986849 0
1679229965122 4.121901671984233 0
1679229969607 4.351426179986447 0
1679229974142 4.401493692013901 0
1679229978514 4.226336897991132 0
1679229994839 4.326493140019011 0
1679229999188 4.223884325008839 0
1679230003462 4.155841415980831 0
1679230007696 4.108236358035356 0
1679230012179 4.344034951995127 0
1679230016264 3.9607552460511215 0
1679230020578 4.184171613014769 0
1679230025102 4.375287929025944 0
1679230029470 4.237832937971689 0
1679230033768 4.171155178977642 0
1679230051474 3.5417894879938103 0
1679230055749 4.148560000001453 0
1679230060266 4.3871720129973255 0
1679230064791 4.386058176984079 0
1679230069135 4.212663657031953 0
1679230073431 4.165632379997987 0
1679230077699 4.122403725981712 0
1679230081905 4.083070948021486 0
1679230086450 4.3602531449869275 0
1679230091030 4.44858575402759 0
1679230108678 4.20038866600953 0
1679230113031 4.205450553970877 0
1679230116894 3.696905830001924 0
1679230121298 4.253338384034578 0
1679230125683 4.251690797973424 0
1679230129967 4.140465461008716 0
1679230134360 4.258964440959971 0
1679230138669 4.171395973011386 0
1679230142898 4.098459777014796 0
1679230147115 4.090889350045472 0
1679230164506 4.1609544809907675 0
1679230168874 4.242605843988713 0
1679230173738 4.722848156990949 0
1679230178103 4.2349574730033055 0
1679230182447 4.2114583310321905 0
1679230186881 4.302566892991308 0
1679230191169 4.158035158005077 0
1679230195338 4.028127315978054 0
1679230199802 4.313642602995969 0
1679230204208 4.268965115013998 0
1679230222178 4.288314367993735 0
1679230226703 4.375167404010426 0
1679230231085 4.235239444999024 0
1679230235699 4.475383040029556 0
1679230240159 4.324307323026005 0
1679230244787 4.465511990012601 0
1679230249323 4.380544358049519 0
1679230253132 3.6830698510166258 0
1679230257520 4.249057536013424 0
1679230261747 4.087733189982828 0
1679230279831 4.203301562985871 0
1679230284190 4.206540287996177 0
1679230288424 4.101051167992409 0
1679230292749 4.182192720007151 0
1679230296961 4.073096026957501 0
1679230301412 4.313903821981512 0
1679230305924 4.360695192008279 0
1679230310310 4.23783449397888 0
1679230314012 3.5853732590330765 0
1679230318229 4.081735737039708 0
1679230336288 4.296173645998351 0
1679230340579 4.1368531649932265 0
1679230344983 4.265646793995984 0
1679230349148 4.015328095993027 0
1679230353567 4.27664725104114 0
1679230357778 4.0788274190272205 0
1679230362210 4.2346052209613845 0
1679230366815 4.446777836012188 0
1679230371105 4.142230888013728 0
1679230374945 3.7114576830063015 0
1679230393625 4.324802471033763 0
1679230398201 4.4316807460272685 0
1679230402534 4.183252859977074 0
1679230406777 4.0939463099930435 0
1679230411042 4.108919424994383 0
1679230415310 4.120637334010098 0
1679230419601 4.153045132989064 0
1679230423950 4.226866726996377 0
1679230428431 4.330715778982267 0
1679230432867 4.270769922994077 0
1679230450514 4.223690565035213 0
1679230455052 4.3840565489954315 0
1679230459275 4.095399036013987 0
1679230463779 4.361000987992156 0
1679230468147 4.207777701027226 0
1679230472602 4.319431166979484 0
1679230476786 4.037375819985755 0
1679230481101 4.171056914026849 0
1679230485443 4.207057450956199 0
1679230489885 4.263704931014217 0
1679230508298 4.274113628955092 0
1679230512799 4.349800770985894 0
1679230517174 4.215046372031793 0
1679230521681 4.360803025017958 0
1679230526002 4.182483135024086 0
1679230530183 4.040719775017351 0
1679230534501 4.168162359972484 0
1679230538830 4.195548616989981 0
1679230543189 4.208510119991843 0
1679230547434 4.103856035973877 0
1679230568003 4.275097023986746 0
1679230572149 3.9988810169743374 0
1679230576753 4.463782439997885 0
1679230581400 4.497095453029033 0
1679230585930 4.395718357001897 0
1679230590347 4.267707396997139 0
1679230594603 4.100941607030109 0
1679230599114 4.361476147023495 0
1679230603462 4.195256109989714 0
1679230607844 4.226832218002528 0
1679230627478 3.7930376490112394 0
1679230631781 4.168004970997572 0
1679230636049 4.130656212975737 0
1679230640516 4.347069280047435 0
1679230645044 4.379686261003371 0
1679230649591 4.383569295052439 0
1679230653910 4.1821995680220425 0
1679230658137 4.076073205971625 0
1679230662595 4.3029057050007395 0
1679230667050 4.304746152018197 0
1679230686607 4.425886231008917 0
1679230690839 4.084298052999657 0
1679230695292 4.30292486899998 0
1679230699688 4.242880640027579 0
1679230704009 4.156538637005724 0
1679230708164 4.019728398008738 0
1679230712763 4.377566740033217 0
1679230717455 4.546780429023784 0
1679230721744 4.149222052947152 0
1679230726316 4.435690969985444 0
1679230745833 4.456301111029461 0
1679230749705 3.7025765639846213 0
1679230754187 4.333547089947388 0
1679230758564 4.235608222021256 0
1679230763115 4.3856019750237465 0
1679230767667 4.393244496022817 0
1679230772210 4.376508307992481 0
1679230776553 4.206492323020939 0
1679230780882 4.1799677949748 0
1679230785311 4.290969104971737 0
