1679229668312 0.32684518318331124 0
1679229672398 0.1284582532540548 0
1679229676619 0.05420862667732781 0
1679229680865 0.03778632149481507 0
1679229685034 0.01663910318037618 0
1679229689287 0.022313951704763538 0
1679229693485 0.008766566608149636 0
1679229697773 0.0749915338032331 0
1679229702090 0.05133095930810383 0
1679229706130 0.016310616362270415 0
1679229722115 0.6687932570337081 0
1679229726351 0.09507429196645378 0
1679229730544 0.05448903338801043 0
1679229734775 0.04670642863208081 0
1679229739020 0.028659262879313353 0
1679229743254 0.02290460554393255 0
1679229747522 0.02429429965844725 0
1679229751788 0.02919753581498334 0
1679229756191 0.035863086001864206 0
1679229760323 0.031944380649970384 0
1679229777059 1.0270729190578647 0
1679229781421 0.130107292595009 0
1679229785681 0.061865129960043466 0
1679229789812 0.057008196608912126 0
1679229793473 0.028010318979082228 0
1679229797658 0.04393186715805866 0
1679229802029 0.020868350985669987 0
1679229806452 0.01337991067146718 0
1679229810759 0.006228795732764125 0
1679229814978 0.03327098432326274 0
1679229831397 1.826261467501229 0
1679229835837 0.30106022617980543 0
1679229840145 0.13052579968729439 0
1679229844396 0.07250832429374843 0
1679229848547 0.05017368019302832 0
1679229852900 0.040638767778599524 0
1679229856570 0.047936560190054496 0
1679229860807 0.05967448899458509 0
1679229865162 0.04281781116151251 0
1679229869278 0.028565855551848884 0
1679229885801 1.828432436375057 0
1679229890096 0.22279391288026876 0
1679229894359 0.09069307126999632 0
1679229898736 0.0640625951562862 0
1679229902919 0.04469996277818128 0
1679229906965 0.04724150170645147 0
1679229911170 0.01685348783012516 0
1679229915260 0.024062988306076137 0
1679229919470 0.012073674213538384 0
1679229923190 0.03518635300290542 0
1679229939782 2.029857172685511 0
1679229943978 0.27824112250670496 0
1679229948231 0.11496189825565499 0
1679229952342 0.06508867770739302 0
1679229956571 0.045213771309457064 0
1679229960849 0.04516335023799911 0
1679229965116 0.02569923418238485 0
1679229969599 0.055289649809756335 0
1679229974135 0.03312499460812165 0
1679229978508 0.01679719613885562 0
1679229994830 1.8092562825072045 0
1679229999180 0.22412545310662074 0
1679230003456 0.09367779932697029 0
1679230007690 0.05121287041088091 0
1679230012172 0.04542829242292974 0
1679230016257 0.012742284203162781 0
1679230020571 0.032066300433464624 0
1679230025090 0.019545048499804027 0
1679230029462 0.03233006044790861 0
1679230033760 0.017395475491973816 0
1679230051467 2.017704324102869 0
1679230055742 0.30062617208151254 0
1679230060255 0.12805503205962332 0
1679230064782 0.06281968827277203 0
1679230069126 0.05978293617840345 0
1679230073422 0.05358431300641421 0
1679230077683 0.018579069803772476 0
1679230081899 0.015042994336873367 0
1679230086443 0.0103706801529887 0
1679230091024 0.007915275304506341 0
1679230108671 2.2270703248533548 0
1679230113022 0.28087633453747807 0
1679230116887 0.08029330024203542 0
1679230121282 0.06619050333221607 0
1679230125675 0.022292715433971298 0
1679230129958 0.029252384385258397 0
1679230134353 0.04504369592919544 0
1679230138655 0.05358044981246577 0
1679230142892 0.016441162727834822 0
1679230147101 0.007644776862934141 0
1679230164499 2.0472333742415203 0
1679230168864 0.28719932483691796 0
1679230173731 0.11797602855436065 0
1679230178096 0.03936130682453878 0
1679230182440 0.04646884667226022 0
1679230186873 0.04603676383118784 0
1679230191163 0.04372058301826245 0
1679230195331 0.02782452054716665 0
1679230199791 0.006659810527886364 0
1679230204197 0.003162548736630318 0
1679230222170 2.2941887215072034 0
1679230226695 0.26603708007172044 0
1679230231075 0.09117168686626588 0
1679230235692 0.05043629452805309 0
1679230240146 0.029207513830852787 0
1679230244779 0.014100634742313631 0
1679230249309 0.04812783042257698 0
1679230253125 0.05222093482163972 0
1679230257513 0.021690785640042603 0
1679230261740 0.011116228846766912 0
1679230279821 2.2937542448441186 0
1679230284178 0.31086331730087596 0
1679230288417 0.12506637686644406 0
1679230292740 0.060873532161007035 0
1679230296950 0.05000250253999861 0
1679230301403 0.04416844119801752 0
1679230305916 0.02370667155813791 0
1679230310303 0.03062476781619183 0
1679230314004 0.024325541692971953 0
1679230318222 0.012297144063803203 0
1679230336276 2.138371930402868 0
1679230340568 0.3681529125600469 0
1679230344976 0.13441629785423478 0
1679230349139 0.08345405695339043 0
1679230353560 0.04472508944123618 0
1679230357771 0.039147180328191276 0
1679230362203 0.025612034977016532 0
1679230366805 0.02460288353533685 0
1679230371097 0.02277987349296774 0
1679230374938 0.027894528719651347 0
1679230393616 2.1751184407986845 0
1679230398193 0.3224703264148796 0
1679230402524 0.14532999047899947 0
1679230406769 0.06053568579384363 0
1679230411025 0.0419717329467519 0
1679230415292 0.07411629646130856 0
1679230419592 0.02601063481586821 0
1679230423943 0.02507748629831636 0
1679230428424 0.02723185336456963 0
1679230432853 0.02976534366390814 0
1679230450502 2.1308231482318805 0
1679230455044 0.3506562375993121 0
1679230459267 0.16892259208229826 0
1679230463763 0.08463113532200747 0
1679230468136 0.0386380240955737 0
1679230472594 0.029204896250602734 0
1679230476776 0.016404598782423372 0
1679230481088 0.023339887208980965 0
1679230485436 0.026882331338985002 0
1679230489872 0.048388831959421036 0
1679230508289 1.9493720972654867 0
1679230512791 0.2039915076365658 0
1679230517165 0.07790369661890116 0
1679230521673 0.033718107448543845 0
1679230525993 0.020873987427501774 0
1679230530172 0.033279066134983784 0
1679230534493 0.047617034867346544 0
1679230538821 0.019479472114814118 0
1679230543178 0.0065631759581247385 0
1679230547427 0.01102017558079359 0
1679230567995 2.0849458204180586 0
1679230572139 0.28969647194824966 0
1679230576745 0.11390918176438586 0
1679230581391 0.06716936860032671 0
1679230585921 0.03385916856053632 0
1679230590338 0.024209904384014068 0
1679230594590 0.03302039931398159 0
1679230599098 0.021343858027773655 0
1679230603452 0.014197877039002967 0
1679230607824 0.006424393483101477 0
1679230627470 1.9972230117110645 0
1679230631769 0.2685874144491904 0
1679230636040 0.10928957689297843 0
1679230640507 0.05330229680254763 0
1679230645034 0.0343129479351417 0
1679230649578 0.025770827974923246 0
1679230653902 0.035758651556748455 0
1679230658125 0.0354845185921637 0
1679230662584 0.02891943347212338 0
1679230667032 0.008696864306722429 0
1679230686596 2.2021737759019815 0
1679230690829 0.3689433574749559 0
1679230695276 0.1722871301805272 0
1679230699675 0.08930112836955517 0
1679230703999 0.061543395185806586 0
1679230708155 0.023821717334737747 0
1679230712754 0.02217710667287511 0
1679230717447 0.011182684819704816 0
1679230721736 0.0186521913901921 0
1679230726298 0.013420304841893799 0
1679230745824 2.070912403511066 0
1679230749691 0.26500000841185156 0
1679230754177 0.09874446874520942 0
1679230758555 0.06008517143417004 0
1679230763107 0.03653406872706232 0
1679230767657 0.043076279533196093 0
1679230772197 0.022836649110175522 0
1679230776544 0.009532082710625129 0
1679230780869 0.005479326152828221 0
1679230785295 0.00950373724952121 0
