1679287493757 4.975653494999278 0
1679287498680 4.734432493976783 0
1679287503648 4.77547351596877 0
1679287508701 4.85770831303671 0
1679287513574 4.697868609044235 0
1679287518614 4.851228700019419 0
1679287523442 4.653887993015815 0
1679287528325 4.677801570040174 0
1679287533336 4.808218403952196 0
1679287538195 4.6625929530127905 0
1679287559425 6.972155391005799 0
1679287566535 6.951528801000677 0
1679287573697 7.006427857966628 0
1679287580816 6.950649064034224 0
1679287587860 6.891236762981862 0
1679287595303 7.285960110020824 0
1679287602340 6.877851149998605 0
1679287609404 6.918151377001777 0
1679287616585 7.017735211004037 0
1679287623668 6.912333459011279 0
1679287646426 8.528623419988435 0
1679287655160 8.587048273009714 0
1679287663926 8.604339244018774 0
1679287672737 8.650123041996267 0
1679287681537 8.633127050008625 0
1679287690285 8.591457587957848 0
1679287699153 8.707777754985727 0
1679287707845 8.53856968600303 0
1679287716537 8.534455146989785 0
1679287725286 8.603441396029666 0
1679287748469 8.57665237702895 0
1679287757182 8.563400136015844 0
1679287766014 8.681454247038346 0
1679287774808 8.636614419985563 0
1679287783506 8.536934675998054 0
1679287792269 8.606763137038797 0
1679287801041 8.600804639980197 0
1679287809761 8.569207400025334 0
1679287818502 8.583789535041433 0
1679287827278 8.614667445013765 0
1679287850601 8.62655793898739 0
1679287859369 8.622550319996662 0
1679287868103 8.571831039967947 0
1679287876834 8.584342502988875 0
1679287885483 8.501499004021753 0
1679287894213 8.569228473992553 0
1679287902887 8.515584795968607 0
1679287911698 8.641908597026486 0
1679287920443 8.595948836009484 0
1679287929213 8.608848081028555 0
1679287952566 8.621975521033164 0
1679287961373 8.650480184995104 0
1679287970130 8.602424298995174 0
1679287978873 8.570071608002763 0
1679287987642 8.59843107801862 0
1679287996268 8.467467165959533 0
1679288005080 8.63992683700053 0
1679288013806 8.561693977972027 0
1679288022628 8.660211089998484 0
1679288031354 8.546235887042712 0
1679288055389 8.694022480980493 0
1679288064286 8.725886542000808 0
1679288073119 8.671162342012394 0
1679288081902 8.596958399983123 0
1679288090733 8.66327070002444 0
1679288099504 8.62452575104544 0
1679288108199 8.533966954040807 0
1679288116974 8.605072840990033 0
1679288125776 8.634134049003478 0
1679288134576 8.625882923952304 0
1679288158466 8.588312199979555 0
1679288167165 8.527174275950529 0
1679288175858 8.52572923002299 0
1679288184512 8.492390938044991 0
1679288193260 8.592955120955594 0
1679288202006 8.578714809962548 0
1679288210800 8.629920604988001 0
1679288219692 8.72818296996411 0
1679288228403 8.562275103002321 0
1679288237158 8.597996718017384 0
1679288260958 8.537034782988485 0
1679288269702 8.578978787991218 0
1679288278434 8.56119433499407 0
1679288287213 8.63062741101021 0
1679288296031 8.649077230016701 0
1679288304807 8.628388885001186 0
1679288313589 8.613790331000928 0
1679288322255 8.508610570977908 0
1679288331052 8.640044489002321 0
1679288339757 8.544080259976909 0
1679288363767 8.544458419957664 0
1679288372417 8.497202935977839 0
1679288381266 8.684364067041315 0
1679288389998 8.5725045040017 0
1679288398758 8.599467199004721 0
1679288407446 8.531179301964585 0
1679288416304 8.681889505998697 0
1679288425224 8.763723325973842 0
1679288433964 8.570848439005204 0
1679288442778 8.65094786696136 0
1679288466820 8.549658291973174 0
1679288475632 8.644020552979782 0
1679288484327 8.53085718199145 0
1679288493127 8.619905047991779 0
1679288501798 8.521191672014538 0
1679288510694 8.723689284001011 0
1679288519559 8.694233949005138 0
1679288528303 8.585745360993315 0
1679288537286 8.81138709303923 0
1679288546076 8.603824357036501 0
1679288570362 8.666809971036855 0
1679288579140 8.620615469990298 0
1679288587947 8.65643839398399 0
1679288596679 8.56238526897505 0
1679288605452 8.604786637995858 0
1679288614229 8.60300267697312 0
1679288623009 8.609737552003935 0
1679288631803 8.616349018993787 0
1679288640482 8.51337414700538 0
1679288649283 8.640386137994938 0
1679288674012 8.579260786005761 0
1679288682695 8.509079354989808 0
1679288691545 8.685082092997618 0
1679288700243 8.520125332986936 0
1679288709105 8.705871501006186 0
1679288717894 8.614657740050461 0
1679288726629 8.562239600985777 0
1679288735382 8.586889533966314 0
1679288744213 8.675619499990717 0
1679288753062 8.69584678002866 0
1679288777659 8.62972211703891 0
1679288786446 8.607284591998905 0
1679288795218 8.615025226958096 0
1679288803975 8.598022622987628 0
1679288812681 8.528918755007908 0
1679288821532 8.68934253801126 0
1679288830447 8.760255321045406 0
1679288839252 8.629746487014927 0
1679288848030 8.613207558984868 0
1679288856777 8.581247028021608 0
1679288881625 8.554169069044292 0
1679288890320 8.532515418017283 0
1679288899170 8.693370097025763 0
1679288907937 8.584232383989729 0
1679288916619 8.525226577010471 0
1679288925378 8.58433879702352 0
1679288934490 8.956335598952137 0
1679288943435 8.75866088597104 0
1679288952157 8.555202596005984 0
1679288960831 8.509686562989373 0
1679288986017 8.69850033998955 0
1679288994765 8.578653905016836 0
1679289003493 8.57455308205681 0
1679289012430 8.758102157968096 0
1679289021226 8.636224014975596 0
1679289029978 8.575038236973342 0
1679289038925 8.785243554972112 0
1679289047695 8.60115478001535 0
1679289056481 8.600761123001575 0
1679289065229 8.56735537800705 0
1679289090559 8.628848463995382 0
1679289099450 8.72176927694818 0
1679289108419 8.795362829987425 0
1679289117391 8.784190466045402 0
1679289126157 8.608045426022727 0
1679289134929 8.614664725027978 0
1679289143702 8.593671767041087 0
1679289152540 8.667339637002442 0
1679289161223 8.52365408098558 0
1679289170176 8.784965936036315 0
1679289195828 8.70967239496531 0
1679289204730 8.739000188012142 0
1679289213622 8.710302277992014 0
1679289222441 8.65140222501941 0
1679289231248 8.630920310970396 0
1679289240004 8.587754212960135 0
1679289248784 8.61239064898109 0
1679289257543 8.580577899003401 0
1679289266325 8.615809031005483 0
1679289275190 8.70583649200853 0
1679289300258 8.558394618041348 0
1679289309065 8.647735111007933 0
1679289317809 8.572236757026985 0
1679289326619 8.635312798956875 0
1679289335426 8.64411898702383 0
1679289344244 8.648182385019027 0
1679289352970 8.56005193904275 0
1679289361988 8.82672505901428 0
1679289370744 8.564863844017964 0
1679289379441 8.52833461301634 0
1679289405438 8.654845424985979 0
1679289414275 8.657096651964821 0
1679289423109 8.654283714015037 0
1679289431905 8.633871160040144 0
1679289440721 8.634110799001064 0
1679289449440 8.537918290006928 0
1679289458254 8.639926462026779 0
1679289467069 8.656026516051497 0
1679289475830 8.571727458038367 0
1679289484588 8.574582154978998 0
