1671386529443 0.0847788784583099 0
1671386654240 0.026277086274303058 0
1671386774878 0.015968333053159447 0
1671386895938 0.011402040306201185 0
1671387018103 0.010955826036017642 0
1671387200104 0.026267717740406475 0
1671387362116 0.008330377494648305 0
1671387523813 0.005766067742444131 0
1671387684544 0.003850332740851864 0
1671387844653 0.005368768688664031 0
1671388121243 0.02634606953841358 0
1671388282071 0.0045292767802767924 0
1671388441589 0.006098097745510556 0
1671388604323 0.003118776711541871 0
1671388767711 0.0034725688460753453 0
1671388980335 0.019496762456146424 0
1671389142309 0.005022242364354157 0
1671389303636 0.004368372029916656 0
1671389466234 0.0033960023070910856 0
1671389629007 0.0035269266521818442 0
1671389856028 0.014381774892683222 0
1671390020247 0.004848732064314673 0
1671390182592 0.003923122687747743 0
1671390345157 0.0034184516842394783 0
1671390508160 0.004201802112303501 0
1671390752744 0.011050602858255038 0
1671390918139 0.003979042361444476 0
1671391080937 0.002334715701403809 0
1671391244707 0.002311707856933935 0
1671391408978 0.002144850583314508 0
1671391668137 0.010628335441168124 0
1671391829878 0.0028785099030282707 0
1671391992662 0.003030373162677337 0
1671392161547 0.0025189951691013315 0
1671392324668 0.0023549416627026204 0
1671392605159 0.011191697062115227 0
1671392767989 0.0032294462710727835 0
1671392930196 0.0026928359547873574 0
1671393092879 0.0027483913256375375 0
1671393255683 0.0020440884517863513 0
1671393550654 0.009353947469819256 0
1671393713677 0.0021530103451045134 0
1671393877172 0.002999390728188964 0
1671394039951 0.0022034191445020937 0
1671394205164 0.001799556223856156 0
1671394520013 0.007405277393047279 0
1671394684536 0.002388394897441455 0
1671394860115 0.002442527744319644 0
1671395096656 0.002187628418614359 0
1671395260271 0.0027847140875548178 0
1671395600127 0.006590780979266336 0
1671395765821 0.002683607287443285 0
1671395929694 0.002028876821388415 0
1671396091519 0.0021986100687628176 0
1671396254733 0.0016430132692272159 0
1671396603801 0.008406025446832622 0
1671396767503 0.0015548212275605735 0
1671396931910 0.0014108469131607101 0
1671397095039 0.001731784847999196 0
1671397260209 0.001694104521917897 0
1671397613070 0.0057477925325675186 0
1671397778033 0.0020187998618814555 0
1671397944219 0.0019438494588918567 0
1671398110746 0.0015317369588344122 0
1671398274143 0.0016672097416309947 0
1671398656878 0.006973481505626588 0
1671398823911 0.0019100842308872041 0
1671398987802 0.0013961731963560758 0
1671399151646 0.001588145912463073 0
1671399318495 0.002087628703092048 0
1671399715687 0.0061419000712538115 0
1671399881342 0.002250557211644136 0
1671400044215 0.0019136276833012986 0
1671400208918 0.001532752957901733 0
1671400372945 0.0018869495403266955 0
1671400784129 0.005953579430879496 0
1671400950961 0.0015334668215005193 0
1671401115510 0.0020781680924382854 0
1671401279931 0.0013725493506127403 0
1671401444481 0.0017726605662881105 0
1671401889562 0.005894791273271928 0
1671402144842 0.002037211525556578 0
1671402310256 0.0014514275265202358 0
1671402477357 0.0014048194539998968 0
1671402642807 0.0015336562076750057 0
1671403094288 0.005640396807256784 0
1671403261951 0.0017674177470467223 0
1671403426725 0.0014064709699810917 0
1671403597100 0.0017401539828852874 0
1671403765348 0.0013097074942682925 0
1671404230034 0.005081384259171889 0
1671404396808 0.002733550120899732 0
1671404561077 0.001602010061750538 0
1671404727740 0.0017514970034332989 0
1671404895936 0.0017424255688184192 0
1671405384293 0.005527443095491575 0
1671405550395 0.001844644202940862 0
1671405714877 0.0013548467316714457 0
1671405881385 0.001587166249131168 0
1671406047563 0.0010902685577702609 0
