1671386529448 122.86711211502552 0
1671386654245 124.526310516987 0
1671386774883 120.34930027998053 0
1671386895945 120.77299689105712 0
1671387018108 121.91121733305044 0
1671387200110 159.99822350009345 0
1671387362121 161.79960019583814 0
1671387523819 161.43902095896192 0
1671387684549 160.51979859406129 0
1671387844658 159.85031134798191 0
1671388121251 240.356875782134 0
1671388282077 160.5074855799321 0
1671388441595 159.22036722581834 0
1671388604329 162.42247438896447 0
1671388767717 163.08853530907072 0
1671388980341 160.64354241406545 0
1671389142315 161.61465486697853 0
1671389303642 160.9978778718505 0
1671389466240 162.29758849414065 0
1671389629014 162.44937464385293 0
1671389856035 160.25015584891662 0
1671390020254 163.8615017759148 0
1671390182598 162.05333789088763 0
1671390345163 162.25907043204643 0
1671390508166 162.6840683990158 0
1671390752750 164.03568341210485 0
1671390918145 165.03108581411652 0
1671391080942 162.4633550948929 0
1671391244714 163.41389698698185 0
1671391408985 163.8757891508285 0
1671391668143 163.4655173588544 0
1671391829884 161.3205802391749 0
1671391992669 162.359220569022 0
1671392161554 168.5346123331692 0
1671392324675 162.77690569101833 0
1671392605166 164.22593694087118 0
1671392767997 162.39563734200783 0
1671392930203 161.73950799694285 0
1671393092886 162.22512070415542 0
1671393255690 162.44262915686704 0
1671393550662 165.00770058110356 0
1671393713684 162.53006929391995 0
1671393877179 163.00188201200217 0
1671394039958 162.29415403003804 0
1671394205172 164.71676300396211 0
1671394520020 162.52997522382066 0
1671394684543 164.00479872408323 0
1671394860127 175.0685068280436 0
1671395096664 236.00160320103168 0
1671395260279 163.0774936680682 0
1671395600135 164.77402749517933 0
1671395765829 165.21318653784692 0
1671395929701 163.3275485909544 0
1671396091527 161.28290221793577 0
1671396254741 162.72901671519503 0
1671396603809 165.36754189315252 0
1671396767511 163.18565037590452 0
1671396931918 163.87326750694774 0
1671397095044 162.5669773479458 0
1671397260217 164.59393849410117 0
1671397613078 163.00563176791184 0
1671397778042 164.43420249479823 0
1671397944228 165.65301111503504 0
1671398110755 165.93515177094378 0
1671398274152 162.8253524210304 0
1671398656887 163.20046088588424 0
1671398823920 166.48143990710378 0
1671398987809 163.2602503199596 0
1671399151655 163.22120373602957 0
1671399318504 166.23904736014083 0
1671399715696 163.10980189405382 0
1671399881351 165.0572264259681 0
1671400044225 162.2626657411456 0
1671400208928 164.07840818283148 0
1671400372954 163.433196375845 0
1671400784138 163.6990963469725 0
1671400950971 166.1785860520322 0
1671401115519 163.87647734605707 0
1671401279941 163.75579682714306 0
1671401444491 163.90490942401811 0
1671401889572 164.22493217885494 0
1671402144852 254.60724273812957 0
1671402310267 164.8103960151784 0
1671402477367 166.42701651295647 0
1671402642817 164.83462777896784 0
1671403094298 167.21795839001425 0
1671403261961 166.96081304503605 0
1671403426735 164.0785518719349 0
1671403597108 169.70123885711655 0
1671403765355 167.6075423671864 0
1671404230041 165.5231736449059 0
1671404396816 165.98462219093926 0
1671404561088 163.52165459399112 0
1671404727751 165.94204763299786 0
1671404895947 167.4173145070672 0
1671405384304 166.89147672895342 0
1671405550405 165.37345358007587 0
1671405714889 163.76901606284082 0
1671405881396 165.72888072906062 0
1671406047574 165.40559921902604 0
