1678708259250 4.381016743835062 0
1678708263679 4.261226430069655 0
1678708268081 4.2225630967877805 0
1678708272525 4.265522281173617 0
1678708276964 4.265903613064438 0
1678708281436 4.300321858376265 0
1678708285916 4.30029031354934 0
1678708290387 4.2798575279302895 0
1678708294779 4.2266722223721445 0
1678708299209 4.245420244988054 0
1678708367745 5.180010436102748 0
1678708373079 5.16330017382279 0
1678708378354 5.110463757999241 0
1678708383718 5.1848829770460725 0
1678708389006 5.138187612872571 0
1678708394512 5.325050080195069 0
1678708399879 5.207088424358517 0
1678708405150 5.109913669060916 0
1678708410565 5.256868469063193 0
1678708415912 5.1622442291118205 0
1678708484842 5.467342110816389 0
1678708490363 5.369525580201298 0
1678708496106 5.589901799801737 0
1678708501671 5.413736905902624 0
1678708507370 5.540201167110354 0
1678708512960 5.439027688000351 0
1678708518595 5.460601408965886 0
1678708524174 5.413480111863464 0
1678708529863 5.5217559528537095 0
1678708535537 5.505140593741089 0
1678708604786 5.394189972896129 0
1678708610572 5.627483187243342 0
1678708616049 5.333950253203511 0
1678708621867 5.675399520434439 0
1678708627649 5.631901688408107 0
1678708633250 5.460677268914878 0
1678708639057 5.679301338270307 0
1678708644653 5.43834656663239 0
1678708650251 5.4499686900526285 0
1678708655915 5.514487483073026 0
1678708725972 6.131238338071853 0
1678708732273 6.155750445090234 0
1678708738621 6.2039764379151165 0
1678708745049 6.288670088164508 0
1678708751500 6.312197939027101 0
1678708757876 6.220366045832634 0
1678708764259 6.230680161621422 0
1678708770535 6.1149738118983805 0
1678708776811 6.1279788189567626 0
1678708783072 6.114787336904556 0
1678708853977 6.963362463749945 0
1678708860946 6.817879188805819 0
1678708867956 6.846563514787704 0
1678708875261 7.157770853955299 0
1678708882434 7.013388991355896 0
1678708889312 6.7425118228420615 0
1678708896555 7.099284917116165 0
1678708903804 7.091123844962567 0
1678708910723 6.775081318803132 0
1678708917897 7.012396407779306 0
1678708990284 7.822659526951611 0
1678708997825 7.381386309862137 0
1678709005330 7.353465972933918 0
1678709012883 7.418121880851686 0
1678709020473 7.443123148288578 0
1678709028225 7.596757300198078 0
1678709036270 7.892873900011182 0
1678709043992 7.563141203951091 0
1678709052109 7.950778464321047 0
1678709059893 7.643913089297712 0
1678709132768 8.078544848132879 0
1678709140889 7.958158517256379 0
1678709148889 7.855332113336772 0
1678709157063 8.027962534222752 0
1678709165249 8.031191281974316 0
1678709173359 7.957515066955239 0
1678709181430 7.910794817842543 0
1678709189446 7.8586060563102365 0
1678709197737 8.148100045975298 0
1678709206262 8.358867667149752 0
1678709280332 9.096871443092823 0
1678709289178 8.683146884199232 0
1678709297845 8.511630934197456 0
1678709307030 9.040684798266739 0
1678709315754 8.558948390651494 0
1678709325088 9.185150471050292 0
1678709334032 8.785126967355609 0
1678709343131 8.95926064113155 0
1678709352273 8.985875431913882 0
1678709361070 8.656574403867126 0
1678709435516 9.298513880930841 0
1678709444749 9.0964535609819 0
1678709454299 9.400255443993956 0
1678709463552 9.099849450867623 0
1678709473368 9.650195927824825 0
1678709483191 9.66847557388246 0
1678709492590 9.252770632039756 0
1678709501736 9.004542445763946 0
1678709511499 9.595992804970592 0
1678709520706 9.055815618019551 0
1678709595862 9.813368163071573 0
1678709605974 9.950982748065144 0
1678709616418 10.274606236256659 0
1678709626629 10.041686156298965 0
1678709636622 9.83120997576043 0
1678709646779 9.99885285180062 0
1678709656908 9.98978157620877 0
1678709666949 9.89087597001344 0
1678709677005 9.909644136670977 0
1678709687197 10.042081632185727 0
1678709763317 11.055958455894142 0
1678709774267 10.81113460008055 0
1678709785110 10.70079779997468 0
1678709795792 10.523933712858707 0
1678709806508 10.533964562229812 0
1678709816738 10.066169653087854 0
1678709827597 10.720285814721137 0
1678709838327 10.561011255253106 0
1678709848838 10.364409332163632 0
1678709859500 10.51864252332598 0
1678709936322 11.24502090504393 0
1678709947765 11.301291888114065 0
1678709959446 11.529710301663727 0
1678709970515 10.907233597710729 0
1678709981538 10.88072634395212 0
1678709992570 10.8757195151411 0
1678710003966 11.238300517201424 0
1678710015461 11.348557767923921 0
1678710026613 10.988040179945529 0
1678710037742 10.967078486923128 0
1678710114967 11.932404502294958 0
1678710127019 11.876413732301444 0
1678710138919 11.73790927696973 0
1678710150903 11.841502455063164 0
1678710162904 11.845799446571618 0
1678710174788 11.723920186050236 0
1678710187033 12.096557955257595 0
1678710198950 11.748417545109987 0
1678710211230 12.134183930698782 0
1678710223461 12.067898598033935 0
1678710301360 12.539755179081112 0
1678710314199 12.694796162191778 0
1678710326761 12.406104946043342 0
1678710339214 12.303938631899655 0
1678710351846 12.465349894016981 0
1678710364373 12.392437186092138 0
1678710376916 12.390198903158307 0
1678710389521 12.434586195740849 0
1678710402064 12.382511119823903 0
1678710414679 12.460608082823455 0
1678710493818 13.108680338133126 0
1678710507523 13.54681800166145 0
1678710520862 13.181531276088208 0
1678710534329 13.305580937303603 0
1678710548020 13.531134924851358 0
1678710561465 13.281515037175268 0
1678710574721 13.105581240728498 0
1678710588139 13.251974867656827 0
1678710601468 13.172699766233563 0
1678710614856 13.232606074307114 0
1678710694857 13.44536514300853 0
1678710708632 13.614285341929644 0
1678710722281 13.490814194083214 0
1678710735857 13.423545693047345 0
1678710749947 13.929320770315826 0
1678710763926 13.808161868248135 0
1678710778136 14.045785552356392 0
1678710792278 13.987965769134462 0
1678710805847 13.424658318981528 0
1678710819499 13.478762654121965 0
1678710900885 14.716808382887393 0
1678710915268 14.223389477934688 0
1678710929678 14.241145761217922 0
1678710944168 14.332323723006994 0
1678710958685 14.365638646297157 0
1678710973069 14.227726880926639 0
1678710987601 14.371361979283392 0
1678711002226 14.452754452824593 0
1678711016696 14.327293182257563 0
1678711031208 14.369601055979729 0
1678711113329 15.116562008392066 0
1678711128803 15.312235530931503 0
1678711144051 15.10480805998668 0
1678711159259 15.046339557040483 0
1678711174284 14.870042540133 0
1678711189349 14.902319474611431 0
1678711204696 15.175932879094034 0
1678711220057 15.200765375979245 0
1678711235368 15.152405231259763 0
1678711250655 15.097820473834872 0
1678711332332 14.516640705987811 0
1678711348228 15.756417711731046 0
1678711363807 15.415781957097352 0
1678711380074 16.09451603004709 0
1678711395741 15.493731573224068 0
1678711411715 15.803296915255487 0
1678711427472 15.582799999974668 0
1678711443389 15.763757703825831 0
1678711459131 15.591288655065 0
1678711474712 15.41801053006202 0
