1678708259235 0.7995735607675906 0
1678708263660 0.9610112701797137 0
1678708268052 0.9911666159000914 0
1678708272508 0.9984770027413951 0
1678708276940 0.9975632043862321 0
1678708281417 0.9990862016448371 0
1678708285889 0.999695400548279 0
1678708290364 0.999695400548279 0
1678708294757 0.999695400548279 0
1678708299180 0.999695400548279 0
1678708367717 0.9163063619518221 0
1678708373055 0.9959851760345892 0
1678708378335 0.9972205064854849 0
1678708383694 0.9993823347745522 0
1678708388996 0.9987646695491044 0
1678708394488 0.9978381717109327 0
1678708399859 0.9990735021618283 0
1678708405131 0.9959851760345892 0
1678708410533 0.9962940086473132 0
1678708415895 0.9987646695491044 0
1678708484811 0.8659666460778258 0
1678708490345 0.9836318715256331 0
1678708496078 0.9959851760345892 0
1678708501658 0.9990735021618283 0
1678708507351 0.9975293390982087 0
1678708512949 0.9996911673872761 0
1678708518576 0.9996911673872761 0
1678708524150 0.9993823347745522 0
1678708529836 0.9987646695491044 0
1678708535515 0.9993823347745522 0
1678708604758 0.7229771463866584 0
1678708610555 0.942557134033354 0
1678708616035 0.9851760345892526 0
1678708621852 0.9919703520691785 0
1678708627630 0.993823347745522 0
1678708633238 0.9919703520691785 0
1678708639048 0.9941321803582458 0
1678708644634 0.9993823347745522 0
1678708650232 0.9978381717109327 0
1678708655896 0.9966028412600371 0
1678708725947 0.5475602223594812 0
1678708732255 0.845892526250772 0
1678708738594 0.9376158122297714 0
1678708745028 0.967881408276714 0
1678708751481 0.9925880172946263 0
1678708757847 0.9966028412600371 0
1678708764237 0.9898085237801112 0
1678708770517 0.9956763434218654 0
1678708776792 0.9962940086473132 0
1678708783052 0.9990735021618283 0
1678708853961 0.45243977764051885 0
1678708860917 0.8452748610253242 0
1678708867924 0.948733786287832 0
1678708875230 0.9817788758492897 0
1678708882410 0.9910438542310068 0
1678708889293 0.9916615194564546 0
1678708896537 0.9913526868437307 0
1678708903781 0.9953675108091414 0
1678708910698 0.9953675108091414 0
1678708917873 0.9956763434218654 0
1678708990261 0.3483631871525633 0
1678708997801 0.7464484249536751 0
1678709005302 0.8993205682520075 0
1678709012861 0.9703520691785052 0
1678709020450 0.9817788758492897 0
1678709028195 0.9910438542310068 0
1678709036250 0.9873378628783199 0
1678709043971 0.990426189005559 0
1678709052077 0.9941321803582458 0
1678709059871 0.9969116738727609 0
1678709132739 0.33600988264360715 0
1678709140854 0.7649783817171093 0
1678709148870 0.9274243360098826 0
1678709157045 0.9802347127856702 0
1678709165228 0.9907350216182829 0
1678709173339 0.984249536751081 0
1678709181412 0.9919703520691785 0
1678709189428 0.9953675108091414 0
1678709197715 0.9941321803582458 0
1678709206234 0.9950586781964176 0
1678709280299 0.3128474366893144 0
1678709289149 0.7378011117974058 0
1678709297828 0.9088943792464484 0
1678709307004 0.9712785670166769 0
1678709315734 0.9867201976528721 0
1678709325059 0.9962940086473132 0
1678709334007 0.9944410129709698 0
1678709343099 0.9975293390982087 0
1678709352257 0.9975293390982087 0
1678709361051 0.9950586781964176 0
1678709435486 0.29462631253860405 0
1678709444732 0.7489190858554663 0
1678709454280 0.9215565163681285 0
1678709463533 0.9694255713403336 0
1678709473341 0.9916615194564546 0
1678709483163 0.9962940086473132 0
1678709492568 0.9944410129709698 0
1678709501713 0.9962940086473132 0
1678709511471 0.9969116738727609 0
1678709520685 0.9950586781964176 0
1678709595830 0.39036442248301423 0
1678709605939 0.8196417541692402 0
1678709616394 0.9360716491661519 0
1678709626607 0.9777640518838789 0
1678709636591 0.990426189005559 0
1678709646738 0.993823347745522 0
1678709656887 0.9969116738727609 0
1678709666919 0.984249536751081 0
1678709676970 0.9959851760345892 0
1678709687177 0.9941321803582458 0
1678709763283 0.278875849289685 0
1678709774248 0.695491043854231 0
1678709785085 0.8965410747374922 0
1678709795772 0.9635577516985794 0
1678709806484 0.9879555281037677 0
1678709816712 0.9947498455836936 0
1678709827576 0.9962940086473132 0
1678709838299 0.9882643607164917 0
1678709848821 0.9928968499073502 0
1678709859482 0.9956763434218654 0
1678709936300 0.28381717109326743 0
1678709947747 0.7319332921556516 0
1678709959422 0.9258801729462631 0
1678709970496 0.9805435453983941 0
1678709981517 0.9969116738727609 0
1678709992549 0.993514515132798 0
1678710003945 0.9910438542310068 0
1678710015441 0.993823347745522 0
1678710026584 0.9984558369363805 0
1678710037719 0.9987646695491044 0
1678710114941 0.30883261272390367 0
1678710126989 0.7495367510809141 0
1678710138881 0.9274243360098826 0
1678710150883 0.9836318715256331 0
1678710162872 0.9925880172946263 0
1678710174769 0.9910438542310068 0
1678710187011 0.9922791846819025 0
1678710198920 0.9978381717109327 0
1678710211206 0.9959851760345892 0
1678710223439 0.9993823347745522 0
1678710301339 0.39592340951204447 0
1678710314180 0.8119209388511427 0
1678710326738 0.9555281037677579 0
1678710339195 0.9882643607164917 0
1678710351827 0.9919703520691785 0
1678710364353 0.990117356392835 0
1678710376896 0.9898085237801112 0
1678710389494 0.9956763434218654 0
1678710402042 0.9925880172946263 0
1678710414660 0.9978381717109327 0
1678710493794 0.3066707844348363 0
1678710507505 0.7415071031500926 0
1678710520833 0.9138357010500309 0
1678710534297 0.9759110562075355 0
1678710547992 0.9928968499073502 0
1678710561446 0.9932056825200741 0
1678710574696 0.993823347745522 0
1678710588112 0.9922791846819025 0
1678710601432 0.9947498455836936 0
1678710614835 0.993823347745522 0
1678710694831 0.4277331686226066 0
1678710708613 0.8307597282273008 0
1678710722258 0.9521309450277949 0
1678710735838 0.9888820259419395 0
1678710749927 0.9916615194564546 0
1678710763906 0.9941321803582458 0
1678710778109 0.9956763434218654 0
1678710792252 0.9987646695491044 0
1678710805825 0.9981470043236566 0
1678710819464 0.9993823347745522 0
1678710900865 0.3298332303891291 0
1678710915240 0.7637430512662137 0
1678710929657 0.9302038295243977 0
1678710944144 0.9728227300802965 0
1678710958658 0.9854848672019765 0
1678710973049 0.9962940086473132 0
1678710987581 0.9975293390982087 0
1678711002194 0.9981470043236566 0
1678711016673 0.9984558369363805 0
1678711031187 0.9950586781964176 0
1678711113309 0.3795552810376776 0
1678711128777 0.820259419394688 0
1678711144030 0.9508956145768993 0
1678711159238 0.9876466954910439 0
1678711174264 0.9922791846819025 0
1678711189328 0.9922791846819025 0
1678711204662 0.9922791846819025 0
1678711220034 0.9932056825200741 0
1678711235340 0.9919703520691785 0
1678711250623 0.9876466954910439 0
1678711332308 0.3248919085855466 0
1678711348208 0.7353304508956146 0
1678711363779 0.9039530574428659 0
1678711380053 0.9756022235948116 0
1678711395706 0.9925880172946263 0
1678711411681 0.993823347745522 0
1678711427450 0.9944410129709698 0
1678711443368 0.9953675108091414 0
1678711459099 0.9969116738727609 0
1678711474679 0.9981470043236566 0
