1678708259243 0.6026298748513674 0
1678708263671 0.12166182540227755 0
1678708268068 0.04387424962877083 0
1678708272518 0.01604759328105883 0
1678708276954 0.01187610320753707 0
1678708281429 0.00937887520024095 0
1678708285906 0.006039815756713304 0
1678708290377 0.004348343536879004 0
1678708294770 0.0034241650500052537 0
1678708299197 0.0033384993094514046 0
1678708367734 0.3515954974456618 0
1678708373069 0.025846445358889275 0
1678708378347 0.017625426534169836 0
1678708383707 0.009305098000856334 0
1678708389002 0.008391101312506633 0
1678708394502 0.014539219229640308 0
1678708399871 0.009117599990888464 0
1678708405142 0.015417548367055276 0
1678708410552 0.014714311440765784 0
1678708415905 0.007725521682521732 0
1678708484829 0.6258789730926146 0
1678708490356 0.0666574143549776 0
1678708496096 0.023394694564480924 0
1678708501666 0.013568698666147645 0
1678708507362 0.016173132073417206 0
1678708512955 0.00864389809993239 0
1678708518587 0.007018901421812175 0
1678708524165 0.006111190862001056 0
1678708529849 0.00660313215449572 0
1678708535528 0.00608000552386432 0
1678708604775 1.318705199455464 0
1678708610565 0.20303837289553944 0
1678708616043 0.07340367641840694 0
1678708621862 0.039999985037724714 0
1678708627641 0.034109726364116306 0
1678708633242 0.0404322842127972 0
1678708639053 0.028952550426024282 0
1678708644646 0.013058121262637092 0
1678708650244 0.012135103206858362 0
1678708655907 0.02166021452357255 0
1678708725959 2.3056663183462036 0
1678708732266 0.48953500598061594 0
1678708738610 0.22188628872211072 0
1678708745040 0.12335772886343066 0
1678708751493 0.05595336564534089 0
1678708757866 0.03236406756227881 0
1678708764249 0.048611649499033766 0
1678708770528 0.035028553638581955 0
1678708776804 0.026171332668142602 0
1678708783064 0.016292043764275337 0
1678708853972 2.732930670703466 0
1678708860936 0.5309021795436584 0
1678708867942 0.21378434816210853 0
1678708875249 0.10242489961432115 0
1678708882424 0.058588501873614245 0
1678708889304 0.05192054893736341 0
1678708896548 0.051302336998527764 0
1678708903795 0.03423245314685852 0
1678708910712 0.03280205555246375 0
1678708917887 0.030121149905969362 0
1678708990275 3.2771279521751286 0
1678708997815 0.8387155465095996 0
1678709005320 0.36725367581755974 0
1678709012874 0.16151024332158428 0
1678709020462 0.11071027570517436 0
1678709028214 0.0771424309790613 0
1678709036262 0.07925671950175926 0
1678709043984 0.06669563785830422 0
1678709052094 0.0536292978804593 0
1678709059885 0.04185450757687441 0
1678709132757 3.4710793554819683 0
1678709140872 0.8281184670511331 0
1678709148882 0.32476623277188527 0
1678709157056 0.14192763747735992 0
1678709165241 0.0989219957917763 0
1678709173352 0.10998926249604817 0
1678709181423 0.08780603490912524 0
1678709189439 0.06637810961267991 0
1678709197727 0.06642509813732833 0
1678709206248 0.06924302748061022 0
1678709280320 3.5963285131318985 0
1678709289168 0.9244299299043958 0
1678709297839 0.4026354593653381 0
1678709307015 0.2007583617206854 0
1678709315746 0.13479831452131125 0
1678709325075 0.10562488353863551 0
1678709334022 0.09407579237071727 0
1678709343119 0.08457690421227249 0
1678709352267 0.07650759622887228 0
1678709361064 0.0834284210790448 0
1678709435504 3.6267308936286957 0
1678709444742 0.9180138756862167 0
1678709454292 0.3847068310741144 0
1678709463545 0.21852330406040524 0
1678709473356 0.1474090570870412 0
1678709483177 0.12066756412524954 0
1678709492579 0.11750152823069421 0
1678709501726 0.10831367921652509 0
1678709511489 0.09793686815218251 0
1678709520698 0.10343661505804892 0
1678709595850 3.3110130305935233 0
1678709605961 0.7062000575221712 0
1678709616407 0.35454635740872736 0
1678709626620 0.20897243547910815 0
1678709636610 0.15918427223478887 0
1678709646762 0.14389242560426124 0
1678709656900 0.12236770264081855 0
1678709666939 0.16158288957492448 0
1678709676987 0.12327948034067372 0
1678709687190 0.11993933835833658 0
1678709763305 3.463016138134215 0
1678709774260 1.0554282355264353 0
1678709785097 0.4976183674525449 0
1678709795785 0.289141044379606 0
1678709806499 0.2034092382047558 0
1678709816727 0.16512518377492574 0
1678709827588 0.15397679400782735 0
1678709838316 0.1774717066448511 0
1678709848831 0.16221856367742668 0
1678709859493 0.15084815467118187 0
1678709936313 3.529149301851731 0
1678709947758 1.0026495735758687 0
1678709959435 0.45838567053115686 0
1678709970507 0.2707585686147029 0
1678709981530 0.21310621065589805 0
1678709992563 0.20441130976238098 0
1678710003958 0.2145136070516538 0
1678710015454 0.19607299643581924 0
1678710026598 0.1759280400779823 0
1678710037734 0.1653725515919898 0
1678710114952 3.342048198960312 0
1678710127007 0.9739614741311831 0
1678710138905 0.4736152409476362 0
1678710150896 0.2906181328527864 0
1678710162893 0.24073002336936794 0
1678710174781 0.23052120996596565 0
1678710187024 0.22461872799592375 0
1678710198939 0.1978035197352244 0
1678710211219 0.19477008944900776 0
1678710223452 0.18182092236839303 0
1678710301352 2.8168626309472002 0
1678710314192 0.7728706277985128 0
1678710326752 0.3859285336353663 0
1678710339207 0.2770780013474953 0
1678710351839 0.24407193585632023 0
1678710364365 0.24424338856179306 0
1678710376908 0.24627282514183368 0
1678710389509 0.2170287614401805 0
1678710402055 0.22226125892847684 0
1678710414671 0.20137581974728155 0
1678710493809 3.16044481600266 0
1678710507516 1.0325829309766272 0
1678710520851 0.5380263520362129 0
1678710534317 0.3457179272741797 0
1678710548010 0.2752904360716986 0
1678710561457 0.2687174460267932 0
1678710574709 0.24705271609702767 0
1678710588129 0.24902778072368958 0
1678710601456 0.23945476848303057 0
1678710614848 0.23204916870247957 0
1678710694847 2.9298114675736264 0
1678710708624 0.778788278248665 0
1678710722272 0.43736053006453157 0
1678710735849 0.3244078408942832 0
1678710749938 0.2896240561040851 0
1678710763918 0.2657244550806273 0
1678710778121 0.2594031154409907 0
1678710792267 0.23860165625902663 0
1678710805838 0.23164826374756398 0
1678710819483 0.22269608394241097 0
1678710900877 3.090747951356771 0
1678710915257 1.003098283931751 0
1678710929669 0.5398485065611002 0
1678710944158 0.3851887409594267 0
1678710958674 0.3328879400857663 0
1678710973061 0.2851212650555899 0
1678710987592 0.2691029432822776 0
1678711002214 0.2610381487492355 0
1678711016684 0.24881560387178436 0
1678711031200 0.2562142475804405 0
1678711113320 2.8659265263718243 0
1678711128792 0.8501534799207059 0
1678711144042 0.48197608755428606 0
1678711159250 0.3661549561475809 0
1678711174276 0.32179522587974696 0
1678711189341 0.31561908919256065 0
1678711204684 0.30596791368859133 0
1678711220048 0.29606267822753357 0
1678711235353 0.3012140021786563 0
1678711250643 0.31554319917088014 0
1678711332322 3.0462876941923596 0
1678711348220 1.1546529959277505 0
1678711363794 0.6758511212963318 0
1678711380066 0.4615065721430257 0
1678711395729 0.38017428374128476 0
1678711411703 0.35961888490303423 0
1678711427463 0.3556824121819815 0
1678711443381 0.3352471128004874 0
1678711459111 0.31977214895699624 0
1678711474700 0.30971901101267874 0
