1679135419912 0.35909482814809857 0
1679135422514 0.11265799237013448 0
1679135425169 0.10920413726411175 0
1679135427826 0.056738965334279426 0
1679135430441 0.07141041757958923 0
1679135433098 0.049606199930399185 0
1679135435727 0.028553033072396417 0
1679135438394 0.006457727306291881 0
1679135440987 0.0011741545632842235 0
1679135443693 0.0024771374645413246 0
1679135512915 0.3119034234775094 0
1679135517338 0.0716448648108692 0
1679135521966 0.037829480200534595 0
1679135526616 0.027277499262212276 0
1679135531068 0.040981935137718147 0
1679135535536 0.01979178964474846 0
1679135539958 0.0126918218977552 0
1679135544581 0.017095550600451377 0
1679135549527 0.0079433748189597 0
1679135554307 0.013069164176580139 0
1679135613770 0.31713568919386825 0
1679135619582 0.05294118241345546 0
1679135626439 0.03199251806863063 0
1679135633041 0.03220122374359295 0
1679135639566 0.022690789511841374 0
1679135645319 0.02523634151134872 0
1679135651262 0.030174758059563454 0
1679135657304 0.014652397626357196 0
1679135664141 0.00430692543505558 0
1679135670164 0.007845617433081953 0
1679135739632 0.365720771993624 0
1679135747470 0.06354852906519139 0
1679135754873 0.045406327683481434 0
1679135762473 0.026364090796911425 0
1679135770192 0.030105910592686906 0
1679135778306 0.026762693124923007 0
1679135786692 0.011647839067296533 0
1679135795310 0.010416833291687575 0
1679135803680 0.039072064644394076 0
1679135811317 0.016906817044840997 0
1679135886310 0.30191361432298436 0
1679135896390 0.0533381705655529 0
1679135906715 0.03525379265423112 0
1679135916423 0.00942823167055451 0
1679135926116 0.038039996617598604 0
1679135936727 0.010136452994650824 0
1679135945877 0.023138473489254352 0
1679135956381 0.030312548037187526 0
1679135966442 0.01178901832212631 0
1679135976229 0.012550531419206479 0
1679136049697 0.3441090212122166 0
1679136061362 0.06331398735547862 0
1679136073549 0.04312954203356285 0
1679136085752 0.027440319982204944 0
1679136098345 0.026457734240176525 0
1679136110140 0.03258827293491156 0
1679136122348 0.018857202219853236 0
1679136133421 0.01889814748266088 0
1679136144033 0.011776773681908449 0
1679136156686 0.030484738844943494 0
1679136228597 0.3865948140239836 0
1679136242294 0.08671380843404417 0
1679136255657 0.053648092762260985 0
1679136269600 0.03931216354706073 0
1679136283313 0.0242876393594668 0
1679136297781 0.028900250386752185 0
1679136311581 0.024550285411738683 0
1679136325731 0.02485326471652599 0
1679136338799 0.018542152006147537 0
1679136350731 0.017342927885482643 0
1679136420184 0.3610747295920169 0
1679136436607 0.0837608387216034 0
1679136452498 0.050261041798157526 0
1679136466863 0.04320544887189654 0
1679136482092 0.038362061908548815 0
1679136497722 0.022043956379204203 0
1679136512986 0.013045728601070172 0
1679136528476 0.02945627349004653 0
1679136544613 0.023248496994790736 0
1679136560832 0.018209202261131416 0
1679136638335 0.34218834057416997 0
1679136655654 0.07904050412835283 0
1679136673695 0.045251915028834244 0
1679136691117 0.03444223913179273 0
1679136709097 0.03049070894805387 0
1679136725761 0.02687160502118254 0
1679136744681 0.022676100848644007 0
1679136762754 0.026682991846633152 0
1679136780585 0.025877335635728388 0
1679136797835 0.01538092177777568 0
1679136878398 0.38429533012625877 0
1679136897073 0.09516274107302107 0
1679136916834 0.05931078224166058 0
1679136937054 0.040979394200172777 0
1679136956403 0.035988585838594433 0
1679136975739 0.02797598081947554 0
1679136995871 0.024857851779280037 0
1679137015747 0.027279579249528667 0
1679137034366 0.023515202572875198 0
1679137053698 0.021392015417737505 0
1679137128159 0.3567686717272389 0
1679137149724 0.1116633158335196 0
1679137171897 0.06611620772610419 0
1679137193399 0.05212869453234107 0
1679137214483 0.03207144956475028 0
1679137236896 0.03506070450301659 0
1679137258058 0.030630613788584504 0
1679137278396 0.025351999674504563 0
1679137300044 0.02801543250324622 0
1679137321259 0.02713454571715613 0
1679137407908 0.41886134406137127 0
1679137431197 0.1180414485547103 0
1679137454153 0.0653814505932996 0
1679137476108 0.047955206834528044 0
1679137499184 0.03934415203183585 0
1679137523283 0.03849010588751952 0
1679137545668 0.02799436211397793 0
1679137568689 0.026609756670380073 0
1679137591236 0.029208962590669095 0
1679137615036 0.029632115331035595 0
1679137699729 0.3789960431215016 0
1679137724461 0.1166663263598863 0
1679137749904 0.0708545550732997 0
1679137774093 0.05332085923937136 0
1679137799187 0.0415294067485153 0
1679137824297 0.03632797715429995 0
1679137849241 0.03317405484518594 0
1679137874075 0.03432255078436136 0
1679137898629 0.029985592106319618 0
1679137923222 0.02734398455138989 0
1679138014232 0.3936395352013334 0
1679138041275 0.11203903246172062 0
1679138068711 0.07227873272511558 0
1679138092841 0.051238143352803744 0
1679138118724 0.04352536258281303 0
1679138145741 0.032875309208862155 0
1679138172451 0.03506088411357314 0
1679138196382 0.03127090678695508 0
1679138220655 0.03170079662291834 0
1679138246215 0.02515366035144867 0
1679138340195 0.39663891347581753 0
1679138368217 0.12555701383425866 0
1679138397105 0.0815289543327144 0
1679138423418 0.06105270910055641 0
1679138452486 0.0471511085173388 0
1679138481031 0.03848210154826672 0
1679138506999 0.0336336413497656 0
1679138535774 0.036226164796870006 0
1679138562911 0.03455408569414227 0
1679138592334 0.03465418722255208 0
1679138683435 0.38990732932779404 0
1679138711536 0.12909750760701438 0
1679138741533 0.08553724993481204 0
1679138772587 0.06697633515469932 0
1679138803319 0.04515919265657537 0
1679138833854 0.04408761667374492 0
1679138864741 0.04226835682341764 0
1679138895059 0.03970147107911139 0
1679138924456 0.034670214214151146 0
1679138953003 0.034685271192333895 0
1679139054059 0.36378533605943003 0
1679139087598 0.1325281794014608 0
1679139118927 0.09337597581524186 0
1679139150467 0.06592300031675348 0
1679139181472 0.05079049361570427 0
1679139212615 0.04654342189653124 0
1679139245272 0.04125407568190319 0
1679139275942 0.04194599419103908 0
1679139305243 0.03796136466472915 0
1679139337571 0.040157386492002484 0
1679139426027 0.35614507616403485 0
1679139458910 0.14132273354464037 0
1679139493465 0.09393697874959839 0
1679139526919 0.06964307727949555 0
1679139562100 0.052641460735856994 0
1679139595874 0.046337233474683395 0
1679139630321 0.04602255716591085 0
1679139664345 0.043605408978869505 0
1679139696644 0.0430753111212222 0
1679139731177 0.03926141495548772 0
1679139834824 0.3295755022284974 0
1679139871901 0.12015822120839917 0
1679139908314 0.07344853635040094 0
1679139943951 0.05481081762541159 0
1679139979628 0.047831388059994484 0
1679140013785 0.04546835067144249 0
1679140048918 0.042393947626772906 0
1679140085295 0.04283740914205083 0
1679140119517 0.042630330579738356 0
1679140152935 0.039962856765453074 0
1679140244553 0.3257132057390693 0
1679140283043 0.12164142653416445 0
1679140316824 0.08316566610461017 0
1679140355978 0.0669200616756493 0
1679140389916 0.05552918131986474 0
1679140426547 0.05095125566076923 0
1679140462608 0.044941045646405484 0
1679140500418 0.043962254211912584 0
1679140537833 0.043609841635142955 0
1679140574739 0.04091224654172922 0
