1679135419916 2.6247604549862444 0
1679135422518 2.4547745210002176 0
1679135425177 2.526503228000365 0
1679135427830 2.5058212479925714 0
1679135430445 2.4881660810206085 0
1679135433102 2.537209823029116 0
1679135435731 2.509819196013268 0
1679135438398 2.539368772006128 0
1679135440991 2.4498101730132475 0
1679135443697 2.5798194599919952 0
1679135512920 4.128026305988897 0
1679135517342 4.287970014032908 0
1679135521971 4.477089831023477 0
1679135526621 4.5237917710328475 0
1679135531073 4.307531807979103 0
1679135535541 4.339736471010838 0
1679135539963 4.278334203991108 0
1679135544586 4.483975292008836 0
1679135549532 4.800844646990299 0
1679135554312 4.6405355330207385 0
1679135613774 5.519813438993879 0
1679135619587 5.668379451963119 0
1679135626444 6.705215134948958 0
1679135633046 6.462490437028464 0
1679135639571 6.380352373991627 0
1679135645323 5.622777334006969 0
1679135651267 5.796920722001232 0
1679135657309 5.91250106098596 0
1679135664146 6.664779379963875 0
1679135670169 5.87806154898135 0
1679135739637 8.43741300900001 0
1679135747475 7.700382165960036 0
1679135754878 7.252623273991048 0
1679135762478 7.458847425004933 0
1679135770197 7.576318975945469 0
1679135778311 7.959596925007645 0
1679135786697 8.228206433006562 0
1679135795314 8.466852031007875 0
1679135803685 8.223660964984447 0
1679135811322 7.498729993996676 0
1679135886315 10.373416565009393 0
1679135896395 9.936546121025458 0
1679135906720 10.172557223006152 0
1679135916428 9.555623792984989 0
1679135926121 9.5368308640318 0
1679135936732 10.478391665033996 0
1679135945882 9.00516644900199 0
1679135956386 10.344144453003537 0
1679135966447 9.916284950973932 0
1679135976234 9.608595879981294 0
1679136049702 10.923950385011267 0
1679136061367 11.523063558037393 0
1679136073554 12.036105188017245 0
1679136085757 12.04894372203853 0
1679136098350 12.439974959008396 0
1679136110146 11.628975117986556 0
1679136122354 12.060526124027092 0
1679136133426 10.915243897004984 0
1679136144038 10.459269436949398 0
1679136156691 12.493723824969493 0
1679136228602 14.17659728397848 0
1679136242299 13.528458987013437 0
1679136255662 13.206954269960988 0
1679136269606 13.773954263946507 0
1679136283319 13.559173265006393 0
1679136297786 14.32203879300505 0
1679136311587 13.63931107497774 0
1679136325736 13.985461451986339 0
1679136338805 12.891231980989687 0
1679136350737 11.759109915990848 0
1679136420189 15.631100589002017 0
1679136436613 16.26801424397854 0
1679136452504 15.728733433003072 0
1679136466869 14.204048177984077 0
1679136482098 15.074045098968782 0
1679136497728 15.468537546985317 0
1679136512992 15.100623395992443 0
1679136528482 15.329610424989369 0
1679136544619 15.982223102007993 0
1679136560838 16.06947891099844 0
1679136638341 17.35149879497476 0
1679136655660 17.158834748959634 0
1679136673702 17.87977208098164 0
1679136691123 17.280828482995275 0
1679136709103 17.81918734201463 0
1679136725767 16.51993454899639 0
1679136744687 18.765597238962073 0
1679136762760 17.904439125035424 0
1679136780591 17.672508136020042 0
1679136797841 17.089669258042704 0
1679136878405 19.130221997969784 0
1679136897079 18.519590632000472 0
1679136916841 19.607230775989592 0
1679136937061 20.079717518005054 0
1679136956410 19.198792376962956 0
1679136975745 19.16839116398478 0
1679136995879 19.957216979004443 0
1679137015753 19.714914023003075 0
1679137034372 18.44596432801336 0
1679137053704 19.177125049987808 0
1679137128165 20.702802415995393 0
1679137149732 21.39885218499694 0
1679137171903 22.010353560966905 0
1679137193405 21.340790804009885 0
1679137214490 20.913332719996106 0
1679137236903 22.252601107989904 0
1679137258065 21.010578938003164 0
1679137278403 20.181353440973908 0
1679137300051 21.490925600985065 0
1679137321266 21.05816399300238 0
1679137407915 23.28935494099278 0
1679137431204 23.127832362952176 0
1679137454159 22.79876214300748 0
1679137476115 21.797306385007687 0
1679137499191 22.923812642984558 0
1679137523290 23.951058947015554 0
1679137545674 22.229340702993795 0
1679137568695 22.87753097800305 0
1679137591243 22.395351131039206 0
1679137615043 23.644333629054017 0
1679137699736 25.015532481018454 0
1679137724467 24.58097779203672 0
1679137749911 25.29227668599924 0
1679137774101 24.03706169995712 0
1679137799194 24.930598494014703 0
1679137824304 24.944920049980283 0
1679137849248 24.776079428964294 0
1679137874082 24.682749998988584 0
1679137898636 24.390443697979208 0
1679137923229 24.433938650006894 0
1679138014239 23.427374421036802 0
1679138041282 26.87522252398776 0
1679138068718 27.284219571971335 0
1679138092848 23.96379668096779 0
1679138118731 25.725754642975517 0
1679138145749 26.852253657998517 0
1679138172458 26.543016877025366 0
1679138196389 23.781787514977623 0
1679138220662 24.122987948008813 0
1679138246222 25.407954063965008 0
1679138340202 28.51349250396015 0
1679138368224 27.870219337986782 0
1679138397113 28.72815839498071 0
1679138423426 26.13203907798743 0
1679138452493 28.910350657999516 0
1679138481039 28.385573219973594 0
1679138507006 25.794501775002573 0
1679138535781 28.61336638801731 0
1679138562918 26.99229479301721 0
1679138592342 29.260817979986314 0
1679138683443 30.033949705015402 0
1679138711544 27.948846703977324 0
1679138741540 29.834693148965016 0
1679138772595 30.890887451998424 0
1679138803327 30.581304538995028 0
1679138833866 30.359103230002802 0
1679138864749 30.71725637302734 0
1679138895067 30.1550518849981 0
1679138924463 29.231542708002962 0
1679138953011 28.39036743203178 0
1679139054067 32.92796313302824 0
1679139087606 33.37435648305109 0
1679139118936 31.17240421799943 0
1679139150475 31.383645505004097 0
1679139181482 30.83242741296999 0
1679139212623 30.971917748975102 0
1679139245280 32.48055545700481 0
1679139275950 30.50458955403883 0
1679139305255 29.142442188982386 0
1679139337580 32.15406657202402 0
1679139426036 33.11218562797876 0
1679139458919 32.724786503997166 0
1679139493473 34.39220659300918 0
1679139526928 33.275303984002676 0
1679139562108 35.00836693699239 0
1679139595882 33.605662294023205 0
1679139630329 34.279525845020544 0
1679139664354 33.8741515740403 0
1679139696653 32.12848342396319 0
1679139731185 34.37396320095286 0
1679139834833 36.43313398602186 0
1679139871910 36.9088796840515 0
1679139908323 36.24926191504346 0
1679139943960 35.47794305800926 0
1679139979637 35.50613471202087 0
1679140013794 33.98859204998007 0
1679140048927 34.9726484399871 0
1679140085303 36.20604637201177 0
1679140119526 34.055790273007005 0
1679140152943 33.25712843996007 0
1679140244562 35.2929695660132 0
1679140283052 38.32243013102561 0
1679140316833 33.61975318501936 0
1679140355988 38.99696901300922 0
1679140389924 33.7472395960358 0
1679140426556 36.465759641025215 0
1679140462617 35.89064698503353 0
1679140500427 37.64936532796128 0
1679140537841 37.23353735997807 0
1679140574748 36.73682830599137 0
