1679809912357 57.413138737902045 0
1679809972279 59.419684696011245 0
1679810029923 57.10891557496507 0
1679810087407 56.973752554971725 0
1679810145630 57.709052653983235 0
1679810203615 57.4639011840336 0
1679810260986 56.83805504895281 0
1679810319595 58.091517471009865 0
1679810377709 57.61502508702688 0
1679810435132 56.901882852078415 0
1679810455423 4.744137726025656 0
1679810460213 4.605121491011232 0
1679810465161 4.744214390986599 0
1679810470124 4.748534527956508 0
1679810475423 5.091988538042642 0
1679810480274 4.6420522620901465 0
1679810485093 4.614387661917135 0
1679810489995 4.6746890399372205 0
1679810494792 4.600898975040764 0
1679810499715 4.716426813043654 0
1679810520223 4.805786184966564 0
1679810525139 4.7080924700712785 0
1679810529958 4.6193001329666 0
1679810534767 4.608427859959193 0
1679810539764 4.811859050998464 0
1679810544577 4.594007954001427 0
1679810549449 4.669792640954256 0
1679810554273 4.616604850045405 0
1679810559384 4.889175777090713 0
1679810564213 4.617327588959597 0
1679810585475 4.9414954440435395 0
1679810590430 4.748433297965676 0
1679810595382 4.7419065840076655 0
1679810600265 4.675322758965194 0
1679810605260 4.783044992014766 0
1679810610194 4.734162413980812 0
1679810615031 4.630516872974113 0
1679810619965 4.717770206974819 0
1679810624987 4.827502361964434 0
1679810630023 4.827320732991211 0
1679810651014 4.6625799289904535 0
1679810656068 4.83981395396404 0
1679810661129 4.844163517002016 0
1679810666397 5.031529460917227 0
1679810671226 4.621957593015395 0
1679810676341 4.90965861803852 0
1679810681235 4.6834037019871175 0
1679810686151 4.714080453035422 0
1679810691155 4.780252537922934 0
1679810696312 4.950981229892932 0
1679810717771 4.732330398983322 0
1679810722598 4.600335367955267 0
1679810727442 4.625489806057885 0
1679810732365 4.6992721849819645 0
1679810737282 4.698100404930301 0
1679810742279 4.777985692024231 0
1679810747155 4.661375486990437 0
1679810752038 4.656734355026856 0
1679810757057 4.803959840093739 0
1679810761938 4.644206753000617 0
1679810784505 5.046511320979334 0
1679810789475 4.740677003981546 0
1679810794426 4.7142680620308965 0
1679810799440 4.798119541024789 0
1679810804923 5.260497445939109 0
1679810809943 4.801109086023644 0
1679810815012 4.846957946079783 0
1679810819971 4.744823232060298 0
1679810825088 4.892373363021761 0
1679810830073 4.76253651001025 0
1679810853114 4.7820841680513695 0
1679810858109 4.772008614963852 0
1679810863101 4.76922778505832 0
1679810868110 4.790486654965207 0
1679810873142 4.8041964820586145 0
1679810878153 4.786714004003443 0
1679810883129 4.766910575097427 0
1679810888248 4.906653610058129 0
1679810893271 4.780566861038096 0
1679810898121 4.6271119070006534 0
1679810922010 5.036737227928825 0
1679810926929 4.700914390035905 0
1679810932002 4.850891122943722 0
1679810937068 4.8499909329693764 0
1679810942193 4.90541711403057 0
1679810947160 4.758501469972543 0
1679810952310 4.91748942900449 0
1679810957525 4.982212424045429 0
1679810962465 4.717157653067261 0
1679810967571 4.864240785944276 0
1679810991558 4.965707971015945 0
1679810996583 4.813806336023845 0
1679811001692 4.894880473031662 0
1679811006622 4.72397613490466 0
1679811011874 5.0367002439452335 0
1679811016996 4.90446946490556 0
1679811022126 4.927857214934193 0
1679811027477 5.1283864410361275 0
1679811033082 5.346303150057793 0
1679811038439 5.121786195086315 0
1679811063888 4.772152689052746 0
1679811068951 4.832185819046572 0
1679811074138 4.9480183579726145 0
1679811079231 4.869518794002943 0
1679811084210 4.727719058981165 0
1679811089349 4.918445511022583 0
1679811094363 4.765086848987266 0
1679811099547 4.964623781037517 0
1679811104646 4.857448861002922 0
1679811109838 4.95763357297983 0
1679811134969 4.891262265969999 0
1679811140174 4.987321504042484 0
1679811145246 4.850230082985945 0
1679811150226 4.743522931006737 0
1679811155433 4.9305351849179715 0
1679811160791 5.1238944759825245 0
1679811165864 4.840107469004579 0
1679811171020 4.915768840000965 0
1679811176156 4.89397617301438 0
1679811181219 4.838104848982766 0
1679811207889 4.975281278952025 0
1679811213058 4.939443796989508 0
1679811218170 4.864030594006181 0
1679811223305 4.889419857994653 0
1679811228455 4.931743504013866 0
1679811233469 4.7641254749614745 0
1679811238793 5.074153632041998 0
1679811243926 4.8894727131119 0
1679811249111 4.95813053206075 0
1679811254377 5.033299689996056 0
1679811281351 4.92553109198343 0
1679811286560 4.953951857984066 0
1679811291651 4.848410399979912 0
1679811296594 4.723988884012215 0
1679811301905 5.081805277965032 0
1679811306984 4.830055649043061 0
1679811312075 4.859462189022452 0
1679811317215 4.922754403902218 0
1679811322430 4.988839322002605 0
1679811327644 4.979229144984856 0
1679811354212 4.878075054031797 0
1679811359234 4.78730774007272 0
1679811364077 4.621738133952022 0
1679811369209 4.858350901980884 0
1679811374301 4.854662184952758 0
1679811379579 5.009789231000468 0
1679811384678 4.8665741860168055 0
1679811389817 4.898054772056639 0
1679811395236 5.181308366940357 0
1679811400351 4.877968335989863 0
1679811428706 4.981681035016663 0
1679811433828 4.890649726032279 0
1679811438928 4.876280166907236 0
1679811444106 4.949112555012107 0
1679811449218 4.886888089007698 0
1679811454408 4.952767685987055 0
1679811459590 4.945422310964204 0
1679811464601 4.755067395046353 0
1679811469771 4.915771250030957 0
1679811474943 4.948797393008135 0
1679811502962 5.143940782989375 0
1679811508254 5.068656182964332 0
1679811513391 4.898543379968032 0
1679811518696 5.0663156100781634 0
1679811523698 4.758100820938125 0
1679811529090 5.127003383007832 0
1679811534330 4.991677265963517 0
1679811539556 4.997815176961012 0
1679811544781 4.987272398080677 0
1679811549946 4.932083164923824 0
1679811579176 5.041800734004937 0
1679811584481 5.054234198993072 0
1679811589857 5.135148748988286 0
1679811595085 4.993258998030797 0
1679811600270 4.926389868953265 0
1679811605515 5.009132020059042 0
1679811610911 5.164489328046329 0
1679811616131 4.971044973935932 0
1679811621306 4.933849013992585 0
1679811626598 5.0565725630149245 0
1679811656548 5.059936644975096 0
1679811661688 4.9002069709822536 0
1679811666795 4.875988073996268 0
1679811672077 5.03052895097062 0
1679811677466 5.12716469692532 0
1679811682709 4.988103060983121 0
1679811688030 5.084444573963992 0
1679811693283 4.955555332941003 0
1679811698593 5.0546216029906645 0
1679811703854 5.021405088016763 0
1679811733703 5.12284482002724 0
1679811738891 4.959387372015044 0
1679811744068 4.949879438034259 0
1679811749153 4.823257968062535 0
1679811754460 5.061216981965117 0
1679811759619 4.919402579078451 0
1679811764908 5.031667557079345 0
1679811770276 5.11185139301233 0
1679811775674 5.150136340991594 0
1679811781027 5.116781521006487 0
