1679267425283 0.575461273099862 0
1679267429477 0.1020736902696537 0
1679267433365 0.037995180772507894 0
1679267437211 0.01774488614333392 0
1679267441089 0.011946223166031653 0
1679267444987 0.00596115951981012 0
1679267448823 0.005187746909488102 0
1679267452491 0.00455492800706541 0
1679267456482 0.0034206344537190438 0
1679267460205 0.003260807016654415 0
1679267479109 0.952574462575071 0
1679267483924 0.12911070638573638 0
1679267488709 0.051742237444747895 0
1679267493762 0.02966581604571319 0
1679267498635 0.015209176908612397 0
1679267503983 0.01240840457452863 0
1679267509439 0.00863072280794857 0
1679267514497 0.006866638192578274 0
1679267519464 0.007314861054742234 0
1679267524308 0.006496917395327496 0
1679267543742 2.0779910765442193 0
1679267549272 0.4441816115788385 0
1679267554478 0.176039160174482 0
1679267559991 0.07315925881266594 0
1679267565398 0.04199427190035874 0
1679267570638 0.025352009686221387 0
1679267576112 0.018521494921479448 0
1679267581484 0.016099870104488788 0
1679267586839 0.00989109672852518 0
1679267592318 0.009381198385894737 0
1679267613854 2.521268037604351 0
1679267620179 0.6037405241353839 0
1679267626192 0.2332395344388251 0
1679267632541 0.10395125309735828 0
1679267638883 0.05195045649238369 0
1679267645046 0.03948183650808299 0
1679267651248 0.023566340274341843 0
1679267657336 0.019240841808199297 0
1679267663748 0.016178224724260906 0
1679267670337 0.011567479917122162 0
1679267692100 2.3829548610191718 0
1679267698712 0.5001873601885403 0
1679267705466 0.19125153201029582 0
1679267712230 0.08317109314250011 0
1679267718925 0.04640654080054339 0
1679267725663 0.036269250535862704 0
1679267732192 0.023683229625663337 0
1679267739073 0.017609108558983778 0
1679267745622 0.01538257917170139 0
1679267752781 0.013016711788105905 0
1679267775083 2.6103969935108635 0
1679267782286 0.48585047704332013 0
1679267789586 0.1757986501370575 0
1679267797214 0.06561290151348301 0
1679267804384 0.03568933944345689 0
1679267811971 0.028888523706472387 0
1679267819240 0.027924902097997712 0
1679267827033 0.01784255677907198 0
1679267834531 0.017566635501662306 0
1679267841873 0.017069261808715323 0
1679267865045 2.5234804509901534 0
1679267873654 0.441701018196695 0
1679267882326 0.16565322532665497 0
1679267890517 0.07258535171037211 0
1679267899403 0.04848894911507765 0
1679267907534 0.03223229314693633 0
1679267915648 0.030889611453840546 0
1679267924042 0.02501842226175701 0
1679267932905 0.017517791339652797 0
1679267941449 0.022064148192750474 0
1679267966482 2.5790164371331534 0
1679267975509 0.47119613678431976 0
1679267984668 0.18634045869112015 0
1679267993796 0.08998906919184853 0
1679268003045 0.054851043184160016 0
1679268012346 0.04212091077922606 0
1679268021553 0.030450386177821486 0
1679268030887 0.025333518911080034 0
1679268039812 0.023221074840893932 0
1679268049057 0.022249225746182835 0
1679268072716 2.3927101656502368 0
1679268082448 0.45405124456566925 0
1679268092282 0.19062712386834854 0
1679268101984 0.08862408078914764 0
1679268111900 0.05542027101139812 0
1679268121927 0.044659382846279475 0
1679268131840 0.033211300222604885 0
1679268141685 0.03064829416061733 0
1679268151718 0.028573801357518223 0
1679268162080 0.02538283561885941 0
1679268190249 2.3137803773085275 0
1679268200687 0.3899978516148586 0
1679268211209 0.15787827975901902 0
1679268221747 0.08415825613865666 0
1679268232396 0.052025824346963095 0
1679268242956 0.041603436894422655 0
1679268253716 0.037533296546077025 0
1679268263968 0.0317557840334142 0
1679268274127 0.02846926534731014 0
1679268284021 0.03203367124147275 0
1679268307300 2.390249474083676 0
1679268318661 0.4624710958085808 0
1679268330411 0.19318925910720638 0
1679268342131 0.09652809656279929 0
1679268353691 0.0632188090433677 0
1679268364862 0.04968600811473295 0
1679268376105 0.04292007376823355 0
1679268386980 0.034779877858419045 0
1679268398205 0.03497011691112729 0
1679268409597 0.031794710943073616 0
1679268435281 2.2582621524731317 0
1679268447648 0.37520048621238444 0
1679268460172 0.16144537443623824 0
1679268472790 0.09636965551066633 0
1679268484899 0.06593370225791838 0
1679268495902 0.05702249720400455 0
1679268507767 0.04114314336694923 0
1679268520214 0.04178260168170228 0
1679268532398 0.03679455657873083 0
1679268544655 0.037274034346873854 0
1679268571912 2.1373892227808633 0
1679268584769 0.37792549194658503 0
1679268597844 0.1707006567249111 0
1679268609678 0.10355951385024716 0
1679268622702 0.07178604255850408 0
1679268635694 0.05456530138411943 0
1679268648848 0.047065372743150764 0
1679268661936 0.043045601168391755 0
1679268675007 0.03925317834478383 0
1679268687870 0.03864041093152528 0
1679268714155 1.8301362027140224 0
1679268727645 0.28955353613869816 0
1679268741580 0.13777877324644258 0
1679268755167 0.0824455774443991 0
1679268768798 0.06189993140744228 0
1679268782511 0.050045820062651354 0
1679268796152 0.047117850798017835 0
1679268809479 0.04299826145756478 0
1679268822050 0.041711886577746445 0
1679268835644 0.03858752559651347 0
1679268862586 1.9387894854241727 0
1679268876855 0.3487324185815512 0
1679268891439 0.17358772814566015 0
1679268905581 0.10603994857885089 0
1679268920099 0.07472999510811824 0
1679268932726 0.06047058806699865 0
1679268947026 0.05096000783583697 0
1679268961982 0.04798231675636535 0
1679268976452 0.04670134150222236 0
1679268990594 0.043828305003105424 0
1679269020581 1.9568195433593263 0
1679269035349 0.34145260149357365 0
1679269048975 0.16333294857074232 0
1679269064127 0.10450974599841763 0
1679269079307 0.07394606258501024 0
1679269094513 0.058579155773508786 0
1679269109780 0.0552853470047315 0
1679269124899 0.050807598247831945 0
1679269139854 0.049685074929513184 0
1679269153589 0.04620861667482292 0
1679269183646 1.8411028762074078 0
1679269199520 0.29925480316959174 0
1679269215296 0.1493539871173162 0
1679269231119 0.09148387132468176 0
1679269247341 0.07422961769442932 0
1679269261818 0.06173995498786954 0
1679269277282 0.060370205481554945 0
1679269293073 0.05195065438016957 0
1679269308671 0.0499701762900633 0
1679269324608 0.04789125097586828 0
1679269355151 1.856027695185998 0
1679269370601 0.2925321377959906 0
1679269386365 0.14476341903940135 0
1679269402933 0.09034139604545106 0
1679269419352 0.07767576490547143 0
1679269435809 0.06464497423639484 0
1679269452205 0.05852774957961896 0
1679269469203 0.054208400823614174 0
1679269484527 0.053789985932263674 0
1679269500274 0.05107530494969265 0
1679269532699 1.9660022886944752 0
1679269550006 0.35020555490080046 0
1679269567024 0.18083922798727073 0
1679269584012 0.10938227286233622 0
1679269599710 0.08437983078115127 0
1679269616350 0.06774985790252686 0
1679269633842 0.06363014548140414 0
1679269651020 0.05904566478349414 0
1679269668091 0.05723370958630945 0
1679269684836 0.05523932871280932 0
1679269717090 1.8738599965969722 0
1679269735039 0.32963960617780685 0
1679269753836 0.1618810850469505 0
1679269771453 0.11002363103861902 0
1679269789182 0.08077107260332388 0
1679269806945 0.07271163556359563 0
1679269823440 0.06613561832437329 0
1679269840557 0.06348038322347052 0
1679269858554 0.05999266107877096 0
1679269877147 0.0551178855638878 0
