1679267425288 3.877641834958922 0
1679267429485 4.065941991982982 0
1679267433374 3.76061912602745 0
1679267437221 3.7234276509843767 0
1679267441097 3.758009231998585 0
1679267444991 3.774378650006838 0
1679267448832 3.7257199619780295 0
1679267452502 3.5510520229581743 0
1679267456490 3.862918020982761 0
1679267460214 3.58116720803082 0
1679267479116 4.6070010830299 0
1679267483931 4.703130626003258 0
1679267488715 4.668203324021306 0
1679267493768 4.935479806968942 0
1679267498642 4.75709593296051 0
1679267503994 5.2107534279930405 0
1679267509449 5.308607050974388 0
1679267514502 4.923628591990564 0
1679267519471 4.852365772007033 0
1679267524314 4.715820192010142 0
1679267543753 5.168864906008821 0
1679267549279 5.40009192499565 0
1679267554492 5.077565377985593 0
1679267560001 5.382534679956734 0
1679267565407 5.279629894997925 0
1679267570646 5.108520603040233 0
1679267576118 5.362038779014256 0
1679267581492 5.253662256989628 0
1679267586846 5.22974542400334 0
1679267592327 5.357307848986238 0
1679267613863 6.037856563983951 0
1679267620188 6.191339033015538 0
1679267626204 5.8785821290221065 0
1679267632549 6.208273855037987 0
1679267638889 6.220319581974763 0
1679267645052 6.0375861109932885 0
1679267651255 6.063833430001978 0
1679267657343 5.967528178007342 0
1679267663757 6.282607373956125 0
1679267670348 6.451885399001185 0
1679267692107 6.497900616028346 0
1679267698719 6.477815486956388 0
1679267705474 6.617331782006659 0
1679267712238 6.629875757033005 0
1679267718932 6.5603029479971156 0
1679267725670 6.61151138698915 0
1679267732198 6.39683140499983 0
1679267739079 6.761907042993698 0
1679267745636 6.411839671025518 0
1679267752789 7.015308711968828 0
1679267775091 7.02322205202654 0
1679267782297 7.065016451990232 0
1679267789593 7.155140485963784 0
1679267797228 7.492537675017957 0
1679267804392 7.032562239968684 0
1679267811983 7.447469837963581 0
1679267819249 7.134328434010968 0
1679267827041 7.650670498958789 0
1679267834539 7.341130547982175 0
1679267841882 7.183235303964466 0
1679267865055 8.539669446996413 0
1679267873662 8.406260229996406 0
1679267882335 8.47638269001618 0
1679267890525 7.997171574970707 0
1679267899411 8.705483906029258 0
1679267907539 7.983751925989054 0
1679267915657 7.90237776201684 0
1679267924051 8.186161471006926 0
1679267932912 8.656827892991714 0
1679267941460 8.340827047999483 0
1679267966491 8.804753171978518 0
1679267975518 8.828009950986598 0
1679267984676 8.961950166965835 0
1679267993805 8.929565273982007 0
1679268003054 9.052859721006826 0
1679268012355 9.106732767017093 0
1679268021562 9.013678750023246 0
1679268030896 9.142757218971383 0
1679268039821 8.729574160999618 0
1679268049066 9.037807034968864 0
1679268072725 9.89022376399953 0
1679268082457 9.535329287988134 0
1679268092289 9.622000397997908 0
1679268101993 9.51777418301208 0
1679268111908 9.726422450970858 0
1679268121936 9.80760898097651 0
1679268131849 9.711963959038258 0
1679268141694 9.652883690025192 0
1679268151727 9.8339958700235 0
1679268162089 10.15818374598166 0
1679268190256 10.316270692972466 0
1679268200693 10.244901034981012 0
1679268211219 10.333136711036786 0
1679268221757 10.327132702979725 0
1679268232404 10.453836434986442 0
1679268242966 10.361638770031277 0
1679268253724 10.608287171984557 0
1679268263975 10.100172029982787 0
1679268274136 10.012450506037567 0
1679268284028 9.74487436801428 0
1679268307310 10.932285471004434 0
1679268318671 11.166887210973073 0
1679268330421 11.551044932974037 0
1679268342141 11.49574207799742 0
1679268353699 11.397795560013037 0
1679268364872 10.958321682992391 0
1679268376115 11.044089974020608 0
1679268386988 10.690239096002188 0
1679268398212 11.030393027991522 0
1679268409607 11.20403260702733 0
1679268435294 11.9247863329947 0
1679268447659 12.151547132991254 0
1679268460182 12.284102926962078 0
1679268472798 12.430972311994992 0
1679268484911 11.902476995019242 0
1679268495910 10.844325518992264 0
1679268507775 11.658421593951061 0
1679268520225 12.233026481000707 0
1679268532408 11.950854596972931 0
1679268544663 12.062849129957613 0
1679268571922 12.996458519017324 0
1679268584777 12.644642276980449 0
1679268597852 12.89705839502858 0
1679268609689 11.631561351008713 0
1679268622709 12.819785096973646 0
1679268635706 12.78501353401225 0
1679268648865 13.007440816960298 0
1679268661946 12.85665470798267 0
1679268675018 12.875947305001318 0
1679268687881 12.652480759017635 0
1679268714163 12.251670607016422 0
1679268727659 13.283877803012729 0
1679268741592 13.699431093002204 0
1679268755182 13.378701927955262 0
1679268768806 13.398184649005998 0
1679268782522 13.500713361951057 0
1679268796159 13.485894342011306 0
1679268809493 13.128489369992167 0
1679268822059 12.401928353996482 0
1679268835655 13.385851610975806 0
1679268862594 14.252543310984038 0
1679268876864 14.1152372979559 0
1679268891450 14.379550388955977 0
1679268905595 13.99243722599931 0
1679268920108 14.301420654985122 0
1679268932735 12.474702557956334 0
1679268947038 14.09506635001162 0
1679268961994 14.746424697048496 0
1679268976466 14.301224212977104 0
1679268990605 13.928931386966724 0
1679269020589 15.103566101985052 0
1679269035358 14.615406177006662 0
1679269048990 13.473808560986072 0
1679269064139 14.944094021979254 0
1679269079321 14.953629544004798 0
1679269094526 15.004601713968441 0
1679269109792 15.053555032995064 0
1679269124907 14.951649308030028 0
1679269139866 14.735194673005026 0
1679269153601 13.557844705996104 0
1679269183657 15.4586595959845 0
1679269199528 15.657626447035 0
1679269215314 15.632367042009719 0
1679269231130 15.612611226039007 0
1679269247351 15.999892203020863 0
1679269261828 14.308644682983868 0
1679269277294 15.306754680001177 0
1679269293082 15.561502382042818 0
1679269308684 15.39219258504454 0
1679269324621 15.734488651971333 0
1679269355163 16.271193143969867 0
1679269370612 15.261549118964467 0
1679269386380 15.552860121009871 0
1679269402943 16.352692095038947 0
1679269419365 16.2456923549762 0
1679269435821 16.239255533961114 0
1679269452214 16.19250203599222 0
1679269469216 16.784367767046206 0
1679269484537 15.154775510018226 0
1679269500283 15.535672229947522 0
1679269532712 17.168983833980747 0
1679269550016 17.147478186991066 0
1679269567033 16.815299516019877 0
1679269584026 16.77459840901429 0
1679269599718 15.538641812978312 0
1679269616363 16.436005319003016 0
1679269633852 17.32157290604664 0
1679269651029 16.947226937976666 0
1679269668105 16.86726077797357 0
1679269684849 16.527929797011893 0
1679269717099 16.051363117992878 0
1679269735053 17.71542776701972 0
1679269753849 18.57160358101828 0
1679269771463 17.393863184028305 0
1679269789195 17.517130911001004 0
1679269806962 17.53334361797897 0
1679269823450 16.323151324992068 0
1679269840568 16.96253215597244 0
1679269858571 17.790170766005758 0
1679269877161 18.361984530987684 0
