1680260882069 0.14748758449358135 0
1680260901289 0.010776037962239294 0
1680260919778 0.0048139544419641975 0
1680260937826 0.004158163686095205 0
1680260956240 0.002339424271196254 0
1680260974531 0.0016350670055125436 0
1680260993062 0.00137408120443079 0
1680261011038 0.0010482189138287358 0
1680261029353 0.0011663850033187969 0
1680261047835 0.0009560801134103756 0
1680261087882 0.22808353526391534 0
1680261114428 0.210011709076056 0
1680261141107 0.20751595313544147 0
1680261168297 0.20589490288398105 0
1680261195392 0.2059269902091741 0
1680261221935 0.20411545755743246 0
1680261248749 0.2035981592028048 0
1680261275684 0.20344127552465247 0
1680261302981 0.20227812495258554 0
1680261330050 0.2028020848300178 0
1680261365721 0.173439822488963 0
1680261392340 0.1704447357793047 0
1680261419783 0.1700919435933383 0
1680261447251 0.17001264975829558 0
1680261474630 0.16930958693376696 0
1680261501818 0.16972490043351143 0
1680261528899 0.16868527739336997 0
1680261556837 0.16860111295574842 0
1680261584777 0.16873488880769172 0
1680261612820 0.16820083656395324 0
1680261647160 0.11067996398530534 0
1680261674427 0.10853653892752577 0
1680261701701 0.10700054314811944 0
1680261729025 0.10594552548480082 0
1680261756352 0.10736142256923142 0
1680261783551 0.10618480578156524 0
1680261810856 0.10575662361702225 0
1680261837908 0.10529211978046377 0
1680261865254 0.1060523118701626 0
1680261892698 0.10540672742044095 0
1680261923575 0.3607019672106052 0
1680261947438 0.35277115760863514 0
1680261971854 0.3516739647963951 0
1680261996325 0.35122801462809244 0
1680262020654 0.35003821079073283 0
1680262045477 0.34985914432454385 0
1680262070245 0.34938348134358727 0
1680262094592 0.3488002358154319 0
1680262118628 0.34873791138331095 0
1680262143553 0.34800680999098155 0
1680262182295 0.2846131998797258 0
1680262215849 0.27779938044647373 0
1680262248045 0.276230826874574 0
1680262280506 0.2746316087494294 0
1680262312907 0.27348763135572274 0
1680262345316 0.2729994863520066 0
1680262378114 0.27220400581757226 0
1680262410962 0.2716043372452259 0
1680262443484 0.2712005584438642 0
1680262475770 0.27071543586750824 0
1680262506064 0.15065276861858012 0
1680262528805 0.14979551185793544 0
1680262551545 0.1498024885297118 0
1680262574831 0.14977269499233706 0
1680262598191 0.1494902655927103 0
1680262621011 0.14942931795298164 0
1680262644496 0.14945769699206993 0
1680262667770 0.14965049768635882 0
1680262691044 0.14935475396946887 0
1680262713516 0.14939395015809073 0
1680262731765 0.1884859084490348 0
1680262743658 0.18838619809089738 0
1680262755434 0.18808135771277276 0
1680262767157 0.18800326182760976 0
1680262779047 0.18789287347515876 0
1680262790659 0.18793766666203737 0
1680262802263 0.18788366976448082 0
1680262814043 0.1879163578321988 0
1680262825683 0.18765546766702423 0
1680262837310 0.18764563734558495 0
1680262868538 0.12612325930866916 0
1680262894704 0.12571291465498102 0
1680262920574 0.12561595396274083 0
1680262946090 0.1256235460882073 0
1680262971421 0.12558274598157845 0
1680262997121 0.12556223233519304 0
1680263023258 0.12557494284791182 0
1680263049104 0.1255123759912824 0
1680263075355 0.1255153741792588 0
1680263101382 0.12553468041138122 0
1680263121056 0.18890275554948074 0
1680263132445 0.18849126791018386 0
1680263143876 0.1884657123754191 0
1680263155427 0.18833629423102669 0
1680263166960 0.18828357158358708 0
1680263178359 0.18811205289391583 0
1680263189710 0.18820070665936137 0
1680263201184 0.18815272769262625 0
1680263212626 0.1881554544318554 0
1680263224069 0.18814908418544504 0
1680263241774 0.1949463798078948 0
1680263252869 0.19509989326585553 0
1680263264104 0.19507762325738004 0
1680263275312 0.19511661335022865 0
1680263286464 0.19498467614907705 0
1680263297633 0.19492942630173918 0
1680263308800 0.1948801698441991 0
1680263320050 0.19504771412846572 0
1680263331332 0.19497210751036684 0
1680263342405 0.19494273732165376 0
1680263360208 0.1870626071969906 0
1680263371546 0.1869408026069938 0
1680263382613 0.18685993329136671 0
1680263393713 0.18679419436497602 0
1680263404798 0.18706546215240114 0
1680263415840 0.18677046341810397 0
1680263426899 0.18670778583266778 0
1680263437788 0.18679203396428845 0
1680263448939 0.18674973010303017 0
1680263460061 0.1868394366103018 0
1680263477766 0.18354134730057803 0
1680263488942 0.18372986612919562 0
1680263500168 0.18351040588702985 0
1680263511518 0.1835223874021433 0
1680263522545 0.18335264466122952 0
1680263533683 0.18341736754257523 0
1680263544464 0.18346502948663906 0
1680263555541 0.18353795496646516 0
1680263566854 0.18332934798951633 0
1680263578002 0.18336389218261856 0
