1680260882077 20.099629657008336 0
1680260901298 18.88108653499512 0
1680260919790 18.131942898005946 0
1680260937834 17.695827198011102 0
1680260956255 18.076786614008597 0
1680260974536 17.938702936997288 0
1680260993070 18.196771296003135 0
1680261011044 17.63217782600259 0
1680261029363 17.970218290007324 0
1680261047843 18.136719759000698 0
1680261087894 26.506268063996686 0
1680261114434 26.191806381000788 0
1680261141116 26.33161624999775 0
1680261168305 26.84699906699825 0
1680261195402 26.754276748004486 0
1680261221943 26.198252647009213 0
1680261248759 26.453056504004053 0
1680261275698 26.569280208001146 0
1680261302990 26.928369967994513 0
1680261330056 26.717890357991564 0
1680261365730 27.098492899007397 0
1680261392351 26.29376902000513 0
1680261419802 27.094123294009478 0
1680261447266 27.10229569200601 0
1680261474647 27.022299553995254 0
1680261501827 26.83164601199678 0
1680261528911 26.722765836995677 0
1680261556845 27.57066661400313 0
1680261584790 27.591103921004105 0
1680261612830 27.676786444993922 0
1680261647168 27.33109431300545 0
1680261674437 26.90784532300313 0
1680261701711 26.90628241900413 0
1680261729043 26.959821263997583 0
1680261756368 26.952719224995235 0
1680261783563 26.835505980998278 0
1680261810863 26.956057490009698 0
1680261837918 26.709919127999456 0
1680261865261 26.971363844000734 0
1680261892705 27.10193066901411 0
1680261923587 24.686530330000096 0
1680261947445 23.52199716999894 0
1680261971870 24.062307530999533 0
1680261996334 24.111184829002013 0
1680262020663 23.986248673012597 0
1680262045484 24.489430667003035 0
1680262070256 24.42034093599068 0
1680262094600 23.99512375499762 0
1680262118635 23.70658243399521 0
1680262143564 24.569346664997283 0
1680262182303 32.86632843299594 0
1680262215857 33.18800457500038 0
1680262248058 31.840286599996034 0
1680262280524 32.07294523301243 0
1680262312916 32.02791255399643 0
1680262345331 32.021700066994526 0
1680262378122 32.404987455010996 0
1680262410974 32.47743669900228 0
1680262443497 32.12306620400341 0
1680262475778 31.89836491899041 0
1680262506072 22.48073530299007 0
1680262528820 22.39815450400056 0
1680262551554 22.3972443100065 0
1680262574838 22.946459276005044 0
1680262598206 23.019162650991348 0
1680262621026 22.476415268989513 0
1680262644504 23.13105526799336 0
1680262667782 22.912559503995 0
1680262691052 22.93290270199941 0
1680262713528 22.11752819099638 0
1680262731772 11.266134006000357 0
1680262743665 11.591510742000537 0
1680262755442 11.471177026993246 0
1680262767165 11.436009411991108 0
1680262779057 11.587185875003343 0
1680262790666 11.323079409005004 0
1680262802280 11.273761012998875 0
1680262814050 11.480262195997057 0
1680262825694 11.344724292997853 0
1680262837318 11.30476148299931 0
1680262868549 25.502596688995254 0
1680262894713 25.809212919004494 0
1680262920583 25.52697646600427 0
1680262946103 25.150699060002808 0
1680262971432 24.96436893599457 0
1680262997130 25.340417768995394 0
1680263023265 25.778873349001515 0
1680263049111 25.487061217005248 0
1680263075365 25.910655754007166 0
1680263101402 25.67456571100047 0
1680263121071 11.232163638997008 0
1680263132462 11.076764184006606 0
1680263143887 11.109581431010156 0
1680263155434 11.24421562498901 0
1680263166968 11.192684334993828 0
1680263178367 11.094779446008033 0
1680263189718 11.046661738000694 0
1680263201196 11.166267913999036 0
1680263212636 11.111622855009045 0
1680263224080 11.106888430003892 0
1680263241786 10.64128287100175 0
1680263252876 10.785789197005215 0
1680263264116 10.950192881005933 0
1680263275328 10.88160749200324 0
1680263286473 10.834774596994976 0
1680263297645 10.837747997997212 0
1680263308809 10.83518648800964 0
1680263320060 10.965871462001815 0
1680263331340 10.987629143986851 0
1680263342414 10.76381573699473 0
1680263360220 10.869540382002015 0
1680263371559 11.020105727002374 0
1680263382628 10.76728756200464 0
1680263393720 10.80273827900237 0
1680263404812 10.785547842999222 0
1680263415847 10.729708705010125 0
1680263426915 10.767769809011952 0
1680263437798 10.58327977200679 0
1680263448956 10.838771748007275 0
1680263460074 10.794626711998717 0
1680263477775 10.571336252993206 0
1680263488961 10.866657480000868 0
1680263500178 10.878206177992979 0
1680263511526 11.0387270909996 0
1680263522554 10.709364517999347 0
1680263533694 10.841766893994645 0
1680263544473 10.467793472998892 0
1680263555559 10.762895538005978 0
1680263566865 11.000741641997593 0
1680263578018 10.864981164995697 0
