1679417118903 6.6154731719288975 0
1679417125565 6.393634574022144 0
1679417132223 6.493144609034061 0
1679417138747 6.342867808998562 0
1679417145005 6.088723625987768 0
1679417151831 6.624546697014011 0
1679417158511 6.491370314033702 0
1679417164906 6.224883113056421 0
1679417171272 6.1979573119897395 0
1679417177562 6.104824617039412 0
1679417208812 16.557529236073606 0
1679417225068 16.059119462035596 0
1679417241722 16.450837690965272 0
1679417258460 16.545520649990067 0
1679417275218 16.564125122036785 0
1679417291833 16.42658439592924 0
1679417308158 16.13874692900572 0
1679417324512 16.171825348050334 0
1679417341316 16.599842621013522 0
1679417358155 16.64241911098361 0
1679417387450 16.820230624987744 0
1679417404515 16.867061975994147 0
1679417421631 16.916636970010586 0
1679417438096 16.272061347961426 0
1679417455169 16.88610336894635 0
1679417471908 16.543573948089033 0
1679417489171 17.072079433011822 0
1679417506041 16.664996654028073 0
1679417523254 17.01520238793455 0
1679417540252 16.77971501799766 0
1679417568083 16.946687404066324 0
1679417585133 16.862524774041958 0
1679417602491 17.174424097058363 0
1679417620103 17.424086509970948 0
1679417637364 17.061978860991076 0
1679417654629 17.073824674007483 0
1679417672275 17.455588392098434 0
1679417689335 16.862494645058177 0
1679417706333 16.798068110016175 0
1679417723567 17.043766390997916 0
1679417753181 17.10369028407149 0
1679417770489 17.11466623004526 0
1679417788258 17.584545133984648 0
1679417805919 17.461290818988346 0
1679417823121 17.017030794057064 0
1679417840771 17.45280821097549 0
1679417858307 17.330685829976574 0
1679417875706 17.168325543985702 0
1679417893103 17.202904623001814 0
1679417910540 17.224341773078777 0
1679417939901 17.54069840302691 0
1679417957654 17.55591674603056 0
1679417975597 17.753775271004997 0
1679417993172 17.37223063095007 0
1679418011028 17.66129880398512 0
1679418028876 17.649339514086023 0
1679418046425 17.357074104016647 0
1679418064029 17.4134560279781 0
1679418081952 17.698242921964265 0
1679418099486 17.33819596201647 0
1679418130881 18.077017200062983 0
1679418148869 17.792263653012924 0
1679418166810 17.73829404404387 0
1679418185041 18.02324440400116 0
1679418202992 17.74872088106349 0
1679418221175 17.98720981099177 0
1679418238857 17.48612601007335 0
1679418256608 17.529494950082153 0
1679418274656 17.8430536739761 0
1679418292046 17.190374796977267 0
1679418323173 18.278625405975617 0
1679418341352 17.976123400963843 0
1679418359487 17.94180571998004 0
1679418377791 18.090806602034718 0
1679418395871 17.883245813078247 0
1679418413837 17.766109638963826 0
1679418432033 17.958904764032923 0
1679418450065 17.832080539898016 0
1679418468217 17.95534567104187 0
1679418486528 18.094744508969598 0
1679418518678 18.248206648044288 0
1679418536761 17.88026239501778 0
1679418555313 18.326881301007234 0
1679418573511 17.992217671941034 0
1679418592093 18.37924023193773 0
1679418610394 18.09555284702219 0
1679418628664 18.068301912979223 0
1679418646888 18.022508684895 0
1679418665303 18.214715507929213 0
1679418683614 18.106679523014463 0
1679418716672 18.37769561994355 0
1679418735576 18.685364873963408 0
1679418754402 18.617243906948715 0
1679418773079 18.46802858891897 0
1679418791772 18.48093310801778 0
1679418810622 18.60808359598741 0
1679418829234 18.405765781993978 0
1679418847911 18.473079240997322 0
1679418866624 18.503065136959776 0
1679418885363 18.527800246025436 0
1679418918040 18.770879633026198 0
1679418936894 18.65890663396567 0
1679418955679 18.568337860051543 0
1679418974799 18.912952345097438 0
1679418993637 18.591321538900957 0
1679419012595 18.760165757965297 0
1679419031429 18.62077387503814 0
1679419050675 19.0110633460572 0
1679419069746 18.85346443299204 0
1679419088675 18.73469092301093 0
1679419119831 16.359192353091203 0
1679419137257 17.070678888005204 0
1679419154457 16.92615654389374 0
1679419171862 17.126291504013352 0
1679419189353 17.216121820965782 0
1679419206573 16.93830809998326 0
1679419223467 16.62306328106206 0
1679419240940 17.20398914499674 0
1679419258238 17.021880642976612 0
1679419275453 16.952661524992436 0
1679419308365 17.597502610995434 0
1679419326585 17.919271213002503 0
1679419344369 17.522019177908078 0
1679419361527 16.88906020799186 0
1679419379024 17.221791344927624 0
1679419396610 17.325648300000466 0
1679419414236 17.37631640804466 0
1679419431636 17.128164216992445 0
1679419448840 16.89851671596989 0
1679419466742 17.621423511998728 0
1679419498590 16.782060972065665 0
1679419515879 17.00696303904988 0
1679419533955 17.79553531599231 0
1679419552052 17.836671166005544 0
1679419569568 17.230624302988872 0
1679419586538 16.686126593034714 0
1679419603955 17.129900462110527 0
1679419621842 17.60921430005692 0
1679419639644 17.524631545995362 0
1679419656767 16.84123762208037 0
1679419689699 17.400720435078256 0
1679419707214 17.222587186959572 0
1679419725370 17.900015076971613 0
1679419743221 17.575711012934335 0
1679419760600 17.095818390022032 0
1679419777893 16.999563568038866 0
1679419795918 17.68099855503533 0
1679419813693 17.482632108032703 0
1679419832013 18.01881691091694 0
1679419849704 17.398586062015966 0
1679419883843 18.14512714499142 0
1679419901685 17.565429371898063 0
1679419920027 18.053993853973225 0
1679419938277 17.967010478954762 0
1679419956410 17.83043242804706 0
1679419974340 17.65048911899794 0
1679419992345 17.71423668495845 0
1679420010181 17.557892476907 0
1679420028742 18.26707937894389 0
1679420046556 17.528317670105025 0
1679420080426 17.867426906945184 0
1679420098615 17.936168788932264 0
1679420116314 17.418088320060633 0
1679420134921 18.327014412963763 0
1679420152812 17.591746476944536 0
1679420171591 18.42171553208027 0
1679420190153 18.28900316101499 0
1679420208711 18.274246099987067 0
1679420226694 17.723978893016465 0
1679420245153 18.184919195016846 0
1679420280131 18.214137944043614 0
1679420299186 18.779252951033413 0
1679420317734 18.249507849104702 0
1679420336568 18.52856820402667 0
1679420355290 18.431038267095573 0
1679420374118 18.54284061002545 0
1679420393182 18.762336545041762 0
1679420412267 18.781545726931654 0
1679420430723 18.14095388900023 0
1679420449428 18.395119952969253 0
1679420484896 18.83615952997934 0
1679420503301 18.111570972017944 0
1679420522002 18.42390853597317 0
1679420540310 18.016058344044723 0
1679420559856 19.24158776900731 0
1679420578832 18.68635202292353 0
1679420597147 18.031481300015002 0
1679420615883 18.442190455039963 0
1679420634997 18.838816554052755 0
1679420653386 18.09461375302635 0
1679420689113 19.007373566972092 0
1679420708654 19.260096327983774 0
1679420727827 18.86444360401947 0
1679420746968 18.8484509390546 0
1679420766779 19.523343238979578 0
1679420786134 19.06227423402015 0
1679420805307 18.89362795604393 0
1679420824535 18.924394506961107 0
1679420844043 19.218956218101084 0
1679420863029 18.692514637950808 0
