1679417118886 0.8863950276243094 0
1679417125545 0.9671961325966851 0
1679417132209 0.974792817679558 0
1679417138728 0.9851519337016574 0
1679417144989 0.9924033149171271 0
1679417151809 0.9924033149171271 0
1679417158494 0.9924033149171271 0
1679417164891 0.9917127071823204 0
1679417171255 0.9979281767955801 0
1679417177546 0.9972375690607734 0
1679417208797 0.9514848066298343 0
1679417225051 0.9958563535911602 0
1679417241706 0.9991367403314917 0
1679417258442 0.9996546961325967 0
1679417275198 0.9996546961325967 0
1679417291815 1.0 0
1679417308142 1.0 0
1679417324496 1.0 0
1679417341299 1.0 0
1679417358144 0.9998273480662984 0
1679417387433 0.9202348066298343 0
1679417404496 0.9875690607734806 0
1679417421619 0.9965469613259669 0
1679417438077 0.9993093922651933 0
1679417455160 1.0 0
1679417471888 1.0 0
1679417489152 1.0 0
1679417506026 1.0 0
1679417523232 1.0 0
1679417540235 1.0 0
1679417568065 0.862396408839779 0
1679417585120 0.9791091160220995 0
1679417602475 0.9905041436464088 0
1679417620082 0.9951657458563536 0
1679417637347 0.9975828729281768 0
1679417654604 1.0 0
1679417672256 0.9998273480662984 0
1679417689315 1.0 0
1679417706315 1.0 0
1679417723548 1.0 0
1679417753162 0.849274861878453 0
1679417770470 0.9761740331491713 0
1679417788240 0.9915400552486188 0
1679417805903 0.9967196132596685 0
1679417823101 0.9991367403314917 0
1679417840751 0.9991367403314917 0
1679417858282 1.0 0
1679417875686 1.0 0
1679417893086 1.0 0
1679417910517 0.9998273480662984 0
1679417939881 0.8641229281767956 0
1679417957637 0.9841160220994475 0
1679417975579 0.9953383977900553 0
1679417993158 0.9994820441988951 0
1679418011011 0.9994820441988951 0
1679418028853 1.0 0
1679418046407 0.9998273480662984 0
1679418064010 1.0 0
1679418081931 0.9998273480662984 0
1679418099470 0.9998273480662984 0
1679418130860 0.8440953038674033 0
1679418148858 0.9787638121546961 0
1679418166787 0.9922306629834254 0
1679418185021 0.9968922651933702 0
1679418202976 0.9987914364640884 0
1679418221153 0.9998273480662984 0
1679418238837 1.0 0
1679418256579 1.0 0
1679418274634 1.0 0
1679418292029 0.9998273480662984 0
1679418323152 0.8380524861878453 0
1679418341331 0.9749654696132597 0
1679418359471 0.9932665745856354 0
1679418377773 0.9981008287292817 0
1679418395851 0.99896408839779 0
1679418413817 0.9991367403314917 0
1679418431999 0.9993093922651933 0
1679418450045 0.9998273480662984 0
1679418468202 0.9998273480662984 0
1679418486505 1.0 0
1679418518661 0.8370165745856354 0
1679418536743 0.9741022099447514 0
1679418555292 0.987914364640884 0
1679418573494 0.9962016574585635 0
1679418592072 0.99896408839779 0
1679418610373 0.9984461325966851 0
1679418628646 0.9994820441988951 0
1679418646868 0.9993093922651933 0
1679418665282 1.0 0
1679418683597 0.9998273480662984 0
1679418716655 0.8092196132596685 0
1679418735554 0.9756560773480663 0
1679418754381 0.9924033149171271 0
1679418773056 0.9972375690607734 0
1679418791749 0.99896408839779 0
1679418810589 0.9994820441988951 0
1679418829217 0.9993093922651933 0
1679418847889 0.9994820441988951 0
1679418866602 0.9998273480662984 0
1679418885339 0.9994820441988951 0
1679418918022 0.8254488950276243 0
1679418936876 0.9727209944751382 0
1679418955658 0.9930939226519337 0
1679418974773 0.9958563535911602 0
1679418993607 0.9984461325966851 0
1679419012579 0.9987914364640884 0
1679419031417 0.9994820441988951 0
1679419050654 0.9987914364640884 0
1679419069728 0.9991367403314917 0
1679419088657 1.0 0
1679419119814 0.8066298342541437 0
1679419137239 0.9734116022099447 0
1679419154438 0.991885359116022 0
1679419171843 0.9949930939226519 0
1679419189333 0.9987914364640884 0
1679419206550 0.9994820441988951 0
1679419223447 0.9996546961325967 0
1679419240921 0.9998273480662984 0
1679419258218 0.9993093922651933 0
1679419275433 0.9996546961325967 0
1679419308347 0.8238950276243094 0
1679419326563 0.9658149171270718 0
1679419344343 0.9896408839779005 0
1679419361510 0.9915400552486188 0
1679419378996 0.9970649171270718 0
1679419396590 0.99896408839779 0
1679419414217 0.9986187845303868 0
1679419431614 0.9996546961325967 0
1679419448819 0.9998273480662984 0
1679419466725 0.9998273480662984 0
1679419498572 0.8130179558011049 0
1679419515861 0.9685773480662984 0
1679419533938 0.9917127071823204 0
1679419552033 0.9975828729281768 0
1679419569547 0.9967196132596685 0
1679419586515 0.9986187845303868 0
1679419603923 0.9982734806629834 0
1679419621823 0.9991367403314917 0
1679419639611 0.9996546961325967 0
1679419656749 1.0 0
1679419689680 0.824585635359116 0
1679419707190 0.956664364640884 0
1679419725349 0.9832527624309392 0
1679419743193 0.9936118784530387 0
1679419760580 0.9977555248618785 0
1679419777873 0.9986187845303868 0
1679419795901 0.9991367403314917 0
1679419813675 0.9991367403314917 0
1679419831979 0.9996546961325967 0
1679419849678 0.9994820441988951 0
1679419883819 0.8166436464088398 0
1679419901664 0.9668508287292817 0
1679419920006 0.987914364640884 0
1679419938257 0.9913674033149171 0
1679419956389 0.9981008287292817 0
1679419974321 0.9993093922651933 0
1679419992316 0.9986187845303868 0
1679420010161 0.99896408839779 0
1679420028722 0.9994820441988951 0
1679420046528 0.9991367403314917 0
1679420080402 0.8145718232044199 0
1679420098594 0.9564917127071824 0
1679420116295 0.9811809392265194 0
1679420134901 0.9913674033149171 0
1679420152779 0.9963743093922652 0
1679420171568 0.9986187845303868 0
1679420190127 0.9979281767955801 0
1679420208687 0.9984461325966851 0
1679420226675 0.99896408839779 0
1679420245133 0.9994820441988951 0
1679420280110 0.7860842541436464 0
1679420299166 0.9609806629834254 0
1679420317706 0.981353591160221 0
1679420336538 0.9937845303867403 0
1679420355261 0.9986187845303868 0
1679420374098 0.9974102209944752 0
1679420393154 0.9968922651933702 0
1679420412231 0.9993093922651933 0
1679420430699 0.9991367403314917 0
1679420449395 0.9998273480662984 0
1679420484873 0.775725138121547 0
1679420503277 0.9354281767955801 0
1679420521979 0.9746201657458563 0
1679420540282 0.9884323204419889 0
1679420559835 0.9932665745856354 0
1679420578812 0.9956837016574586 0
1679420597127 0.9981008287292817 0
1679420615860 0.9987914364640884 0
1679420634973 0.99896408839779 0
1679420653366 0.9975828729281768 0
1679420689090 0.7964433701657458 0
1679420708630 0.9620165745856354 0
1679420727806 0.9834254143646409 0
1679420746949 0.992921270718232 0
1679420766749 0.9962016574585635 0
1679420786114 0.9965469613259669 0
1679420805286 0.9979281767955801 0
1679420824515 0.9975828729281768 0
1679420844014 0.9993093922651933 0
1679420863008 0.9981008287292817 0
