1679417118897 0.3698203592813311 0
1679417125557 0.11886711111961148 0
1679417132218 0.08506974938533973 0
1679417138740 0.04902750886950992 0
1679417145000 0.032511778555949375 0
1679417151822 0.02402972379629886 0
1679417158506 0.021139301799266028 0
1679417164901 0.03498654486539128 0
1679417171265 0.006676184720821545 0
1679417177555 0.011440303912598548 0
1679417208807 0.2561475774260413 0
1679417225062 0.019842467255998423 0
1679417241717 0.007353513462672226 0
1679417258454 0.0036209249709480704 0
1679417275210 0.0028756652501712742 0
1679417291826 0.0017876861709747618 0
1679417308153 0.0012663110802998477 0
1679417324506 0.0013373104230087838 0
1679417341310 0.0009523208808389915 0
1679417358149 0.0013446854166165561 0
1679417387444 0.40293772261363364 0
1679417404508 0.046253189654218145 0
1679417421627 0.018787420660936537 0
1679417438089 0.009534239956468488 0
1679417455164 0.004668910735549189 0
1679417471900 0.0034960376810107526 0
1679417489163 0.002205517487915603 0
1679417506036 0.001773924970962699 0
1679417523245 0.0014036159480996532 0
1679417540247 0.0012677044365542185 0
1679417568077 0.7183554482785213 0
1679417585129 0.07828784014165237 0
1679417602485 0.0372475212059133 0
1679417620094 0.021087451770423156 0
1679417637358 0.012133668631557067 0
1679417654618 0.006488550668878182 0
1679417672267 0.004803636977680604 0
1679417689327 0.0037834416191834565 0
1679417706326 0.0024441908655053993 0
1679417723561 0.002384782827154409 0
1679417753173 0.7809290758730298 0
1679417770482 0.08926885780358677 0
1679417788251 0.04095141108029455 0
1679417805914 0.02177965864397647 0
1679417823112 0.010566936824818076 0
1679417840764 0.008169801582553995 0
1679417858297 0.005102433117610809 0
1679417875698 0.0034200194190791423 0
1679417893097 0.002588430829108204 0
1679417910530 0.002704829702849078 0
1679417939892 0.704751465027092 0
1679417957648 0.06498328871376689 0
1679417975591 0.027852477467212394 0
1679417993166 0.011327381388577555 0
1679418011022 0.008188123139102547 0
1679418028866 0.004729953554307126 0
1679418046419 0.0038439353457806395 0
1679418064023 0.0032898501593694196 0
1679418081943 0.0028820408904379575 0
1679418099480 0.002566115217069833 0
1679418130873 0.7756400791238685 0
1679418148864 0.08171588852384143 0
1679418166801 0.03582110415079029 0
1679418185034 0.017603030845070082 0
1679418202986 0.010091374531769044 0
1679418221166 0.006521599284290897 0
1679418238849 0.004048702556598747 0
1679418256598 0.0036600602747941936 0
1679418274646 0.002578897250221929 0
1679418292041 0.0025627648143370465 0
1679418323164 0.8254344000053998 0
1679418341344 0.0904770404542925 0
1679418359481 0.036840675267498964 0
1679418377784 0.01685683089835847 0
1679418395864 0.01232526762197463 0
1679418413829 0.009648839690020174 0
1679418432017 0.006596628361695461 0
1679418450056 0.004726964790786961 0
1679418468212 0.004290516599523964 0
1679418486519 0.0028608644471853685 0
1679418518671 0.8473873820505748 0
1679418536754 0.10187443414219341 0
1679418555304 0.050686535879568256 0
1679418573505 0.024786095497666638 0
1679418592085 0.011914189274934794 0
1679418610386 0.012049145590724907 0
1679418628657 0.007258421739818045 0
1679418646880 0.0063211598960317425 0
1679418665295 0.0033618732289930815 0
1679418683607 0.003890554064972254 0
1679418716665 0.9847240292811921 0
1679418735567 0.09618422407553999 0
1679418754392 0.04185817588136135 0
1679418773069 0.020335394691017288 0
1679418791763 0.012495125504982406 0
1679418810610 0.00868868285041426 0
1679418829228 0.007600796269542327 0
1679418847901 0.00639150246015611 0
1679418866615 0.00431508374836512 0
1679418885351 0.004180354060082907 0
1679418918033 0.8728522849963845 0
1679418936887 0.10377024116190099 0
1679418955671 0.03637414202557167 0
1679418974786 0.02383964478220914 0
1679418993622 0.01290415224904781 0
1679419012589 0.009803408402460755 0
1679419031423 0.006897219334849934 0
1679419050666 0.006970130394982143 0
1679419069739 0.007247257673822199 0
1679419088668 0.0036040401910766135 0
1679419119824 0.9336544547374077 0
1679419137248 0.11176939276227141 0
1679419154450 0.04648235000320067 0
1679419171855 0.02863312198121862 0
1679419189346 0.014986100148677167 0
1679419206562 0.010960187613115084 0
1679419223459 0.00661278164524904 0
1679419240932 0.004726991694142723 0
1679419258230 0.0066712975760250355 0
1679419275445 0.004926812835359297 0
1679419308358 0.9201989776110122 0
1679419326577 0.11548532078361642 0
1679419344354 0.042375729596808305 0
1679419361520 0.03295236513872749 0
1679419379014 0.01961746006671504 0
1679419396602 0.011604029612258097 0
1679419414228 0.010165177262838394 0
1679419431627 0.006112433649349999 0
1679419448830 0.0043945109787801 0
1679419466736 0.004638090463598305 0
1679419498583 0.9942922214488628 0
1679419515872 0.12218467690544563 0
1679419533949 0.04603662710503073 0
1679419552045 0.02210516504716972 0
1679419569559 0.019884224957915135 0
1679419586530 0.014234098436012452 0
1679419603934 0.011246584134256127 0
1679419621835 0.008361898202806691 0
1679419639629 0.005746276679677755 0
1679419656760 0.004911378103672419 0
1679419689691 0.9383780765681635 0
1679419707205 0.14709050921486558 0
1679419725361 0.06604289191965405 0
1679419743210 0.03100398114692029 0
1679419760592 0.01843738694062961 0
1679419777884 0.012724350758722741 0
1679419795910 0.009690169595858566 0
1679419813685 0.009029693068944186 0
1679419831998 0.0061157295086102055 0
1679419849691 0.005038783978156293 0
1679419883835 0.9492771469509405 0
1679419901676 0.11784984425060163 0
1679419920018 0.050702726609943155 0
1679419938270 0.03928804797768716 0
1679419956401 0.01721107032830513 0
1679419974333 0.010939782999908727 0
1679419992327 0.01046833070316635 0
1679420010172 0.00850927034371728 0
1679420028734 0.007269014703599963 0
1679420046541 0.0073137020932456465 0
1679420080417 0.964431950647528 0
1679420098607 0.14463420180367173 0
1679420116307 0.07072775788831612 0
1679420134913 0.03984493669379729 0
1679420152800 0.021556551555989734 0
1679420171580 0.01304015927711368 0
1679420190143 0.010851801510061555 0
1679420208701 0.010742510736467141 0
1679420226687 0.00828281240679262 0
1679420245145 0.005953195177466295 0
1679420280123 1.0677881281802337 0
1679420299178 0.14120974231161465 0
1679420317724 0.07391251541560938 0
1679420336556 0.037124998553640605 0
1679420355275 0.016358903147414 0
1679420374110 0.01634058396998299 0
1679420393172 0.01703491880434941 0
1679420412253 0.008068233506512205 0
1679420430713 0.008214730794962176 0
1679420449418 0.006456280546198542 0
1679420484887 1.1560510544528289 0
1679420503292 0.2174731235467515 0
1679420521992 0.09560104619546984 0
1679420540301 0.053948904114945156 0
1679420559847 0.030809938951359434 0
1679420578824 0.02587094280009482 0
1679420597139 0.016326511642787585 0
1679420615874 0.012537370611481287 0
1679420634987 0.009683427666198174 0
1679420653378 0.013565511739226212 0
1679420689103 0.9848453298787385 0
1679420708645 0.13562051523785565 0
1679420727818 0.06483985918177837 0
1679420746960 0.031752635847046476 0
1679420766768 0.02166195514191261 0
1679420786126 0.01669147696721661 0
1679420805299 0.014147122796735526 0
1679420824527 0.013685103649921839 0
1679420844032 0.008400794754585621 0
1679420863020 0.010068363269523446 0
