1679437054419 3.9287927839905024 0
1679437057989 3.432576796039939 0
1679437061780 3.649571964982897 0
1679437065359 3.443845394998789 0
1679437069125 3.6205241050338373 0
1679437072832 3.5642322519561276 0
1679437076689 3.685144373914227 0
1679437080415 3.589571852935478 0
1679437084071 3.5170507360016927 0
1679437087726 3.5272504159947857 0
1679437105529 4.589592623990029 0
1679437109880 4.225182741996832 0
1679437114442 4.427241438999772 0
1679437118861 4.288428626023233 0
1679437123348 4.357942556031048 0
1679437128132 4.596951300045475 0
1679437131469 3.1595731100533158 0
1679437136514 4.911913959076628 0
1679437141532 4.874987542978488 0
1679437146569 4.879838465945795 0
1679437164568 5.092682400951162 0
1679437169373 4.673912307014689 0
1679437174438 4.935977938002907 0
1679437179709 5.1350937290117145 0
1679437184689 4.849024615017697 0
1679437189986 5.15456423710566 0
1679437195161 5.027321454021148 0
1679437200128 4.83394157292787 0
1679437205382 5.11039078689646 0
1679437210517 4.998296467005275 0
1679437230041 5.569651936995797 0
1679437235453 5.2671466280007735 0
1679437241275 5.680131513043307 0
1679437246733 5.333671310101636 0
1679437252584 5.710247716982849 0
1679437258085 5.353803292964585 0
1679437263776 5.554227372980677 0
1679437269392 5.477096993010491 0
1679437275061 5.495789373992011 0
1679437279770 4.575963853043504 0
1679437302977 6.1363602640340105 0
1679437309288 6.180908287060447 0
1679437315592 6.165359013946727 0
1679437321617 5.890071563073434 0
1679437327946 6.187484306981787 0
1679437334121 6.02864471799694 0
1679437340263 6.0070828889729455 0
1679437346163 5.768417047918774 0
1679437352661 6.349841961055063 0
1679437358699 5.903748088050634 0
1679437379085 6.542888532043435 0
1679437385859 6.627380562014878 0
1679437392527 6.522314263973385 0
1679437399119 6.4151940029114485 0
1679437405561 6.296718013938516 0
1679437412283 6.592208975926042 0
1679437418876 6.4549421039409935 0
1679437425421 6.406191076966934 0
1679437431540 5.9728121139341965 0
1679437438654 6.941193065955304 0
1679437460517 7.319964032038115 0
1679437467877 7.2139147439738736 0
1679437475296 7.199778888025321 0
1679437482951 7.458705815952271 0
1679437490597 7.450765163055621 0
1679437498328 7.529340535984375 0
1679437506144 7.5952976630069315 0
1679437513517 7.149642967968248 0
1679437520941 7.267913094954565 0
1679437528348 7.256999301025644 0
1679437547796 7.615660408046097 0
1679437555888 7.894244617084041 0
1679437564022 7.911021952982992 0
1679437572167 7.928767125005834 0
1679437580438 8.056824565981515 0
1679437588864 8.228673069970682 0
1679437596845 7.827339275972918 0
1679437604799 7.80134921905119 0
1679437612799 7.73100260598585 0
1679437620978 7.955866251024418 0
1679437642117 8.967164881993085 0
1679437650501 8.223321912926622 0
1679437659208 8.481217653956264 0
1679437668085 8.662858779891394 0
1679437676964 8.673470339970663 0
1679437685836 8.653859699028544 0
1679437694507 8.46500622597523 0
1679437703244 8.533849761937745 0
1679437712208 8.739485885947943 0
1679437720917 8.504428859101608 0
1679437743082 9.309102109982632 0
1679437751850 8.59087932202965 0
1679437761597 9.519498563953675 0
1679437771180 9.36879484495148 0
1679437781106 9.760300423949957 0
1679437790295 9.032924162922427 0
1679437799593 9.142052881070413 0
1679437808783 9.016631496022455 0
1679437818139 9.188564695999958 0
1679437827751 9.391485666972585 0
1679437850119 8.917198742972687 0
1679437859735 9.38869550905656 0
1679437870068 10.122443835018203 0
1679437880118 9.842140695080161 0
1679437890335 9.998960072989576 0
1679437900580 10.038701314944774 0
1679437910949 10.197392432019114 0
1679437920719 9.617171232006513 0
1679437930872 9.943640162004158 0
1679437941222 10.140887237968855 0
1679437967815 10.896280482993461 0
1679437978605 10.626491233939305 0
1679437989383 10.556686589960009 0
1679438000370 10.767988286912441 0
1679438011209 10.616710620000958 0
1679438022110 10.629982105921954 0
1679438032765 10.493469721986912 0
1679438043491 10.521124495076947 0
1679438053788 10.141910222009756 0
1679438064018 10.005657811067067 0
1679438089705 11.591311613912694 0
1679438101035 11.099956409074366 0
1679438112398 11.132753586978652 0
1679438123887 11.268834126996808 0
1679438135472 11.405083070974797 0
1679438146623 10.93983027804643 0
1679438157546 10.748839054023847 0
1679438168343 10.579971694969572 0
1679438179607 11.02436428098008 0
1679438191222 11.39366614993196 0
1679438216388 11.860298770014197 0
1679438228599 12.05590192892123 0
1679438240719 11.912236565025523 0
1679438252895 11.966440642951056 0
1679438263946 10.882856208016165 0
1679438276037 11.889725763932802 0
1679438287868 11.657891611917876 0
1679438299833 11.755524505046196 0
1679438312108 12.062094839988276 0
1679438324681 12.345928144059144 0
1679438351972 12.600056194933131 0
1679438364091 11.95598502503708 0
1679438376193 11.861171819036826 0
1679438389009 12.563399165053852 0
1679438401934 12.729944958002307 0
1679438414480 12.295520544983447 0
1679438427302 12.653541286941618 0
1679438440121 12.603008473059162 0
1679438452962 12.605526556028053 0
1679438465735 12.61451023502741 0
1679438496050 13.20651538099628 0
1679438509826 13.536820163950324 0
1679438523113 13.050186938024126 0
1679438536772 13.446660966961645 0
1679438550069 13.048206454026513 0
1679438563715 13.423118410049938 0
1679438575793 11.90384795400314 0
1679438588947 12.884023319929838 0
1679438602496 13.303007642971352 0
1679438615957 13.297442767070606 0
1679438645726 13.492297751945443 0
1679438659410 13.44361568999011 0
1679438673397 13.766132503049448 0
1679438686200 12.627106428029947 0
1679438700424 13.976963551016524 0
1679438714646 14.026215202058665 0
1679438728432 13.550846277968958 0
1679438742198 13.551030771108344 0
1679438756275 13.842759705032222 0
1679438770191 13.673845313955098 0
1679438800751 14.085763247916475 0
1679438815361 14.388373092981055 0
1679438830127 14.522029331070371 0
1679438844800 14.44490623800084 0
1679438859522 14.503454128047451 0
1679438874223 14.412396163097583 0
1679438888512 14.118722148006782 0
1679438902220 13.480801264988258 0
1679438916737 14.344479072024114 0
1679438931393 14.402667713002302 0
1679438961421 15.372146792942658 0
1679438977046 15.38790702400729 0
1679438992163 14.939365059952252 0
1679439006202 13.788043012958951 0
1679439021487 15.043108373065479 0
1679439037194 15.486050673993304 0
1679439052195 14.747879459057003 0
1679439067740 15.362930328934453 0
1679439083053 15.06578233896289 0
1679439097957 14.72402812098153 0
1679439132698 15.993051415891387 0
1679439148304 15.369254997000098 0
1679439164313 15.785082570975646 0
1679439180435 15.944918815977871 0
1679439196692 16.02612269402016 0
1679439211172 14.286854645004496 0
1679439226984 15.544016975909472 0
1679439242828 15.652961372979917 0
1679439258835 15.747033176012337 0
1679439274718 15.639376768027432 0
