1679999631352 58.78487177891657 0
1679999689621 58.0425074568484 0
1679999748280 58.43353928788565 0
1679999806597 58.089284957852215 0
1679999864284 57.46623054309748 0
1679999921869 57.35303487093188 0
1679999979731 57.64561739889905 0
1680000038379 58.4318510228768 0
1680000096626 58.03397235204466 0
1680000154303 57.45238040201366 0
1680000235689 61.837911962065846 0
1680000297335 61.38740357104689 0
1680000358257 60.6631883229129 0
1680000419264 60.76583644817583 0
1680000481275 61.77585062594153 0
1680000542555 61.01469340897165 0
1680000603981 61.19711332791485 0
1680000665142 60.91675216704607 0
1680000726243 60.86529205809347 0
1680000787884 61.38061988702975 0
1680000869032 63.79934688890353 0
1680000933365 64.07910255994648 0
1680000997503 63.8927236511372 0
1680001061756 63.98886975203641 0
1680001126037 64.02726065204479 0
1680001190230 63.932790820952505 0
1680001254637 64.15913694608025 0
1680001318997 64.1033653698396 0
1680001383432 64.19225484598428 0
1680001448361 64.66774152684957 0
1680001533990 67.67356185405515 0
1680001601540 67.29169271886349 0
1680001669355 67.56317924591713 0
1680001737071 67.4775516060181 0
1680001805430 68.09939373214729 0
1680001873033 67.34770100098103 0
1680001940701 67.41081191110425 0
1680002007953 67.01244445308112 0
1680002075411 67.19204405788332 0
1680002142732 67.09571423009038 0
1680002231183 70.12262552604079 0
1680002302829 71.39425838086754 0
1680002372697 69.59386419318616 0
1680002442895 69.93882490089163 0
1680002512689 69.55021676793694 0
1680002583373 70.40625101909973 0
1680002654085 70.46945798001252 0
1680002724414 70.07680673082359 0
1680002795169 70.49260502192192 0
1680002866155 70.74126960802823 0
1680002957868 72.73902298789471 0
1680003031137 73.00500549911521 0
1680003104639 73.22020924394019 0
1680003178595 73.69058546097949 0
1680003251965 73.09927442111075 0
1680003325892 73.66558433813043 0
1680003399961 73.80722578894347 0
1680003473413 73.18439586786553 0
1680003547140 73.45769082615152 0
1680003621017 73.60012450814247 0
1680003716758 76.43918978516012 0
1680003792380 75.36022301996127 0
1680003868703 76.0549714427907 0
1680003945475 76.50603524898179 0
1680004020962 75.22907255007885 0
1680004097377 76.17208498413675 0
1680004173824 76.17505624494515 0
1680004250655 76.56034155911766 0
1680004326955 76.03595638507977 0
1680004403568 76.35529194795527 0
1680004502475 78.99355083308183 0
1680004581689 78.93828258500434 0
1680004660728 78.77653955295682 0
1680004739709 78.72590338415466 0
1680004818779 78.79264678503387 0
1680004898704 79.61864708503708 0
1680004978353 79.37393100606278 0
1680005057738 79.11725500482135 0
1680005137507 79.50742400810122 0
1680005217235 79.44835483306088 0
1680005320270 82.59710992197506 0
1680005403124 82.58132208418101 0
1680005484947 81.53727221582085 0
1680005568543 83.30315086408518 0
1680005651273 82.4449996589683 0
1680005734106 82.55941393203102 0
1680005816060 81.6716146490071 0
1680005898257 81.95182449696586 0
1680005981668 83.13415374001488 0
1680006063584 81.65315709798597 0
1680006170041 85.47602697997354 0
1680006255020 84.69740245910361 0
1680006340296 85.0184253170155 0
1680006426416 85.82756556407548 0
1680006511813 85.10855669295415 0
1680006597179 85.10220053396188 0
1680006682971 85.52652363316156 0
1680006768749 85.50505086104386 0
1680006853812 84.80246265302412 0
1680006938995 84.92018299805932 0
1680007048393 87.95879978500307 0
1680007136444 87.79436232405715 0
1680007224559 87.82103548711166 0
1680007312885 88.0592157219071 0
1680007402112 88.95228408719413 0
1680007490985 88.61045627295971 0
1680007579901 88.65268668183126 0
1680007669201 89.02359756897204 0
1680007758070 88.58344358881004 0
1680007846847 88.5134568111971 0
1680007960237 91.38661211682484 0
1680008051729 91.22588726109825 0
1680008143384 91.36889577610418 0
1680008234769 91.10283510503359 0
1680008325843 90.7963812740054 0
1680008417147 91.025053499965 0
1680008507807 90.38694477290846 0
1680008599709 91.63322312501259 0
1680008691790 91.78646193188615 0
1680008784256 92.19486875506118 0
1680008900485 93.85591720300727 0
1680008994336 93.57134739705361 0
1680009089851 95.23935394408181 0
1680009183824 93.70863559190184 0
1680009278933 94.82349923695438 0
1680009372670 93.45533438003622 0
1680009466552 93.61298570688814 0
1680009561261 94.43196991691366 0
1680009655591 94.03795351996087 0
1680009750181 94.30788042605855 0
1680009870742 97.42588316788897 0
1680009967652 96.6448655880522 0
1680010064968 97.00026680901647 0
1680010161573 96.31886718492024 0
1680010259512 97.66231749393046 0
1680010357198 97.38488760706969 0
1680010455633 98.15492903790437 0
1680010553282 97.36781507404521 0
1680010650555 96.98531054100022 0
1680010748983 98.16910297889262 0
1680010874238 101.5652622319758 0
1680010974314 99.80055932002142 0
1680011075022 100.40133077488281 0
1680011175820 100.511169873178 0
1680011276951 100.85776703595184 0
1680011377037 99.78916130703874 0
1680011477701 100.37812760705128 0
1680011578790 100.78880235389806 0
1680011681208 102.11843416187912 0
1680011782381 100.86740038893186 0
1680011909930 103.29237633221783 0
1680012014012 103.79891261504963 0
1680012116966 102.66728046303615 0
1680012220574 103.30000930302776 0
1680012323298 102.44036396988668 0
1680012425336 101.7497313527856 0
1680012529230 103.56944022909738 0
1680012632430 102.92154762498103 0
1680012737172 104.44985112501308 0
1680012840846 103.36696688900702 0
1680012971942 106.0456999600865 0
1680013078579 106.33742994209751 0
1680013185226 106.35213821800426 0
1680013292016 106.4836559582036 0
1680013398118 105.80217897496186 0
1680013504801 106.3921320240479 0
1680013611490 106.4015811260324 0
1680013718284 106.5139374290593 0
1680013823997 105.42531408602372 0
1680013931009 106.73480367311276 0
1680014065642 108.97269160207361 0
1680014175099 109.14453116781078 0
1680014284146 108.76539415493608 0
1680014394401 109.97042395197786 0
1680014503947 109.25271455105394 0
1680014613647 109.39969897596166 0
1680014722790 108.85716584301554 0
1680014832076 108.9806142388843 0
1680014941891 109.52567548910156 0
1680015051732 109.53711358900182 0
1680015190609 113.09175090794452 0
1680015302916 112.02083088411018 0
1680015415164 111.96565911197104 0
1680015527510 112.03125651390292 0
1680015640305 112.49699482298456 0
1680015753721 113.1241979538463 0
1680015867486 113.47312213107944 0
1680015978975 111.17882990906946 0
1680016092131 112.86850815708749 0
1680016204447 112.02743982011452 0
1680016348143 116.88160606985912 0
1680016463658 115.22817720007151 0
1680016579700 115.7331640960183 0
1680016696105 116.09701189794578 0
1680016811241 114.83165235584602 0
1680016926483 114.94550101319328 0
1680017041711 114.91486863279715 0
1680017156380 114.38098157499917 0
1680017271116 114.43316079280339 0
1680017387389 115.9536976609379 0
