1679999631323 0.9764375344732488 0
1679999689595 0.9905370932156646 0
1679999748249 0.9943119139547711 0
1679999806571 0.9951737451737451 0
1679999864253 0.9961562327633756 0
1679999921841 0.996742277992278 0
1679999979714 0.9970180639823497 0
1680000038362 0.9979143684500827 0
1680000096603 0.9973972697186982 0
1680000154278 0.9982591009376723 0
1680000235666 0.9909474855945521 0
1680000297305 0.9972989785227868 0
1680000358224 0.9983630172865374 0
1680000419248 0.9981174698795181 0
1680000481257 0.9986085646935569 0
1680000542527 0.9981338397066527 0
1680000603962 0.9990014405447879 0
1680000665115 0.9983466474594028 0
1680000726232 0.9989359612362494 0
1680000787855 0.9990014405447879 0
1680000869010 0.9926122194513716 0
1680000933336 0.9979270573566085 0
1680000997491 0.9982543640897755 0
1680001061734 0.9982543640897755 0
1680001126018 0.9987531172069826 0
1680001190198 0.9987063591022444 0
1680001254617 0.9985037406483791 0
1680001318970 0.9993765586034913 0
1680001383421 0.9985037406483791 0
1680001448329 0.9989401496259351 0
1680001533958 0.985639880952381 0
1680001601528 0.9958779761904762 0
1680001669339 0.9972767857142857 0
1680001737061 0.9976785714285714 0
1680001805402 0.9983035714285714 0
1680001873014 0.9984970238095238 0
1680001940684 0.9983630952380952 0
1680002007934 0.9984077380952381 0
1680002075378 0.9988392857142857 0
1680002142712 0.9986011904761904 0
1680002231170 0.9874772313296903 0
1680002302811 0.9960297131147541 0
1680002372662 0.9972392987249544 0
1680002442866 0.9976092896174863 0
1680002512679 0.99810735428051 0
1680002583351 0.9982211976320583 0
1680002654065 0.9987761839708561 0
1680002724398 0.9985342668488161 0
1680002795142 0.9982069672131147 0
1680002866144 0.9990323315118397 0
1680002957848 0.9789938891313836 0
1680003031113 0.9911474247053689 0
1680003104620 0.9942301396769969 0
1680003178575 0.9956896551724138 0
1680003251936 0.9964944347446529 0
1680003325864 0.9972037319947621 0
1680003399950 0.9979948712352684 0
1680003473377 0.9978311872544741 0
1680003547117 0.9978584679179398 0
1680003620985 0.9979539502400698 0
1680003716741 0.9785557184750733 0
1680003792363 0.9920925848345203 0
1680003868671 0.9949858609132802 0
1680003945455 0.9963212191034772 0
1680004020944 0.9967532467532467 0
1680004097365 0.9971721826560537 0
1680004173800 0.9976696690406368 0
1680004250626 0.9975125680770842 0
1680004326934 0.9978791369920402 0
1680004403548 0.9977351277754504 0
1680004502464 0.9726641159887233 0
1680004581658 0.98297170761176 0
1680004660710 0.9887107329842932 0
1680004739692 0.9912530205396698 0
1680004818746 0.9935058397100281 0
1680004898670 0.9946007853403142 0
1680004978325 0.9951923076923077 0
1680005057702 0.9959726137736609 0
1680005137486 0.997029802658075 0
1680005217218 0.9965389649617399 0
1680005320247 0.9674044802172227 0
1680005403107 0.9777686190845617 0
1680005484922 0.9839386152055857 0
1680005568514 0.9870781613653995 0
1680005651246 0.9899510279286269 0
1680005734074 0.9919026377036463 0
1680005816027 0.9935754460822342 0
1680005898245 0.99504218386346 0
1680005981634 0.9950543056633049 0
1680006063556 0.9957937354538402 0
1680006170018 0.9668801421091997 0
1680006254994 0.9772461667913238 0
1680006340278 0.9825051421091997 0
1680006426377 0.9872732797307404 0
1680006511779 0.9899261406133134 0
1680006597143 0.9918076851159312 0
1680006682953 0.9931867053103964 0
1680006768725 0.9942385003739715 0
1680006853797 0.9945540388930442 0
1680006938976 0.9947643979057592 0
1680007048354 0.9638989169675091 0
1680007136431 0.9729016245487364 0
1680007224525 0.9769404332129964 0
1680007312863 0.9812838447653429 0
1680007402076 0.9844539711191336 0
1680007490965 0.9882671480144405 0
1680007579883 0.9906588447653429 0
1680007669171 0.9926556859205776 0
1680007758035 0.9933551444043321 0
1680007846831 0.9937161552346571 0
1680007960215 0.9635689354275742 0
1680008051714 0.9735274869109948 0
1680008143356 0.9781195462478185 0
1680008234751 0.9824934554973822 0
1680008325822 0.9861801919720767 0
1680008417128 0.9886016579406631 0
1680008507789 0.9905650087260035 0
1680008599690 0.9917648342059336 0
1680008691751 0.9927246945898779 0
1680008784233 0.9928228621291448 0
1680008900456 0.9620588483620398 0
1680008994312 0.9714940054035799 0
1680009089831 0.97483958122256 0
1680009183804 0.979208882134414 0
1680009278899 0.9826494427558258 0
1680009372646 0.9867548969942587 0
1680009466532 0.9891822863897332 0
1680009561219 0.9908709050996285 0
1680009655553 0.9918946301925026 0
1680009750161 0.9925067544748396 0
1680009870721 0.9617964659685864 0
1680009967638 0.9728709914921466 0
1680010064949 0.9765215968586387 0
1680010161553 0.981020942408377 0
1680010259488 0.9844465804973822 0
1680010357161 0.9870848331151832 0
1680010455614 0.9891708933246073 0
1680010553262 0.991175147251309 0
1680010650526 0.9908581479057592 0
1680010748965 0.9922999836387435 0
1680010874219 0.9610267290609137 0
1680010974294 0.9708716687817259 0
1680011074981 0.9731618813451777 0
1680011175798 0.9754322652284264 0
1680011276925 0.977434961928934 0
1680011377003 0.9813808692893401 0
1680011477682 0.9849500317258884 0
1680011578754 0.9878351046954315 0
1680011681171 0.9887571383248731 0
1680011782340 0.9901154029187818 0
1680011909907 0.9587823275862069 0
1680012013992 0.9709821428571429 0
1680012116945 0.9756388546798029 0
1680012220544 0.9803051878078818 0
1680012323272 0.9835668103448276 0
1680012425317 0.9865205511083743 0
1680012529200 0.9886276169950738 0
1680012632410 0.9893492149014779 0
1680012737144 0.9909944581280788 0
1680012840803 0.9911580203201971 0
1680012971903 0.9605518994914747 0
1680013078551 0.9710682769967095 0
1680013185200 0.9742839515405325 0
1680013291981 0.9787802871672151 0
1680013398091 0.9817903081064911 0
1680013504781 0.9853892461860604 0
1680013611469 0.9870157792402035 0
1680013718258 0.9890816631767874 0
1680013823978 0.990166018546216 0
1680013930989 0.9901847143284475 0
1680014065617 0.9575912329165455 0
1680014175054 0.9701857371328875 0
1680014284124 0.9729390811282349 0
1680014394381 0.9755470340215179 0
1680014503922 0.9791545507414946 0
1680014613625 0.9820714597266648 0
1680014722770 0.9849883687118348 0
1680014832034 0.9865967577784239 0
1680014941875 0.9881506251817389 0
1680015051687 0.9884595812736261 0
1680015190590 0.9577263083451202 0
1680015302896 0.9686969589816125 0
1680015415142 0.9727280763790664 0
1680015527476 0.9762906647807638 0
1680015640283 0.9794819660537483 0
1680015753701 0.9819395332390382 0
1680015867466 0.9845297029702971 0
1680015978935 0.9863242574257426 0
1680016092104 0.9881895332390382 0
1680016204426 0.9887464639321075 0
1680016348122 0.9569214876033058 0
1680016463636 0.9680526859504133 0
1680016579663 0.971866391184573 0
1680016696083 0.9737000688705234 0
1680016811206 0.9761277548209366 0
1680016926462 0.9786243112947658 0
1680017041694 0.9808195592286502 0
1680017156362 0.9830061983471075 0
1680017271083 0.984297520661157 0
1680017387350 0.9861484159779614 0
