1679845252902 0.06689231062716627 0
1679845308019 0.013349216038537805 0
1679845361113 0.006154259927496897 0
1679845414172 0.004408297375319531 0
1679845467744 0.00357802464692169 0
1679845521402 0.0029191009090853586 0
1679845574834 0.002764319182953517 0
1679845628702 0.002019375397018913 0
1679845682165 0.0016475210120176582 0
1679845735840 0.0012780757185663462 0
1679845808619 0.7810846825571437 0
1679845814169 0.043262353461039696 0
1679845819911 0.024753598937470662 0
1679845825464 0.019001093497009652 0
1679845831072 0.014557181298732758 0
1679845836755 0.013115997141913364 0
1679845842537 0.011781212873756886 0
1679845848157 0.01238956205350788 0
1679845853740 0.010520981095339122 0
1679845859372 0.009440356473389425 0
1679845883316 0.939137311436628 0
1679845889772 0.06721401751825684 0
1679845896267 0.03488040721338046 0
1679845902552 0.02592198395807492 0
1679845908660 0.02280849777162075 0
1679845914811 0.022724203216402155 0
1679845921204 0.018556245769325054 0
1679845927289 0.016739679853382865 0
1679845933407 0.015498849965239826 0
1679845939670 0.015062767414278106 0
1679845964778 1.9501190612190649 0
1679845971598 0.27425007247611094 0
1679845978455 0.10349431332004698 0
1679845985289 0.042986280471086505 0
1679845992004 0.03244858399817818 0
1679845998933 0.02945080968110185 0
1679846005750 0.024672551923676542 0
1679846012659 0.023742803146964624 0
1679846019263 0.020726990621340903 0
1679846026022 0.017965994275322087 0
1679846052298 1.0302956862669241 0
1679846059708 0.07568164301153861 0
1679846067257 0.04834162483089849 0
1679846074702 0.03609707426083715 0
1679846082035 0.03072258130108055 0
1679846089315 0.022860020928476985 0
1679846096503 0.020037344176518288 0
1679846103838 0.0185386265284921 0
1679846111222 0.01953723427692526 0
1679846118399 0.016418200760687653 0
1679846146773 1.2231857142166087 0
1679846154844 0.08161857004620526 0
1679846162885 0.051352850406577714 0
1679846170873 0.037884215481187165 0
1679846178788 0.028836578738532567 0
1679846186647 0.02338190165005232 0
1679846194880 0.021288846531196646 0
1679846202819 0.01870925168653852 0
1679846210558 0.016622447085223698 0
1679846218551 0.01786645234219338 0
1679846247145 1.7188311558020741 0
1679846255902 0.2590530685296184 0
1679846264653 0.09087180483498071 0
1679846273183 0.055111343413591383 0
1679846281866 0.033145839113153906 0
1679846290428 0.030673168834887053 0
1679846299002 0.025194543129519412 0
1679846307834 0.024253503723364128 0
1679846316366 0.020685685533834132 0
1679846325208 0.020409591731272245 0
1679846354505 1.1859097841538881 0
1679846363874 0.0920914728782679 0
1679846373069 0.04435668128885721 0
1679846382182 0.0326152256052745 0
1679846391113 0.02628266083958902 0
1679846400266 0.02406755862267394 0
1679846409403 0.025175120681524277 0
1679846418694 0.02146398636855577 0
1679846427906 0.020746602255262828 0
1679846436920 0.018944720786653067 0
1679846468138 1.6616343090408727 0
1679846477832 0.2670947174492635 0
1679846487726 0.10991535735757728 0
1679846497396 0.06366251346312071 0
1679846507274 0.05059608944544667 0
1679846517423 0.03628845755991183 0
1679846527202 0.03131735662096425 0
1679846537086 0.028524771156279664 0
1679846546766 0.025175925324621953 0
1679846556375 0.02453619457389179 0
1679846588667 0.8227608211730656 0
1679846599178 0.04543036291081654 0
1679846609373 0.035949537785429704 0
1679846619929 0.03152986523744307 0
1679846630102 0.028355497200238076 0
1679846640704 0.025375802952208017 0
1679846651013 0.023937055664627175 0
1679846661123 0.02205170898845321 0
1679846671348 0.021137975744510953 0
1679846681596 0.0211950432313116 0
1679846714610 1.6509333419172387 0
1679846725411 0.25946551624097325 0
1679846736340 0.10075122800312544 0
1679846747234 0.05869968260981535 0
1679846758224 0.04226701704687194 0
1679846769355 0.034079332688921375 0
1679846780094 0.033697685952249326 0
1679846790968 0.03234083321141569 0
1679846801973 0.02899061017914822 0
1679846812883 0.027283503546526557 0
1679846846493 0.8532821860752607 0
1679846858131 0.04799087220116666 0
1679846869804 0.03742818865729006 0
1679846881465 0.03355204159099805 0
1679846892763 0.02959848152179467 0
1679846903938 0.02654053235524579 0
1679846915305 0.025921891727729848 0
1679846926809 0.024959065980817142 0
1679846938441 0.026609472518688754 0
1679846949782 0.024041085651046352 0
1679846984838 1.850816940006457 0
1679846996860 0.5741182703720896 0
1679847009325 0.19782893610628027 0
1679847021182 0.10022993087768554 0
1679847033136 0.0629983234562372 0
1679847045095 0.054265227757002175 0
1679847057057 0.0422735276582994 0
1679847068890 0.039303741917798396 0
1679847081026 0.0341286914521142 0
1679847092970 0.033464442448396435 0
1679847130673 0.8829869126018725 0
1679847143403 0.07402689574580444 0
1679847156210 0.04921481197601871 0
1679847168665 0.0428708916824115 0
1679847181250 0.036083620080822394 0
1679847193916 0.03570034707847394 0
1679847206663 0.033176276479896745 0
1679847219149 0.03222364024504235 0
1679847231668 0.030218690535739848 0
1679847244380 0.02925879539627778 0
1679847282206 1.6309401201574425 0
1679847295412 0.29728158202610516 0
1679847308184 0.1170594956137632 0
1679847321655 0.06735664108081868 0
1679847334648 0.05266824372504887 0
1679847347868 0.04896293780521343 0
1679847360722 0.03878172783083037 0
1679847374163 0.03943620845675468 0
1679847387225 0.035787074071796314 0
1679847400164 0.03490170414902662 0
1679847438650 0.837854884800158 0
1679847452431 0.07094095133637127 0
1679847466274 0.052532383407417095 0
1679847480585 0.042034792743231124 0
1679847494664 0.03769137573085333 0
1679847508279 0.03627555856579229 0
1679847522296 0.035239237586134356 0
1679847535804 0.0337412695155332 0
1679847549448 0.03225656381171001 0
1679847563153 0.03228047890098471 0
1679847602269 1.2465842093292037 0
1679847616642 0.18249064530981216 0
1679847631004 0.10073785483837128 0
1679847645642 0.06809071969044836 0
1679847660329 0.056885413080453875 0
1679847674991 0.05306405440757149 0
1679847689429 0.04507489369103783 0
1679847703723 0.043316890024825146 0
1679847717965 0.04060358111011354 0
1679847732344 0.037273023904938446 0
1679847775143 0.8935506444228323 0
1679847790290 0.09206730672403386 0
1679847805458 0.060837237811402274 0
1679847820394 0.047014298211587105 0
1679847835421 0.046970456015122564 0
1679847850505 0.041442688123175975 0
1679847865585 0.039688584600624285 0
1679847880499 0.038049046930513884 0
1679847895545 0.03639295469773443 0
1679847910918 0.03681975959947235 0
1679847953466 1.5774237824113746 0
1679847969030 0.32822801447228384 0
1679847984479 0.14253196496712534 0
1679848000142 0.09321903206015889 0
1679848015719 0.06843709126114846 0
1679848031167 0.060096669902926995 0
1679848046687 0.0512039490044117 0
1679848062394 0.04794839899006643 0
1679848078045 0.04716776436881015 0
1679848093777 0.04180387552631529 0
1679848140489 0.7477898818881888 0
1679848156590 0.07279420322493503 0
1679848173212 0.0554114220958007 0
1679848189339 0.053919988282416995 0
1679848205518 0.046921136975288394 0
1679848221514 0.04480299584959683 0
1679848237471 0.043464878672047666 0
1679848252991 0.042197222262620925 0
1679848269006 0.04127223205409552 0
1679848285082 0.039381176233291626 0
