1679845252891 0.9810741864313293 0
1679845308009 0.9961389961389961 0
1679845361099 0.9984314671814671 0
1679845414160 0.999034749034749 0
1679845467733 0.9991209321566464 0
1679845521392 0.9993967181467182 0
1679845574824 0.9994139547710976 0
1679845628690 0.9996897407611693 0
1679845682152 0.9997586872586872 0
1679845735828 0.9998448703805847 0
1679845808606 0.8526315789473684 0
1679845814159 0.9924342105263158 0
1679845819899 0.9980263157894737 0
1679845825453 0.9993421052631579 0
1679845831062 1.0 0
1679845836741 1.0 0
1679845842526 1.0 0
1679845848147 0.999671052631579 0
1679845853728 1.0 0
1679845859362 0.999671052631579 0
1679845883304 0.7539473684210526 0
1679845889761 0.9898026315789473 0
1679845896256 0.9976973684210526 0
1679845902542 0.999671052631579 0
1679845908648 0.999671052631579 0
1679845914800 0.9993421052631579 0
1679845921192 0.9993421052631579 0
1679845927278 1.0 0
1679845933397 1.0 0
1679845939662 0.999671052631579 0
1679845964766 0.5095394736842105 0
1679845971586 0.9259868421052632 0
1679845978443 0.9855263157894737 0
1679845985278 0.9983552631578947 0
1679845991997 0.9990131578947369 0
1679845998920 0.999671052631579 0
1679846005739 0.9986842105263158 0
1679846012651 0.9993421052631579 0
1679846019252 0.999671052631579 0
1679846026012 1.0 0
1679846052287 0.7845394736842105 0
1679846059697 0.9924342105263158 0
1679846067246 0.9976973684210526 0
1679846074690 0.9976973684210526 0
1679846082023 0.9976973684210526 0
1679846089304 0.9986842105263158 0
1679846096492 0.999671052631579 0
1679846103826 1.0 0
1679846111212 0.999671052631579 0
1679846118387 1.0 0
1679846146763 0.7506578947368421 0
1679846154831 0.9865131578947368 0
1679846162875 0.9960526315789474 0
1679846170863 0.9976973684210526 0
1679846178776 0.9986842105263158 0
1679846186641 0.9986842105263158 0
1679846194870 0.999671052631579 0
1679846202808 1.0 0
1679846210547 1.0 0
1679846218540 0.999671052631579 0
1679846247133 0.5651315789473684 0
1679846255890 0.9351973684210526 0
1679846264640 0.9871710526315789 0
1679846273169 0.9960526315789474 0
1679846281853 0.9986842105263158 0
1679846290416 0.9990131578947369 0
1679846298989 0.9993421052631579 0
1679846307822 0.9993421052631579 0
1679846316351 1.0 0
1679846325197 1.0 0
1679846354493 0.7315789473684211 0
1679846363863 0.9828947368421053 0
1679846373056 0.9967105263157895 0
1679846382171 0.9976973684210526 0
1679846391100 1.0 0
1679846400254 0.9993421052631579 0
1679846409394 0.999671052631579 0
1679846418683 0.999671052631579 0
1679846427893 0.9993421052631579 0
1679846436910 1.0 0
1679846468122 0.5921052631578947 0
1679846477824 0.9332236842105263 0
1679846487715 0.9799342105263158 0
1679846497385 0.9927631578947368 0
1679846507262 0.9940789473684211 0
1679846517411 0.9980263157894737 0
1679846527195 0.999671052631579 0
1679846537075 0.999671052631579 0
1679846546754 0.999671052631579 0
1679846556364 0.9993421052631579 0
1679846588653 0.8174342105263158 0
1679846599170 0.9973684210526316 0
1679846609362 0.9990131578947369 0
1679846619917 0.9986842105263158 0
1679846630095 0.9993421052631579 0
1679846640692 1.0 0
1679846651002 1.0 0
1679846661109 1.0 0
1679846671338 1.0 0
1679846681584 0.999671052631579 0
1679846714600 0.575 0
1679846725392 0.9384868421052631 0
1679846736329 0.9845394736842106 0
1679846747221 0.9950657894736842 0
1679846758212 0.9983552631578947 0
1679846769341 0.999671052631579 0
1679846780082 0.9990131578947369 0
1679846790957 0.9980263157894737 0
1679846801959 0.999671052631579 0
1679846812872 1.0 0
1679846846476 0.8309210526315789 0
1679846858120 0.9970394736842105 0
1679846869796 0.9983552631578947 0
1679846881454 0.9983552631578947 0
1679846892755 0.9993421052631579 0
1679846903927 1.0 0
1679846915293 1.0 0
1679846926800 1.0 0
1679846938429 0.9990131578947369 0
1679846949770 1.0 0
1679846984828 0.4138157894736842 0
1679846996848 0.8302631578947368 0
1679847009313 0.9618421052631579 0
1679847021172 0.9868421052631579 0
1679847033118 0.9953947368421052 0
1679847045084 0.9973684210526316 0
1679847057045 0.9990131578947369 0
1679847068875 0.999671052631579 0
1679847081014 0.999671052631579 0
1679847092958 1.0 0
1679847130663 0.8154605263157895 0
1679847143392 0.9907894736842106 0
1679847156197 0.9983552631578947 0
1679847168652 0.999671052631579 0
1679847181238 0.9993421052631579 0
1679847193905 0.9990131578947369 0
1679847206652 0.9993421052631579 0
1679847219134 1.0 0
1679847231656 0.999671052631579 0
1679847244369 1.0 0
1679847282193 0.5759868421052632 0
1679847295400 0.9230263157894737 0
1679847308172 0.9822368421052632 0
1679847321643 0.9940789473684211 0
1679847334637 0.9976973684210526 0
1679847347858 0.9976973684210526 0
1679847360711 1.0 0
1679847374151 0.9993421052631579 0
1679847387215 0.999671052631579 0
1679847400152 0.999671052631579 0
1679847438639 0.8013157894736842 0
1679847452416 0.9921052631578947 0
1679847466260 0.9980263157894737 0
1679847480572 0.9993421052631579 0
1679847494650 0.9993421052631579 0
1679847508268 1.0 0
1679847522287 0.999671052631579 0
1679847535791 1.0 0
1679847549439 1.0 0
1679847563137 1.0 0
1679847602258 0.680921052631579 0
1679847616631 0.9631578947368421 0
1679847630991 0.9865131578947368 0
1679847645628 0.9924342105263158 0
1679847660312 0.9960526315789474 0
1679847674978 0.9960526315789474 0
1679847689419 0.9976973684210526 0
1679847703711 0.9983552631578947 0
1679847717948 0.9986842105263158 0
1679847732334 0.9993421052631579 0
1679847775131 0.7911184210526315 0
1679847790278 0.9914473684210526 0
1679847805447 0.9967105263157895 0
1679847820386 0.999671052631579 0
1679847835408 0.9986842105263158 0
1679847850494 0.9990131578947369 0
1679847865571 0.999671052631579 0
1679847880489 0.999671052631579 0
1679847895529 1.0 0
1679847910906 0.999671052631579 0
1679847953455 0.5815789473684211 0
1679847969018 0.9174342105263158 0
1679847984465 0.9773026315789474 0
1679848000129 0.9875 0
1679848015708 0.9953947368421052 0
1679848031155 0.9963815789473685 0
1679848046675 0.9986842105263158 0
1679848062382 0.9986842105263158 0
1679848078034 0.9986842105263158 0
1679848093766 1.0 0
1679848140476 0.8309210526315789 0
1679848156579 0.9950657894736842 0
1679848173200 0.9986842105263158 0
1679848189326 0.9976973684210526 0
1679848205502 0.999671052631579 0
1679848221503 1.0 0
1679848237460 0.999671052631579 0
1679848252982 0.999671052631579 0
1679848268994 0.999671052631579 0
1679848285070 1.0 0
