1679845252910 52.99005614290945 0
1679845308024 54.60690817190334 0
1679845361121 52.561900303000584 0
1679845414179 52.54991972190328 0
1679845467751 53.0538409720175 0
1679845521411 53.14408975397237 0
1679845574839 52.934745198115706 0
1679845628709 53.353211862035096 0
1679845682173 52.92526876204647 0
1679845735854 53.146824647905305 0
1679845808628 5.434820621972904 0
1679845814176 5.358235509134829 0
1679845819918 5.542158697033301 0
1679845825469 5.340461890911683 0
1679845831080 5.408728003036231 0
1679845836763 5.476501510944217 0
1679845842544 5.573623900068924 0
1679845848162 5.420872581889853 0
1679845853747 5.39076718990691 0
1679845859377 5.432728911982849 0
1679845883325 5.88729573902674 0
1679845889779 6.261652176035568 0
1679845896273 6.299717365996912 0
1679845902559 6.09040552796796 0
1679845908669 5.906787229934707 0
1679845914816 5.948241120902821 0
1679845921212 6.195040056016296 0
1679845927296 5.898848690092564 0
1679845933415 5.903497633058578 0
1679845939678 6.063921672990546 0
1679845964787 6.547803600085899 0
1679845971606 6.5969931948930025 0
1679845978463 6.629960979102179 0
1679845985295 6.630896985065192 0
1679845992009 6.504614616977051 0
1679845998942 6.71144540514797 0
1679846005756 6.614179125055671 0
1679846012670 6.689597879070789 0
1679846019270 6.406024544965476 0
1679846026028 6.566115761874244 0
1679846052304 7.172195245977491 0
1679846059716 7.191158139146864 0
1679846067263 7.343542017042637 0
1679846074709 7.238566123880446 0
1679846082042 7.146358672063798 0
1679846089321 7.0602936670184135 0
1679846096511 6.9931004089303315 0
1679846103847 7.117011118913069 0
1679846111228 7.174150076927617 0
1679846118407 6.985200851922855 0
1679846146782 7.897721716901287 0
1679846154851 7.863412517122924 0
1679846162890 7.848559035919607 0
1679846170878 7.794283379102126 0
1679846178798 7.717481872998178 0
1679846186652 7.658435903955251 0
1679846194885 8.030228415038437 0
1679846202826 7.735385210020468 0
1679846210566 7.5368376390542835 0
1679846218557 7.6900073329452425 0
1679846247158 8.284252367913723 0
1679846255912 8.560434325831011 0
1679846264662 8.55421307287179 0
1679846273194 8.325771769043058 0
1679846281874 8.43711341288872 0
1679846290438 8.356789081124589 0
1679846299015 8.334089159965515 0
1679846307843 8.604234855854884 0
1679846316376 8.286316017154604 0
1679846325215 8.604734216118231 0
1679846354512 8.952817309182137 0
1679846363888 9.12482930906117 0
1679846373079 8.981746159028262 0
1679846382188 8.887357443803921 0
1679846391121 8.703777238028124 0
1679846400278 8.942054741783068 0
1679846409410 8.919240506831557 0
1679846418701 9.075388574972749 0
1679846427914 9.002240385860205 0
1679846436930 8.772425649920478 0
1679846468147 9.506204538047314 0
1679846477839 9.491138447076082 0
1679846487732 9.675098899984732 0
1679846497406 9.450026175007224 0
1679846507283 9.662947274977341 0
1679846517433 9.933529886882752 0
1679846527208 9.546377102145925 0
1679846537093 9.668627385050058 0
1679846546774 9.454512148164213 0
1679846556381 9.40111824683845 0
1679846588675 10.198892351007089 0
1679846599184 10.28371668793261 0
1679846609380 9.977444099960849 0
1679846619937 10.326252565020695 0
1679846630109 9.94883677503094 0
1679846640712 10.378884909907356 0
1679846651020 10.095613451907411 0
1679846661131 9.905823139939457 0
1679846671354 10.009039641125128 0
1679846681608 10.03796986117959 0
1679846714616 10.373731120955199 0
1679846725425 10.543103664880618 0
1679846736346 10.695199976908043 0
1679846747245 10.662771194940433 0
1679846758232 10.760098246857524 0
1679846769367 10.879763327073306 0
1679846780104 10.523386659100652 0
1679846790974 10.654407749185339 0
1679846801987 10.77879597293213 0
1679846812893 10.670654885936528 0
1679846846506 11.115517225116491 0
1679846858138 11.416311824927106 0
1679846869819 11.435458499006927 0
1679846881478 11.439221751876175 0
1679846892769 11.083700624993071 0
1679846903949 10.945839014137164 0
1679846915317 11.125752513995394 0
1679846926821 11.281261587981135 0
1679846938454 11.406435112003237 0
1679846949796 11.113610845990479 0
1679846984847 11.852565582841635 0
1679846996874 11.779839806025848 0
1679847009337 12.230526717146859 0
1679847021191 11.632649051956832 0
1679847033146 11.723054595058784 0
1679847045110 11.740281120873988 0
1679847057071 11.725517687154934 0
1679847068898 11.590688169933856 0
1679847081033 11.92131779389456 0
1679847092978 11.702346081845462 0
1679847130681 12.704701473936439 0
1679847143419 12.496041352162138 0
1679847156218 12.56559291202575 0
1679847168674 12.229583769803867 0
1679847181258 12.366556148976088 0
1679847193923 12.441294040996581 0
1679847206670 12.519822283880785 0
1679847219161 12.242570529924706 0
1679847231676 12.285297302063555 0
1679847244387 12.47815885907039 0
1679847282214 12.877449738094583 0
1679847295424 12.9809765429236 0
1679847308191 12.529953713994473 0
1679847321663 13.232703037094325 0
1679847334656 12.761263387976214 0
1679847347876 12.980072286911309 0
1679847360739 12.629254262894392 0
1679847374170 13.205080455169082 0
1679847387242 12.819526216946542 0
1679847400172 12.68245831085369 0
1679847438661 13.443177887005731 0
1679847452450 13.540122263133526 0
1679847466290 13.589557710802183 0
1679847480600 14.068087697960436 0
1679847494674 13.849974669981748 0
1679847508287 13.390254204859957 0
1679847522304 13.795615860959515 0
1679847535813 13.287496106000617 0
1679847549455 13.412862731143832 0
1679847563164 13.464747935999185 0
1679847602277 13.770030297106132 0
1679847616650 14.140926046995446 0
1679847631020 14.1339173798915 0
1679847645656 14.412768938113004 0
1679847660351 14.374085920862854 0
1679847675000 14.414630128070712 0
1679847689437 14.203768465900794 0
1679847703731 14.064154447987676 0
1679847717983 14.005473593017086 0
1679847732353 14.133083541877568 0
1679847775160 14.812846041982993 0
1679847790303 14.87804970308207 0
1679847805467 14.92377268197015 0
1679847820402 14.707217454211786 0
1679847835438 14.793621025048196 0
1679847850513 14.837828455958515 0
1679847865594 14.850580115104094 0
1679847880507 14.687772031873465 0
1679847895554 14.799104646081105 0
1679847910926 15.13560454105027 0
1679847953474 15.107007025042549 0
1679847969039 15.33749023778364 0
1679847984489 15.217147332150489 0
1679848000150 15.42477659904398 0
1679848015728 15.33635965292342 0
1679848031175 15.210822595050558 0
1679848046695 15.278140514856204 0
1679848062402 15.46051242784597 0
1679848078058 15.420374698005617 0
1679848093785 15.503519661026075 0
1679848140509 15.938470455119386 0
1679848156606 15.854153644992039 0
1679848173220 16.377494384068996 0
1679848189348 15.865534035023302 0
1679848205528 15.915764810983092 0
1679848221523 15.770735800033435 0
1679848237487 15.71255705691874 0
1679848252999 15.279038346838206 0
1679848269015 15.783990307943895 0
1679848285091 15.836794611997902 0
