1679445157453 0.29359106567377846 0
1679445160451 0.13766795282976496 0
1679445164057 0.09335202696319256 0
1679445167033 0.05860369893877457 0
1679445169986 0.0774311433520375 0
1679445173717 0.0401665025520035 0
1679445176656 0.035219122968717584 0
1679445179732 0.07428340522261957 0
1679445183610 0.03365073791355826 0
1679445186883 0.01758722445220984 0
1679445201182 0.5886561384812619 0
1679445208244 0.061493873196822174 0
1679445214499 0.03363519513651328 0
1679445219823 0.0548672946363998 0
1679445225399 0.021069350698881963 0
1679445230634 0.027383671395040842 0
1679445236404 0.008149138041416235 0
1679445241438 0.023012811487852662 0
1679445246838 0.01651809785503752 0
1679445252275 0.01797199390607097 0
1679445265674 0.6485566469840706 0
1679445271270 0.05731232881145035 0
1679445276127 0.0370513367862764 0
1679445281646 0.02084154338744055 0
1679445286578 0.01826824667716412 0
1679445291928 0.010602306198294779 0
1679445297378 0.004632331982510449 0
1679445302156 0.003529386321214487 0
1679445306940 0.0029353074571695794 0
1679445313714 0.015040565545475854 0
1679445330068 0.93812666280816 0
1679445334865 0.12099992776186103 0
1679445340427 0.07702459730854672 0
1679445345190 0.04114305792997281 0
1679445350943 0.019203402750523915 0
1679445355847 0.020146031655248305 0
1679445361496 0.018983794446264964 0
1679445366492 0.015468490979078018 0
1679445371568 0.01734739219439992 0
1679445377240 0.010735716572687832 0
1679445391229 0.6375623275913919 0
1679445396899 0.04604033940413501 0
1679445401978 0.0408159448419206 0
1679445407719 0.027876977963185508 0
1679445412627 0.03303276414266697 0
1679445418993 0.04554070079999898 0
1679445425785 0.016134677880068518 0
1679445431587 0.006970287967406976 0
1679445436746 0.002016482621183968 0
1679445442261 0.005697305291222518 0
1679445457964 0.8744605670579606 0
1679445462923 0.11968862407633828 0
1679445468733 0.07120142742577526 0
1679445473830 0.04476197854382917 0
1679445479079 0.04377751756174904 0
1679445484734 0.009208988788628227 0
1679445489618 0.015304116936588091 0
1679445495366 0.015585194249837918 0
1679445500326 0.025508234343336274 0
1679445505927 0.03809216486406512 0
1679445521007 0.5051171757423112 0
1679445527831 0.04819991247107585 0
1679445534670 0.0473460130408057 0
1679445540316 0.032844720636704655 0
1679445545272 0.019337184984194917 0
1679445550751 0.008794743961839737 0
1679445556437 0.0067890251655626345 0
1679445561357 0.021794017278807587 0
1679445567078 0.009370591792422703 0
1679445572173 0.013363209492056032 0
1679445587129 0.9457937396648858 0
1679445592935 0.13066109185520974 0
1679445598152 0.05580990670520502 0
1679445603828 0.037279663597130114 0
1679445609074 0.03008926659111037 0
1679445614241 0.021044984354133097 0
1679445619645 0.011348847992647078 0
1679445624393 0.007886454833027932 0
1679445629312 0.003362661832135119 0
1679445636376 0.0018547281270002713 0
1679445654595 0.7668687186462597 0
1679445659652 0.06072331560879118 0
1679445665284 0.03971844425411998 0
1679445670539 0.0265677563555073 0
1679445675673 0.022827877468161104 0
1679445681724 0.009221358344883709 0
1679445686824 0.002973197759598002 0
1679445692630 0.013786795780631817 0
1679445697499 0.020110827484151942 0
1679445703328 0.021397096782069032 0
1679445720998 0.6402872914137939 0
1679445726368 0.06856220805655337 0
1679445731266 0.0283981141479065 0
1679445736388 0.025447367441504158 0
1679445742951 0.022808748266349235 0
1679445750048 0.011925291394113123 0
1679445757019 0.008935174055659445 0
1679445762559 0.018365214339994256 0
1679445768473 0.006539304361285758 0
1679445773693 0.020173950808101734 0
1679445790245 0.6837639907788899 0
1679445796174 0.07747993777609534 0
1679445801526 0.026686029034640846 0
1679445806818 0.01896708352982791 0
1679445812538 0.016843918089741946 0
1679445817702 0.008295951663522929 0
1679445823213 0.004309911760032668 0
1679445829228 0.0028664045483714692 0
1679445834355 0.006978736177997134 0
1679445840135 0.0048309048107007075 0
1679445860272 0.9067847868841555 0
1679445865491 0.0690939331996358 0
1679445871432 0.023255767423607823 0
1679445877038 0.012233404962656399 0
1679445882418 0.003747345223705957 0
1679445888426 0.003338092064950615 0
1679445893917 0.012548816013279267 0
1679445899270 0.014734458457031805 0
1679445905228 0.001347610933751437 0
1679445910461 0.0032875457544125513 0
1679445926873 0.9547078771102759 0
1679445932610 0.09415787362959235 0
1679445938332 0.04275079246662143 0
1679445943492 0.022961575756522103 0
1679445949966 0.015621143034918027 0
1679445956869 0.007956911962214184 0
1679445962782 0.00501643426242582 0
1679445968328 0.012545553123426442 0
1679445973436 0.01794873478526521 0
1679445979185 0.007904822784621502 0
1679445998252 0.6663556193156789 0
1679446003456 0.031034847625738216 0
1679446008937 0.014498369995271787 0
1679446014739 0.007030103662853233 0
1679446020206 0.014634159542361481 0
1679446026279 0.006612538971563077 0
1679446031833 0.009452074866567272 0
1679446036977 0.0005551835335306047 0
1679446042708 0.0044704380678417185 0
1679446047910 0.0012966108223433062 0
1679446071313 0.6077312289478465 0
1679446076478 0.03371304722451088 0
1679446082531 0.016300735778673293 0
1679446088247 0.004887182645486771 0
1679446093578 0.015976306632930776 0
1679446099777 0.0030914952809932097 0
1679446105341 0.0014095557109006526 0
1679446110588 0.00045034150662104366 0
1679446116536 0.0002938718575529088 0
1679446121994 0.0021778235595370965 0
1679446139326 0.7907119427548929 0
1679446145422 0.052823630843259806 0
1679446151109 0.020313631742222546 0
1679446158388 0.01498625331894598 0
1679446164606 0.012585718253426926 0
1679446169921 0.007437866518739611 0
1679446175675 0.006638730854198608 0
1679446181735 0.01873095903348359 0
1679446187055 0.022378926270337413 0
1679446193067 0.010298398920672804 0
1679446213180 0.5881795446440163 0
1679446219343 0.03528207890469477 0
1679446224716 0.01188866419349021 0
1679446230229 0.0060658290196442975 0
1679446236133 0.004206452879750739 0
1679446241330 0.003843717699136404 0
1679446247389 0.0011956282420821178 0
1679446252857 0.0007281020062994988 0
1679446259885 0.0002561427595638735 0
1679446266251 0.0004249961852312683 0
1679446286978 0.6820193730553405 0
1679446292731 0.04768354717719679 0
1679446297920 0.027566616109591754 0
1679446304370 0.014396752272215154 0
1679446309982 0.009560965245893588 0
1679446315245 0.01477535310882053 0
1679446321186 0.012347399399570552 0
1679446326389 0.01242214544787809 0
1679446332103 0.003298308514503232 0
1679446337954 0.005363499195421658 0
1679446359650 0.6433499154324333 0
1679446366449 0.12094767884765234 0
1679446371963 0.07082403181896856 0
1679446377984 0.06100119057163182 0
1679446383456 0.04270135169531891 0
1679446389385 0.01671140012331307 0
1679446395289 0.021696017980543224 0
1679446400608 0.024153199017746374 0
1679446406679 0.020425120462863964 0
1679446412114 0.021409748452828756 0
1679446432075 0.9133969592965312 0
1679446437357 0.12267047953274515 0
1679446443460 0.051792949874005796 0
1679446448982 0.027667547578716443 0
1679446454263 0.028325564856802682 0
1679446459874 0.01941406566669078 0
1679446467060 0.014551728221380875 0
1679446473666 0.0031226225143553975 0
1679446479034 0.014026479689669536 0
1679446484872 0.009006962431158172 0
