1679445157458 3.146184451994486 0
1679445160458 2.85200672398787 0
1679445164060 3.4730048560304567 0
1679445167042 2.8269310769392177 0
1679445169992 2.794391992036253 0
1679445173722 3.5918043999699876 0
1679445176661 2.7984691959572956 0
1679445179738 2.9192094379104674 0
1679445183616 3.7164641780545935 0
1679445186890 3.1156932439189404 0
1679445201188 5.219709673081525 0
1679445208251 6.911803825059906 0
1679445214503 6.110219664988108 0
1679445219832 5.178150831023231 0
1679445225404 5.442680117092095 0
1679445230640 5.064308893983252 0
1679445236410 5.608569135074504 0
1679445241444 4.880970578989945 0
1679445246845 5.221442403038964 0
1679445252281 5.306489686015993 0
1679445265680 4.915965967928059 0
1679445271276 5.443330555106513 0
1679445276134 4.694538631942123 0
1679445281653 5.361846601008438 0
1679445286590 4.737798358080909 0
1679445291935 5.175078905071132 0
1679445297384 5.327768953982741 0
1679445302163 4.610919524915516 0
1679445306946 4.62224757403601 0
1679445313719 6.636537351063453 0
1679445330074 5.013760471018031 0
1679445334872 4.635312709026039 0
1679445340433 5.408347889082506 0
1679445345197 4.611772782052867 0
1679445350948 5.603276809910312 0
1679445355854 4.750869862968102 0
1679445361503 5.489940803032368 0
1679445366501 4.875317013007589 0
1679445371575 4.9067103249253705 0
1679445377246 5.497658841079101 0
1679445391236 4.8757149539887905 0
1679445396906 5.514022833900526 0
1679445401986 4.9055922840489075 0
1679445407726 5.585454638930969 0
1679445412634 4.742065632948652 0
1679445419001 6.229662541067228 0
1679445425793 6.654234407003969 0
1679445431593 5.610325849032961 0
1679445436754 5.0019749260973185 0
1679445442268 5.346245114924386 0
1679445457971 5.5115564609877765 0
1679445462930 4.7885128209600225 0
1679445468741 5.639532383065671 0
1679445473838 4.9614161640638486 0
1679445479088 5.084317059023306 0
1679445484744 5.468005235074088 0
1679445489629 4.7225464610382915 0
1679445495376 5.589132069027983 0
1679445500334 4.786376476055011 0
1679445505934 5.424437441048212 0
1679445521014 4.706216400954872 0
1679445527837 6.6652021639747545 0
1679445534678 6.697017948026769 0
1679445540324 5.466171410982497 0
1679445545283 4.805047904024832 0
1679445550756 5.305051297065802 0
1679445556447 5.506303119007498 0
1679445561364 4.753272256930359 0
1679445567087 5.547646980034187 0
1679445572181 4.863311431952752 0
1679445587136 5.2130332730012015 0
1679445592944 5.607074938016012 0
1679445598161 5.043424576986581 0
1679445603836 5.503292288980447 0
1679445609083 5.1073987619020045 0
1679445614247 5.002379090059549 0
1679445619658 5.267085904954001 0
1679445624401 4.565342438989319 0
1679445629320 4.743036027997732 0
1679445636383 6.91856259200722 0
1679445654603 5.62593265005853 0
1679445659660 4.872843616991304 0
1679445665293 5.456583730992861 0
1679445670546 5.111044093966484 0
1679445675683 4.945425466983579 0
1679445681731 5.879028640920296 0
1679445686833 4.9309548559831455 0
1679445692637 5.6189332670765 0
1679445697511 4.6894133009482175 0
1679445703339 5.640661632991396 0
1679445721007 5.8541541380109265 0
1679445726376 5.225858906982467 0
1679445731275 4.729051412083209 0
1679445736395 4.946434680954553 0
1679445742959 6.407810735981911 0
1679445750056 6.942919068969786 0
1679445757029 6.830298981978558 0
1679445762567 5.329173606005497 0
1679445768479 5.709977350896224 0
1679445773701 5.018439828068949 0
1679445790254 4.913396729971282 0
1679445796183 5.713545048027299 0
1679445801535 5.188035228056833 0
1679445806830 5.076301390072331 0
1679445812547 5.5103072399506345 0
1679445817712 4.9451712829759344 0
1679445823222 5.289662651019171 0
1679445829237 5.812380222021602 0
1679445834364 4.920434478903189 0
1679445840144 5.557003453955986 0
1679445860283 6.260116565041244 0
1679445865500 5.004989422974177 0
1679445871439 5.735220219939947 0
1679445877047 5.4002109880093485 0
1679445882428 5.14793188101612 0
1679445888433 5.797850352013484 0
1679445893926 5.322684556012973 0
1679445899280 5.120119019993581 0
1679445905238 5.736217290977947 0
1679445910475 5.01059981493745 0
1679445926883 4.95884866907727 0
1679445932622 5.539793559000827 0
1679445938346 5.560297443065792 0
1679445943504 4.936351633048616 0
1679445949972 6.299512920086272 0
1679445956877 6.739152070949785 0
1679445962793 5.698010361054912 0
1679445968338 5.36617178900633 0
1679445973446 4.877744583063759 0
1679445979194 5.529167109052651 0
1679445998262 5.851166392094456 0
1679446003478 4.963340643094853 0
1679446008948 5.247961799963377 0
1679446014751 5.59105671395082 0
1679446020217 5.229279932915233 0
1679446026287 5.860063323983923 0
1679446031841 5.3675791380228475 0
1679446036990 4.936080420971848 0
1679446042719 5.494730476057157 0
1679446047920 4.976014132029377 0
1679446071324 5.912182598025538 0
1679446076488 4.9403121379436925 0
1679446082542 5.823039924027398 0
1679446088255 5.534150099963881 0
1679446093589 5.101692675962113 0
1679446099785 5.984736286103725 0
1679446105354 5.403093007975258 0
1679446110599 5.012427782989107 0
1679446116547 5.74490072298795 0
1679446122005 5.222743744961917 0
1679446139338 4.972664837958291 0
1679446145434 5.862847394892015 0
1679446151117 5.521517498069443 0
1679446158396 7.080991856055334 0
1679446164617 6.004332158016041 0
1679446169935 5.0715391740668565 0
1679446175686 5.5173291460378096 0
1679446181746 5.822615853045136 0
1679446187069 5.102850481052883 0
1679446193081 5.791061319061555 0
1679446213191 4.976135813980363 0
1679446219355 5.927487934008241 0
1679446224725 5.068168318946846 0
1679446230240 5.270822505932301 0
1679446236141 5.657838569954038 0
1679446241342 4.951601351960562 0
1679446247404 5.830522974953055 0
1679446252865 5.307986986008473 0
1679446259894 6.850101956049912 0
1679446266259 6.1434300020337105 0
1679446286986 5.878997580963187 0
1679446292739 5.584603480063379 0
1679446297932 4.974842770025134 0
1679446304383 6.225330565008335 0
1679446309990 5.436390183982439 0
1679446315260 5.027801768039353 0
1679446321198 5.708882319973782 0
1679446326402 4.975478836102411 0
1679446332115 5.491587803931907 0
1679446337969 5.614257324952632 0
1679446359660 6.901258070021868 0
1679446366461 6.596229505026713 0
1679446371978 5.282537105027586 0
1679446377996 5.759665378020145 0
1679446383470 5.240369549021125 0
1679446389399 5.701752688037232 0
1679446395298 5.7271668050671 0
1679446400624 5.069229400949553 0
1679446406692 5.833695198991336 0
1679446412122 5.148645451059565 0
1679446432086 5.640662419027649 0
1679446437368 5.05390481906943 0
1679446443475 5.891669685021043 0
1679446448991 5.329868276021443 0
1679446454274 5.044151713955216 0
1679446459888 5.420716280001216 0
1679446467073 6.977300544967875 0
1679446473679 6.373340702033602 0
1679446479047 5.143603543983772 0
1679446484885 5.600567335961387 0
