1679445157443 0.9145833333333333 0
1679445160437 0.9597222222222223 0
1679445164047 0.9722222222222222 0
1679445167021 0.9798611111111111 0
1679445169976 0.9763888888888889 0
1679445173707 0.9878472222222222 0
1679445176645 0.9857638888888889 0
1679445179721 0.9798611111111111 0
1679445183599 0.9881944444444445 0
1679445186872 0.9947916666666666 0
1679445201176 0.8888888888888888 0
1679445208234 0.9815972222222222 0
1679445214494 0.9892361111111111 0
1679445219810 0.9840277777777777 0
1679445225389 0.9920138888888889 0
1679445230623 0.9909722222222223 0
1679445236393 0.996875 0
1679445241432 0.9930555555555556 0
1679445246828 0.9940972222222222 0
1679445252266 0.9930555555555556 0
1679445265663 0.8729166666666667 0
1679445271259 0.9795138888888889 0
1679445276117 0.9871527777777778 0
1679445281640 0.9923611111111111 0
1679445286566 0.9930555555555556 0
1679445291922 0.9965277777777778 0
1679445297368 0.9986111111111111 0
1679445302145 0.9989583333333333 0
1679445306929 0.9989583333333333 0
1679445313704 0.9954861111111111 0
1679445330058 0.8673611111111111 0
1679445334859 0.9684027777777777 0
1679445340420 0.9791666666666666 0
1679445345179 0.9854166666666667 0
1679445350936 0.99375 0
1679445355837 0.9940972222222222 0
1679445361485 0.9934027777777777 0
1679445366482 0.9951388888888889 0
1679445371562 0.9934027777777777 0
1679445377229 0.9961805555555555 0
1679445391218 0.8902777777777777 0
1679445396892 0.9857638888888889 0
1679445401968 0.9878472222222222 0
1679445407712 0.9892361111111111 0
1679445412620 0.9892361111111111 0
1679445418979 0.9864583333333333 0
1679445425776 0.9958333333333333 0
1679445431576 0.9982638888888888 0
1679445436741 0.9989583333333333 0
1679445442251 0.9979166666666667 0
1679445457953 0.8548611111111111 0
1679445462912 0.9649305555555555 0
1679445468721 0.9798611111111111 0
1679445473820 0.9871527777777778 0
1679445479065 0.9868055555555556 0
1679445484727 0.9986111111111111 0
1679445489607 0.9947916666666666 0
1679445495354 0.9947916666666666 0
1679445500314 0.9927083333333333 0
1679445505919 0.9895833333333334 0
1679445520995 0.9225694444444444 0
1679445527821 0.9815972222222222 0
1679445534657 0.9822916666666667 0
1679445540305 0.9892361111111111 0
1679445545254 0.9916666666666667 0
1679445550742 0.9965277777777778 0
1679445556426 0.996875 0
1679445561345 0.9930555555555556 0
1679445567064 0.996875 0
1679445572161 0.9972222222222222 0
1679445587117 0.8364583333333333 0
1679445592922 0.9652777777777778 0
1679445598140 0.9850694444444444 0
1679445603817 0.9875 0
1679445609063 0.9909722222222223 0
1679445614236 0.9934027777777777 0
1679445619632 0.9975694444444444 0
1679445624382 0.9972222222222222 0
1679445629300 0.9993055555555556 0
1679445636364 0.9993055555555556 0
1679445654584 0.8680555555555556 0
1679445659644 0.9798611111111111 0
1679445665272 0.9871527777777778 0
1679445670530 0.9923611111111111 0
1679445675662 0.9923611111111111 0
1679445681713 0.9979166666666667 0
1679445686816 0.9989583333333333 0
1679445692619 0.9954861111111111 0
1679445697487 0.9934027777777777 0
1679445703316 0.9934027777777777 0
1679445720985 0.8791666666666667 0
1679445726356 0.9763888888888889 0
1679445731252 0.9902777777777778 0
1679445736378 0.9916666666666667 0
1679445742943 0.9923611111111111 0
1679445750036 0.9954861111111111 0
1679445757010 0.9975694444444444 0
1679445762550 0.9923611111111111 0
1679445768462 0.9986111111111111 0
1679445773680 0.9923611111111111 0
1679445790236 0.8892361111111111 0
1679445796162 0.9829861111111111 0
1679445801512 0.9902777777777778 0
1679445806809 0.9951388888888889 0
1679445812525 0.9958333333333333 0
1679445817693 0.9986111111111111 0
1679445823201 0.9993055555555556 0
1679445829216 0.9996527777777777 0
1679445834346 0.9986111111111111 0
1679445840118 0.9986111111111111 0
1679445860258 0.853125 0
1679445865481 0.9819444444444444 0
1679445871419 0.9944444444444445 0
1679445877024 0.9979166666666667 0
1679445882409 0.9996527777777777 0
1679445888414 0.9989583333333333 0
1679445893905 0.9958333333333333 0
1679445899257 0.9947916666666666 0
1679445905215 0.9996527777777777 0
1679445910450 0.9989583333333333 0
1679445926861 0.8329861111111111 0
1679445932597 0.9739583333333334 0
1679445938316 0.9878472222222222 0
1679445943478 0.9951388888888889 0
1679445949955 0.9954861111111111 0
1679445956857 0.9972222222222222 0
1679445962772 0.9979166666666667 0
1679445968309 0.9965277777777778 0
1679445973423 0.9961805555555555 0
1679445979172 0.9979166666666667 0
1679445998239 0.8864583333333333 0
1679446003440 0.9895833333333334 0
1679446008924 0.9975694444444444 0
1679446014728 0.9982638888888888 0
1679446020196 0.9954861111111111 0
1679446026263 0.9982638888888888 0
1679446031821 0.9972222222222222 0
1679446036966 1.0 0
1679446042698 0.9979166666666667 0
1679446047896 1.0 0
1679446071295 0.9013888888888889 0
1679446076466 0.9909722222222223 0
1679446082518 0.9947916666666666 0
1679446088234 0.9986111111111111 0
1679446093564 0.9954861111111111 0
1679446099765 0.9993055555555556 0
1679446105329 1.0 0
1679446110577 1.0 0
1679446116519 1.0 0
1679446121984 0.9993055555555556 0
1679446139313 0.859375 0
1679446145410 0.9871527777777778 0
1679446151097 0.99375 0
1679446158376 0.9951388888888889 0
1679446164592 0.996875 0
1679446169907 0.9979166666666667 0
1679446175661 0.9979166666666667 0
1679446181720 0.9934027777777777 0
1679446187043 0.9940972222222222 0
1679446193053 0.9954861111111111 0
1679446213166 0.8809027777777778 0
1679446219326 0.9920138888888889 0
1679446224706 0.9965277777777778 0
1679446230215 0.9989583333333333 0
1679446236121 0.9986111111111111 0
1679446241318 0.9986111111111111 0
1679446247375 1.0 0
1679446252850 1.0 0
1679446259873 1.0 0
1679446266240 1.0 0
1679446286965 0.8777777777777778 0
1679446292722 0.984375 0
1679446297908 0.9909722222222223 0
1679446304356 0.996875 0
1679446309971 0.9965277777777778 0
1679446315232 0.9954861111111111 0
1679446321172 0.996875 0
1679446326375 0.9965277777777778 0
1679446332089 0.9993055555555556 0
1679446337940 0.9986111111111111 0
1679446359635 0.871875 0
1679446366437 0.9611111111111111 0
1679446371949 0.9743055555555555 0
1679446377971 0.9809027777777778 0
1679446383443 0.9913194444444444 0
1679446389372 0.9954861111111111 0
1679446395275 0.9944444444444445 0
1679446400596 0.9927083333333333 0
1679446406662 0.9944444444444445 0
1679446412103 0.9927083333333333 0
1679446432062 0.8229166666666666 0
1679446437340 0.9666666666666667 0
1679446443444 0.9836805555555556 0
1679446448970 0.990625 0
1679446454252 0.9920138888888889 0
1679446459859 0.9920138888888889 0
1679446467041 0.996875 0
1679446473652 0.9989583333333333 0
1679446479020 0.9958333333333333 0
1679446484859 0.9979166666666667 0
