1679285282046 0.578869312782498 0
1679285286587 0.08194285402914472 0
1679285290863 0.029855539570288622 0
1679285295299 0.013759861006310173 0
1679285299795 0.011596651213681874 0
1679285304099 0.005267805177901013 0
1679285308919 0.003652504022694284 0
1679285313431 0.0026917896075425306 0
1679285317849 0.0023833889375536647 0
1679285322185 0.0028005288177690305 0
1679285344192 0.846425703034187 0
1679285350540 0.15983412116288376 0
1679285356866 0.058891010094577305 0
1679285363045 0.025013327240370788 0
1679285369147 0.014555600704625249 0
1679285375412 0.008986182920172071 0
1679285381741 0.005719455828418573 0
1679285388207 0.004727308328885836 0
1679285394593 0.006133911137555678 0
1679285400913 0.0029214916208636565 0
1679285420613 1.0814113048597789 0
1679285426991 0.2035206027376728 0
1679285432415 0.07455796419451825 0
1679285438674 0.03416576880800466 0
1679285445185 0.019127458695155114 0
1679285451429 0.009253517742483662 0
1679285457919 0.00779527463489033 0
1679285464287 0.006412098529369523 0
1679285470410 0.005222333971454272 0
1679285476669 0.005149306821038362 0
1679285495900 1.1755834623025014 0
1679285502474 0.2127752917794845 0
1679285508778 0.06906455631654423 0
1679285515232 0.031640292766193547 0
1679285521878 0.01770301058721275 0
1679285528354 0.011995628800016278 0
1679285534757 0.006771590862906753 0
1679285541348 0.005472786081671261 0
1679285547819 0.005037696341437718 0
1679285554225 0.0038505201164531545 0
1679285573943 1.250359744215623 0
1679285580707 0.22630627950032553 0
1679285587220 0.06823442089490783 0
1679285593303 0.027467747997994032 0
1679285599455 0.016700922136899467 0
1679285605803 0.010342533139732834 0
1679285612160 0.008704874190675 0
1679285618606 0.00894415486665168 0
1679285625267 0.005256821589472775 0
1679285631654 0.007167826538744311 0
1679285651499 1.2517443975576987 0
1679285657851 0.21244258863421586 0
1679285664547 0.0652348238747949 0
1679285671298 0.0285475512739653 0
1679285677371 0.015278782197035467 0
1679285683686 0.009384144469200132 0
1679285689970 0.007616152585400507 0
1679285696489 0.006644229331495575 0
1679285702967 0.005572099395720169 0
1679285709255 0.005379753689153287 0
1679285729085 1.279713749503478 0
1679285735712 0.23622876964509487 0
1679285741778 0.06575272503332832 0
1679285747922 0.025419542607731927 0
1679285754255 0.014603973882726561 0
1679285760729 0.009523506664360562 0
1679285767219 0.007591119944640339 0
1679285773114 0.007804088688900288 0
1679285779371 0.005193956879875026 0
1679285785468 0.0041912060383205805 0
1679285805808 1.2757758078857875 0
1679285812206 0.22155726941015857 0
1679285818635 0.0629919186497155 0
1679285825225 0.025826817920180753 0
1679285831686 0.012857282599911857 0
1679285838211 0.010326266564870587 0
1679285844518 0.007803283975823807 0
1679285850811 0.005985525158347371 0
1679285857509 0.0056981636959020626 0
1679285864175 0.004240493653924204 0
1679285884168 1.2895724538427134 0
1679285890704 0.21006389922247484 0
1679285897064 0.06518593968417591 0
1679285903594 0.027409645937717497 0
1679285910191 0.013746226575070372 0
1679285916653 0.009724284190153226 0
1679285923224 0.00725988617602688 0
1679285929728 0.006504974606706617 0
1679285935950 0.006781273501707265 0
1679285942413 0.005642303456671727 0
1679285963585 1.3023995287143266 0
1679285970194 0.22586587472603872 0
1679285976557 0.06895130744371085 0
1679285982939 0.029037387041637722 0
1679285989248 0.015611039926835265 0
1679285995768 0.011499391037385719 0
1679286002284 0.008774618751769409 0
1679286008846 0.0069501948630950675 0
1679286015201 0.005373711661190893 0
1679286021951 0.0038752528351510707 0
1679286042863 1.284710905681818 0
1679286048965 0.22571706991547194 0
1679286056046 0.07214657734864606 0
1679286062679 0.03045126854871901 0
1679286069485 0.017625481411157988 0
1679286075939 0.01072473565223985 0
1679286082211 0.008777730367653884 0
1679286088680 0.005936555200978779 0
1679286095145 0.003714036935259803 0
1679286101506 0.0036982478397056605 0
1679286122592 1.2880066581643546 0
1679286129052 0.2209984983723515 0
1679286135513 0.06227801846435819 0
1679286142035 0.02364907766847561 0
1679286148544 0.013648913690420345 0
1679286155227 0.012097878839808684 0
1679286161218 0.008647100135045221 0
1679286167803 0.006063422927698598 0
1679286174366 0.005013140507239418 0
1679286180764 0.003318518191614809 0
1679286202366 1.277703290948501 0
1679286208785 0.22646125257970431 0
1679286215385 0.059560799439891406 0
1679286222028 0.02385712643034565 0
1679286228578 0.01460573214959974 0
1679286234920 0.009227823298155831 0
1679286241513 0.009240438170635547 0
1679286248014 0.006619969063486235 0
1679286254776 0.006495304409793626 0
1679286260463 0.003497114656896044 0
1679286281926 1.2649053973265183 0
1679286288332 0.22106986578840476 0
1679286294820 0.053033091145782515 0
1679286301313 0.022230126953218132 0
1679286307936 0.015147464943882555 0
1679286314378 0.011341304583952595 0
1679286320708 0.0067508180740659535 0
1679286327326 0.006016894098884689 0
1679286333941 0.004351068326892952 0
1679286340488 0.004800488153332247 0
1679286362324 1.2658746884419367 0
1679286369023 0.22224590896318355 0
1679286375648 0.059757222060281306 0
1679286382129 0.021845660882834822 0
1679286388686 0.014529720729348274 0
1679286395516 0.010415685318338756 0
1679286401863 0.0080867404377876 0
1679286408306 0.006739045281369143 0
1679286414978 0.005026808265262308 0
1679286421666 0.005609393497415556 0
1679286443910 1.2741063032776883 0
1679286450699 0.22492737494982207 0
1679286457150 0.05696811340152262 0
1679286463734 0.029157297655892294 0
1679286470411 0.014817178092646198 0
1679286477102 0.008939966172105275 0
1679286483705 0.00647149603210915 0
1679286489884 0.007274805938672775 0
1679286496554 0.00454788885709161 0
1679286503287 0.004148705891193225 0
1679286525909 1.2695157583325336 0
1679286532601 0.22628755282419613 0
1679286539201 0.06460407275993091 0
1679286545884 0.02496228787677888 0
1679286552670 0.014443022687023936 0
1679286558687 0.011702027737509267 0
1679286565006 0.007804718057368285 0
1679286571586 0.0055978550260008956 0
1679286578338 0.005332276528068365 0
1679286584986 0.005172636399481398 0
1679286606763 1.264250680613212 0
1679286613485 0.22765520081306115 0
1679286620020 0.06606510581854635 0
1679286626736 0.030014418435688965 0
1679286633166 0.01536991195126365 0
1679286639657 0.010061362614252198 0
1679286646613 0.008596522629093856 0
1679286653573 0.006399687106843488 0
1679286659220 0.00485632077862437 0
1679286665918 0.003874879165474946 0
1679286688749 1.2221424379027808 0
1679286695321 0.21201302696210453 0
1679286701807 0.06591211730996385 0
1679286708380 0.025227518474611525 0
1679286714933 0.013803131751513157 0
1679286721471 0.008486772288914578 0
1679286728296 0.006300401795156993 0
1679286735041 0.008238822415408392 0
1679286741560 0.005286010666914547 0
1679286748494 0.004225090660978681 0
1679286771020 1.222857610728496 0
1679286777739 0.21676402211857912 0
1679286784864 0.06355494090045492 0
1679286791511 0.021496887187449597 0
1679286798416 0.014362296793991938 0
1679286805006 0.010057630041279854 0
1679286811684 0.006365693247062154 0
1679286818411 0.005359854585735892 0
1679286824983 0.004889412389438337 0
1679286831763 0.004335429982837433 0
