1679285282052 4.558843293983955 0
1679285286593 4.3742958890507 0
1679285290872 4.115055504022166 0
1679285295306 4.259536219993606 0
1679285299805 4.3242369330255315 0
1679285304105 4.135409884969704 0
1679285308932 4.632126059033908 0
1679285313436 4.339200978982262 0
1679285317854 4.2546850519720465 0
1679285322191 4.190197359013837 0
1679285344200 5.834179926023353 0
1679285350545 6.1507541699684225 0
1679285356875 6.140125651960261 0
1679285363052 5.986328641010914 0
1679285369153 5.901306581974495 0
1679285375418 6.086296810011845 0
1679285381749 6.135529246006627 0
1679285388218 6.268491549999453 0
1679285394598 6.170996372005902 0
1679285400919 6.1410570699954405 0
1679285420622 6.376886975951493 0
1679285427000 6.188013489998411 0
1679285432423 5.192826830025297 0
1679285438679 6.0714919730089605 0
1679285445196 6.309009196993429 0
1679285451437 6.033724926004652 0
1679285457928 6.283916446031071 0
1679285464293 6.164150494034402 0
1679285470418 5.928991210006643 0
1679285476677 6.05680368602043 0
1679285495908 5.981221763999201 0
1679285502483 6.355736017983872 0
1679285508783 6.1159151589963585 0
1679285515240 6.258475760987494 0
1679285521887 6.390073786955327 0
1679285528363 6.271647713962011 0
1679285534764 6.189970525039826 0
1679285541356 6.411054887983482 0
1679285547826 6.267077889991924 0
1679285554233 6.193463682953734 0
1679285573952 6.171172433998436 0
1679285580714 6.543555335025303 0
1679285587229 6.280164883006364 0
1679285593311 5.87271830602549 0
1679285599464 5.945487093005795 0
1679285605810 6.106870872958098 0
1679285612173 6.147160410007928 0
1679285618615 6.221435501007363 0
1679285625276 6.452179309970234 0
1679285631661 6.176316217985004 0
1679285651504 6.164005842001643 0
1679285657859 6.151256305980496 0
1679285664556 6.470534068008419 0
1679285671304 6.525930916017387 0
1679285677379 5.86291613598587 0
1679285683692 6.109053088992368 0
1679285689976 6.080074691970367 0
1679285696498 6.29659918602556 0
1679285702976 6.253866048005875 0
1679285709268 6.069258934003301 0
1679285729093 6.166443239955697 0
1679285735721 6.414897028007545 0
1679285741789 5.857839352975134 0
1679285747932 5.927807257976383 0
1679285754262 6.114202580996789 0
1679285760735 6.2444895500084385 0
1679285767227 6.254148514010012 0
1679285773122 5.66373031103285 0
1679285779382 6.0464226740296 0
1679285785475 5.85797085397644 0
1679285805817 6.106918953009881 0
1679285812216 6.157522181980312 0
1679285818645 6.203365636989474 0
1679285825236 6.371268126007635 0
1679285831692 6.239086247980595 0
1679285838218 6.300321148009971 0
1679285844525 6.093664017971605 0
1679285850818 6.083170161000453 0
1679285857516 6.466958832985256 0
1679285864185 6.435222509026062 0
1679285884176 6.177243407990318 0
1679285890717 6.300611140963156 0
1679285897079 6.121317615034059 0
1679285903601 6.267849396041129 0
1679285910198 6.324863607995212 0
1679285916660 6.228284271957818 0
1679285923233 6.341941279009916 0
1679285929734 6.264895353990141 0
1679285935957 5.9839311559917405 0
1679285942421 6.230720285035204 0
1679285963592 6.521117897995282 0
1679285970202 6.368258280970622 0
1679285976572 6.1058145420392975 0
1679285982946 6.148326564056333 0
1679285989254 6.082245255995076 0
1679285995776 6.285479993966874 0
1679286002292 6.284164229000453 0
1679286008857 6.331019197998103 0
1679286015209 6.112877390987705 0
1679286021963 6.488916811009403 0
1679286042870 6.245229656982701 0
1679286048971 5.868259092967492 0
1679286056055 6.798837329028174 0
1679286062689 6.325837792013772 0
1679286069492 6.557507695979439 0
1679286075946 6.210480275971349 0
1679286082221 6.035552430024836 0
1679286088691 6.207632764999289 0
1679286095152 6.214718625007663 0
1679286101514 6.1239233200321905 0
1679286122599 6.201932144991588 0
1679286129070 6.208868679997977 0
1679286135521 6.206796581973322 0
1679286142042 6.274579469987657 0
1679286148555 6.247266560036223 0
1679286155241 6.418111082050018 0
1679286161225 5.685638802009635 0
1679286167814 6.333250295021571 0
1679286174379 6.3064896810101345 0
1679286180778 6.1584208800341 0
1679286202373 6.316999717033468 0
1679286208797 6.167163251026068 0
1679286215403 6.349824260978494 0
1679286222037 6.372960110951681 0
1679286228589 6.288815264997538 0
1679286234929 6.081966278026812 0
1679286241524 6.345825284952298 0
1679286248023 6.244489026954398 0
1679286254783 6.498936751973815 0
1679286260482 5.420325606013648 0
1679286281941 6.290663288964424 0
1679286288346 6.151556853030343 0
1679286294828 6.227539697021712 0
1679286301320 6.249953414953779 0
1679286307943 6.373646141029894 0
1679286314394 6.1730073189828545 0
1679286320723 6.061761269986164 0
1679286327338 6.345869418000802 0
1679286333949 6.343065054970793 0
1679286340498 6.283442986954469 0
1679286362333 5.855970254982822 0
1679286369032 6.444233187008649 0
1679286375658 6.360536896972917 0
1679286382137 6.218099648016505 0
1679286388694 6.299943739955779 0
1679286395524 6.559251500992104 0
1679286401878 6.094047718972433 0
1679286408314 6.176495561958291 0
1679286414997 6.401582962018438 0
1679286421678 6.420443320996128 0
1679286443919 6.186056550999638 0
1679286450707 6.511708831007127 0
1679286457159 6.1170991330291145 0
1679286463748 6.2999777820077725 0
1679286470427 6.398231178987771 0
1679286477111 6.428595669043716 0
1679286483717 6.332146107975859 0
1679286489892 5.918413164967205 0
1679286496562 6.415244040021207 0
1679286503295 6.4734079339541495 0
1679286525922 6.371898510958999 0
1679286532619 6.413952133967541 0
1679286539209 6.318776369036641 0
1679286545899 6.401377787988167 0
1679286552678 6.498307543981355 0
1679286558696 5.742361844982952 0
1679286565014 6.045866011991166 0
1679286571597 6.295995196036529 0
1679286578346 6.480908397003077 0
1679286585006 6.3751730330404826 0
1679286606771 6.265412826964166 0
1679286613500 6.45262360398192 0
1679286620028 6.256985267973505 0
1679286626744 6.439195392013062 0
1679286633175 6.160152703989297 0
1679286639668 6.21508127998095 0
1679286646622 6.656277134025004 0
1679286653596 6.622909850033466 0
1679286659229 5.351451298978645 0
1679286665931 6.432393458962906 0
1679286688758 6.484136575018056 0
1679286695330 6.285112258978188 0
1679286701823 6.212600358005147 0
1679286708389 6.308346102014184 0
1679286714943 6.269888419017661 0
1679286721489 6.26084229699336 0
1679286728305 6.5393780779559165 0
1679286735050 6.457096935017034 0
1679286741573 6.221120803966187 0
1679286748503 6.584518004965503 0
1679286771029 6.253249247034546 0
1679286777748 6.437159279012121 0
1679286784873 6.833179918990936 0
1679286791520 6.373102242010646 0
1679286798425 6.627205528027844 0
1679286805015 6.313143495004624 0
1679286811694 6.3801985119935125 0
1679286818420 6.435599051997997 0
1679286824992 6.290034748031758 0
1679286831781 6.497472385002766 0
