1679441643212 8.842806547996588 0
1679441651863 8.429182996042073 0
1679441660505 8.419280068948865 0
1679441669141 8.40504357800819 0
1679441677671 8.324912788928486 0
1679441686397 8.433387550059706 0
1679441695033 8.414927775971591 0
1679441703242 8.008184194914065 0
1679441711672 8.221612573950551 0
1679441720349 8.440624463022687 0
1679441743018 8.413473181892186 0
1679441751738 8.451480433926918 0
1679441760459 8.476865469943732 0
1679441768943 8.229835078003816 0
1679441777408 8.196244669961743 0
1679441786078 8.427674881066196 0
1679441794765 8.459330343990587 0
1679441803524 8.501980156055652 0
1679441812072 8.325722672976553 0
1679441820834 8.51109564001672 0
1679441840879 8.71835373993963 0
1679441849801 8.678998988005333 0
1679441858556 8.507660055998713 0
1679441867496 8.67257111996878 0
1679441876475 8.727123763062991 0
1679441885615 8.88230581395328 0
1679441894521 8.684927834081464 0
1679441903612 8.853377489023842 0
1679441912325 8.47530646494124 0
1679441921181 8.60856470791623 0
1679441942272 8.621059022960253 0
1679441951094 8.584148243069649 0
1679441960190 8.85454461502377 0
1679441968917 8.496438922011293 0
1679441977725 8.554466810077429 0
1679441986520 8.465308065991849 0
1679441995506 8.731487881974317 0
1679442004384 8.605962555971928 0
1679442012673 8.069295149995014 0
1679442021540 8.616449085995555 0
1679442042011 8.242368521983735 0
1679442050352 8.093452867004089 0
1679442059093 8.485943228006363 0
1679442067848 8.518469520029612 0
1679442076471 8.379867449053563 0
1679442085448 8.718881829059683 0
1679442094151 8.472249021055177 0
1679442102709 8.310889467014931 0
1679442111775 8.82621246704366 0
1679442120585 8.574650154914707 0
1679442141390 8.283652806072496 0
1679442149881 8.239711164031178 0
1679442158583 8.442212625057437 0
1679442167321 8.511649073916487 0
1679442176165 8.596733073005453 0
1679442184991 8.574976006057113 0
1679442193907 8.648466403014027 0
1679442202622 8.455263000098057 0
1679442211326 8.450231319991872 0
1679442220217 8.64103372907266 0
1679442241546 8.628632831969298 0
1679442250189 8.397460259962827 0
1679442258921 8.451328756986186 0
1679442267678 8.513293258030899 0
1679442276522 8.579483744921163 0
1679442285503 8.720535546075553 0
1679442294560 8.79192316904664 0
1679442303461 8.632847775006667 0
1679442312108 8.314970829989761 0
1679442320897 8.52394166693557 0
1679442342750 8.524678001995198 0
1679442351484 8.479477582965046 0
1679442360218 8.469242771039717 0
1679442368866 8.390212034923024 0
1679442377381 8.266712132026441 0
1679442386182 8.558821020065807 0
1679442394831 8.340930049074814 0
1679442403451 8.373951916000806 0
1679442412330 8.59910019102972 0
1679442421006 8.399655244895257 0
1679442442978 8.598735095001757 0
1679442451828 8.60304148599971 0
1679442460794 8.706099748960696 0
1679442469739 8.666133304941468 0
1679442478307 8.307071148999967 0
1679442487215 8.677095115068369 0
1679442496168 8.660966126946732 0
1679442504805 8.375776489032432 0
1679442513475 8.407972174929455 0
1679442522350 8.624450237955898 0
1679442544087 8.508849977049977 0
1679442553160 8.790788703016005 0
1679442561991 8.567655021091923 0
1679442570648 8.375566054950468 0
1679442579280 8.355113288969733 0
1679442587995 8.449452114058658 0
1679442596794 8.545613141031936 0
1679442605569 8.499479212914594 0
1679442614451 8.613399454043247 0
1679442623233 8.550285708974116 0
1679442646035 8.664703380083665 0
1679442654736 8.354525621980429 0
1679442663305 8.298825959907845 0
1679442672186 8.633594799088314 0
1679442680959 8.51569844596088 0
1679442689480 8.260976414079778 0
1679442698455 8.710284132976085 0
1679442707323 8.615618283045478 0
1679442715937 8.333571893977933 0
1679442724748 8.53676634398289 0
1679442747489 8.5311571379425 0
1679442756316 8.562626373954117 0
1679442764987 8.382079646922648 0
1679442773679 8.397511858027428 0
1679442782703 8.760240316973068 0
1679442791705 8.718886943068355 0
1679442800423 8.460345853934996 0
1679442809163 8.492498995969072 0
1679442818037 8.603095669066533 0
1679442826918 8.599995260010473 0
1679442849922 8.443721618968993 0
1679442858773 8.593536621076055 0
1679442867407 8.281624892959371 0
1679442876031 8.358451633015648 0
1679442884788 8.494126830948517 0
1679442893583 8.510286941076629 0
1679442901990 8.144958733930252 0
1679442911048 8.782010667026043 0
1679442919837 8.473411603015848 0
1679442929276 9.179850426968187 0
1679442951620 8.480284788063727 0
1679442960518 8.632258043973707 0
1679442969199 8.380008681095205 0
1679442977939 8.469474845915101 0
1679442986700 8.519088887027465 0
1679442995438 8.466765742981806 0
1679443004241 8.54309934808407 0
1679443012786 8.275769194005989 0
1679443021666 8.602776202955283 0
1679443030535 8.610881824046373 0
1679443053772 8.459825792000629 0
1679443062439 8.391649886965752 0
1679443071589 8.775409682071768 0
1679443080569 8.70630279101897 0
1679443089660 8.78756500093732 0
1679443098723 8.782224605907686 0
1679443107536 8.549996341113001 0
1679443116247 8.462576298974454 0
1679443125281 8.765873633907177 0
1679443133925 8.362091272021644 0
1679443157755 8.701185403973795 0
1679443166555 8.535422321059741 0
1679443175160 8.359874196932651 0
1679443184004 8.607053554034792 0
1679443192905 8.596904337988235 0
1679443201836 8.65945178491529 0
1679443210526 8.430465059005655 0
1679443219482 8.708399384981021 0
1679443228756 8.99883116199635 0
1679443237742 8.69458610797301 0
1679443262346 8.752252997015603 0
1679443271102 8.470720804994926 0
1679443280229 8.82791166298557 0
1679443288975 8.466585187939927 0
1679443297846 8.594514186028391 0
1679443306661 8.533870232058689 0
1679443315581 8.641372314072214 0
1679443324545 8.705540601047687 0
1679443333585 8.73629414406605 0
1679443342627 8.772334909066558 0
1679443367549 8.67907901701983 0
1679443376622 8.750099700991996 0
1679443385935 8.99765738507267 0
1679443394812 8.57738995901309 0
1679443403965 8.864500754978508 0
1679443412692 8.465046842000447 0
1679443421978 9.01368206506595 0
1679443431224 8.980147885042243 0
1679443440112 8.625953364069574 0
1679443448980 8.588898431044072 0
1679443474827 8.883755933959037 0
1679443483714 8.596814785967581 0
1679443492511 8.50497726094909 0
1679443501743 8.837032229057513 0
1679443510411 8.403157177031972 0
1679443519262 8.579395808046684 0
1679443528177 8.608217415050603 0
1679443537255 8.786258606938645 0
1679443546007 8.467151519027539 0
1679443555197 8.908681113040075 0
1679443579529 8.592970492085442 0
1679443588392 8.595158022013493 0
1679443597334 8.659891813062131 0
1679443606086 8.450541208032519 0
1679443615061 8.712691689026542 0
1679443623996 8.67648258106783 0
1679443633148 8.888815897982568 0
1679443642387 8.9553310360061 0
1679443651275 8.60416244494263 0
1679443660196 8.62923281698022 0
