1679401774588 3.5792881179368123 0
1679401778744 3.96772143302951 0
1679401783043 4.135704056941904 0
1679401787223 4.037180003011599 0
1679401791067 3.6911094409879297 0
1679401795162 3.948553284048103 0
1679401799249 3.927568432991393 0
1679401803592 4.184477668022737 0
1679401807940 4.195722169009969 0
1679401812115 4.007626352016814 0
1679401827849 4.395117959938943 0
1679401832075 4.085231014061719 0
1679401836386 4.159548338036984 0
1679401840378 3.786859347950667 0
1679401844269 3.7173540599178523 0
1679401848382 3.944574627908878 0
1679401852672 4.141244652913883 0
1679401856476 3.649580195080489 0
1679401860672 4.060753221041523 0
1679401865198 4.375176480039954 0
1679401880927 4.023351319949143 0
1679401885471 4.370307733071968 0
1679401889881 4.254621225991286 0
1679401894194 4.1539937609340996 0
1679401898442 4.096386555000208 0
1679401902746 4.135194109054282 0
1679401906666 3.7126581899356097 0
1679401909795 2.974908986943774 0
1679401914115 4.167363706976175 0
1679401918466 4.202573993010446 0
1679401933930 3.972487934981473 0
1679401938380 4.300556201022118 0
1679401942858 4.3108129799366 0
1679401947237 4.214446174912155 0
1679401951539 4.155496348044835 0
1679401955928 4.228911852929741 0
1679401960298 4.2169769330648705 0
1679401964455 3.9986709309741855 0
1679401968812 4.176799595938064 0
1679401972896 3.9197801239788532 0
1679401989870 3.9591366129461676 0
1679401994118 4.081571693066508 0
1679401998302 4.029190717963502 0
1679402002610 4.156551263993606 0
1679402006900 4.133683807915077 0
1679402011251 4.161544481059536 0
1679402015645 4.215076238964684 0
1679402020184 4.369726247037761 0
1679402024636 4.303016396006569 0
1679402029222 4.406517358031124 0
1679402045128 4.362865757080726 0
1679402049293 3.999190495000221 0
1679402053590 4.144289933028631 0
1679402057894 4.146253407001495 0
1679402062176 4.082776512950659 0
1679402066697 4.350610970985144 0
1679402071152 4.278655635891482 0
1679402075637 4.335085597936995 0
1679402079944 4.158376400009729 0
1679402084321 4.211295615998097 0
1679402101619 4.497910232050344 0
1679402106078 4.275755387963727 0
1679402110242 3.9993171310052276 0
1679402114535 4.12712162907701 0
1679402118786 4.083549541886896 0
1679402123045 4.063782282988541 0
1679402127507 4.305097879958339 0
1679402131822 4.141908957972191 0
1679402136399 4.418871824047528 0
1679402140623 4.068136926973239 0
1679402157353 4.02169317600783 0
1679402161819 4.273942617001012 0
1679402166404 4.365334154921584 0
1679402170742 4.1848497779574245 0
1679402175012 4.093744580983184 0
1679402179265 4.087937618023716 0
1679402183612 4.186335063073784 0
1679402188154 4.351875087013468 0
1679402192465 4.14316019800026 0
1679402196904 4.268710889969952 0
1679402213844 4.167939729988575 0
1679402217826 3.7626118670450523 0
1679402222430 4.443978149909526 0
1679402227084 4.42915847490076 0
1679402231212 3.9617863160092384 0
1679402235475 4.1133137679426 0
1679402239768 4.127365704975091 0
1679402244273 4.269411767018028 0
1679402248936 4.479611358954571 0
1679402253435 4.336624459945597 0
1679402271083 4.193647139938548 0
1679402275417 4.1820137170143425 0
1679402279550 3.9106096029281616 0
1679402284094 4.362932241987437 0
1679402288538 4.248405028018169 0
1679402292510 3.808080895920284 0
1679402296739 4.069180137012154 0
1679402301164 4.219109350931831 0
1679402305704 4.36282860301435 0
1679402310204 4.30016753601376 0
1679402328481 4.200221639010124 0
1679402332856 4.19909806502983 0
1679402337231 4.196125841001049 0
1679402341442 3.9948621080257 0
1679402345997 4.354075888055377 0
1679402350366 4.187612093053758 0
1679402354339 3.7735302889486775 0
1679402358775 4.274926680023782 0
1679402363260 4.3130058200331405 0
1679402367799 4.371827914030291 0
1679402385693 4.301217720960267 0
1679402390183 4.307978217955679 0
1679402394507 4.151683075004257 0
1679402398959 4.252542877919041 0
1679402403405 4.181548228953034 0
1679402407990 4.398438283940777 0
1679402412591 4.4172859829850495 0
1679402416859 4.0577214759541675 0
1679402421537 4.437826673965901 0
1679402426024 4.2836635779822245 0
1679402444681 4.365568045992404 0
1679402449238 4.373025633045472 0
1679402453522 4.11250373988878 0
1679402457961 4.2511391550069675 0
1679402462278 4.144494615960866 0
1679402466539 4.0464085770072415 0
1679402471313 4.579087972990237 0
1679402475741 4.239704134990461 0
1679402479743 3.8256060680141672 0
1679402484251 4.270431268028915 0
1679402502737 4.509903274010867 0
1679402507390 4.4741008509881794 0
1679402512000 4.434109851019457 0
1679402516485 4.304283077013679 0
1679402520837 4.181384656927548 0
1679402525311 4.299652929999866 0
1679402529235 3.6941963370190933 0
1679402533937 4.517276888946071 0
1679402538645 4.445473741041496 0
1679402542765 3.951375199947506 0
1679402561214 4.197703183977865 0
1679402565543 4.14650397899095 0
1679402570132 4.358739317045547 0
1679402574569 4.244994516950101 0
1679402578980 4.234056143090129 0
1679402583429 4.263923630933277 0
1679402587862 4.251986254006624 0
1679402591472 3.389423109940253 0
1679402596245 4.562573099974543 0
1679402600794 4.335423091077246 0
1679402619811 4.211772751994431 0
1679402624455 4.324221163056791 0
1679402628935 4.2870544460602105 0
1679402633419 4.2870415119687095 0
1679402638115 4.50169260497205 0
1679402642567 4.23830922099296 0
1679402646972 4.222477375995368 0
1679402651463 4.325254898052663 0
1679402655308 3.608744428958744 0
1679402660154 4.664111249963753 0
1679402679191 4.273994504939765 0
1679402683683 4.297362042008899 0
1679402688231 4.358081531943753 0
1679402692742 4.313021371024661 0
1679402697172 4.253524714964442 0
1679402701680 4.331975310924463 0
1679402706159 4.273977502947673 0
1679402710726 4.374345183954574 0
1679402715348 4.452899427968077 0
1679402719078 3.566125827957876 0
1679402739339 4.185409664991312 0
1679402743758 4.24923768104054 0
1679402748148 4.224949682946317 0
1679402752666 4.34043635497801 0
1679402757418 4.565455954987556 0
1679402762194 4.588792083086446 0
1679402766666 4.274776039062999 0
1679402771252 4.40079672599677 0
1679402775803 4.367941471049562 0
1679402779939 3.903219267958775 0
1679402801320 4.285348382079974 0
1679402805708 4.207826833007857 0
1679402810243 4.330238542985171 0
1679402814818 4.381096812081523 0
1679402819279 4.256614211015403 0
1679402823707 4.2268252751091495 0
1679402828192 4.278324331040494 0
1679402832610 4.214244741015136 0
1679402836993 4.20579966600053 0
1679402841596 4.352614643983543 0
1679402864436 4.410065719042905 0
1679402868887 4.28482174302917 0
1679402873292 4.216397868935019 0
1679402877734 4.269443302066065 0
1679402882190 4.269476462970488 0
1679402886970 4.574067649082281 0
1679402891608 4.450708401040174 0
1679402896269 4.463181828032248 0
1679402901058 4.5683552289847285 0
1679402905850 4.595476518967189 0
