1679401774573 0.909375 0
1679401778727 0.9677083333333333 0
1679401783028 0.9756944444444444 0
1679401787207 0.9809027777777778 0
1679401791047 0.9875 0
1679401795144 0.9885416666666667 0
1679401799229 0.9875 0
1679401803576 0.9795138888888889 0
1679401807925 0.9854166666666667 0
1679401812098 0.9857638888888889 0
1679401827826 0.9270833333333334 0
1679401832060 0.9836805555555556 0
1679401836367 0.9854166666666667 0
1679401840366 0.9902777777777778 0
1679401844248 0.9892361111111111 0
1679401848363 0.9961805555555555 0
1679401852653 0.9965277777777778 0
1679401856462 0.9927083333333333 0
1679401860662 0.9954861111111111 0
1679401865188 0.9975694444444444 0
1679401880913 0.878125 0
1679401885452 0.9815972222222222 0
1679401889859 0.9826388888888888 0
1679401894177 0.9868055555555556 0
1679401898429 0.9958333333333333 0
1679401902723 0.9965277777777778 0
1679401906642 0.9909722222222223 0
1679401909775 0.9947916666666666 0
1679401914097 0.9892361111111111 0
1679401918449 0.9927083333333333 0
1679401933914 0.821875 0
1679401938365 0.9552083333333333 0
1679401942837 0.9725694444444445 0
1679401947218 0.9885416666666667 0
1679401951524 0.9902777777777778 0
1679401955911 0.9913194444444444 0
1679401960273 0.9947916666666666 0
1679401964439 0.99375 0
1679401968788 0.9972222222222222 0
1679401972872 0.9986111111111111 0
1679401989852 0.834375 0
1679401994092 0.9618055555555556 0
1679401998282 0.9815972222222222 0
1679402002591 0.9881944444444445 0
1679402006880 0.9923611111111111 0
1679402011233 0.9982638888888888 0
1679402015623 0.99375 0
1679402020160 0.9930555555555556 0
1679402024617 0.9940972222222222 0
1679402029199 0.9986111111111111 0
1679402045117 0.8427083333333333 0
1679402049276 0.9503472222222222 0
1679402053570 0.971875 0
1679402057877 0.9788194444444445 0
1679402062158 0.9868055555555556 0
1679402066679 0.9833333333333333 0
1679402071131 0.9888888888888889 0
1679402075621 0.9947916666666666 0
1679402079923 0.99375 0
1679402084302 0.9961805555555555 0
1679402101604 0.8427083333333333 0
1679402106058 0.975 0
1679402110224 0.9826388888888888 0
1679402114514 0.9829861111111111 0
1679402118766 0.9902777777777778 0
1679402123021 0.9958333333333333 0
1679402127488 0.990625 0
1679402131805 0.9920138888888889 0
1679402136383 0.9947916666666666 0
1679402140608 1.0 0
1679402157338 0.8614583333333333 0
1679402161800 0.975 0
1679402166373 0.9746527777777778 0
1679402170725 0.9861111111111112 0
1679402174989 0.9940972222222222 0
1679402179247 0.9913194444444444 0
1679402183594 0.9947916666666666 0
1679402188131 0.9975694444444444 0
1679402192450 0.9996527777777777 0
1679402196882 0.9940972222222222 0
1679402213826 0.85 0
1679402217806 0.975 0
1679402222406 0.9940972222222222 0
1679402227052 0.99375 0
1679402231192 0.9954861111111111 0
1679402235458 0.9961805555555555 0
1679402239748 0.9965277777777778 0
1679402244255 0.9975694444444444 0
1679402248916 0.9954861111111111 0
1679402253416 0.9986111111111111 0
1679402271061 0.8246527777777778 0
1679402275401 0.9565972222222222 0
1679402279531 0.9666666666666667 0
1679402284074 0.9791666666666666 0
1679402288519 0.9861111111111112 0
1679402292485 0.9868055555555556 0
1679402296719 0.9902777777777778 0
1679402301144 0.9934027777777777 0
1679402305685 0.9944444444444445 0
1679402310176 0.9923611111111111 0
1679402328462 0.8954861111111111 0
1679402332842 0.9798611111111111 0
1679402337212 0.9927083333333333 0
1679402341422 0.9958333333333333 0
1679402345970 0.996875 0
1679402350347 0.9972222222222222 0
1679402354322 0.9934027777777777 0
1679402358757 0.9947916666666666 0
1679402363243 0.9975694444444444 0
1679402367782 0.9982638888888888 0
1679402385674 0.8607638888888889 0
1679402390159 0.9659722222222222 0
1679402394485 0.9732638888888889 0
1679402398930 0.9784722222222222 0
1679402403383 0.9802083333333333 0
1679402407965 0.9868055555555556 0
1679402412570 0.9927083333333333 0
1679402416831 0.9958333333333333 0
1679402421516 0.99375 0
1679402425999 0.9909722222222223 0
1679402444662 0.8628472222222222 0
1679402449219 0.9753472222222223 0
1679402453502 0.9857638888888889 0
1679402457937 0.9885416666666667 0
1679402462256 0.9944444444444445 0
1679402466518 0.9961805555555555 0
1679402471292 0.9993055555555556 0
1679402475721 0.9986111111111111 0
1679402479725 0.9993055555555556 0
1679402484233 1.0 0
1679402502718 0.8704861111111111 0
1679402507372 0.9701388888888889 0
1679402511981 0.9774305555555556 0
1679402516463 0.9885416666666667 0
1679402520819 0.9902777777777778 0
1679402525293 0.9913194444444444 0
1679402529215 0.9930555555555556 0
1679402533912 0.9982638888888888 0
1679402538611 0.9975694444444444 0
1679402542742 0.9996527777777777 0
1679402561194 0.8576388888888888 0
1679402565522 0.975 0
1679402570090 0.9850694444444444 0
1679402574550 0.9892361111111111 0
1679402578961 0.9916666666666667 0
1679402583410 0.9951388888888889 0
1679402587839 0.9947916666666666 0
1679402591448 0.9940972222222222 0
1679402596223 0.9979166666666667 0
1679402600770 0.9986111111111111 0
1679402619790 0.8166666666666667 0
1679402624423 0.9684027777777777 0
1679402628913 0.9836805555555556 0
1679402633399 0.9857638888888889 0
1679402638086 0.990625 0
1679402642542 0.9927083333333333 0
1679402646954 0.9920138888888889 0
1679402651444 0.99375 0
1679402655284 0.996875 0
1679402660129 0.9975694444444444 0
1679402679170 0.8895833333333333 0
1679402683664 0.9777777777777777 0
1679402688212 0.9881944444444445 0
1679402692717 0.9895833333333334 0
1679402697143 0.9954861111111111 0
1679402701661 0.9930555555555556 0
1679402706131 0.99375 0
1679402710709 0.9993055555555556 0
1679402715327 0.9951388888888889 0
1679402719057 0.9979166666666667 0
1679402739318 0.8145833333333333 0
1679402743739 0.9541666666666667 0
1679402748126 0.9763888888888889 0
1679402752636 0.9836805555555556 0
1679402757397 0.9871527777777778 0
1679402762174 0.99375 0
1679402766644 0.990625 0
1679402771232 0.9965277777777778 0
1679402775778 0.9986111111111111 0
1679402779913 0.9982638888888888 0
1679402801299 0.8552083333333333 0
1679402805687 0.9788194444444445 0
1679402810220 0.9850694444444444 0
1679402814799 0.9875 0
1679402819254 0.9916666666666667 0
1679402823677 0.99375 0
1679402828166 0.9934027777777777 0
1679402832580 0.9947916666666666 0
1679402836975 0.9965277777777778 0
1679402841572 0.9909722222222223 0
1679402864415 0.85625 0
1679402868868 0.9614583333333333 0
1679402873271 0.975 0
1679402877707 0.9736111111111111 0
1679402882157 0.9857638888888889 0
1679402886944 0.9802083333333333 0
1679402891588 0.9854166666666667 0
1679402896249 0.9944444444444445 0
1679402901026 0.9913194444444444 0
1679402905818 0.9940972222222222 0
