1679802490831 0.9802975900681596 0
1679802553967 0.9962420886075949 0
1679802617327 0.9970180136319376 0
1679802681018 0.9968658714703018 0
1679802744927 0.998722005842259 0
1679802809112 0.9973375121713729 0
1679802873661 0.9984025073028238 0
1679802937126 0.9982655793573515 0
1679803001110 0.9989197906523856 0
1679803064485 0.9988132911392406 0
1679803104594 0.9662272727272727 0
1679803126505 0.9976363636363637 0
1679803148229 0.9986818181818182 0
1679803169784 0.9975 0
1679803191512 0.9983636363636363 0
1679803213396 0.9989545454545454 0
1679803235200 0.9987272727272727 0
1679803256437 0.9994545454545455 0
1679803277951 0.9997727272727273 0
1679803299580 0.9986818181818182 0
1679803342015 0.9280454545454545 0
1679803363244 0.9898181818181818 0
1679803384458 0.9963636363636363 0
1679803405808 0.9965 0
1679803426976 0.9980909090909091 0
1679803448492 0.9957272727272727 0
1679803470484 0.9973636363636363 0
1679803491431 0.9987272727272727 0
1679803513161 0.9981363636363636 0
1679803534520 0.9986363636363637 0
1679803577895 0.9002182016546959 0
1679803599434 0.980952813892172 0
1679803621087 0.992135648695336 0
1679803642849 0.9956359669060824 0
1679803664232 0.9957268842622057 0
1679803685849 0.9949540867351577 0
1679803707305 0.9954995908718974 0
1679803728769 0.9974088553504864 0
1679803750016 0.9971361032821165 0
1679803770963 0.9977725247749796 0
1679803816183 0.8874545454545455 0
1679803837312 0.9690909090909091 0
1679803859355 0.9874545454545455 0
1679803881289 0.9932727272727273 0
1679803902505 0.9937272727272727 0
1679803924067 0.9943636363636363 0
1679803945978 0.9954545454545455 0
1679803967638 0.9967727272727273 0
1679803989218 0.9943636363636363 0
1679804010901 0.995 0
1679804057893 0.8752272727272727 0
1679804079084 0.9653181818181819 0
1679804100989 0.982 0
1679804122260 0.9891818181818182 0
1679804143822 0.9912272727272727 0
1679804165805 0.9934090909090909 0
1679804187641 0.9925 0
1679804208977 0.9940909090909091 0
1679804230409 0.9945909090909091 0
1679804251594 0.9940909090909091 0
1679804300429 0.8416219656332394 0
1679804321919 0.9595872352032003 0
1679804343671 0.9838621692881171 0
1679804365109 0.9881352850259114 0
1679804386261 0.9903173015728702 0
1679804407567 0.9919992726611511 0
1679804429033 0.9937267024274934 0
1679804450433 0.9919083553050277 0
1679804471920 0.9952268388035276 0
1679804493628 0.9951359214474043 0
1679804543933 0.8558763355308024 0
1679804565421 0.9629915889974995 0
1679804587207 0.9817685837690384 0
1679804608915 0.9872243691748125 0
1679804630362 0.9925437599454422 0
1679804651945 0.9898158672425551 0
1679804673723 0.993134803364401 0
1679804695339 0.9938167765401228 0
1679804716972 0.993634917026597 0
1679804738869 0.9946806092293703 0
1679804790437 0.8764545454545455 0
1679804812045 0.9691363636363637 0
1679804833291 0.9871818181818182 0
1679804855009 0.9903181818181818 0
1679804876710 0.991909090909091 0
1679804898431 0.9937727272727273 0
1679804920167 0.9951818181818182 0
1679804941737 0.9940909090909091 0
1679804963402 0.9946818181818182 0
1679804985186 0.995 0
1679805039477 0.84357668878989 0
1679805060363 0.9559505409582689 0
1679805082002 0.9818619874534048 0
1679805103527 0.9893626693335758 0
1679805124988 0.9903173015728702 0
1679805146182 0.9896808800800073 0
1679805167815 0.9920901900172743 0
1679805189691 0.9930448222565688 0
1679805211247 0.9934539503591235 0
1679805232587 0.9939085371397399 0
1679805288398 0.8463636363636363 0
1679805310301 0.961 0
1679805332466 0.981909090909091 0
1679805353903 0.9895909090909091 0
1679805376038 0.9896363636363636 0
1679805397764 0.9907272727272727 0
1679805419451 0.9928181818181818 0
1679805441196 0.9898181818181818 0
1679805462640 0.9943636363636363 0
1679805484426 0.9927272727272727 0
1679805542056 0.8437542631076349 0
1679805563766 0.9609385657769087 0
1679805585443 0.9831294620526579 0
1679805606968 0.9887226592697013 0
1679805628542 0.9914965213041699 0
1679805649998 0.990541585193943 0
1679805672211 0.9909053703787913 0
1679805694098 0.9914055750079578 0
1679805715926 0.9928607157473512 0
1679805737587 0.9947251148196989 0
1679805798004 0.8281193161149509 0
1679805819721 0.9492997453619498 0
1679805841138 0.9785831211349582 0
1679805863100 0.9846307748272098 0
1679805885100 0.9875409239723536 0
1679805906887 0.9909057839214259 0
1679805928878 0.9915423790469261 0
1679805951138 0.9914514368861405 0
1679805972920 0.992269916333212 0
1679805995214 0.9917697344488905 0
1679806056787 0.8184546818863977 0
1679806078686 0.9569784892446224 0
1679806101208 0.9796716540088226 0
1679806123084 0.9872663604529538 0
1679806144722 0.9865387239074083 0
1679806166375 0.9926326799763519 0
1679806187974 0.98958570194188 0
1679806209196 0.9916321797262267 0
1679806231026 0.9913593160216472 0
1679806252932 0.9938605666469599 0
1679806316726 0.797253047116609 0
1679806338577 0.9419683463707477 0
1679806360464 0.9770329270511188 0
1679806382577 0.9837638712024741 0
1679806405173 0.9849918137165726 0
1679806427601 0.9866745497544115 0
1679806449284 0.9892213934873567 0
1679806470792 0.9873567400400218 0
1679806492305 0.9908131708204475 0
1679806513462 0.9915863198108059 0
1679806581043 0.7860877472152762 0
1679806602792 0.9479881791316208 0
1679806624925 0.9761309388497386 0
1679806646948 0.9855876335530802 0
1679806669175 0.9897704023641737 0
1679806690864 0.9864969311207092 0
1679806713141 0.9875880882018641 0
1679806734909 0.9905887701750398 0
1679806757043 0.9907251648101841 0
1679806779190 0.991816321891339 0
1679806847123 0.7417272727272727 0
1679806869036 0.9200909090909091 0
1679806891319 0.9618636363636364 0
1679806914219 0.9796818181818182 0
1679806936093 0.9805 0
1679806958125 0.9838636363636364 0
1679806979808 0.9865454545454545 0
1679807001804 0.986 0
1679807023596 0.9846818181818182 0
1679807045888 0.9887272727272727 0
1679807116985 0.7277729773977898 0
1679807139150 0.9271453908772568 0
1679807160938 0.9687571058256401 0
1679807183056 0.9777616080767657 0
1679807204835 0.9838555641457092 0
1679807226837 0.9820364727818455 0
1679807249850 0.9867206330437946 0
1679807271749 0.9875847014416299 0
1679807294104 0.9863568147710219 0
1679807316280 0.9864477693392151 0
1679807388712 0.7522047458859896 0
1679807411179 0.9354486771524684 0
1679807433682 0.9697699790890081 0
1679807455262 0.978043458496227 0
1679807477368 0.9799527229748158 0
1679807499755 0.9845895081371033 0
1679807522545 0.9840894626784253 0
1679807544945 0.9838167106100555 0
1679807567136 0.987680698245295 0
1679807589130 0.9882262023820347 0
1679807663997 0.7060695612639236 0
1679807686375 0.9073425778586043 0
1679807708609 0.9605819504432825 0
1679807730786 0.9751307115253467 0
1679807752888 0.9788588315526255 0
1679807776983 0.9771311661741305 0
1679807799258 0.9813139349852239 0
1679807822028 0.98213230279609 0
1679807844452 0.9837235735394407 0
1679807866454 0.9856330984314617 0
