1679802490847 65.20217791106552 0
1679802553990 62.806460420950316 0
1679802617343 63.02916857006494 0
1679802681038 63.37339893798344 0
1679802744949 63.56773824803531 0
1679802809133 63.83771961508319 0
1679802873678 64.21178510703612 0
1679802937149 63.13865332095884 0
1679803001127 63.652472567977384 0
1679803064503 63.02976167795714 0
1679803104610 20.77064636000432 0
1679803126515 21.764008570928127 0
1679803148248 21.54160444496665 0
1679803169794 21.381729488959536 0
1679803191529 21.563302349997684 0
1679803213413 21.707509135012515 0
1679803235216 21.63380467297975 0
1679803256454 21.068109506042674 0
1679803277968 21.348509468021803 0
1679803299597 21.46976672206074 0
1679803342026 21.59269050497096 0
1679803363260 21.04299158300273 0
1679803384474 21.032614152994938 0
1679803405825 21.16630989697296 0
1679803426994 21.000294144963846 0
1679803448505 21.334877220913768 0
1679803470501 21.81695342704188 0
1679803491449 20.7622752499301 0
1679803513178 21.54651206394192 0
1679803534538 21.187015893985517 0
1679803577914 21.080925442976877 0
1679803599450 21.358974025934003 0
1679803621104 21.485008419957012 0
1679803642867 21.581144721014425 0
1679803664250 21.195920809987 0
1679803685866 21.431128019932657 0
1679803707321 21.266206653090194 0
1679803728794 21.270724344998598 0
1679803750033 21.058169167954475 0
1679803770987 20.741970784962177 0
1679803816202 21.157216027961113 0
1679803837331 20.91440558596514 0
1679803859374 21.8569895561086 0
1679803881301 21.742881048936397 0
1679803902517 21.04464282700792 0
1679803924083 21.386391914100386 0
1679803946004 21.70642054802738 0
1679803967662 21.462038258090615 0
1679803989235 21.40135104500223 0
1679804010918 21.4945181600051 0
1679804057909 21.43016099499073 0
1679804079101 21.03394128708169 0
1679804101005 21.688231635955162 0
1679804122277 21.075602642958984 0
1679804143840 21.356854557059705 0
1679804165823 21.785569773986936 0
1679804187658 21.630556195043027 0
1679804208995 21.141077050939202 0
1679804230427 21.246321231941693 0
1679804251612 20.978509587002918 0
1679804300446 20.876581276999786 0
1679804321932 21.291354904999025 0
1679804343688 21.563460900099017 0
1679804365127 21.24346302507911 0
1679804386275 20.943021092913114 0
1679804407584 21.128223248990253 0
1679804429050 21.27672244096175 0
1679804450450 21.20388066000305 0
1679804471946 21.283753672032617 0
1679804493646 21.501607371028513 0
1679804543951 21.21177805098705 0
1679804565440 21.302312328945845 0
1679804587225 21.585206103976816 0
1679804608941 21.500088591943495 0
1679804630380 21.22494808398187 0
1679804651971 21.38018989993725 0
1679804673741 21.57103993894998 0
1679804695356 21.422012654016726 0
1679804716998 21.44076566095464 0
1679804738888 21.668417409993708 0
1679804790455 21.099206725950353 0
1679804812058 21.40295551798772 0
1679804833309 21.043819956015795 0
1679804855027 21.543912503053434 0
1679804876728 21.49974724301137 0
1679804898449 21.522970022051595 0
1679804920195 21.52502182405442 0
1679804941759 21.3474794679787 0
1679804963426 21.451310403994285 0
1679804985205 21.566865770961158 0
1679805039500 21.66191936400719 0
1679805060384 20.66187762795016 0
1679805082020 21.421755056013353 0
1679805103552 21.30327966203913 0
1679805125008 21.25911162805278 0
1679805146200 20.984515744959936 0
1679805167834 21.44049055397045 0
1679805189710 21.662713211029768 0
1679805211266 21.3603608449921 0
1679805232601 21.128742284025066 0
1679805288417 21.428638614015654 0
1679805310325 21.69027098210063 0
1679805332482 21.941242821048945 0
1679805353922 21.224025925039314 0
1679805376057 21.920163275906816 0
1679805397783 21.512388924020343 0
1679805419470 21.46823617897462 0
1679805441231 21.52098303998355 0
1679805462659 21.219932759995572 0
1679805484446 21.58184005995281 0
1679805542088 21.251669417019002 0
1679805563788 21.465109209064394 0
1679805585468 21.44958941708319 0
1679805606987 21.290477583999746 0
1679805628561 21.357103534974158 0
1679805650032 21.236591952037998 0
1679805672226 22.013568339985795 0
1679805694117 21.67384831502568 0
1679805715941 21.622890871949494 0
1679805737606 21.45396351290401 0
1679805798023 22.007902962039225 0
1679805819744 21.49863154697232 0
1679805841158 21.22732567496132 0
1679805863120 21.745650100056082 0
1679805885133 21.77228481892962 0
1679805906906 21.546824489021674 0
1679805928894 21.79584929300472 0
1679805951158 22.041051234933548 0
1679805972948 21.549976475071162 0
1679805995243 22.05599888798315 0
1679806056810 21.54526242497377 0
1679806078712 21.670433721039444 0
1679806101228 22.28246272006072 0
1679806123109 21.63389058597386 0
1679806144746 21.412899315007962 0
1679806166395 21.45935408701189 0
1679806187994 21.37968108803034 0
1679806209220 20.989133143913932 0
1679806231059 21.61201436596457 0
1679806252951 21.669773414032534 0
1679806316743 21.471965727047063 0
1679806338597 21.637575268978253 0
1679806360484 21.65700721507892 0
1679806382593 21.87661388295237 0
1679806405189 22.378187695983797 0
1679806427627 22.195748339989223 0
1679806449312 21.471594544011168 0
1679806470812 21.275943343993276 0
1679806492322 21.27531550405547 0
1679806513490 20.94535350590013 0
1679806581063 23.662201694911346 0
1679806602810 21.495488904998638 0
1679806624965 21.91266606503632 0
1679806646969 21.777561176917516 0
1679806669210 21.979417473077774 0
1679806690887 21.433624729979783 0
1679806713172 22.041706115938723 0
1679806734937 21.493816687958315 0
1679806757070 21.895413229009137 0
1679806779225 21.889257753035054 0
1679806847153 21.877427856088616 0
1679806869056 21.672806104063056 0
1679806891340 22.044275352032855 0
1679806914240 22.668811297044158 0
1679806936116 21.623560539912432 0
1679806958146 21.799452490988187 0
1679806979829 21.427826992003247 0
1679807001825 21.7558769719908 0
1679807023617 21.567233478068374 0
1679807045915 22.088582632946782 0
1679807117006 22.147834573988803 0
1679807139173 21.951156629947945 0
1679807160959 21.545169490971602 0
1679807183082 21.910703814937733 0
1679807204866 21.507914794958197 0
1679807226865 21.745921900030226 0
1679807249879 22.770052931969985 0
1679807271781 21.646657846984453 0
1679807294125 22.096498811035417 0
1679807316301 21.93234186503105 0
1679807388733 21.755725605995394 0
1679807411201 22.0846706610173 0
1679807433716 22.260677020065486 0
1679807455296 21.30052044801414 0
1679807477392 21.854528350988403 0
1679807499774 22.134462360991165 0
1679807522571 22.571450641960837 0
1679807544975 22.152759431046434 0
1679807567158 21.93032038700767 0
1679807589152 21.752429764950648 0
1679807664019 22.193998837959953 0
1679807686393 22.136953716981225 0
1679807708652 22.00246601307299 0
1679807730811 21.901312824105844 0
1679807752910 21.84580279001966 0
1679807777011 23.830252351006493 0
1679807799278 22.03167585702613 0
1679807822047 22.53462003497407 0
1679807844474 22.185787184978835 0
1679807866476 21.758464204031043 0
