1679264777990 0.3456930147082198 0
1679264783376 0.27021751465166316 0
1679264788703 0.24793161904694988 0
1679264794235 0.23013576587625578 0
1679264799582 0.21427915113813736 0
1679264804689 0.20141210436236626 0
1679264809835 0.18998622762806275 0
1679264814846 0.17976812097956152 0
1679264820174 0.17069118426126592 0
1679264825419 0.161768521821382 0
1679264870635 0.23409854705360802 0
1679264880333 0.22496560884808953 0
1679264890034 0.22360009564594788 0
1679264899545 0.2236599571664225 0
1679264909430 0.22358041019602257 0
1679264918880 0.22296112284741618 0
1679264928487 0.22312994284385984 0
1679264938211 0.22285800232467326 0
1679264948013 0.22258808929473162 0
1679264957511 0.22280121493068608 0
1679265000257 0.19182807955182032 0
1679265013004 0.18996867621958496 0
1679265025674 0.18977541256288769 0
1679265038694 0.18986932438636114 0
1679265051743 0.18955063288993682 0
1679265064744 0.18944914077940259 0
1679265077832 0.18971347151256282 0
1679265091305 0.18938178294583372 0
1679265104124 0.18921419242133014 0
1679265117734 0.18962110874623905 0
1679265155869 0.17423256825844138 0
1679265169399 0.17383630997012098 0
1679265183064 0.17337269924494078 0
1679265196864 0.17294099828380555 0
1679265210495 0.17355412325970393 0
1679265223921 0.17300434503341927 0
1679265237223 0.17298826076641158 0
1679265250431 0.17275153297626555 0
1679265264003 0.1729832333929344 0
1679265277398 0.17293276919001271 0
1679265312078 0.16329588891230812 0
1679265325354 0.16282938010701836 0
1679265338963 0.16290440421926883 0
1679265352253 0.1626319448037665 0
1679265365891 0.16256571301194125 0
1679265379247 0.16263328157654106 0
1679265392369 0.16250874073237412 0
1679265405416 0.16250204918689506 0
1679265418566 0.16252438146476597 0
1679265432050 0.16233258781044982 0
1679265465704 0.15888671473015187 0
1679265478394 0.15875626603762308 0
1679265491627 0.1584765182216038 0
1679265504761 0.15871639468873194 0
1679265517759 0.15864984263745388 0
1679265531956 0.15873353859019834 0
1679265545197 0.15875018884738287 0
1679265558543 0.15841415992309882 0
1679265571800 0.1585130272216575 0
1679265585203 0.1583763790685077 0
1679265620253 0.15903442100836682 0
1679265633448 0.15880022570490837 0
1679265646889 0.15883145510004118 0
1679265660158 0.15877969007079418 0
1679265673030 0.1589391576556059 0
1679265686429 0.15879835314475574 0
1679265699665 0.15862866072700574 0
1679265713217 0.1586986653506756 0
1679265727165 0.15871908461245207 0
1679265740637 0.1589878008915828 0
1679265775096 0.1578781114747891 0
1679265788168 0.15733096671219055 0
1679265801537 0.157589696175777 0
1679265814736 0.15761866558056611 0
1679265828932 0.15743727219792514 0
1679265841592 0.15745700855667774 0
1679265855143 0.1574299810310969 0
1679265868387 0.15737652795819135 0
1679265882144 0.15738055740411466 0
1679265895485 0.15731945851674448 0
1679265930820 0.15582324873942596 0
1679265944859 0.15577585187095863 0
1679265958324 0.15588674164162233 0
1679265971688 0.1557220330891701 0
1679265985166 0.15582156975108843 0
1679265998962 0.1556927986156482 0
1679266012629 0.15558206138129418 0
1679266025834 0.1557167743261044 0
1679266039455 0.15567837907717777 0
1679266052996 0.15553961668450098 0
1679266087498 0.15251923512953977 0
1679266101275 0.15231258883499182 0
1679266114739 0.15236523549717207 0
1679266128339 0.152251355521954 0
1679266141593 0.15236706034495281 0
1679266155036 0.1523141583857628 0
1679266168457 0.15234473447960156 0
1679266182017 0.15229551322185075 0
1679266194980 0.15206889249384403 0
1679266208732 0.15213815844975986 0
1679266244398 0.15243479589274686 0
1679266257516 0.15240579687578734 0
1679266270858 0.15251097548031067 0
1679266284384 0.15273318058529564 0
1679266297964 0.15248917889340904 0
1679266311948 0.15256652383263722 0
1679266325171 0.1524553900483505 0
1679266338660 0.15250701760483343 0
1679266351929 0.1523218219594438 0
1679266365373 0.15227599499761596 0
1679266401887 0.15187366063205096 0
1679266415398 0.1518351370612016 0
1679266428853 0.1518853029092917 0
1679266442308 0.15172442163412386 0
1679266456638 0.15157801612065389 0
1679266470056 0.15161238215290584 0
1679266483964 0.15157974883913994 0
1679266497521 0.1515517204426802 0
1679266511201 0.1515876895819719 0
1679266524724 0.15173879572405266 0
1679266561210 0.15110915277439815 0
1679266574739 0.1511889584362507 0
1679266588393 0.15099125914275646 0
1679266602081 0.15106443736988764 0
1679266615893 0.15112033400398034 0
1679266629532 0.15111175620785125 0
1679266643305 0.15111520674366216 0
1679266656988 0.15096891158475326 0
1679266670123 0.1510973123403696 0
1679266683740 0.15092582292854786 0
1679266721163 0.1511709883352349 0
1679266734686 0.1510549385200515 0
1679266748864 0.1511405305615787 0
1679266762617 0.15099009097878505 0
1679266776261 0.15101667476454 0
1679266789875 0.15112033660498617 0
1679266803408 0.1509719490434018 0
1679266817063 0.15105340001797768 0
1679266830914 0.1509488648324634 0
1679266844623 0.15094040468392245 0
1679266882783 0.14914579434463612 0
1679266896445 0.1491964570318277 0
1679266909948 0.14914229750060118 0
1679266923636 0.1489581184891554 0
1679266937284 0.1491152115452748 0
1679266950756 0.14907057359814643 0
1679266964416 0.14905137253495362 0
1679266978396 0.14904015625898653 0
1679266992177 0.14896481171823464 0
1679267006032 0.14899720131204677 0
1679267044955 0.1487117201889155 0
1679267059319 0.14865757119609935 0
1679267073247 0.1487099920824113 0
1679267086882 0.14861779719933696 0
1679267100423 0.14859670160830707 0
1679267114489 0.14856685869310093 0
1679267128070 0.1487030082621337 0
1679267141950 0.14851439635758198 0
1679267155674 0.1485758930787273 0
1679267169602 0.14863975842793783 0
1679267208765 0.14834939890349183 0
1679267222429 0.1484074496756528 0
1679267236130 0.14831486241963074 0
1679267249844 0.14840001897274993 0
1679267263558 0.1482632074874776 0
1679267277107 0.14831795751024748 0
1679267290764 0.148191089621027 0
1679267304432 0.14827100298445645 0
1679267318119 0.1483049207857547 0
1679267331591 0.14822987171302315 0
1679267370632 0.14906937035221707 0
1679267384275 0.1489594234760237 0
1679267398075 0.14890971634237246 0
1679267411958 0.1488893620983851 0
1679267425728 0.14901180513973894 0
1679267440328 0.1488355087023585 0
1679267454940 0.148916183589062 0
1679267469064 0.14886847121277075 0
1679267482477 0.1489166292822224 0
1679267496543 0.1489406082479433 0
1679267534683 0.14757513209031178 0
1679267547973 0.1475893192852919 0
1679267561384 0.14754939170984122 0
1679267574842 0.14749327525496483 0
1679267588567 0.14763257053609077 0
1679267602567 0.14749619247248538 0
1679267616062 0.14765237612793078 0
1679267629895 0.14750143942924646 0
1679267643350 0.14752594530582427 0
1679267656930 0.14743829257786273 0
1679267696126 0.14769575975209703 0
1679267709594 0.14749743064282506 0
1679267722988 0.14736032298275534 0
1679267736521 0.1475335213121112 0
1679267750126 0.14740274656023689 0
1679267764445 0.14746822871779666 0
1679267777873 0.14740770950003435 0
1679267791581 0.14754612442418819 0
1679267804912 0.14741020666733953 0
1679267818355 0.14736811407194791 0
