1679264777997 5.4493513780180365 0
1679264783384 5.210550774005242 0
1679264788709 5.152404919965193 0
1679264794247 5.385332838981412 0
1679264799588 5.156166915025096 0
1679264804695 4.950609308027197 0
1679264809840 4.987655120959971 0
1679264814856 4.844732967030723 0
1679264820184 5.158648065989837 0
1679264825427 5.08425992296543 0
1679264870645 9.642931406968273 0
1679264880340 9.514407980022952 0
1679264890041 9.524545521009713 0
1679264899552 9.340055496955756 0
1679264909437 9.710677177994512 0
1679264918890 9.274512144038454 0
1679264928493 9.441801692999434 0
1679264938217 9.545489794982132 0
1679264948019 9.620570025988854 0
1679264957520 9.322009231022093 0
1679265000269 12.531285497010686 0
1679265013011 12.575051043997519 0
1679265025682 12.487681429018266 0
1679265038700 12.82901997299632 0
1679265051751 12.865513872005977 0
1679265064756 12.825418287015054 0
1679265077839 12.905427594028879 0
1679265091320 13.279237943992484 0
1679265104131 12.623797720007133 0
1679265117741 13.434997721982654 0
1679265155877 13.917891407036223 0
1679265169405 13.33100992103573 0
1679265183071 13.485363318992313 0
1679265196878 13.609762858017348 0
1679265210507 13.411505134950858 0
1679265223930 13.228966151014902 0
1679265237228 13.11978440801613 0
1679265250439 13.015150783990975 0
1679265264008 13.389085911039729 0
1679265277405 13.214339188998565 0
1679265312085 13.010473734000698 0
1679265325368 13.089515441039111 0
1679265338971 13.42070205201162 0
1679265352260 13.105692334997002 0
1679265365897 13.462933931965381 0
1679265379252 13.173768045031466 0
1679265392378 12.931856890965719 0
1679265405424 12.845562346978113 0
1679265418573 12.969432701007463 0
1679265432065 13.29032367299078 0
1679265465717 12.764858109992929 0
1679265478401 12.507041611010209 0
1679265491633 13.04699092701776 0
1679265504768 12.953133570030332 0
1679265517768 12.821851468004752 0
1679265531964 13.955328425974585 0
1679265545207 13.047624756000005 0
1679265558552 13.149484958965331 0
1679265571806 13.072818137006834 0
1679265585214 13.213690954027697 0
1679265620268 13.563489000021946 0
1679265633454 13.008084478031378 0
1679265646899 13.25109194999095 0
1679265660165 13.081336467002984 0
1679265673038 12.685420540976338 0
1679265686437 13.212739837996196 0
1679265699674 13.048430808994453 0
1679265713223 13.360996603034437 0
1679265727175 13.757492712000385 0
1679265740643 13.280724498035852 0
1679265775102 13.221458658983465 0
1679265788175 12.886471409001388 0
1679265801545 13.185874741000589 0
1679265814744 13.01971959398361 0
1679265828938 14.00910412502708 0
1679265841600 12.483508017030545 0
1679265855151 13.367179163964465 0
1679265868394 13.052615434979089 0
1679265882159 13.560360815026797 0
1679265895491 13.153280480008107 0
1679265930835 13.294878076994792 0
1679265944866 13.84743941295892 0
1679265958331 13.281829765997827 0
1679265971697 13.174064795020968 0
1679265985176 13.288931973977014 0
1679265998969 13.609375350002665 0
1679266012635 13.476258792972658 0
1679266025843 13.02081580995582 0
1679266039461 13.43419288797304 0
1679266053006 13.362511259969324 0
1679266087504 13.554336601984687 0
1679266101285 13.575368385005277 0
1679266114745 13.275196744012646 0
1679266128347 13.401828933972865 0
1679266141602 13.066591819981113 0
1679266155043 13.258285156975035 0
1679266168465 13.243704731983598 0
1679266182024 13.374001427961048 0
1679266194986 12.781595731037669 0
1679266208741 13.572107293002773 0
1679266244415 13.162798114994075 0
1679266257523 12.913445238023996 0
1679266270868 13.153693225001916 0
1679266284392 13.342147917021066 0
1679266297973 13.383560430025682 0
1679266311956 13.783076977997553 0
1679266325178 13.037020077987108 0
1679266338674 13.303447425016202 0
1679266351938 13.07111649599392 0
1679266365386 13.242599133984186 0
1679266401895 13.183463766996283 0
1679266415407 13.324037455022335 0
1679266428865 13.267198874033056 0
1679266442324 13.255003829021007 0
1679266456648 14.116231446038 0
1679266470069 13.235294457990676 0
1679266483970 13.720617451996077 0
1679266497532 13.375120582000818 0
1679266511208 13.485512901970651 0
1679266524735 13.323808881978039 0
1679266561217 13.478177413984668 0
1679266574759 13.335522390028927 0
1679266588407 13.453237030014861 0
1679266602089 13.494282349012792 0
1679266615902 13.617634184018243 0
1679266629546 13.45733810501406 0
1679266643315 13.571502527978737 0
1679266656996 13.487686400010716 0
1679266670131 12.947426822036505 0
1679266683753 13.435599702002946 0
1679266721172 13.493455721996725 0
1679266734695 13.323613982996903 0
1679266748882 13.97317163797561 0
1679266762626 13.562779606960248 0
1679266776268 13.455080532992724 0
1679266789887 13.411186253011692 0
1679266803416 13.326448705978692 0
1679266817072 13.457832018961199 0
1679266830922 13.652577138040215 0
1679266844631 13.513652194000315 0
1679266882791 13.55944444600027 0
1679266896453 13.477624620951246 0
1679266909956 13.321593797998503 0
1679266923644 13.504919055965729 0
1679266937291 13.469382161973044 0
1679266950774 13.274514677003026 0
1679266964433 13.464190764992964 0
1679266978405 13.767449712031521 0
1679266992185 13.556810139038134 0
1679267006047 13.662244415958412 0
1679267044968 13.849987066991162 0
1679267059328 14.13767014601035 0
1679267073263 13.740597666997928 0
1679267086893 13.422078395960853 0
1679267100431 13.358824850991368 0
1679267114505 13.871384350990411 0
1679267128082 13.37108440999873 0
1679267141958 13.682527590019163 0
1679267155682 13.535739601007663 0
1679267169610 13.71908438601531 0
1679267208780 13.516883486008737 0
1679267222441 13.424455894040875 0
1679267236144 13.491225805017166 0
1679267249852 13.518472323019523 0
1679267263567 13.524556653981563 0
1679267277115 13.346125570998993 0
1679267290782 13.469633025000803 0
1679267304442 13.464990445994772 0
1679267318128 13.493252211017534 0
1679267331600 13.28222267201636 0
1679267370641 13.714176130946726 0
1679267384283 13.453619720006827 0
1679267398085 13.578155429975595 0
1679267411967 13.690348149975762 0
1679267425746 13.579130580998026 0
1679267440337 14.373864003980998 0
1679267454950 14.408390703029 0
1679267469073 13.91690385597758 0
1679267482486 13.21202118700603 0
1679267496551 13.856540806998964 0
1679267534691 13.731277934042737 0
1679267547984 13.09095589997014 0
1679267561393 13.20908642600989 0
1679267574861 13.24113285902422 0
1679267588580 13.499721174011938 0
1679267602585 13.804116298968438 0
1679267616088 13.294279590016231 0
1679267629914 13.624068036966491 0
1679267643359 13.257919377996586 0
1679267656939 13.386570147995371 0
1679267696135 13.144323327986058 0
1679267709603 13.27504279796267 0
1679267722997 13.204607198014855 0
1679267736531 13.327321574965026 0
1679267750135 13.403030164015945 0
1679267764461 14.11236505501438 0
1679267777890 13.23148586996831 0
1679267791590 13.50434625102207 0
1679267804931 13.13039139501052 0
1679267818365 13.24997522099875 0
