1679399474330 4.542236699955538 0
1679399478559 4.0769716299837455 0
1679399482771 4.0663808200042695 0
1679399486863 3.9449830719968304 0
1679399491162 4.154317002976313 0
1679399495236 3.8923887009732425 0
1679399499743 4.373857000027783 0
1679399503810 3.906163431936875 0
1679399508145 4.190823159995489 0
1679399512343 4.037082460941747 0
1679399527839 4.081314179929905 0
1679399532277 4.261608566972427 0
1679399536691 4.271717719966546 0
1679399541134 4.280167690943927 0
1679399545324 4.052733508986421 0
1679399549695 4.2174227989744395 0
1679399554018 4.175444136955775 0
1679399558515 4.349480492062867 0
1679399562705 4.046774960006587 0
1679399567079 4.224946743925102 0
1679399582409 4.0982491810573265 0
1679399586776 4.209964239038527 0
1679399590847 3.9074837390799075 0
1679399594963 3.9726610579527915 0
1679399599287 4.180014142068103 0
1679399603390 3.9493494170019403 0
1679399607564 4.022964544012211 0
1679399611900 4.182099762023427 0
1679399616285 4.222233291016892 0
1679399620650 4.215209882007912 0
1679399636445 4.094497643993236 0
1679399640560 3.9657754320651293 0
1679399644814 4.038308350020088 0
1679399649251 4.288194027962163 0
1679399653643 4.216056804056279 0
1679399657509 3.7052748079877347 0
1679399661747 4.087650067987852 0
1679399666040 4.1309835920110345 0
1679399670346 4.143476161989383 0
1679399674650 4.153721857001074 0
1679399690736 4.146537623018958 0
1679399694931 4.047685547964647 0
1679399699592 4.427708945935592 0
1679399704095 4.3468058980070055 0
1679399708127 3.8602312760194764 0
1679399711940 3.6604002329986542 0
1679399716096 4.011736230109818 0
1679399720294 4.045903958030976 0
1679399724548 4.10799795796629 0
1679399728836 4.1043461849913 0
1679399745028 4.096849346999079 0
1679399749230 4.046788041014224 0
1679399753555 4.147476147045381 0
1679399757529 3.792315473081544 0
1679399761904 4.182687584077939 0
1679399766173 4.113657147041522 0
1679399770310 3.9859860689612105 0
1679399774593 4.1250760779948905 0
1679399778851 4.112096172058955 0
1679399783325 4.315402159001678 0
1679399799808 4.163002759101801 0
1679399803978 4.019680508994497 0
1679399808293 4.14190294907894 0
1679399812378 3.886064567952417 0
1679399816849 4.299077327013947 0
1679399821409 4.381232709973119 0
1679399825498 3.9451740729855374 0
1679399829815 4.16952536709141 0
1679399834022 4.035730541101657 0
1679399838434 4.2621384299127385 0
1679399855463 4.220505440956913 0
1679399859830 4.196416946011595 0
1679399864205 4.196283648023382 0
1679399868630 4.255210762959905 0
1679399872852 4.044289426063187 0
1679399877298 4.267369545996189 0
1679399881506 4.009097572998144 0
1679399885939 4.268528962973505 0
1679399890363 4.266706243972294 0
1679399894874 4.3406217970186844 0
1679399911859 4.2481952250236645 0
1679399916466 4.443252227967605 0
1679399920885 4.254862825968303 0
1679399925457 4.415010833996348 0
1679399929048 3.4351088990224525 0
1679399933525 4.302826790022664 0
1679399937939 4.2345241360599175 0
1679399941976 3.8590428580064327 0
1679399946314 4.167697949917056 0
1679399950826 4.3578906279290095 0
1679399968085 4.128471213043667 0
1679399972446 4.195153993088752 0
1679399976925 4.296875949949026 0
1679399981319 4.228786905994639 0
1679399985445 3.9301481440197676 0
1679399990069 4.441953732050024 0
1679399994722 4.48141692194622 0
1679399998899 4.01581567095127 0
1679400003271 4.1977105889236555 0
1679400007670 4.238474952057004 0
1679400025099 4.361671171034686 0
1679400029353 4.076874107006006 0
1679400033734 4.218400127952918 0
1679400038167 4.2581050609005615 0
1679400042826 4.479626244981773 0
1679400046980 3.98236571601592 0
1679400051398 4.220415099989623 0
1679400055788 4.187736334046349 0
1679400060451 4.478429864975624 0
1679400065177 4.500353034003638 0
1679400083315 4.3050286719808355 0
1679400087883 4.397354378015734 0
1679400092207 4.148476297035813 0
1679400096632 4.2491355140227824 0
1679400101004 4.201509351027198 0
1679400104784 3.617505638045259 0
1679400109233 4.271067391964607 0
1679400113695 4.298924273927696 0
1679400118042 4.17416218703147 0
1679400122405 4.173623422975652 0
1679400140818 4.333915299037471 0
1679400145301 4.311346558970399 0
1679400149585 4.094406435964629 0
1679400154007 4.237454854999669 0
1679400158455 4.281439812970348 0
1679400162402 3.7093875450082123 0
1679400167058 4.484801196027547 0
1679400171467 4.242058589006774 0
1679400175524 3.8965936299646273 0
1679400179913 4.2090468420647085 0
1679400198332 4.296323146903887 0
1679400202735 4.228929548058659 0
1679400207247 4.318639548029751 0
1679400211873 4.389104685978964 0
1679400216462 4.333834999008104 0
1679400220931 4.280258251004852 0
1679400224593 3.502626469009556 0
1679400228997 4.2377845289884135 0
1679400233367 4.183517094934359 0
1679400237465 3.9090133579447865 0
1679400256441 4.256531967082992 0
1679400260915 4.308538652025163 0
1679400265502 4.4156096099177375 0
1679400269832 4.15326657705009 0
1679400274215 4.206177073996514 0
1679400278712 4.310222847037949 0
1679400282743 3.8158840750111267 0
1679400287305 4.372425373992883 0
1679400291592 4.099550475017168 0
1679400295920 4.110400298028253 0
1679400314888 4.340952917933464 0
1679400319356 4.2057087540160865 0
1679400323925 4.367567721987143 0
1679400328541 4.424258401966654 0
1679400332950 4.223015368916094 0
1679400337338 4.20903918100521 0
1679400341934 4.391030922997743 0
1679400345447 3.31208126002457 0
1679400350051 4.405295751988888 0
1679400354705 4.418199880979955 0
1679400374491 4.328599257976748 0
1679400379135 4.441482155001722 0
1679400383639 4.307325255940668 0
1679400388054 4.2364794430322945 0
1679400392499 4.241894776001573 0
1679400396967 4.2794906159397215 0
1679400401625 4.475349487969652 0
1679400405590 3.728610979975201 0
1679400409991 4.218344525084831 0
1679400414585 4.425229856977239 0
1679400434184 4.2803850350901484 0
1679400438579 4.2230249349959195 0
1679400443087 4.305673275026493 0
1679400447622 4.3414417000021785 0
1679400452051 4.22863351192791 0
1679400456566 4.322253388003446 0
1679400461077 4.2835722820600495 0
1679400465639 4.323568732012063 0
1679400468992 3.1356953399954364 0
1679400473680 4.424985215999186 0
1679400492738 4.268039034912363 0
1679400497347 4.391229280037805 0
1679400501964 4.421870516962372 0
1679400506488 4.337780155008659 0
1679400510986 4.305403092992492 0
1679400515460 4.281335870036855 0
1679400519901 4.236301998025738 0
1679400524352 4.25485358806327 0
1679400527789 3.179782544961199 0
1679400532583 4.612580150947906 0
1679400552449 4.3639257999602705 0
1679400556931 4.281603678013198 0
1679400561597 4.464679584023543 0
1679400565894 4.104962731944397 0
1679400570462 4.37540107301902 0
1679400575056 4.385972984018736 0
1679400579566 4.296804970013909 0
1679400584063 4.308725339011289 0
1679400587575 3.2701920139370486 0
1679400592203 4.427956545026973 0
