1679278989471 3.6894563639652915 0
1679278993773 4.149254745978396 0
1679278997901 3.992078631010372 0
1679279002119 4.079135302978102 0
1679279006303 4.0092823700397275 0
1679279010458 4.008072982018348 0
1679279014703 4.088537644012831 0
1679279019058 4.183756459970027 0
1679279023499 4.2824525170144625 0
1679279027810 4.171077904989943 0
1679279049032 5.707259243994486 0
1679279054895 5.669725172047038 0
1679279060951 5.888765865995083 0
1679279066717 5.597353264980484 0
1679279072966 6.0545348189771175 0
1679279078731 5.54859400895657 0
1679279084829 5.908973996003624 0
1679279090779 5.771571519959252 0
1679279096825 5.869196554005612 0
1679279102608 5.615716948988847 0
1679279121323 6.102781929948833 0
1679279127167 5.66441860597115 0
1679279133027 5.68438494001748 0
1679279139137 5.935996331973001 0
1679279145345 6.036805264011491 0
1679279151495 5.957219917036127 0
1679279157623 5.932785948971286 0
1679279163937 6.111389118945226 0
1679279169236 5.114700177044142 0
1679279175492 6.07900307001546 0
1679279194411 5.7961088820011355 0
1679279200468 5.872250362997875 0
1679279206526 5.879167627019342 0
1679279212698 5.983553162950557 0
1679279219104 6.2145605449914 0
1679279225065 5.780142412986606 0
1679279231044 5.816453792969696 0
1679279236942 5.733392643975094 0
1679279242903 5.789098029024899 0
1679279249080 5.991646038019098 0
1679279267522 5.952136854000855 0
1679279273737 6.020478001970332 0
1679279279817 5.910286619036924 0
1679279286061 6.050455896998756 0
1679279292225 5.99306935898494 0
1679279298422 6.006507804966532 0
1679279304516 5.907830471987836 0
1679279310478 5.778430250007659 0
1679279316678 5.999532623973209 0
1679279322949 6.07767235499341 0
1679279342513 6.137116047029849 0
1679279347912 5.190033286984544 0
1679279353898 5.757139136025216 0
1679279360123 6.034506728989072 0
1679279366204 5.879348430025857 0
1679279372372 5.983415900962427 0
1679279378546 5.981484663032461 0
1679279384508 5.773002515023109 0
1679279390667 5.947927269968204 0
1679279396877 6.025109264999628 0
1679279416291 5.7926384410238825 0
1679279422384 5.915239764959551 0
1679279428582 6.019185964949429 0
1679279434885 6.102233321988024 0
1679279440858 5.780428762023803 0
1679279446933 5.861723896989133 0
1679279453023 5.892130481021013 0
1679279459065 5.846583380014636 0
1679279465489 6.213870761974249 0
1679279471488 5.791770362004172 0
1679279491617 5.928431881999131 0
1679279497540 5.726060858985875 0
1679279503945 6.14577703102259 0
1679279510326 6.170246708963532 0
1679279516362 5.805602949985769 0
1679279522772 6.199420458055101 0
1679279528374 5.404938618012238 0
1679279534376 5.79914951196406 0
1679279540630 6.053214895015117 0
1679279546712 5.889704541012179 0
1679279566778 5.867559975944459 0
1679279572831 5.853529607993551 0
1679279579045 6.023661903978791 0
1679279585496 6.227950855041854 0
1679279591791 6.081253386044409 0
1679279597886 5.893945176969282 0
1679279604082 5.996080590004567 0
1679279610654 6.352719123009592 0
1679279616148 5.249379559012596 0
1679279622519 6.146797608002089 0
1679279642492 6.046374258992728 0
1679279648766 6.055836080980953 0
1679279655068 6.084605083975475 0
1679279661237 5.976090640993789 0
1679279667505 6.051412172964774 0
1679279674147 6.422286750981584 0
1679279680250 5.895991304016206 0
1679279686426 5.95819091895828 0
1679279692659 6.027376679005101 0
1679279699092 6.1972430879832245 0
1679279718822 6.23210589797236 0
1679279725048 6.0143408120493405 0
1679279731273 5.992450843041297 0
1679279737366 5.877277199993841 0
1679279743729 6.142868378025014 0
1679279749880 5.937027351988945 0
1679279756035 5.936597947962582 0
1679279762193 5.928290409035981 0
1679279768565 6.151349035964813 0
1679279774835 6.039965915959328 0
1679279795209 6.079695020976942 0
1679279801044 5.6054084619972855 0
1679279807228 5.959298282046802 0
1679279813615 6.158801954006776 0
1679279819782 5.907788783020806 0
1679279825865 5.845745387021452 0
1679279832320 6.218968191999011 0
1679279838231 5.69940816500457 0
1679279844257 5.79557539196685 0
1679279850486 6.012218824005686 0
1679279871605 6.110035448975395 0
1679279878265 6.418064496014267 0
1679279884663 6.189916484989226 0
1679279890783 5.882516081968788 0
1679279897132 6.146384919993579 0
1679279903378 6.03511246596463 0
1679279909739 6.121262637025211 0
1679279916209 6.243633528996725 0
1679279922501 6.056943505012896 0
1679279928903 6.151056352013256 0
1679279949912 5.915672833973076 0
1679279956247 6.098880690988153 0
1679279962582 6.108105911989696 0
1679279969251 6.424019047990441 0
1679279975775 6.280984723009169 0
1679279981401 5.391160779050551 0
1679279987593 5.94715223100502 0
1679279994200 6.355330357968342 0
1679280001003 6.559570246026851 0
1679280007589 6.339453344990034 0
1679280029035 6.170448146993294 0
1679280035458 6.1695633009658195 0
1679280041986 6.271794839994982 0
1679280048188 5.9527703449712135 0
1679280054585 6.159811714023817 0
1679280061185 6.366499744006433 0
1679280067762 6.341007092967629 0
1679280073848 5.83562248700764 0
1679280080342 6.254168879007921 0
1679280086637 6.057423600985203 0
1679280108433 6.235748370992951 0
1679280114940 6.257876146002673 0
1679280121369 6.184641125961207 0
1679280127990 6.35750885802554 0
1679280134538 6.293860875011887 0
1679280140700 5.911300937004853 0
1679280147028 6.094182423956227 0
1679280153609 6.331556456978433 0
1679280160066 6.226054417027626 0
1679280165770 5.438098787970375 0
1679280187449 6.2610969230299816 0
1679280193882 6.190265583980363 0
1679280200485 6.337116936978418 0
1679280206932 6.16977997100912 0
1679280213499 6.307386863045394 0
1679280220053 6.307403278013226 0
1679280226578 6.282375359034631 0
1679280232899 6.0709203539881855 0
1679280239390 6.256765009020455 0
1679280246055 6.409326197986957 0
1679280267735 5.62630285701016 0
1679280274225 6.207605316012632 0
1679280280710 6.22642777999863 0
1679280287574 6.598620229982771 0
1679280294103 6.286159362003673 0
1679280300669 6.280266384012066 0
1679280307153 6.212813360034488 0
1679280313744 6.297313568997197 0
1679280320386 6.366088968003169 0
1679280326464 5.816994675027672 0
1679280348544 6.19215484499 0
1679280354990 6.197581591026392 0
1679280361487 6.2230388229945675 0
1679280368133 6.339724618010223 0
1679280374258 5.870799395022914 0
1679280380723 6.200631078972947 0
1679280387357 6.370014106039889 0
1679280393774 6.158064017014112 0
1679280400253 6.194680933956988 0
1679280406934 6.425895499996841 0
1679280429518 6.008992186048999 0
1679280436249 6.4497083859751 0
1679280442590 6.0732650780119 0
1679280449172 6.279358885018155 0
1679280455872 6.431692907004617 0
1679280462386 6.241457088966854 0
1679280468734 6.072081384016201 0
1679280475148 6.125779127993155 0
1679280481498 6.092432221979834 0
1679280488084 6.288780556002166 0
