1679278989465 0.5579415904540642 0
1679278993767 0.11430213306391356 0
1679278997896 0.04184917287955828 0
1679279002112 0.01598644894136883 0
1679279006290 0.008497319555174852 0
1679279010453 0.00632153973827942 0
1679279014695 0.004992395332973341 0
1679279019051 0.0029579094567167225 0
1679279023495 0.0033720168544723672 0
1679279027802 0.0030819750941636992 0
1679279049023 0.8278594307410412 0
1679279054888 0.1689213720532373 0
1679279060943 0.060417580495898925 0
1679279066712 0.027454282016827702 0
1679279072959 0.013892749023701375 0
1679279078725 0.0103762169605127 0
1679279084820 0.008832246549830485 0
1679279090771 0.00492766781229502 0
1679279096811 0.0036509610852077366 0
1679279102599 0.0033477478996829656 0
1679279121316 1.0508397087836876 0
1679279127158 0.2180735460267617 0
1679279133018 0.08064439850680244 0
1679279139131 0.037128607235036984 0
1679279145338 0.01911108034591262 0
1679279151486 0.0108538585220977 0
1679279157617 0.007751413403102794 0
1679279163924 0.006134154772809826 0
1679279169225 0.006605400051249979 0
1679279175486 0.004021339522762737 0
1679279194402 1.139741769203773 0
1679279200462 0.22215846157035765 0
1679279206518 0.08283374250794832 0
1679279212689 0.031885280566385545 0
1679279219098 0.02113820369600151 0
1679279225059 0.01173744044932298 0
1679279231038 0.00949253393814732 0
1679279236937 0.006626893888982848 0
1679279242896 0.005412228845391207 0
1679279249073 0.003864170515160554 0
1679279267515 1.1901615821780303 0
1679279273729 0.2277740780980541 0
1679279279809 0.07251682990970902 0
1679279286053 0.02823614852819353 0
1679279292220 0.01533123238821132 0
1679279298415 0.010660485832396751 0
1679279304507 0.007198727289692332 0
1679279310467 0.004924881488057928 0
1679279316669 0.004787971587248672 0
1679279322941 0.0037836238442627615 0
1679279342501 1.1996803138500605 0
1679279347905 0.23333540733139485 0
1679279353891 0.06938942087790331 0
1679279360113 0.026694706673972692 0
1679279366198 0.018345605890947178 0
1679279372364 0.011459362137919435 0
1679279378539 0.008695461549229013 0
1679279384501 0.006097497577101398 0
1679279390659 0.006068431963705314 0
1679279396863 0.005210436744024404 0
1679279416280 1.2371222197245328 0
1679279422377 0.2565294173187934 0
1679279428572 0.06973297519083971 0
1679279434874 0.02527631866112829 0
1679279440848 0.01517764843839149 0
1679279446926 0.009051271944862002 0
1679279453013 0.007953032567643393 0
1679279459051 0.005242821678761034 0
1679279465482 0.005979226769294399 0
1679279471475 0.004615351720414578 0
1679279491610 1.2341761617706373 0
1679279497532 0.2474961421237542 0
1679279503937 0.07143947512556154 0
1679279510318 0.03359599658944763 0
1679279516349 0.019258950690691095 0
1679279522766 0.01257295196186393 0
1679279528367 0.007886685258246219 0
1679279534363 0.005480275072234993 0
1679279540624 0.006171265148739808 0
1679279546706 0.004320765121053391 0
1679279566769 1.2663341265840409 0
1679279572824 0.2767415845241302 0
1679279579038 0.08070725948812488 0
1679279585484 0.029398513775772583 0
1679279591780 0.01765778156606337 0
1679279597877 0.010938672329454372 0
1679279604075 0.00879013217994585 0
1679279610644 0.008142912671572935 0
1679279616142 0.005900058931542727 0
1679279622504 0.004206183320956114 0
1679279642485 1.2568624711189516 0
1679279648748 0.25626388488289636 0
1679279655059 0.07623205547077724 0
1679279661231 0.03144444541062395 0
1679279667491 0.015483732991971267 0
1679279674135 0.010507303196787596 0
1679279680242 0.007321090703883853 0
1679279686418 0.006003282993333414 0
1679279692649 0.005633613824521979 0
1679279699083 0.004562280743975395 0
1679279718810 1.2438431536922088 0
1679279725041 0.29019164122067964 0
1679279731266 0.08784507312931311 0
1679279737353 0.038202243203368895 0
1679279743719 0.017641856058990248 0
1679279749873 0.013356445690778155 0
1679279756026 0.008891339581728412 0
1679279762186 0.006611217534951627 0
1679279768557 0.005819451564606518 0
1679279774823 0.004564464712016977 0
1679279795203 1.2441146408136075 0
1679279801035 0.2666484185088521 0
1679279807213 0.08055875551862976 0
1679279813607 0.03435387660582096 0
1679279819775 0.020118240228233237 0
1679279825856 0.012742544644518206 0
1679279832305 0.008275683701354772 0
1679279838223 0.007350038083341832 0
1679279844247 0.0055385390777910985 0
1679279850476 0.0045469176865224606 0
1679279871587 1.2327233316042485 0
1679279878258 0.2526224429169909 0
1679279884656 0.07306326188457508 0
1679279890774 0.02900756464805454 0
1679279897124 0.016488412413029715 0
1679279903371 0.013963838652647937 0
1679279909727 0.007865284751646984 0
1679279916201 0.0071802609697139514 0
1679279922491 0.005313084614895977 0
1679279928891 0.004656174883562833 0
1679279949904 1.2350335996120403 0
1679279956236 0.27078458179648107 0
1679279962575 0.0763334335329441 0
1679279969244 0.030302794366621245 0
1679279975762 0.01755503242244371 0
1679279981391 0.014395355833515238 0
1679279987583 0.01153045308474714 0
1679279994188 0.007913445068063596 0
1679280000995 0.005347608647589834 0
1679280007581 0.006068470234122987 0
1679280029027 1.2243720761094339 0
1679280035448 0.24376702485367274 0
1679280041977 0.07369876842205532 0
1679280048178 0.029464388358741045 0
1679280054577 0.0193786731061454 0
1679280061176 0.012153652716034021 0
1679280067754 0.00921912236028733 0
1679280073838 0.006432534703680386 0
1679280080335 0.006327413970631404 0
1679280086628 0.0040997428310593255 0
1679280108421 1.2101358631864572 0
1679280114931 0.25574323396461135 0
1679280121356 0.07904268691364007 0
1679280127980 0.032087675149504766 0
1679280134530 0.019162540246422093 0
1679280140691 0.010617257270496339 0
1679280147019 0.007819140430701036 0
1679280153595 0.006972206872141657 0
1679280160057 0.0058735957968448745 0
1679280165754 0.005337108138915844 0
1679280187440 1.1992659910749166 0
1679280193870 0.2626535750161379 0
1679280200470 0.07815318957018928 0
1679280206921 0.029986854547109358 0
1679280213491 0.016774459000235088 0
1679280220045 0.011608876323757263 0
1679280226570 0.008509669692452567 0
1679280232891 0.006956884327780408 0
1679280239382 0.005276389357720454 0
1679280246041 0.003728266731904557 0
1679280267725 1.2029084318723433 0
1679280274213 0.2692380882322024 0
1679280280697 0.07654799554998484 0
1679280287564 0.026085456672052924 0
1679280294094 0.017161939218520928 0
1679280300654 0.010254175967883127 0
1679280307140 0.008561060996726155 0
1679280313729 0.007602744775328738 0
1679280320374 0.005556178719136649 0
1679280326454 0.004481979135725385 0
1679280348532 1.1820132392339218 0
1679280354981 0.26075144422550994 0
1679280361472 0.07430454833098711 0
1679280368113 0.02755592230002945 0
1679280374249 0.01605046461545265 0
1679280380713 0.011264454037583888 0
1679280387347 0.007831246974931743 0
1679280393760 0.006600325527893475 0
1679280400244 0.0052537549311707085 0
1679280406922 0.00564243684754892 0
1679280429508 1.1920529449215302 0
1679280436240 0.25423493563460237 0
1679280442581 0.07643480207890463 0
1679280449160 0.029268597419827413 0
1679280455862 0.016955915386251245 0
1679280462375 0.011476029337455448 0
1679280468724 0.008116452109952195 0
1679280475131 0.008449760160053698 0
1679280481489 0.004918105640965036 0
1679280488068 0.0035026993069690294 0
