1679230817133 0.3665675573124021 0
1679230820933 0.12564302731634064 0
1679230824722 0.07526211248820319 0
1679230828619 0.05678771550575381 0
1679230832574 0.058839505187386426 0
1679230836457 0.015405771299258192 0
1679230840477 0.026922708212605714 0
1679230844414 0.033642545076658925 0
1679230848539 0.03910373452890781 0
1679230852560 0.03804220576007627 0
1679230871605 0.30065609400228754 0
1679230878855 0.047932089473228766 0
1679230886018 0.04548815258710486 0
1679230893145 0.03902743604664532 0
1679230900027 0.012992684466965929 0
1679230906984 0.0058019901904427995 0
1679230913951 0.012104676494789423 0
1679230921100 0.026963615032600058 0
1679230928086 0.009106098408532179 0
1679230935378 0.012644913953675025 0
1679230957311 0.3533166865393495 0
1679230967195 0.044038389558397256 0
1679230977082 0.04268353639850438 0
1679230986948 0.026747393204284726 0
1679230997017 0.022595073191397096 0
1679231007626 0.00654840176367374 0
1679231017368 0.033866376940895504 0
1679231027119 0.013058618796980174 0
1679231037093 0.00631236247815268 0
1679231046790 0.02265402662140551 0
1679231071932 0.37114651137253085 0
1679231085056 0.06191514819198879 0
1679231098181 0.03959141877464235 0
1679231111212 0.028716198082270793 0
1679231124774 0.03157506478670346 0
1679231137507 0.0174614792711154 0
1679231150480 0.015965352980963028 0
1679231163348 0.015097250656928247 0
1679231176305 0.028895059741972078 0
1679231189489 0.017186579926503947 0
1679231219212 0.3293251211489405 0
1679231235202 0.057701066991398875 0
1679231251463 0.0427687110239674 0
1679231268050 0.025205760281806988 0
1679231284129 0.023472360618235655 0
1679231300426 0.01873820837258222 0
1679231316371 0.03339913384681381 0
1679231332791 0.01582524060908952 0
1679231348701 0.022690271021264863 0
1679231364725 0.024786961896779758 0
1679231396753 0.347346191932788 0
1679231415347 0.06750626527302997 0
1679231434713 0.04708674077817231 0
1679231454496 0.034033707581645985 0
1679231474987 0.027391677665895908 0
1679231493838 0.022811801457483977 0
1679231513371 0.02618692996230545 0
1679231532260 0.02768647477922325 0
1679231552234 0.019653548973395864 0
1679231571498 0.01687712177505993 0
1679231606698 0.3863492449252635 0
1679231629035 0.08905740336853554 0
1679231651469 0.05008354679153844 0
1679231673997 0.04088888203884195 0
1679231696454 0.03672950860242373 0
1679231718637 0.024916625607588394 0
1679231741238 0.017692000731369114 0
1679231762858 0.02571905943945427 0
1679231785287 0.02190454548602052 0
1679231807932 0.025816175920447076 0
1679231846263 0.3552066446582946 0
1679231871680 0.09709530630349125 0
1679231897354 0.05807959638076704 0
1679231922610 0.03579456270171493 0
1679231947712 0.029155438592187704 0
1679231973229 0.025389409139070934 0
1679231998519 0.032204731400567496 0
1679232024138 0.019904671111903666 0
1679232049273 0.02354213327563651 0
1679232074574 0.02462984154100435 0
1679232115578 0.3975537009010009 0
1679232144352 0.11032583921119059 0
1679232172825 0.06658695674494927 0
1679232201191 0.0393693787707077 0
1679232229514 0.03589447632365673 0
1679232258224 0.029986439279915116 0
1679232286710 0.025438003220692475 0
1679232315331 0.022171601711945238 0
1679232344354 0.022166235785149965 0
1679232372264 0.03250704522381937 0
1679232417391 0.385474115114023 0
1679232448847 0.11776970786048191 0
1679232479654 0.06705262302489179 0
1679232511451 0.04837925588320259 0
1679232543194 0.04011004036882319 0
1679232574671 0.029848266282408477 0
1679232606014 0.026385436686587792 0
1679232637358 0.023450040052321573 0
1679232668939 0.031909509678554035 0
1679232700197 0.02719063275713735 0
1679232748605 0.40204190576188137 0
1679232782956 0.1335033292920124 0
1679232817360 0.06957235853326035 0
1679232851418 0.05002536553266309 0
1679232885955 0.03759366571111904 0
1679232920000 0.03267612513349835 0
1679232954869 0.029857850827990293 0
1679232988627 0.037046573518295295 0
1679233023087 0.02477044449144598 0
1679233057292 0.024879659120463832 0
1679233108649 0.41107457709119666 0
1679233146233 0.159782728811353 0
1679233184462 0.09479985783743294 0
1679233221963 0.06516091078241668 0
1679233258866 0.05239249483219438 0
1679233297141 0.039341850709287016 0
1679233334412 0.033498644660024904 0
1679233372193 0.03355421267956478 0
1679233410003 0.030087355978844963 0
1679233447237 0.03110984224606412 0
1679233501330 0.4196265710511476 0
1679233541796 0.16025313852069828 0
1679233582113 0.10448690477467563 0
1679233622580 0.07350522363380688 0
1679233663311 0.056161076080661385 0
1679233703817 0.04194989902613526 0
1679233744206 0.03876040443482393 0
1679233784845 0.04299040513103054 0
1679233825693 0.03176173206059114 0
1679233866459 0.030837560950770608 0
1679233924354 0.4079489433381727 0
1679233968005 0.1580082214757486 0
1679234011553 0.09799812731433521 0
1679234055273 0.0700171743230998 0
1679234098884 0.04825237105234063 0
1679234142564 0.045389873815777346 0
1679234186396 0.03764930217174901 0
1679234230416 0.041925974550624315 0
1679234274638 0.03831043415039835 0
1679234318874 0.0327121086246985 0
1679234379909 0.4448075875362426 0
1679234426955 0.19317284703182944 0
1679234474594 0.11714564207944321 0
1679234521175 0.08188080799453501 0
1679234568260 0.062299925828017556 0
1679234614966 0.052046926344031796 0
1679234661914 0.043189463191452636 0
1679234709123 0.0444279560831029 0
1679234754999 0.04274354813900151 0
1679234802257 0.03894730399375648 0
1679234867087 0.4376948692861123 0
1679234917343 0.20353151742806788 0
1679234966948 0.1337970870141281 0
1679235016632 0.09297354764158632 0
1679235066912 0.07616034737987275 0
1679235117235 0.05897316106352372 0
1679235167717 0.05147925652910787 0
1679235216596 0.04526730786414172 0
1679235267708 0.05161737109997727 0
1679235317643 0.042164057122229114 0
1679235384575 0.4293121743459712 0
1679235437358 0.21156761479225444 0
1679235489811 0.14720692020503712 0
1679235543606 0.1044018036957097 0
1679235597644 0.08430154750011744 0
1679235651149 0.06534367903357867 0
1679235703724 0.05389448996108154 0
1679235757284 0.0574641838985213 0
1679235808745 0.046681965718099336 0
1679235861114 0.04862002504522175 0
1679235932411 0.43538950759673317 0
1679235988121 0.23123166567791265 0
1679236044501 0.16750316390321077 0
1679236100294 0.1276715042258808 0
1679236155656 0.09761271642134822 0
1679236211546 0.07556812441162096 0
1679236267530 0.07096384666359505 0
1679236323297 0.06074997480575242 0
1679236378596 0.06007224406821991 0
1679236434695 0.0566011627952981 0
1679236508640 0.459283427282042 0
1679236567313 0.25071835297679745 0
1679236626220 0.17586389673611444 0
1679236685579 0.13388663133125003 0
1679236743854 0.10140468932748803 0
1679236802824 0.08123220107216496 0
1679236861086 0.0775338818976539 0
1679236920056 0.0630593775202055 0
1679236979233 0.0627924177754942 0
1679237038070 0.06280040693599902 0
1679237114801 0.45417528059233664 0
1679237176851 0.25626149179363056 0
1679237238764 0.18010034055804616 0
1679237301342 0.13626942595243677 0
1679237363186 0.11152341585679103 0
1679237424885 0.09311154260765704 0
1679237486871 0.07832789835210177 0
1679237548769 0.07504616321808887 0
1679237609933 0.06738265127122156 0
1679237672454 0.06581594393720457 0
