1679230817142 3.644073784991633 0
1679230820941 3.681271451001521 0
1679230824729 3.661315211036708 0
1679230828626 3.7796587080229074 0
1679230832583 3.8245983330416493 0
1679230836465 3.7675463579944335 0
1679230840484 3.8948254190036096 0
1679230844420 3.818175225984305 0
1679230848546 4.008124272048008 0
1679230852565 3.8962247379822657 0
1679230871611 7.189406568999402 0
1679230878862 7.118175167997833 0
1679230886026 7.0231865079840645 0
1679230893155 6.991996989003383 0
1679230900036 6.758869647048414 0
1679230906995 6.835623832012061 0
1679230913959 6.8299915750394575 0
1679230921106 7.026521599036641 0
1679230928091 6.863394893007353 0
1679230935386 7.151727727032267 0
1679230957320 10.095246729033533 0
1679230967206 9.748306727036834 0
1679230977091 9.750287115981337 0
1679230986955 9.742901068995707 0
1679230997022 9.940134334960021 0
1679231007634 10.494820475985762 0
1679231017373 9.618804723024368 0
1679231027126 9.63057973101968 0
1679231037099 9.85214813100174 0
1679231046794 9.579206214984879 0
1679231071939 13.274848283967003 0
1679231085062 13.006835624983069 0
1679231098192 12.99030641297577 0
1679231111221 12.89383525797166 0
1679231124781 13.415858077991288 0
1679231137518 12.602591560047586 0
1679231150489 12.844037895963993 0
1679231163357 12.747225443948992 0
1679231176310 12.806634828972165 0
1679231189498 13.04845144902356 0
1679231219220 16.005745376984123 0
1679231235209 15.86558598803822 0
1679231251475 16.13278562098276 0
1679231268058 16.44495541800279 0
1679231284140 15.948992746998556 0
1679231300435 16.16341671999544 0
1679231316379 15.810321514029056 0
1679231332801 16.297053978021722 0
1679231348706 15.777659801999107 0
1679231364732 15.896464465011377 0
1679231396763 19.288861176988576 0
1679231415355 18.46109802601859 0
1679231434721 19.160781064012554 0
1679231454505 19.64436580298934 0
1679231474994 20.360748721985146 0
1679231493847 18.695941083016805 0
1679231513378 19.38028939301148 0
1679231532266 18.74517663900042 0
1679231552243 19.80599991302006 0
1679231571505 19.122699008032214 0
1679231606708 22.075478960003238 0
1679231629045 22.191012795025017 0
1679231651478 22.304842167010065 0
1679231674006 22.39094687299803 0
1679231696461 22.323519096011296 0
1679231718647 22.038890330004506 0
1679231741245 22.452191117976326 0
1679231762866 21.483935124007985 0
1679231785293 22.302765278960578 0
1679231807939 22.516262666031253 0
1679231846275 25.41540741099743 0
1679231871689 25.2712967810221 0
1679231897360 25.551150106010027 0
1679231922618 25.128373168001417 0
1679231947718 24.95971196796745 0
1679231973235 25.38567777298158 0
1679231998527 25.161450321029406 0
1679232024147 25.480329636018723 0
1679232049285 25.000723960984033 0
1679232074580 25.15691609401256 0
1679232115587 28.088938853004947 0
1679232144361 28.63740361999953 0
1679232172834 28.336162154970225 0
1679232201202 28.22015976696275 0
1679232229520 28.1862375200144 0
1679232258231 28.570009886985645 0
1679232286719 28.34828847501194 0
1679232315345 28.48082548903767 0
1679232344365 28.851505113998428 0
1679232372274 27.761176450003404 0
1679232417404 31.502726536011323 0
1679232448856 31.299737330991775 0
1679232479662 30.66158621298382 0
1679232511461 31.65454600105295 0
1679232543201 31.57359100098256 0
1679232574679 31.334589037986007 0
1679232606021 31.196009551000316 0
1679232637364 31.211390835000202 0
1679232668947 31.43623467499856 0
1679232700207 31.10617851302959 0
1679232748611 34.903789666015655 0
1679232782962 34.203658442012966 0
1679232817369 34.26607709296513 0
1679232851433 33.918639237992465 0
1679232885964 34.3792200780008 0
1679232920008 33.895123285998125 0
1679232954880 34.730701168999076 0
1679232988641 33.60545847401954 0
1679233023097 34.3108028259594 0
1679233057305 34.05758597597014 0
1679233108656 37.81697593902936 0
1679233146248 37.43707844399614 0
1679233184469 38.08330294699408 0
1679233221971 37.364692014991306 0
1679233258876 36.770742998982314 0
1679233297149 38.13968583801761 0
1679233334421 37.11862446705345 0
1679233372203 37.625226433970965 0
1679233410010 37.67260905500734 0
1679233447249 37.09690067201154 0
1679233501338 40.37038306699833 0
1679233541803 40.32297315704636 0
1679233582123 40.17295514995931 0
1679233622593 40.33300469099777 0
1679233663318 40.58688474004157 0
1679233703828 40.36063806404127 0
1679233744217 40.2393968749675 0
1679233784859 40.50276597798802 0
1679233825707 40.70146055199439 0
1679233866473 40.617744816001505 0
1679233924369 43.786558380001225 0
1679233968014 43.48008062998997 0
1679234011568 43.39757558197016 0
1679234055282 43.57879097701516 0
1679234098897 43.476821596967056 0
1679234142575 43.53177638800116 0
1679234186404 43.6976837470429 0
1679234230425 43.87005206599133 0
1679234274646 44.07227782497648 0
1679234318887 44.10420535999583 0
1679234379918 47.130340081988834 0
1679234426964 46.89881517505273 0
1679234474602 47.475861992978025 0
1679234521186 46.43015726498561 0
1679234568273 46.938833986001555 0
1679234614978 46.54647579800803 0
1679234661922 46.804735425976105 0
1679234709134 47.07019793096697 0
1679234755007 45.73261292994721 0
1679234802266 47.11198086402146 0
1679234867101 50.26075343694538 0
1679234917357 50.10773584299022 0
1679234966958 49.450771847041324 0
1679235016640 49.53518509701826 0
1679235066920 50.12286629999289 0
1679235117243 50.168428656004835 0
1679235167726 50.331476733030286 0
1679235216608 48.733020711981226 0
1679235267720 50.95393956202315 0
1679235317652 49.78622422402259 0
1679235384588 52.186115585966036 0
1679235437371 52.62146021000808 0
1679235489820 52.29201531497529 0
1679235543616 53.643123546033166 0
1679235597652 53.892139769974165 0
1679235651162 53.34861259104218 0
1679235703733 52.40602382697398 0
1679235757306 53.41149615799077 0
1679235808754 51.295111204031855 0
1679235861128 52.22113267198438 0
1679235932420 56.55911361199105 0
1679235988130 55.55576911900425 0
1679236044510 56.20071382902097 0
1679236100304 55.629436196002644 0
1679236155666 55.191973291977774 0
1679236211554 55.739791796018835 0
1679236267550 55.826763636025134 0
1679236323307 55.57431244797772 0
1679236378604 55.15338161995169 0
1679236434711 55.94638715300243 0
1679236508648 58.48960101796547 0
1679236567322 58.52367792103905 0
1679236626229 58.76320944103645 0
1679236685587 59.18787991499994 0
1679236743864 58.126240043959115 0
1679236802834 58.812109213962685 0
1679236861102 58.12362993002171 0
1679236920065 58.815205601044 0
1679236979250 59.03188272099942 0
1679237038080 58.67336074903142 0
1679237114822 61.21267967298627 0
1679237176859 61.89068507601041 0
1679237238773 61.767635923984926 0
1679237301362 62.421121740015224 0
1679237363202 61.67307988402899 0
1679237424901 61.53715224697953 0
1679237486886 61.82952138094697 0
1679237548779 61.72763444395969 0
1679237609941 61.01611313299509 0
1679237672466 62.3712702569901 0
