1679447861949 0.8576923076923076 0
1679447865242 0.9754807692307692 0
1679447868638 0.9913461538461539 0
1679447871855 0.9966346153846154 0
1679447875118 0.9980769230769231 0
1679447878457 1.0 0
1679447881965 1.0 0
1679447885472 1.0 0
1679447888961 0.9995192307692308 0
1679447892326 0.9995192307692308 0
1679447909411 0.7882401315789473 0
1679447913395 0.967516447368421 0
1679447917101 0.9884868421052632 0
1679447921031 0.9975328947368421 0
1679447925025 0.9975328947368421 0
1679447929093 0.9979440789473685 0
1679447933225 0.9991776315789473 0
1679447937378 1.0 0
1679447941486 1.0 0
1679447945677 1.0 0
1679447961905 0.7345727848101266 0
1679447965920 0.9481803797468354 0
1679447970089 0.9885284810126582 0
1679447974036 0.9992088607594937 0
1679447978013 0.9988132911392406 0
1679447982000 0.9992088607594937 0
1679447985934 0.9996044303797469 0
1679447990082 1.0 0
1679447993985 1.0 0
1679447998124 1.0 0
1679448014611 0.6859756097560976 0
1679448018955 0.9561737804878049 0
1679448023253 0.9939024390243902 0
1679448027196 0.9988567073170732 0
1679448031243 0.9973323170731707 0
1679448035339 0.9992378048780488 0
1679448039424 0.9996189024390244 0
1679448043664 1.0 0
1679448047696 0.9996189024390244 0
1679448052172 1.0 0
1679448069669 0.670421511627907 0
1679448073836 0.9622093023255814 0
1679448078114 0.9952761627906976 0
1679448082509 0.9981831395348837 0
1679448086903 0.9992732558139535 0
1679448091283 0.9996366279069767 0
1679448095533 1.0 0
1679448099794 1.0 0
1679448104315 0.9992732558139535 0
1679448108651 0.998546511627907 0
1679448125369 0.6671348314606742 0
1679448129536 0.9645365168539326 0
1679448134078 0.9975421348314607 0
1679448138720 0.9989466292134831 0
1679448143075 0.9989466292134831 0
1679448147535 0.9996488764044944 0
1679448152327 1.0 0
1679448157036 0.9996488764044944 0
1679448161534 1.0 0
1679448165953 1.0 0
1679448184034 0.6790081521739131 0
1679448188743 0.9741847826086957 0
1679448193408 0.9962635869565217 0
1679448198133 0.9972826086956522 0
1679448202735 0.9983016304347826 0
1679448207465 0.9996603260869565 0
1679448212408 1.0 0
1679448217275 0.9996603260869565 0
1679448221492 0.9996603260869565 0
1679448226242 0.9989809782608695 0
1679448244021 0.6787109375 0
1679448248847 0.9723307291666666 0
1679448253806 0.9957682291666666 0
1679448258775 0.9983723958333334 0
1679448263696 0.9986979166666666 0
1679448268532 0.9986979166666666 0
1679448273381 0.9996744791666666 0
1679448278384 0.9990234375 0
1679448283104 0.9996744791666666 0
1679448288091 0.9990234375 0
1679448307420 0.6720328282828283 0
1679448312242 0.9696969696969697 0
1679448317317 0.9943181818181818 0
1679448322432 0.9955808080808081 0
1679448327461 0.9996843434343434 0
1679448332532 0.9990530303030303 0
1679448337529 0.9990530303030303 0
1679448342615 1.0 0
1679448347516 0.9996843434343434 0
1679448352254 1.0 0
1679448370881 0.6758578431372549 0
1679448375988 0.9776348039215687 0
1679448381137 0.9941789215686274 0
1679448385708 0.9984681372549019 0
1679448391037 0.9984681372549019 0
1679448396335 0.9996936274509803 0
1679448401496 1.0 0
1679448406504 1.0 0
1679448411705 1.0 0
1679448416823 1.0 0
1679448436265 0.6863095238095238 0
1679448441499 0.9827380952380952 0
1679448446597 0.9946428571428572 0
1679448451970 0.9985119047619048 0
1679448456516 0.9994047619047619 0
1679448461644 0.9994047619047619 0
1679448466856 0.9994047619047619 0
1679448472332 1.0 0
1679448477850 1.0 0
1679448483000 1.0 0
1679448502838 0.7026949541284404 0
1679448508240 0.9799311926605505 0
1679448513664 0.9954128440366973 0
1679448519207 0.9991399082568807 0
1679448524625 0.9991399082568807 0
1679448530102 0.9994266055045872 0
1679448535401 1.0 0
1679448541403 1.0 0
1679448546968 1.0 0
1679448552363 1.0 0
1679448572638 0.6930803571428571 0
1679448578127 0.982421875 0
1679448583477 0.9972098214285714 0
1679448589070 1.0 0
1679448594900 0.9997209821428571 0
1679448600501 1.0 0
1679448606144 1.0 0
1679448611815 1.0 0
1679448617429 1.0 0
1679448622786 1.0 0
1679448643050 0.7152173913043478 0
1679448648812 0.9793478260869565 0
1679448654489 0.997554347826087 0
1679448660243 0.9994565217391305 0
1679448666062 1.0 0
1679448671978 1.0 0
1679448677874 1.0 0
1679448683760 1.0 0
1679448689516 1.0 0
1679448695536 1.0 0
1679448714425 0.726890756302521 0
1679448720520 0.9858193277310925 0
1679448726514 0.9968487394957983 0
1679448732423 0.9997373949579832 0
1679448738270 1.0 0
1679448744301 1.0 0
1679448750005 1.0 0
1679448756079 1.0 0
1679448762169 1.0 0
1679448768346 1.0 0
1679448791006 0.7238729508196722 0
1679448797195 0.9841188524590164 0
1679448803665 0.9974385245901639 0
1679448809815 0.9994877049180327 0
1679448816022 1.0 0
1679448822146 1.0 0
1679448828405 1.0 0
1679448834265 1.0 0
1679448840475 1.0 0
1679448846507 1.0 0
1679448868779 0.72825 0
1679448874933 0.98475 0
1679448881016 0.99575 0
1679448887207 0.99975 0
1679448893441 0.99975 0
1679448899614 0.9995 0
1679448905681 0.9995 0
1679448911931 1.0 0
1679448918201 1.0 0
1679448924432 1.0 0
1679448947372 0.747577519379845 0
1679448953824 0.9854651162790697 0
1679448960249 0.9966085271317829 0
1679448966712 0.998546511627907 0
1679448973249 0.999515503875969 0
1679448979571 1.0 0
1679448985955 0.9997577519379846 0
1679448992235 1.0 0
1679448998657 1.0 0
1679449004912 1.0 0
1679449028135 0.7509541984732825 0
1679449034856 0.9840171755725191 0
1679449040130 0.9966603053435115 0
1679449046466 0.9985687022900763 0
1679449052389 1.0 0
1679449058654 0.9997614503816794 0
1679449065327 1.0 0
1679449071746 1.0 0
1679449078296 1.0 0
1679449085155 1.0 0
1679449109004 0.7471804511278195 0
1679449115548 0.9861372180451128 0
1679449122198 0.9974154135338346 0
1679449128312 0.9997650375939849 0
1679449135038 1.0 0
1679449141422 0.9990601503759399 0
1679449147915 1.0 0
1679449154445 1.0 0
1679449161052 1.0 0
1679449167662 1.0 0
