1679447861959 0.5020676646668177 0
1679447865254 0.10667720783788424 0
1679447868649 0.047424982717404 0
1679447871867 0.02423958809903035 0
1679447875123 0.011797889766211694 0
1679447878468 0.006487783832618823 0
1679447881982 0.004268049576785416 0
1679447885484 0.003648358708372913 0
1679447888971 0.0033741977997124193 0
1679447892336 0.003897223383403168 0
1679447909423 0.7358984152149213 0
1679447913406 0.13589193417053474 0
1679447917114 0.05126341107595516 0
1679447921043 0.018639848622689515 0
1679447925031 0.012225428761571254 0
1679447929104 0.010935967135561728 0
1679447933236 0.006965846596837142 0
1679447937389 0.003830300355299474 0
1679447941497 0.003813812580789856 0
1679447945688 0.0023721952671430222 0
1679447961912 0.8798901006768022 0
1679447965933 0.19609214323042315 0
1679447970103 0.06748792450120554 0
1679447974048 0.022464931099616652 0
1679447978025 0.01268990826793015 0
1679447982012 0.013860979073244748 0
1679447985944 0.006288392538546667 0
1679447990094 0.006554323758434834 0
1679447993998 0.004456337643757792 0
1679447998136 0.002684164331795624 0
1679448014618 0.971650923352416 0
1679448018970 0.1891245098284832 0
1679448023264 0.04612262545880384 0
1679448027208 0.01912019777725019 0
1679448031257 0.015637444800742698 0
1679448035350 0.009681292166422325 0
1679448039430 0.005993159297603841 0
1679448043676 0.004065758539448924 0
1679448047708 0.004067373871959451 0
1679448052185 0.0031774210617252874 0
1679448069680 1.0204513350198434 0
1679448073849 0.17300264067341423 0
1679448078126 0.04390520502834819 0
1679448082520 0.01942630552924996 0
1679448086911 0.012152600497397225 0
1679448091295 0.006196155243953907 0
1679448095546 0.005150413194801225 0
1679448099805 0.004257211226125269 0
1679448104326 0.00567603362439915 0
1679448108663 0.005462686468300215 0
1679448125381 1.0360633285527818 0
1679448129546 0.16591812450480595 0
1679448134090 0.0369286504678763 0
1679448138726 0.01560772409966069 0
1679448143087 0.012678263851525158 0
1679448147543 0.009507196213725661 0
1679448152338 0.005285549181607667 0
1679448157044 0.004847766942046373 0
1679448161545 0.003057536085036824 0
1679448165965 0.0031254762146632406 0
1679448184045 1.0333342702816362 0
1679448188758 0.14847819430186696 0
1679448193420 0.03515400942010076 0
1679448198144 0.019163171522845718 0
1679448202746 0.013842382870675267 0
1679448207476 0.00729734348715283 0
1679448212420 0.004952669439776598 0
1679448217292 0.004098464650071591 0
1679448221500 0.005826011002721751 0
1679448226255 0.00465080194408074 0
1679448244031 1.0106575479730964 0
1679448248858 0.13964906168015054 0
1679448253816 0.03397382845287211 0
1679448258786 0.018171367946100265 0
1679448263710 0.01005875957586492 0
1679448268544 0.009125717943485748 0
1679448273394 0.005311808337864932 0
1679448278392 0.006281741916609462 0
1679448283115 0.003986218491263571 0
1679448288104 0.005740223927205079 0
1679448307430 1.0316109371305717 0
1679448312252 0.1386295137832863 0
1679448317325 0.038238820469364374 0
1679448322444 0.021324254490077646 0
1679448327478 0.012486825663610503 0
1679448332543 0.009150973417692713 0
1679448337545 0.006144782766403461 0
1679448342624 0.004022843799450331 0
1679448347529 0.0039912126352775355 0
1679448352277 0.0029619603707088213 0
1679448370892 1.018334731897887 0
1679448376000 0.10588368959724903 0
1679448381151 0.032357625215880426 0
1679448385721 0.014727619723142946 0
1679448391048 0.010125205844102026 0
1679448396346 0.008248621077441117 0
1679448401507 0.003980016208016405 0
1679448406515 0.003259481566583774 0
1679448411713 0.0024436443619539634 0
1679448416830 0.002375685928877918 0
1679448436279 0.9894351645594551 0
1679448441510 0.10426535230307352 0
1679448446616 0.032042661025410604 0
1679448451982 0.013388983333217246 0
1679448456527 0.00919906386906015 0
1679448461654 0.0059430788215693265 0
1679448466865 0.005502054971709316 0
1679448472342 0.0033638862992769907 0
1679448477865 0.0033491997084292096 0
1679448483009 0.0023322455809518163 0
1679448502853 0.9615360978273076 0
1679448508254 0.09966781108272732 0
1679448513676 0.030192083004144353 0
1679448519218 0.013378432689132084 0
1679448524632 0.009100692925564603 0
1679448530115 0.005847776475268493 0
1679448535409 0.0037555056965884264 0
1679448541419 0.0031815888867457185 0
1679448546981 0.002564204030097761 0
1679448552377 0.00199840742018108 0
1679448572661 0.9562839384057692 0
1679448578138 0.09477635230203825 0
1679448583490 0.022882487691406692 0
1679448589078 0.009112244266101957 0
1679448594912 0.006114859762809439 0
1679448600511 0.004247826803163791 0
1679448606160 0.0036019077436191893 0
1679448611829 0.002783463681615623 0
1679448617453 0.002843821312126238 0
1679448622797 0.0022677716754385202 0
1679448643062 0.9179920691510906 0
1679448648827 0.09029511005982109 0
1679448654500 0.025089664647922567 0
1679448660254 0.009536300281710599 0
1679448666078 0.006515112793599458 0
1679448671990 0.004546143553401951 0
1679448677885 0.0034487506081147686 0
1679448683772 0.0031806649827479344 0
1679448689525 0.002552550932918878 0
1679448695550 0.0018287939318131817 0
1679448714448 0.8824260638666754 0
1679448720533 0.07733283374270722 0
1679448726534 0.02312340235979367 0
1679448732434 0.009689453756436706 0
1679448738281 0.005776568865716583 0
1679448744310 0.004225503486491145 0
1679448750017 0.003144673165716544 0
1679448756094 0.0023962626817730106 0
1679448762186 0.0030537541322762287 0
1679448768361 0.002064403925705388 0
1679448791017 0.8723410231778856 0
1679448797205 0.07676058705346506 0
1679448803676 0.02404007904201013 0
1679448809829 0.009508397285139462 0
1679448816034 0.005547029945758919 0
1679448822158 0.00428625004467188 0
1679448828417 0.0029267608679518042 0
1679448834277 0.0022089602230078555 0
1679448840494 0.002105922821325204 0
1679448846524 0.0018791895298684229 0
1679448868792 0.8539733898639679 0
1679448874947 0.07699381178617477 0
1679448881031 0.02423507336527109 0
1679448887217 0.00876206977199763 0
1679448893453 0.006198104406706989 0
1679448899626 0.004360218061134219 0
1679448905693 0.0038145809257403014 0
1679448911945 0.0030749720211606475 0
1679448918221 0.002290351468138397 0
1679448924444 0.0018470937474630773 0
1679448947386 0.8233440281000248 0
1679448953835 0.06642167814537998 0
1679448960260 0.021777804107080367 0
1679448966725 0.012738558635216697 0
1679448973262 0.0058505197755934655 0
1679448979588 0.004523706383273987 0
1679448985967 0.003041932293910591 0
1679448992246 0.0031576699400392844 0
1679448998666 0.0020976856598168498 0
1679449004923 0.001680740436616664 0
1679449028151 0.8100135022674808 0
1679449034877 0.07541238837200039 0
1679449040143 0.02283462095038809 0
1679449046478 0.010763610711406546 0
1679449052401 0.005556875036474858 0
1679449058669 0.0041855266610985155 0
1679449065338 0.0028488065897245385 0
1679449071758 0.0024660617217087395 0
1679449078319 0.002434939511950334 0
1679449085174 0.002465304398939426 0
1679449109027 0.8181755556759978 0
1679449115560 0.0684088188804742 0
1679449122210 0.020127294929978206 0
1679449128325 0.008336867723978103 0
1679449135053 0.005186667906985219 0
1679449141438 0.005647297798484368 0
1679449147929 0.003298217996594293 0
1679449154457 0.002907884333902424 0
1679449161064 0.00220268628607273 0
1679449167673 0.0016350031999303937 0
