1672941244297 0.9112633181126332 0
1672941248559 0.9643835616438357 0
1672941252603 0.9866057838660578 0
1672941256856 0.9863013698630136 0
1672941261110 0.9955859969558599 0
1672941378542 0.9669702114523846 0
1672941382795 0.9899675875906776 0
1672941387107 0.9955240006173792 0
1672941391348 0.9912023460410557 0
1672941395676 0.9884241395277049 0
1672941517484 0.9685136595153573 0
1672941521788 0.9895045531717858 0
1672941526085 0.9961413798425683 0
1672941530416 0.9952153110047847 0
1672941534765 0.9947522765858929 0
1672941651422 0.9643463497453311 0
1672941655780 0.9935175181355147 0
1672941660109 0.9952153110047847 0
1672941664472 0.9962957246488655 0
1672941668848 0.9902762772032722 0
1672941784592 0.9158820805679889 0
1672941788737 0.993054483716623 0
1672941792903 0.9961413798425683 0
1672941797201 0.9933631733292174 0
1672941801508 0.9964500694551628 0
1672941921937 0.8964346349745331 0
1672941926214 0.981632968050625 0
1672941930599 0.9912023460410557 0
1672941934933 0.9925914492977311 0
1672941939322 0.9939805525544065 0
1672942063195 0.903843185676802 0
1672942066842 0.9822503472758142 0
1672942071214 0.9941348973607038 0
1672942075592 0.9895045531717858 0
1672942079913 0.9939805525544065 0
1672942201495 0.8961259453619386 0
1672942205736 0.9882697947214076 0
1672942210093 0.9924371044914339 0
1672942214507 0.9962957246488655 0
1672942218854 0.9949066213921901 0
1672942341949 0.8927303596233986 0
1672942346455 0.9814786232443278 0
1672942350897 0.9905849668158666 0
1672942355341 0.9944435869732984 0
1672942359881 0.9970674486803519 0
1672942483578 0.9351751813551474 0
1672942487885 0.9893502083654885 0
1672942492305 0.9958326902299738 0
1672942496741 0.9949066213921901 0
1672942501325 0.9966044142614601 0
