1672941244313 0.25235330678828777 0
1672941248562 0.1191920314182611 0
1672941252607 0.04225293805743348 0
1672941256872 0.04246188140526709 0
1672941261126 0.012903290192504562 0
1672941378546 0.14328494490999547 0
1672941382811 0.03084246243163627 0
1672941387111 0.01590189458900089 0
1672941391365 0.03210023317418775 0
1672941395693 0.036176212229427074 0
1672941517488 0.15217433827462748 0
1672941521805 0.03465552380569262 0
1672941526101 0.012027433831286393 0
1672941530433 0.014275913572492362 0
1672941534781 0.018549402310206208 0
1672941651426 0.14846432357488898 0
1672941655784 0.023534123704290477 0
1672941660126 0.01820782337256229 0
1672941664489 0.013706263683977529 0
1672941668865 0.03290466102378858 0
1672941784596 0.29167626131062047 0
1672941788753 0.02724833615593876 0
1672941792920 0.01696816962218074 0
1672941797218 0.021229079230865318 0
1672941801512 0.011496814426621454 0
1672941921941 0.32241377903734725 0
1672941926231 0.05998665232203517 0
1672941930616 0.027702121279055206 0
1672941934950 0.02300650993034906 0
1672941939338 0.01745284820004388 0
1672942063199 0.4381732524821552 0
1672942066859 0.05737796398421638 0
1672942071231 0.025662451927875144 0
1672942075608 0.045355996834282375 0
1672942079930 0.021394263475701825 0
1672942201500 0.4535382183518495 0
1672942205753 0.04065200417350128 0
1672942210098 0.023031870240108707 0
1672942214524 0.011589098629404562 0
1672942218871 0.015875987850247044 0
1672942341966 0.4662413451959182 0
1672942346473 0.06036130628984253 0
1672942350914 0.031728501891250004 0
1672942355358 0.020211490547283908 0
1672942359898 0.009749487192442733 0
1672942483583 0.35878984759133214 0
1672942487902 0.038591845172136416 0
1672942492323 0.016856965924549428 0
1672942496759 0.02032205924708488 0
1672942501332 0.010596748318493054 0
