1679228933189 0.6070067937321523 0
1679228937237 0.11570180437582381 0
1679228940840 0.04004650167646069 0
1679228945055 0.01959749554996105 0
1679228949200 0.01425430989669015 0
1679228953299 0.009863017754647516 0
1679228957243 0.00547779160643033 0
1679228961400 0.004321381416030265 0
1679228965304 0.004301607975731695 0
1679228968939 0.002690793791735618 0
1679228988553 2.3104435696321377 0
1679228993426 1.6694822954196555 0
1679228997994 1.5104311155337913 0
1679229002844 1.4538746593045253 0
1679229007553 1.4125976469002517 0
1679229012349 1.3697519477675943 0
1679229017060 1.3526397125393737 0
1679229021926 1.3328184929548526 0
1679229026771 1.3208524409462423 0
1679229031594 1.3056690412409164 0
1679229049065 3.0643899300519157 0
1679229053690 1.9487356882469327 0
1679229058683 1.7785530651316923 0
1679229063624 1.6965556261586208 0
1679229068388 1.633099677515965 0
1679229073114 1.6018992720865737 0
1679229077938 1.5820520683830859 0
1679229082976 1.5596424738566081 0
1679229088024 1.543404248415255 0
1679229092523 1.5402749005485983 0
1679229110173 3.085486396854999 0
1679229114557 2.0394191952312695 0
1679229119436 1.8385457384820079 0
1679229124400 1.7364188923555262 0
1679229129164 1.6662048042989244 0
1679229133911 1.638218933460759 0
1679229138981 1.5963273399016435 0
1679229143975 1.5742066257140215 0
1679229148923 1.564132003223195 0
1679229153663 1.5476779996180068 0
1679229171361 3.368431444261588 0
1679229176201 2.311574930069493 0
1679229181002 2.0159865839808595 0
1679229185830 1.861332140716852 0
1679229190658 1.7427674812429093 0
1679229195602 1.6803822423897536 0
1679229200322 1.6460993745747734 0
1679229205147 1.6132766849854414 0
1679229209768 1.5937474662182378 0
1679229214619 1.586320277522592 0
1679229232532 3.5279099497140622 0
1679229237524 2.371121311888975 0
1679229242433 2.041127270343257 0
1679229247181 1.8571248054504395 0
1679229252144 1.7563905751003939 0
1679229256881 1.6842508397850335 0
1679229261597 1.6557986771359163 0
1679229266445 1.633347584920771 0
1679229271367 1.615718153177523 0
1679229276126 1.6024395110560399 0
1679229294232 3.817843839233997 0
1679229298920 2.585257186609156 0
1679229303913 2.194440484046936 0
1679229308999 1.9874130814683204 0
1679229313613 1.8373876354273628 0
1679229318451 1.7568043435321135 0
1679229323182 1.70351034636591 0
1679229327988 1.694667445678337 0
1679229333002 1.6607654480373157 0
1679229337797 1.6354526281356812 0
1679229357268 3.8251367339900897 0
1679229362327 2.434563396023769 0
1679229367322 2.0888596469280767 0
1679229372194 1.8913056324510014 0
1679229376998 1.795080818381964 0
1679229381912 1.7194969478775473 0
1679229386781 1.6898562230315863 0
1679229391789 1.672774238913667 0
1679229396592 1.6489257532007553 0
1679229401453 1.6370026983466803 0
1679229419093 3.7722949514202044 0
1679229424008 2.5596808288611617 0
1679229428873 2.196996505353965 0
1679229433823 1.9513465820574294 0
1679229438511 1.826178567082274 0
1679229443255 1.7470151700225531 0
1679229448154 1.7023604968014885 0
1679229453104 1.6802159921795714 0
1679229457931 1.6508699456850688 0
1679229462936 1.6308337707145542 0
1679229480395 3.9219211503571154 0
1679229485231 2.6701164362477323 0
1679229490166 2.271634121735891 0
1679229495103 2.029168845391741 0
1679229500033 1.865207014130611 0
1679229505172 1.776416840506535 0
1679229510022 1.720631426455928 0
1679229514918 1.698286053012399 0
1679229519876 1.683315917557361 0
1679229524656 1.6634204761654723 0
1679229542321 3.9426014189626657 0
1679229547177 2.6628162673875395 0
1679229552177 2.2342003852713344 0
1679229556964 1.9991937314762789 0
1679229561738 1.870703844463124 0
1679229566650 1.7805594053922915 0
1679229571442 1.7373616730465609 0
1679229576201 1.6993806747829212 0
1679229581238 1.6779416974853067 0
1679229586580 1.6491029192419613 0
1679229603949 3.8994359175364175 0
1679229609070 2.6839993654512893 0
1679229613957 2.2825637681811464 0
1679229618870 2.03193415146248 0
1679229623948 1.8862910177193435 0
1679229628930 1.7925543434479658 0
1679229633888 1.743926841838687 0
1679229638957 1.7084723278587939 0
1679229644648 1.6751738050404716 0
1679229649690 1.6675596342367285 0
1679229669301 3.9054682932648004 0
1679229674225 2.7354770080716 0
1679229679082 2.3132553790129866 0
1679229684049 2.0392716608795465 0
1679229689129 1.8862465620040894 0
1679229694024 1.7866740647484274 0
1679229699137 1.7237895002552108 0
1679229704060 1.7045031598970002 0
1679229708931 1.6816510756810505 0
1679229713972 1.666342600887897 0
1679229732495 3.923533509759342 0
1679229737403 2.7552318152259376 0
1679229742394 2.3899668104508343 0
1679229747544 2.126492133327559 0
1679229752475 1.949433347758125 0
1679229757418 1.8501556679314257 0
1679229762188 1.7652219978033328 0
1679229767381 1.7226206566773208 0
1679229772346 1.7189992666244507 0
1679229777412 1.683758746175205 0
1679229797051 4.012488453995948 0
1679229802042 2.83450373247558 0
1679229807004 2.435310994877535 0
1679229811992 2.153994194432801 0
1679229816867 1.9625134362893946 0
1679229821703 1.8514509481542252 0
1679229826659 1.7795084983694787 0
1679229831730 1.746430681032293 0
1679229836662 1.7035811683710884 0
1679229841657 1.682021931105969 0
1679229861543 3.9003174071218454 0
1679229866527 2.6410891308503994 0
1679229871387 2.260614367092357 0
1679229876765 2.029118916567634 0
1679229881584 1.8733605380151785 0
1679229886625 1.8059554661021513 0
1679229891524 1.7572882818240745 0
1679229896638 1.7033261890504874 0
1679229901537 1.6768280852074717 0
1679229906411 1.64958235095529 0
1679229926161 3.8151571072784125 0
1679229931226 2.6854372515397915 0
1679229935754 2.311679806195053 0
1679229940666 2.074144620521396 0
1679229945440 1.8919330917152704 0
1679229950468 1.79794082922094 0
1679229955628 1.7463090034092175 0
1679229960427 1.69372439735076 0
1679229965398 1.6723837092810987 0
1679229970485 1.6498064024775636 0
1679229990650 3.856223197544322 0
1679229995791 2.688428717501023 0
1679230000901 2.3039735847828435 0
1679230005848 2.062477088442036 0
1679230010671 1.9172485798012977 0
1679230015709 1.8205384448462842 0
1679230020791 1.7621508941930883 0
1679230025752 1.716681347173803 0
1679230030799 1.6974369684855144 0
1679230035986 1.6642181031844194 0
1679230056049 3.814911596915301 0
1679230061114 2.7409453064787623 0
1679230066194 2.350598180995268 0
1679230071245 2.0857586311359033 0
1679230076199 1.919494584494946 0
1679230081301 1.8175370436088711 0
1679230086449 1.7593347582162595 0
1679230091520 1.7223655803530824 0
1679230096876 1.6815882021305608 0
1679230102076 1.6629654379451977 0
1679230122077 3.7481384043600046 0
1679230126781 2.5929786153868135 0
1679230131682 2.209314689916723 0
1679230136812 1.9885709075366749 0
1679230141781 1.8555795468536078 0
1679230146932 1.7882646941671185 0
1679230151994 1.726198700128817 0
1679230157111 1.7033003568649292 0
1679230161596 1.6754806661138348 0
1679230166481 1.64194554791731 0
