1679228933193 4.273676608980168 0
1679228937248 3.9202202730230056 0
1679228940850 3.4615454840241 0
1679228945060 4.0844136019586585 0
1679228949208 4.020666044030804 0
1679228953304 3.9592018050025217 0
1679228957250 3.8288374120020308 0
1679228961406 4.035679905035067 0
1679228965312 3.7811455060145818 0
1679228968945 3.5220458219991997 0
1679228988559 4.743250527011696 0
1679228993431 4.727659674943425 0
1679228998002 4.433562004996929 0
1679229002850 4.706503677007277 0
1679229007561 4.552631177008152 0
1679229012356 4.652477084950078 0
1679229017067 4.566204432980157 0
1679229021934 4.721482670982368 0
1679229026778 4.705318053020164 0
1679229031603 4.6774537219898775 0
1679229049075 4.715577972005121 0
1679229053697 4.43084258196177 0
1679229058693 4.844486557005439 0
1679229063629 4.795673827989958 0
1679229068394 4.628409112978261 0
1679229073119 4.585168260033242 0
1679229077945 4.688551365979947 0
1679229082981 4.873440197960008 0
1679229088029 4.903348736988846 0
1679229092532 4.354238527012058 0
1679229110181 4.838909474026877 0
1679229114568 4.226127601985354 0
1679229119445 4.735002917994279 0
1679229124408 4.824820105044637 0
1679229129170 4.626640097994823 0
1679229133916 4.598712428007275 0
1679229138988 4.916132700978778 0
1679229143982 4.780453618033789 0
1679229148930 4.7932548969984055 0
1679229153670 4.592725311988033 0
1679229171370 4.451418615994044 0
1679229176212 4.689050488988869 0
1679229181013 4.651387949998025 0
1679229185837 4.669382620952092 0
1679229190663 4.668527821020689 0
1679229195612 4.794156770978589 0
1679229200329 4.570626061002258 0
1679229205154 4.6702377569745295 0
1679229209775 4.48570863500936 0
1679229214627 4.680510892998427 0
1679229232538 4.329090434010141 0
1679229237531 4.840429923962802 0
1679229242438 4.766258243005723 0
1679229247186 4.600546889996622 0
1679229252153 4.8187483419897035 0
1679229256889 4.588553124049213 0
1679229261606 4.554745560977608 0
1679229266452 4.6945946080377325 0
1679229271378 4.72198977303924 0
1679229276131 4.616945806017611 0
1679229294241 4.371998336049728 0
1679229298927 4.531079258013051 0
1679229303919 4.849113175005186 0
1679229309008 4.871621936967131 0
1679229313619 4.483419017982669 0
1679229318457 4.692652705998626 0
1679229323192 4.584810723026749 0
1679229327997 4.645969611010514 0
1679229333010 4.855321257025935 0
1679229337804 4.640871846000664 0
1679229357274 4.716766010038555 0
1679229362334 4.9138794600148685 0
1679229367329 4.845977952005342 0
1679229372209 4.714887556037866 0
1679229377007 4.6351295550120994 0
1679229381920 4.74849298899062 0
1679229386789 4.708965715020895 0
1679229391798 4.837463119009044 0
1679229396597 4.6542649260372855 0
1679229401461 4.692305880016647 0
1679229419100 4.705079329956789 0
1679229424017 4.749499907018617 0
1679229428880 4.714215982006863 0
1679229433836 4.797441447968595 0
1679229438520 4.51163105800515 0
1679229443266 4.598210712953005 0
1679229448161 4.7457983960048296 0
1679229453111 4.783290312974714 0
1679229457945 4.662256768962834 0
1679229462943 4.8436415159958415 0
1679229480403 4.707422795007005 0
1679229485239 4.673561058007181 0
1679229490175 4.776127577992156 0
1679229495113 4.776095603010617 0
1679229500043 4.76988709095167 0
1679229505183 4.978005679964554 0
1679229510029 4.667756304028444 0
1679229514927 4.736268555978313 0
1679229519882 4.795969181985129 0
1679229524667 4.632055788009893 0
1679229542329 4.690451295988169 0
1679229547184 4.694086251023691 0
1679229552188 4.842158993007615 0
1679229556976 4.630814192001708 0
1679229561746 4.6111412580357864 0
1679229566664 4.750029949995223 0
1679229571448 4.636169716017321 0
1679229576209 4.608416514995042 0
1679229581246 4.872096967010293 0
1679229586586 5.137665747024585 0
1679229603960 4.724257624009624 0
1679229609077 4.962616125005297 0
1679229613964 4.733647976012435 0
1679229618877 4.764865078963339 0
1679229623955 4.920032688998617 0
1679229628939 4.822863486013375 0
1679229633896 4.802939502988011 0
1679229638975 4.923288543999661 0
1679229644657 5.497079442022368 0
1679229649699 4.877387992979493 0
1679229669309 4.8869135020067915 0
1679229674233 4.746049971960019 0
1679229679098 4.691053237998858 0
1679229684057 4.775094609009102 0
1679229689138 4.886743483017199 0
1679229694039 4.733223770046607 0
1679229699145 4.94389610295184 0
1679229704067 4.7537459879531525 0
1679229708939 4.6942532059620135 0
1679229713980 4.862449545005802 0
1679229732510 4.812295661016833 0
1679229737412 4.72586050699465 0
1679229742403 4.802543491998222 0
1679229747552 4.919148351007607 0
1679229752483 4.77072562900139 0
1679229757426 4.765266094007529 0
1679229762196 4.584220957010984 0
1679229767396 5.031424128043 0
1679229772357 4.733537218999118 0
1679229777425 4.910850002954248 0
1679229797058 4.883404652995523 0
1679229802049 4.773131271009333 0
1679229807013 4.795075560978148 0
1679229812004 4.805998572031967 0
1679229816879 4.681867556995712 0
1679229821712 4.652956550999079 0
1679229826667 4.757125696982257 0
1679229831743 4.913987193023786 0
1679229836682 4.782628647983074 0
1679229841666 4.819886650016997 0
1679229861552 4.8309055140125565 0
1679229866535 4.814376758004073 0
1679229871396 4.670040947967209 0
1679229876773 5.201541252958123 0
1679229881592 4.6211000079638325 0
1679229886635 4.8678954020142555 0
1679229891534 4.710776984982658 0
1679229896648 4.94128892396111 0
1679229901545 4.733620175975375 0
1679229906420 4.6996539540123194 0
1679229926169 4.968047331029084 0
1679229931234 4.907451873994432 0
1679229935766 4.378694813000038 0
1679229940676 4.741640748979989 0
1679229945452 4.607544707949273 0
1679229950476 4.850798082945403 0
1679229955640 4.987168564985041 0
1679229960434 4.626149126968812 0
1679229965413 4.803314106015023 0
1679229970495 4.907828126975801 0
1679229990660 4.332205020007677 0
1679229995801 4.970916738035157 0
1679230000911 4.919809911050834 0
1679230005858 4.771095943986438 0
1679230010679 4.65608677797718 0
1679230015718 4.8551854160032235 0
1679230020807 4.925021293980535 0
1679230025767 4.793061306991149 0
1679230030811 4.862757458991837 0
1679230036001 4.999785162042826 0
1679230056066 4.629710634006187 0
1679230061131 4.897481823980343 0
1679230066202 4.909771606035065 0
1679230071254 4.87211825203849 0
1679230076209 4.77805151802022 0
1679230081315 4.929476857010741 0
1679230086460 4.915684545994736 0
1679230091531 4.893317721027415 0
1679230096884 5.13514311099425 0
1679230102087 5.016865241981577 0
1679230122089 4.762559280963615 0
1679230126790 4.513865032989997 0
1679230131690 4.719852701004129 0
1679230136822 4.956846062967088 0
1679230141790 4.7873475139494985 0
1679230146941 4.972821160976309 0
1679230152003 4.8659064039820805 0
1679230157122 4.936272029997781 0
1679230161611 4.306652215018403 0
1679230166490 4.701324280991685 0
