1678701760827 4.409603673033416 0
1678701765201 4.1951036411337554 0
1678701769661 4.284096020273864 0
1678701774077 4.232993884943426 0
1678701778505 4.252433612942696 0
1678701782911 4.22002133494243 0
1678701787324 4.228085916023701 0
1678701791771 4.280169943813235 0
1678701796194 4.250893792137504 0
1678701800652 4.289311128202826 0
1678701869186 5.1641731057316065 0
1678701874506 5.158959426917136 0
1678701879733 5.08826311212033 0
1678701885038 5.15216797683388 0
1678701890393 5.180814168881625 0
1678701895629 5.073384889867157 0
1678701900930 5.12529774941504 0
1678701906287 5.2125944420695305 0
1678701911470 5.05426706885919 0
1678701916790 5.153623295016587 0
1678701985707 5.435639688745141 0
1678701991389 5.533682299777865 0
1678701997250 5.698237858247012 0
1678702003024 5.61556945508346 0
1678702008760 5.568481063004583 0
1678702014419 5.504774718079716 0
1678702019939 5.357254181988537 0
1678702025843 5.763378017581999 0
1678702031715 5.695396772120148 0
1678702037557 5.691566932015121 0
1678702106827 5.570014666765928 0
1678702112588 5.603150592185557 0
1678702118051 5.319842000026256 0
1678702123837 5.641698486171663 0
1678702129499 5.525503729004413 0
1678702135205 5.574115092400461 0
1678702140804 5.439690893981606 0
1678702146643 5.692275481764227 0
1678702152276 5.498100631870329 0
1678702157874 5.439881722908467 0
1678702228056 6.074614122044295 0
1678702234501 6.303371580783278 0
1678702240712 6.05237586889416 0
1678702247138 6.290549459867179 0
1678702253296 5.997185530140996 0
1678702259575 6.131044561974704 0
1678702265785 6.06247546011582 0
1678702272038 6.11506152106449 0
1678702278108 5.917217287700623 0
1678702284382 6.13692059693858 0
1678702355186 6.785733118653297 0
1678702362260 6.924296831712127 0
1678702369134 6.713885864708573 0
1678702376253 6.979053117800504 0
1678702383179 6.770830219145864 0
1678702390085 6.76662380900234 0
1678702397049 6.807455514091998 0
1678702404069 6.86006989935413 0
1678702411010 6.79718950111419 0
1678702417989 6.831623954232782 0
1678702490756 7.8483478762209415 0
1678702498455 7.5417261137627065 0
1678702505948 7.3460449767299 0
1678702513607 7.4984050071798265 0
1678702521083 7.332224922720343 0
1678702528599 7.37926876405254 0
1678702536178 7.437082855962217 0
1678702543671 7.347439184784889 0
1678702551152 7.325162249151617 0
1678702558712 7.413498857058585 0
1678702631292 8.012651347089559 0
1678702639480 8.022689343430102 0
1678702646635 7.002449675928801 0
1678702654891 8.107254766859114 0
1678702663089 8.038078519981354 0
1678702671697 8.459185741841793 0
1678702679889 8.038937388919294 0
1678702687846 7.811980317346752 0
1678702696174 8.180968760047108 0
1678702704747 8.430934402160347 0
1678702778330 8.725483565125614 0
1678702787735 9.242153279017657 0
1678702797084 9.192626173142344 0
1678702806140 8.913156044203788 0
1678702815235 8.948690338991582 0
1678702824098 8.698611210100353 0
1678702833109 8.861617069225758 0
1678702841806 8.549547959119081 0
1678702850666 8.697908394038677 0
1678702859710 8.893532056827098 0
1678702933994 9.39534416468814 0
1678702943379 9.232385576236993 0
1678702953497 9.968016279861331 0
1678702963423 9.760372860822827 0
1678702972846 9.270148770418018 0
1678702982193 9.20261038839817 0
1678702991635 9.295055595226586 0
1678703001077 9.281219789292663 0
1678703010705 9.481512621045113 0
1678703020387 9.530225664842874 0
1678703095023 9.674521330744028 0
1678703105238 10.050882298965007 0
1678703115601 10.204889366403222 0
1678703125792 10.03032900299877 0
1678703135898 9.943960039876401 0
1678703145881 9.819212325382978 0
1678703155872 9.848880223929882 0
1678703165925 9.909245350863785 0
1678703176091 10.007088567130268 0
1678703186117 9.866531596053392 0
1678703262230 10.734855880960822 0
1678703272681 10.274198313243687 0
1678703282908 10.064936931245029 0
1678703293190 10.120152744930238 0
1678703303602 10.250578388106078 0
1678703314096 10.342908956576139 0
1678703324626 10.379865721333772 0
1678703335558 10.769336511846632 0
1678703346068 10.345188569277525 0
1678703356946 10.721661302726716 0
1678703433623 11.006007166113704 0
1678703445080 11.316816721111536 0
1678703456616 11.378336241003126 0
1678703468244 11.463229035027325 0
1678703479760 11.353461408987641 0
1678703491101 11.188768167980015 0
1678703502583 11.31514914240688 0
1678703514134 11.387889089994133 0
1678703525551 11.269688898231834 0
1678703536763 11.07538564875722 0
1678703614105 11.842493342235684 0
1678703626192 11.923247512895614 0
1678703638188 11.841064331587404 0
1678703650254 11.908125231973827 0
1678703662347 11.936748347245157 0
1678703674692 12.190403789281845 0
1678703686800 11.962231037206948 0
1678703698790 11.823289731983095 0
1678703710813 11.867301241029054 0
1678703722865 11.898096366785467 0
1678703801288 12.37434243503958 0
1678703813634 12.17029828671366 0
1678703826170 12.37073690770194 0
1678703838674 12.347777150105685 0
1678703851262 12.4402621909976 0
1678703864071 12.653200739994645 0
1678703876705 12.469264671672136 0
1678703889189 12.329205329995602 0
1678703901543 12.199698900338262 0
1678703914048 12.332218697294593 0
1678703993335 13.162643352057785 0
1678704006601 13.116541511844844 0
1678704019939 13.180590456351638 0
1678704033187 13.099360306281596 0
1678704046198 12.853995550889522 0
1678704059646 13.280268469825387 0
1678704072884 13.075720626860857 0
1678704086112 13.08652425603941 0
1678704099247 12.97185627091676 0
1678704112490 13.074057905934751 0
1678704192788 13.978272014763206 0
1678704206677 13.7320602289401 0
1678704220771 13.938729641959071 0
1678704234473 13.532121671829373 0
1678704248110 13.484139554668218 0
1678704262219 13.933265565894544 0
1678704276467 14.085253635421395 0
1678704290354 13.720286558847874 0
1678704304501 13.990564162377268 0
1678704318866 14.197640040889382 0
1678704399853 14.454962415155023 0
1678704414466 14.458352539688349 0
1678704429180 14.536713346838951 0
1678704443872 14.531847159843892 0
1678704458127 14.068823923356831 0
1678704472687 14.399446974042803 0
1678704487081 14.242946807760745 0
1678704501441 14.210846948903054 0
1678704515822 14.202837605029345 0
1678704530131 14.127928034868091 0
1678704611497 14.94397368421778 0
1678704626562 14.912685501854867 0
1678704641967 15.258747119922191 0
1678704657239 15.1091524111107 0
1678704672438 15.043730374891311 0
1678704687372 14.774134874809533 0
1678704702470 14.950632378924638 0
1678704717515 14.890277131926268 0
1678704732683 15.009244381915778 0
1678704748018 15.154010196216404 0
1678704830170 15.579979225061834 0
1678704845517 15.185533137060702 0
1678704861090 15.420417218934745 0
1678704875672 14.423659880645573 0
1678704891386 15.555917672812939 0
1678704906848 15.301222877111286 0
1678704922347 15.321264943107963 0
1678704938261 15.761511218734086 0
1678704953881 15.45320342388004 0
1678704969339 15.293297948781401 0
