1678701760818 0.5729437397904705 0
1678701765191 0.10430399180275618 0
1678701769652 0.03938430161795491 0
1678701774066 0.016576531734924616 0
1678701778495 0.011946908737857042 0
1678701782903 0.00694273651426898 0
1678701787317 0.004733419212609974 0
1678701791765 0.003509745705320165 0
1678701796181 0.0030785347061289036 0
1678701800643 0.0032565518444902714 0
1678701869180 0.34634194891713443 0
1678701874499 0.0306170657829343 0
1678701879727 0.015922063838522547 0
1678701885033 0.013480150622302475 0
1678701890386 0.01402640108472407 0
1678701895624 0.01000214440355778 0
1678701900921 0.006658833473920822 0
1678701906279 0.007763368147180874 0
1678701911465 0.005278056397702754 0
1678701916781 0.003949637699083019 0
1678701985700 0.7502287612644665 0
1678701991381 0.07493150584892111 0
1678701997238 0.025754808661671166 0
1678702003016 0.02230229153722948 0
1678702008750 0.02225069823853759 0
1678702014409 0.011897481075954555 0
1678702019931 0.012905770828780604 0
1678702025838 0.008488997076123198 0
1678702031704 0.010739897433587841 0
1678702037546 0.015643146126044984 0
1678702106816 1.3814260895565897 0
1678702112581 0.20700955501377324 0
1678702118045 0.08556066839331605 0
1678702123828 0.04783162599805699 0
1678702129495 0.033681730343428126 0
1678702135199 0.023592224803657132 0
1678702140794 0.024570386559967645 0
1678702146632 0.018406265178825328 0
1678702152267 0.017826984291338235 0
1678702157866 0.019900352471474148 0
1678702228050 2.4770321844535674 0
1678702234491 0.5022928931964924 0
1678702240702 0.23657953354442024 0
1678702247131 0.12891747902358586 0
1678702253285 0.06686845944574249 0
1678702259568 0.0463280295832353 0
1678702265773 0.045197329103688975 0
1678702272032 0.05973585580899585 0
1678702278098 0.030325131183645472 0
1678702284373 0.037038970879009286 0
1678702355176 2.8975440274792885 0
1678702362247 0.6407399380774024 0
1678702369118 0.27908352446305745 0
1678702376246 0.15597381214067627 0
1678702383172 0.08216431845552469 0
1678702390076 0.07936114335111662 0
1678702397038 0.0508458959496706 0
1678702404057 0.04475130572445677 0
1678702411000 0.04096035486279335 0
1678702417979 0.03794885375677914 0
1678702490751 3.332704752002549 0
1678702498442 0.8788266530222477 0
1678702505932 0.41221810535857384 0
1678702513597 0.19545516075360472 0
1678702521074 0.10468941190641849 0
1678702528592 0.08102616467101843 0
1678702536169 0.08878352165848036 0
1678702543657 0.058734551265403175 0
1678702551139 0.07483841796360169 0
1678702558706 0.07952058656742869 0
1678702631284 3.533332171522592 0
1678702639470 0.8685548150149152 0
1678702646625 0.34314342874888654 0
1678702654883 0.17387986923162402 0
1678702663081 0.1216618028078792 0
1678702671690 0.10956217213277834 0
1678702679880 0.08960161041963093 0
1678702687836 0.09124501090936266 0
1678702696168 0.0828802412936097 0
1678702704736 0.09145848798192233 0
1678702778314 3.431084090725296 0
1678702787723 0.8318717959782752 0
1678702797074 0.34342676255716226 0
1678702806134 0.1783781548647913 0
1678702815225 0.14235677978298855 0
1678702824089 0.11563083925241302 0
1678702833102 0.11467899817460256 0
1678702841793 0.09571239773766209 0
1678702850654 0.10461287295251367 0
1678702859703 0.10399484152113529 0
1678702933989 3.434899422693871 0
1678702943368 0.8590535040325851 0
1678702953489 0.39717453926194224 0
1678702963407 0.22108721869311412 0
1678702972837 0.15678879692276146 0
1678702982185 0.1378061325554497 0
1678702991626 0.12662780450552316 0
1678703001069 0.1290214186542339 0
1678703010698 0.13570742702101246 0
1678703020380 0.12009145770454348 0
1678703095012 3.3376878391010223 0
1678703105230 0.6803774443432606 0
1678703115591 0.32827731622745404 0
1678703125785 0.21465543186760302 0
1678703135888 0.17139499869664707 0
1678703145870 0.14984338301210362 0
1678703155860 0.13932420501118462 0
1678703165918 0.1317387035851717 0
1678703176080 0.12617912043606228 0
1678703186108 0.13477827965697806 0
1678703262221 3.246007203687629 0
1678703272672 0.8963608238121255 0
1678703282890 0.4364983656290065 0
1678703293182 0.25378946178558803 0
1678703303590 0.2006176196181384 0
1678703314090 0.18784040996805984 0
1678703324618 0.17776353650802887 0
1678703335551 0.17401711914258064 0
1678703346060 0.17626075116184628 0
1678703356936 0.15326425895196114 0
1678703433615 3.176745332634839 0
1678703445072 0.8810280899047263 0
1678703456608 0.4353540471264284 0
1678703468233 0.2807720469206185 0
1678703479742 0.24331646215186728 0
1678703491093 0.20454847602803006 0
1678703502572 0.1957104581605512 0
1678703514122 0.199846094077277 0
1678703525541 0.1817047123263985 0
1678703536756 0.16944385134489026 0
1678703614098 3.2219222316482763 0
1678703626181 0.9451425554503475 0
1678703638180 0.45162559564353655 0
1678703650243 0.29754531990973726 0
1678703662339 0.27355540483508894 0
1678703674683 0.24365506432099132 0
1678703686791 0.2302982296893595 0
1678703698780 0.26079242298675215 0
1678703710806 0.247681340808998 0
1678703722855 0.2318950223473578 0
1678703801273 3.1582269409396457 0
1678703813624 0.9318016698288284 0
1678703826157 0.5152451573808374 0
1678703838667 0.34672243846206474 0
1678703851255 0.2924123009904952 0
1678703864062 0.28584323553776875 0
1678703876693 0.2688913858179843 0
1678703889171 0.25676095982699426 0
1678703901535 0.25272391650910875 0
1678703914030 0.2588523796416124 0
1678703993327 3.165838470276378 0
1678704006592 1.1023320787994122 0
1678704019927 0.5717622043911214 0
1678704033179 0.43339208900523524 0
1678704046186 0.35490040774695886 0
1678704059639 0.33901487705956423 0
1678704072872 0.32510007548803455 0
1678704086104 0.2913632221322063 0
1678704099238 0.273785107551054 0
1678704112479 0.27021209438175536 0
1678704192780 3.151866965488271 0
1678704206663 1.1347109049908388 0
1678704220762 0.6292530270253088 0
1678704234460 0.4124660980119758 0
1678704248102 0.3651625194101881 0
1678704262203 0.3334455878149955 0
1678704276454 0.3176867613238711 0
1678704290346 0.311771084766759 0
1678704304487 0.29290377939093476 0
1678704318858 0.3210479568890247 0
1678704399839 3.0458197069433166 0
1678704414458 1.0620830443407592 0
1678704429168 0.620784068416857 0
1678704443863 0.4793505146593279 0
1678704458114 0.4184656968596837 0
1678704472674 0.4004153577982459 0
1678704487072 0.4210722238432853 0
1678704501431 0.39645465919454576 0
1678704515812 0.37024241093134275 0
1678704530116 0.39444899327081984 0
1678704611486 3.1163268290308244 0
1678704626544 1.1248075455482394 0
1678704641959 0.7257559570432667 0
1678704657231 0.561255974045059 0
1678704672430 0.4844223930557397 0
1678704687364 0.4371795553053655 0
1678704702462 0.4048139198537665 0
1678704717503 0.4232151214541882 0
1678704732666 0.45609071690628306 0
1678704748009 0.4237311423892515 0
1678704830161 3.064718684861511 0
1678704845508 1.3116951352508808 0
1678704861082 0.8280885737939261 0
1678704875662 0.6110879881577849 0
1678704891377 0.543261429201754 0
1678704906839 0.49839382601638427 0
1678704922336 0.5579947057220949 0
1678704938252 0.49102908409694745 0
1678704953872 0.4812793175772136 0
1678704969330 0.4905588352952643 0
