1678701760806 0.812975936643314 0
1678701765175 0.9680170575692963 0
1678701769636 0.9905574169966495 0
1678701774054 0.9966494060310691 0
1678701778478 0.997867803837953 0
1678701782891 0.999695400548279 0
1678701787305 1.0 0
1678701791755 1.0 0
1678701796164 1.0 0
1678701800629 0.999390801096558 0
1678701869168 0.9234095120444719 0
1678701874491 0.9950586781964176 0
1678701879721 0.9978381717109327 0
1678701885025 0.9981470043236566 0
1678701890376 0.9984558369363805 0
1678701895616 0.9990735021618283 0
1678701900909 0.9996911673872761 0
1678701906271 0.9987646695491044 0
1678701911460 1.0 0
1678701916769 1.0 0
1678701985688 0.8428042001235331 0
1678701991368 0.9836318715256331 0
1678701997220 0.9972205064854849 0
1678702003005 0.9962940086473132 0
1678702008736 0.9969116738727609 0
1678702014393 0.9993823347745522 0
1678702019919 0.9990735021618283 0
1678702025828 1.0 0
1678702031689 0.9990735021618283 0
1678702037528 0.9978381717109327 0
1678702106797 0.7205064854848672 0
1678702112570 0.9447189623224213 0
1678702118034 0.9799258801729462 0
1678702123821 0.9922791846819025 0
1678702129489 0.9972205064854849 0
1678702135192 0.9981470043236566 0
1678702140780 0.9969116738727609 0
1678702146613 0.9981470043236566 0
1678702152254 0.9981470043236566 0
1678702157854 0.9975293390982087 0
1678702228040 0.5154416306361952 0
1678702234477 0.8585546633724521 0
1678702240688 0.9397776405188388 0
1678702247119 0.9691167387276096 0
1678702253269 0.9894996911673872 0
1678702259555 0.9953675108091414 0
1678702265754 0.9941321803582458 0
1678702272021 0.9891908585546634 0
1678702278082 0.9978381717109327 0
1678702284362 0.9969116738727609 0
1678702355158 0.4663372452130945 0
1678702362227 0.8125386040765905 0
1678702369099 0.9311303273625695 0
1678702376234 0.9657195799876467 0
1678702383161 0.9891908585546634 0
1678702390063 0.990117356392835 0
1678702397019 0.9972205064854849 0
1678702404046 0.9962940086473132 0
1678702410986 0.9975293390982087 0
1678702417961 0.9975293390982087 0
1678702490740 0.35886349598517603 0
1678702498426 0.7368746139592341 0
1678702505919 0.8937615812229771 0
1678702513579 0.9601605929586164 0
1678702521059 0.990426189005559 0
1678702528580 0.9932056825200741 0
1678702536156 0.9888820259419395 0
1678702543644 0.9969116738727609 0
1678702551120 0.9894996911673872 0
1678702558695 0.9913526868437307 0
1678702631272 0.3057442865966646 0
1678702639453 0.7569487337862878 0
1678702646606 0.9289684990735022 0
1678702654872 0.9799258801729462 0
1678702663071 0.9916615194564546 0
1678702671678 0.993514515132798 0
1678702679866 0.9966028412600371 0
1678702687817 0.9956763434218654 0
1678702696157 0.9972205064854849 0
1678702704724 0.9941321803582458 0
1678702778293 0.33137739345274864 0
1678702787701 0.7794935145151328 0
1678702797056 0.9342186534898085 0
1678702806124 0.9833230389129092 0
1678702815209 0.9885731933292156 0
1678702824075 0.9953675108091414 0
1678702833090 0.993823347745522 0
1678702841780 0.9975293390982087 0
1678702850632 0.993823347745522 0
1678702859690 0.9944410129709698 0
1678702933978 0.3042001235330451 0
1678702943348 0.7699197035206918 0
1678702953477 0.9200123533045089 0
1678702963385 0.9793082149474984 0
1678702972823 0.9944410129709698 0
1678702982173 0.9966028412600371 0
1678702991614 0.9972205064854849 0
1678703001057 0.9966028412600371 0
1678703010686 0.9956763434218654 0
1678703020370 0.9966028412600371 0
1678703094999 0.3764669549104385 0
1678703105218 0.840024706609018 0
1678703115578 0.948424953675108 0
1678703125774 0.9836318715256331 0
1678703135869 0.9916615194564546 0
1678703145850 0.9966028412600371 0
1678703155849 0.9978381717109327 0
1678703165906 0.9981470043236566 0
1678703176060 0.9990735021618283 0
1678703186095 0.9947498455836936 0
1678703262207 0.3057442865966646 0
1678703272656 0.7668313773934528 0
1678703282875 0.9175416924027178 0
1678703293171 0.9823965410747375 0
1678703303567 0.9922791846819025 0
1678703314084 0.9947498455836936 0
1678703324604 0.9953675108091414 0
1678703335539 0.9950586781964176 0
1678703346048 0.9922791846819025 0
1678703356921 0.9972205064854849 0
1678703433604 0.3276714021000618 0
1678703445060 0.778567016676961 0
1678703456597 0.9311303273625695 0
1678703468213 0.9771463866584311 0
1678703479719 0.9894996911673872 0
1678703491080 0.9962940086473132 0
1678703502551 0.9972205064854849 0
1678703514101 0.9947498455836936 0
1678703525525 0.9981470043236566 0
1678703536745 0.9990735021618283 0
1678703614085 0.30883261272390367 0
1678703626160 0.7665225447807289 0
1678703638167 0.9403953057442866 0
1678703650223 0.9836318715256331 0
1678703662327 0.9836318715256331 0
1678703674669 0.9932056825200741 0
1678703686776 0.9953675108091414 0
1678703698765 0.9861025324274243 0
1678703710795 0.990117356392835 0
1678703722842 0.9928968499073502 0
1678703801259 0.3276714021000618 0
1678703813607 0.7853613341568869 0
1678703826131 0.9298949969116739 0
1678703838657 0.9827053736874614 0
1678703851243 0.9950586781964176 0
1678703864049 0.9910438542310068 0
1678703876671 0.993823347745522 0
1678703889156 0.9956763434218654 0
1678703901521 0.9953675108091414 0
1678703914017 0.9932056825200741 0
1678703993316 0.2791846819024089 0
1678704006580 0.7266831377393452 0
1678704019905 0.9200123533045089 0
1678704033167 0.9638665843113032 0
1678704046169 0.9867201976528721 0
1678704059627 0.9882643607164917 0
1678704072854 0.9913526868437307 0
1678704086092 0.9959851760345892 0
1678704099224 0.9981470043236566 0
1678704112458 0.9975293390982087 0
1678704192767 0.28412600370599134 0
1678704206645 0.7248301420630019 0
1678704220749 0.9156886967263743 0
1678704234438 0.9848672019765288 0
1678704248090 0.9910438542310068 0
1678704262178 0.9956763434218654 0
1678704276435 0.9975293390982087 0
1678704290335 0.9972205064854849 0
1678704304469 0.9978381717109327 0
1678704318846 0.9925880172946263 0
1678704399828 0.34249536751080917 0
1678704414447 0.7720815318097591 0
1678704429151 0.9320568252007412 0
1678704443849 0.9768375540457073 0
1678704458094 0.9879555281037677 0
1678704472649 0.9882643607164917 0
1678704487058 0.983940704138357 0
1678704501418 0.9907350216182829 0
1678704515792 0.9932056825200741 0
1678704530097 0.9851760345892526 0
1678704611464 0.32859789993823346 0
1678704626529 0.772390364422483 0
1678704641948 0.9190858554663373 0
1678704657220 0.9718962322421247 0
1678704672417 0.9876466954910439 0
1678704687352 0.9962940086473132 0
1678704702452 0.9987646695491044 0
1678704717487 0.9913526868437307 0
1678704732648 0.9836318715256331 0
1678704747996 0.9922791846819025 0
1678704830147 0.31006794317479924 0
1678704845493 0.7130945027794935 0
1678704861071 0.8983940704138357 0
1678704875646 0.9718962322421247 0
1678704891363 0.9851760345892526 0
1678704906827 0.9919703520691785 0
1678704922316 0.9752933909820877 0
1678704938240 0.9922791846819025 0
1678704953860 0.990426189005559 0
1678704969318 0.990117356392835 0
