1679866099871 57.84357509482652 0
1679866157778 57.40724499314092 0
1679866216130 57.838329792022705 0
1679866274035 57.3883919310756 0
1679866331712 57.16944956104271 0
1679866390188 57.94994546612725 0
1679866448191 57.486175894970074 0
1679866506060 57.34799389913678 0
1679866563933 57.362847667885944 0
1679866621282 56.85223755496554 0
1679866642558 5.854737167013809 0
1679866648513 5.780821298016235 0
1679866654403 5.714945039944723 0
1679866660321 5.741945696994662 0
1679866666136 5.626385249895975 0
1679866672035 5.726518450072035 0
1679866677843 5.648360305000097 0
1679866683445 5.431325371144339 0
1679866689282 5.6636289150919765 0
1679866695144 5.692171609960496 0
1679866716171 5.6606693810317665 0
1679866722051 5.686421973863617 0
1679866727904 5.667680240003392 0
1679866733489 5.406808527885005 0
1679866739372 5.694826531922445 0
1679866745314 5.75943002011627 0
1679866751061 5.568263124907389 0
1679866756883 5.6600290320347995 0
1679866762528 5.477971303043887 0
1679866768308 5.603421139065176 0
1679866789420 5.435145070077851 0
1679866795063 5.461992448195815 0
1679866800814 5.577579018194228 0
1679866806707 5.719291446963325 0
1679866812548 5.6587901439052075 0
1679866818238 5.515854327008128 0
1679866824197 5.787904073018581 0
1679866829914 5.517591352807358 0
1679866835904 5.812138132052496 0
1679866841650 5.559855306055397 0
1679866863765 5.461044342024252 0
1679866869589 5.6380298170261085 0
1679866875321 5.550473203882575 0
1679866881093 5.592893053079024 0
1679866887005 5.726469819899648 0
1679866892909 5.710480615962297 0
1679866898774 5.68402929417789 0
1679866904529 5.580173419089988 0
1679866910109 5.40781641099602 0
1679866916027 5.72632248303853 0
1679866938489 5.604944183956832 0
1679866944547 5.859114216873422 0
1679866950443 5.705058400053531 0
1679866956485 5.859796870034188 0
1679866962185 5.499785633990541 0
1679866968225 5.84426684002392 0
1679866974146 5.7083768849261105 0
1679866980249 5.912412029923871 0
1679866986114 5.675137302139774 0
1679866991861 5.57795912399888 0
1679867015029 5.792592097073793 0
1679867021298 6.086262881057337 0
1679867027346 5.840564535930753 0
1679867033678 6.123654063092545 0
1679867040085 6.209356487030163 0
1679867046084 5.819335737964138 0
1679867051726 5.444954087026417 0
1679867057797 5.881180415162817 0
1679867063618 5.6478953929618 0
1679867069445 5.648977336008102 0
1679867093704 5.599478093208745 0
1679867099559 5.674076073104516 0
1679867105361 5.627323860069737 0
1679867110938 5.392006709007546 0
1679867116911 5.759272005874664 0
1679867122983 5.887377449078485 0
1679867128962 5.791501068044454 0
1679867135018 5.863375482847914 0
1679867140757 5.543654528912157 0
1679867146683 5.727410532999784 0
1679867171068 5.699940286111087 0
1679867177016 5.748768470948562 0
1679867182949 5.734907078091055 0
1679867188823 5.6871924959123135 0
1679867194536 5.4931625430472195 0
1679867200431 5.696847517043352 0
1679867206267 5.632506005931646 0
1679867212292 5.829392142128199 0
1679867218250 5.778349858010188 0
1679867224067 5.638075593160465 0
1679867248566 5.757096591871232 0
1679867254512 5.760702759958804 0
1679867260291 5.593087541172281 0
1679867266187 5.71678351610899 0
1679867271837 5.4518374390900135 0
1679867277804 5.766881790012121 0
1679867283519 5.521962855942547 0
1679867289350 5.628127780044451 0
1679867295552 6.006938356906176 0
1679867301502 5.758078924845904 0
1679867326600 5.784514425788075 0
1679867332596 5.789473257958889 0
1679867338435 5.639982155058533 0
1679867344259 5.622187892906368 0
1679867350275 5.82673502783291 0
1679867356096 5.627740860916674 0
1679867362099 5.812366999918595 0
1679867367918 5.613767692819238 0
1679867373867 5.76622289000079 0
1679867379629 5.569135716883466 0
1679867406300 5.725529270945117 0
1679867412164 5.681554815033451 0
1679867418266 5.915371228009462 0
1679867424004 5.548438259866089 0
1679867429846 5.646604296984151 0
1679867435856 5.811811477178708 0
1679867441680 5.62563505792059 0
1679867447388 5.515065901912749 0
1679867453321 5.729197239037603 0
1679867459077 5.541227447101846 0
1679867485248 5.746918708086014 0
1679867491077 5.640835218830034 0
1679867497086 5.8027359747793525 0
1679867502968 5.69776101806201 0
1679867508840 5.667091976851225 0
1679867514849 5.804924654075876 0
1679867520776 5.723251743009314 0
1679867526689 5.702688487013802 0
1679867532422 5.532172295963392 0
1679867538453 5.816364741884172 0
1679867565551 5.66472845710814 0
1679867571701 5.947697130963206 0
1679867577577 5.669058507075533 0
1679867583341 5.542246283032 0
1679867589274 5.7271122939419 0
1679867595298 5.814139173133299 0
1679867601012 5.501091758953407 0
1679867606825 5.584156457101926 0
1679867612834 5.7976073059253395 0
1679867618629 5.5805970299988985 0
1679867646405 5.670267026871443 0
1679867652334 5.7255767120514065 0
1679867658443 5.908480857964605 0
1679867664445 5.781570574967191 0
1679867670381 5.744452866958454 0
1679867676115 5.516022798139602 0
1679867682183 5.853709931019694 0
1679867688206 5.816282654879615 0
1679867694139 5.7453850749880075 0
1679867699937 5.599876919994131 0
1679867728186 5.840504080057144 0
1679867734180 5.77557702595368 0
1679867740178 5.794679019134492 0
1679867746206 5.818397746887058 0
1679867752080 5.656751180998981 0
1679867758074 5.786695925984532 0
1679867764114 5.838931378908455 0
1679867770097 5.763299447949976 0
1679867776171 5.873885837150738 0
1679867782300 5.917480781907216 0
1679867810659 5.895258624106646 0
1679867816644 5.785141908098012 0
1679867822774 5.922837884165347 0
1679867828639 5.649644213030115 0
1679867834735 5.890017850091681 0
1679867840652 5.69131366815418 0
1679867846572 5.70823973393999 0
1679867852494 5.687812805874273 0
1679867858543 5.827877199975774 0
1679867864423 5.6590040270239115 0
1679867893871 5.816495586186647 0
1679867899929 5.847436174983159 0
1679867905933 5.797451416030526 0
1679867911900 5.759045007871464 0
1679867917756 5.645075216889381 0
1679867923762 5.758545153075829 0
1679867929772 5.800031191902235 0
1679867935715 5.725004843901843 0
1679867941518 5.5892273131757975 0
1679867947569 5.83126528118737 0
1679867977221 5.734853437868878 0
1679867983107 5.660442420979962 0
1679867988905 5.584323584102094 0
1679867994986 5.867158106062561 0
1679868001190 5.956304535968229 0
1679868007324 5.920631766086444 0
1679868013261 5.726379893021658 0
1679868019334 5.867928338004276 0
1679868025243 5.699136974988505 0
1679868031373 5.928327822126448 0
1679868062405 5.909848418086767 0
1679868068402 5.7870121989399195 0
1679868074270 5.643268238054588 0
1679868080168 5.694055308122188 0
1679868086233 5.841329063987359 0
1679868092449 6.014561017043889 0
1679868098432 5.782103481004015 0
1679868104308 5.665504310047254 0
1679868110250 5.720456180162728 0
1679868116207 5.720680772094056 0
