1679866099855 0.9764375344732488 0
1679866157766 0.9905370932156646 0
1679866216116 0.9943119139547711 0
1679866274017 0.9951737451737451 0
1679866331696 0.9961562327633756 0
1679866390169 0.996742277992278 0
1679866448175 0.9970180639823497 0
1679866506041 0.9979143684500827 0
1679866563918 0.9973972697186982 0
1679866621265 0.9982591009376723 0
1679866642544 0.833399209486166 0
1679866648502 0.9845849802371541 0
1679866654389 0.9948616600790514 0
1679866660304 0.9918972332015811 0
1679866666122 0.9944664031620554 0
1679866672025 0.9982213438735178 0
1679866677828 0.9964426877470356 0
1679866683428 0.999604743083004 0
1679866689265 1.0 0
1679866695129 0.9986166007905138 0
1679866716154 0.8529644268774703 0
1679866722025 0.9847826086956522 0
1679866727888 0.9958498023715415 0
1679866733472 0.9960474308300395 0
1679866739357 0.9946640316205534 0
1679866745297 0.9966403162055336 0
1679866751045 0.9952569169960475 0
1679866756871 0.9948616600790514 0
1679866762519 0.9966403162055336 0
1679866768292 0.9918972332015811 0
1679866789406 0.867141162514828 0
1679866795048 0.9711348359035191 0
1679866800797 0.9909054962435745 0
1679866806692 0.9980229339659945 0
1679866812527 0.9806247528667458 0
1679866818220 0.9926848556741795 0
1679866824182 0.9952550415183867 0
1679866829894 0.9974298141557928 0
1679866835888 0.9970344009489917 0
1679866841633 0.9992091735863978 0
1679866863748 0.8709486166007905 0
1679866869572 0.9549407114624506 0
1679866875302 0.9903162055335968 0
1679866881076 0.9948616600790514 0
1679866886989 0.9962450592885376 0
1679866892893 0.9946640316205534 0
1679866898758 0.9907114624505929 0
1679866904512 0.9948616600790514 0
1679866910094 0.9984189723320158 0
1679866916007 0.9944664031620554 0
1679866938473 0.7786561264822134 0
1679866944516 0.9304347826086956 0
1679866950423 0.9828063241106719 0
1679866956469 0.9901185770750988 0
1679866962164 0.9934782608695653 0
1679866968208 0.9952569169960475 0
1679866974125 0.9855731225296442 0
1679866980233 0.9885375494071146 0
1679866986098 0.9936758893280633 0
1679866991844 0.9954545454545455 0
1679867015012 0.7544483985765125 0
1679867021281 0.8677342823250297 0
1679867027322 0.9375247133254251 0
1679867033660 0.9541320680110715 0
1679867040069 0.9634242783708976 0
1679867046066 0.9748912613681296 0
1679867051711 0.9794385132463425 0
1679867057781 0.9824041122973507 0
1679867063600 0.9851720047449585 0
1679867069427 0.9877421905891657 0
1679867093686 0.8751730959446093 0
1679867099541 0.9459940652818991 0
1679867105342 0.9875370919881306 0
1679867110921 0.9960435212660732 0
1679867116887 0.9948565776458952 0
1679867122966 0.9914935707220573 0
1679867128945 0.9930761622156281 0
1679867135001 0.9918892185954501 0
1679867140741 0.9909000989119684 0
1679867146669 0.9946587537091988 0
1679867171048 0.8529644268774703 0
1679867176993 0.9290513833992095 0
1679867182930 0.9737154150197629 0
1679867188805 0.9847826086956522 0
1679867194513 0.9922924901185771 0
1679867200413 0.9867588932806324 0
1679867206244 0.991699604743083 0
1679867212273 0.9928853754940712 0
1679867218234 0.9958498023715415 0
1679867224047 0.9954545454545455 0
1679867248549 0.8934361407671016 0
1679867254494 0.9661921708185054 0
1679867260274 0.9865559509687624 0
1679867266169 0.9926848556741795 0
1679867271819 0.9845788849347569 0
1679867277787 0.9950573349149862 0
1679867283502 0.9952550415183867 0
1679867289325 0.9909054962435745 0
1679867295533 0.9861605377619612 0
1679867301485 0.9723210755239226 0
1679867326581 0.8717391304347826 0
1679867332577 0.9494071146245059 0
1679867338413 0.9887351778656126 0
1679867344241 0.9928853754940712 0
1679867350258 0.9960474308300395 0
1679867356077 0.9968379446640316 0
1679867362082 0.9994071146245059 0
1679867367903 0.9918972332015811 0
1679867373850 0.9944664031620554 0
1679867379611 0.9907114624505929 0
1679867406283 0.7160958226093843 0
1679867412146 0.8774500098990299 0
1679867418247 0.9550584042763809 0
1679867423986 0.9748564640665215 0
1679867429827 0.9879231835280142 0
1679867435838 0.9885171253217184 0
1679867441662 0.9891110671154227 0
1679867447370 0.9918827954860424 0
1679867453302 0.9966343298356761 0
1679867459051 0.9867352999406058 0
1679867485230 0.8873713380839272 0
1679867491058 0.9550673000791766 0
1679867497066 0.9910926365795725 0
1679867502949 0.9986144101346002 0
1679867508822 0.9966349960411718 0
1679867514830 0.9950514647664291 0
1679867520758 0.9936658749010293 0
1679867526670 0.9946555819477435 0
1679867532404 0.9956452889944576 0
1679867538434 0.9950514647664291 0
1679867565523 0.8754208754208754 0
1679867571682 0.9490988314517727 0
1679867577558 0.9831649831649831 0
1679867583325 0.9960388195682314 0
1679867589254 0.9974252327193504 0
1679867595280 0.9974252327193504 0
1679867600994 0.9964349376114082 0
1679867606796 0.9908892850069321 0
1679867612810 0.9904931669637552 0
1679867618608 0.9916815210932858 0
1679867646386 0.8343898573692552 0
1679867652315 0.945324881141046 0
1679867658423 0.9827654516640254 0
1679867664417 0.993066561014263 0
1679867670362 0.9940570522979397 0
1679867676087 0.9928684627575277 0
1679867682155 0.9920760697305864 0
1679867688187 0.9896988906497622 0
1679867694120 0.9932646592709984 0
1679867699918 0.9928684627575277 0
1679867728171 0.9181008902077151 0
1679867734161 0.9687438180019783 0
1679867740159 0.9952522255192878 0
1679867746187 0.9968348170128586 0
1679867752059 0.9980217606330366 0
1679867758055 1.0 0
1679867764095 0.9994065281899109 0
1679867770078 0.9960435212660732 0
1679867776152 0.9893175074183976 0
1679867782281 0.990108803165183 0
1679867810639 0.8256916996047431 0
1679867816624 0.9375494071146245 0
1679867822755 0.9780632411067194 0
1679867828619 0.9897233201581027 0
1679867834715 0.9928853754940712 0
1679867840627 0.9907114624505929 0
1679867846547 0.9922924901185771 0
1679867852463 0.9940711462450593 0
1679867858523 0.9948616600790514 0
1679867864403 0.9851778656126482 0
1679867893851 0.9223608635373342 0
1679867899909 0.9774212715389186 0
1679867905913 0.9968310556545851 0
1679867911876 0.9990097048920579 0
1679867917735 0.9990097048920579 0
1679867923731 0.9998019409784116 0
1679867929752 0.9994058229352347 0
1679867935681 0.998613586848881 0
1679867941493 0.995444642503466 0
1679867947553 0.9887106357694593 0
1679867977200 0.7969553183076314 0
1679867983087 0.9240806642941874 0
1679867988884 0.9776591538157374 0
1679867994966 0.9784499802293397 0
1679868001162 0.987149070778964 0
1679868007307 0.9808224594701463 0
1679868013244 0.9909054962435745 0
1679868019318 0.9928825622775801 0
1679868025226 0.9843811783313563 0
1679868031356 0.9758797943851325 0
1679868062383 0.8892185954500494 0
1679868068384 0.9612265084075173 0
1679868074251 0.9893175074183976 0
1679868080147 0.9948565776458952 0
1679868086204 0.9974282888229475 0
1679868092428 0.9972304648862512 0
1679868098412 0.9968348170128586 0
1679868104280 0.9950544015825915 0
1679868110229 0.9948565776458952 0
1679868116176 0.9938674579624135 0
