1679866099865 0.07949283656966741 0
1679866157772 0.03218339640577287 0
1679866216126 0.020849676860960058 0
1679866274027 0.01706870044912276 0
1679866331707 0.014196463871316766 0
1679866390181 0.011789253883954418 0
1679866448186 0.011608775934479764 0
1679866506052 0.008408962418453422 0
1679866563928 0.010347819307742614 0
1679866621275 0.006770153823820065 0
1679866642554 0.8677192137175398 0
1679866648508 0.057390404734834144 0
1679866654399 0.024831230096747224 0
1679866660315 0.04166728039143291 0
1679866666130 0.01738312811408516 0
1679866672031 0.0070105855255166855 0
1679866677838 0.010565475658458388 0
1679866683439 0.0018012048617597088 0
1679866689276 0.0012245418791381481 0
1679866695139 0.005363753291107843 0
1679866716165 0.7014009832290439 0
1679866722039 0.06003704173471999 0
1679866727899 0.019778013069885726 0
1679866733483 0.01883125159900503 0
1679866739367 0.021304841108229968 0
1679866745307 0.009485817109736183 0
1679866751055 0.013004304095815128 0
1679866756879 0.020340432009656028 0
1679866762524 0.01798890075122242 0
1679866768302 0.02376612286047049 0
1679866789416 0.6703686818831073 0
1679866795058 0.11526517264936054 0
1679866800808 0.033923160533331255 0
1679866806702 0.007671346485049686 0
1679866812539 0.06275450862125122 0
1679866818232 0.02400976642023532 0
1679866824192 0.013166007642811344 0
1679866829905 0.007349649894163757 0
1679866835899 0.008630387881824495 0
1679866841644 0.0033501577669227648 0
1679866863759 0.7210833304234056 0
1679866869583 0.1962175337295876 0
1679866875313 0.03935148522567019 0
1679866881087 0.014604442957751894 0
1679866886999 0.013813401053460838 0
1679866892903 0.02146102088952636 0
1679866898768 0.0357219198949197 0
1679866904523 0.018300409953184923 0
1679866910104 0.004671400045415133 0
1679866916019 0.02131491860340528 0
1679866938484 0.9163449978639957 0
1679866944536 0.22912263797205898 0
1679866950435 0.06345614913424014 0
1679866956480 0.03651485277612219 0
1679866962178 0.023821482718314812 0
1679866968219 0.015810412740916484 0
1679866974135 0.05051007025981904 0
1679866980243 0.031990866501274494 0
1679866986109 0.019712183282070098 0
1679866991855 0.019839896303518737 0
1679867015023 1.037613571090819 0
1679867021292 0.46356612630114813 0
1679867027334 0.20646803814604048 0
1679867033671 0.14741590065817534 0
1679867040080 0.11787607402092574 0
1679867046078 0.07795903000342794 0
1679867051718 0.07250203503926972 0
1679867057791 0.05706198776443516 0
1679867063611 0.042867956850228456 0
1679867069438 0.039471491056388724 0
1679867093697 0.5965306054752847 0
1679867099552 0.20713856475433273 0
1679867105355 0.04274677476863184 0
1679867110932 0.01671457034627825 0
1679867116900 0.02168959315782634 0
1679867122976 0.025155172332002977 0
1679867128955 0.02084970982442679 0
1679867135012 0.036111744316389215 0
1679867140752 0.03245039521135034 0
1679867146677 0.020224076884595585 0
1679867171061 0.6577438299834963 0
1679867177005 0.25158005138277534 0
1679867182942 0.09048902699834273 0
1679867188816 0.04433568147942424 0
1679867194524 0.029795981682616143 0
1679867200424 0.05075544578445663 0
1679867206257 0.028910909481659502 0
1679867212285 0.027913633721195926 0
1679867218245 0.014811952116442734 0
1679867224060 0.01597041131642356 0
1679867248560 0.5040351586786831 0
1679867254505 0.11859674249013784 0
1679867260285 0.053656572110902336 0
1679867266181 0.028068187858223674 0
1679867271830 0.05018634512121416 0
1679867277798 0.01671471631801814 0
1679867283513 0.016488049962592975 0
1679867289337 0.03404306716983217 0
1679867295545 0.048313034574586654 0
1679867301496 0.08952071074029587 0
1679867326593 0.6903814005698611 0
1679867332589 0.16323542296002977 0
1679867338426 0.04475747425285841 0
1679867344252 0.033278203943009 0
1679867350269 0.014466934626058789 0
1679867356089 0.010429660435211513 0
1679867362093 0.0058960744763357316 0
1679867367911 0.027327730009753786 0
1679867373861 0.017484388454875214 0
1679867379621 0.028593451906618637 0
1679867406294 1.2579636549482345 0
1679867412157 0.38596740012929076 0
1679867418259 0.14585210433385792 0
1679867423998 0.07745297660546312 0
1679867429838 0.0472160596131299 0
1679867435849 0.036801618808399945 0
1679867441673 0.03266751447121753 0
1679867447381 0.030494307700144115 0
1679867453313 0.011374558629222853 0
1679867459065 0.04615800090907081 0
1679867485242 0.6481238028133378 0
1679867491070 0.16502161838537524 0
1679867497078 0.03148971576212669 0
1679867502961 0.009107813886894018 0
1679867508833 0.013094131317756913 0
1679867514842 0.02269611680184831 0
1679867520770 0.0211223041510288 0
1679867526681 0.021109085447181417 0
1679867532415 0.014832022987212654 0
1679867538446 0.014121859097592082 0
1679867565538 0.6419898057708789 0
1679867571694 0.22325609110968672 0
1679867577570 0.055428662300840315 0
1679867583334 0.017183580517296283 0
1679867589266 0.011675555019276144 0
1679867595291 0.009968225309095139 0
1679867601006 0.014366455102575676 0
1679867606811 0.03714932904700118 0
1679867612824 0.03325046168257024 0
1679867618620 0.034606900460598264 0
1679867646397 0.6839785227779352 0
1679867652326 0.18146079957260855 0
1679867658435 0.057660011840296434 0
1679867664429 0.02770827950543699 0
1679867670374 0.020584179447774173 0
1679867676100 0.023669752944888114 0
1679867682167 0.03017914140950844 0
1679867688198 0.03648704580782593 0
1679867694132 0.02623863269287315 0
1679867699930 0.023877113390136095 0
1679867728178 0.43025091242866864 0
1679867734172 0.12251617868756093 0
1679867740170 0.01755940398507872 0
1679867746199 0.012911855469494192 0
1679867752072 0.008666739787728618 0
1679867758066 0.002413823269290341 0
1679867764107 0.003422465927190259 0
1679867770090 0.012739181090859362 0
1679867776163 0.0362188307452361 0
1679867782292 0.03486755090435409 0
1679867810651 0.7617740524144984 0
1679867816636 0.20006498723868796 0
1679867822766 0.07085255064335265 0
1679867828631 0.040312882316604313 0
1679867834727 0.027752432569110464 0
1679867840641 0.037348036585824765 0
1679867846559 0.023615183534235012 0
1679867852478 0.02076479811000494 0
1679867858535 0.01801721972888225 0
1679867864415 0.045614850248316886 0
1679867893863 0.38834564732511245 0
1679867899921 0.08267340392741629 0
1679867905925 0.016785666269954286 0
1679867911890 0.005731703885991877 0
1679867917747 0.00680886794982032 0
1679867923748 0.0021700616209988483 0
1679867929764 0.003048267084266594 0
1679867935699 0.004271527013344702 0
1679867941507 0.01243160267252924 0
1679867947561 0.04557556682834653 0
1679867977212 0.9204820537458723 0
1679867983099 0.25000669636618905 0
1679867988896 0.08374069870614213 0
1679867994978 0.08053581520013538 0
1679868001178 0.04490591568622654 0
1679868007316 0.06311856234131676 0
1679868013252 0.035492356917785885 0
1679868019326 0.024793392095711863 0
1679868025235 0.05253575301293494 0
1679868031364 0.07782963758976022 0
1679868062392 0.5891690371600445 0
1679868068393 0.1451018571455684 0
1679868074261 0.04234448786968647 0
1679868080159 0.01970870703049778 0
1679868086221 0.011023526040260965 0
1679868092440 0.01320070880118612 0
1679868098424 0.012834510107895011 0
1679868104296 0.024164996932156596 0
1679868110241 0.021197998790189247 0
1679868116193 0.021579194242542836 0
