1679434847818 3.803075956995599 0
1679434851483 3.5167856590123847 0
1679434855322 3.70423401996959 0
1679434858145 2.664334890898317 0
1679434861057 2.744912294088863 0
1679434865036 3.7981247020652518 0
1679434869389 4.2018721390049905 0
1679434873319 3.788733724039048 0
1679434877242 3.7771098660305142 0
1679434881062 3.672575979027897 0
1679434899091 4.67924431792926 0
1679434904025 4.769476740038954 0
1679434909055 4.861920073046349 0
1679434913912 4.695661197998561 0
1679434918800 4.719205550965853 0
1679434923571 4.609997808933258 0
1679434928537 4.805653466959484 0
1679434933701 5.003267336986028 0
1679434938756 4.903560395003296 0
1679434943631 4.721227557049133 0
1679434964559 5.400568954064511 0
1679434969692 4.990123252035119 0
1679434975107 5.253632692969404 0
1679434980351 5.0878525680163875 0
1679434985662 5.16569181997329 0
1679434991135 5.325300992932171 0
1679434996504 5.228293993975967 0
1679435001784 5.129776402027346 0
1679435007130 5.204511838965118 0
1679435012393 5.109706682967953 0
1679435031853 5.690025557996705 0
1679435037599 5.596416945918463 0
1679435043499 5.748407420003787 0
1679435049254 5.584162376006134 0
1679435055076 5.659732577973045 0
1679435060930 5.69057618395891 0
1679435066823 5.71468274097424 0
1679435072759 5.789847690961324 0
1679435078396 5.4985316270031035 0
1679435084383 5.834102981025353 0
1679435104878 6.187740246998146 0
1679435111328 6.290446707978845 0
1679435117729 6.264802513062023 0
1679435123813 5.943524666014127 0
1679435130429 6.473512273980305 0
1679435136674 6.093669894034974 0
1679435142851 6.023407737025991 0
1679435149294 6.268877792987041 0
1679435155715 6.252720104996115 0
1679435161910 6.056143551017158 0
1679435184220 6.611964991898276 0
1679435191454 7.071866492042318 0
1679435198475 6.8620649569202214 0
1679435205283 6.663904772954993 0
1679435211929 6.502422202960588 0
1679435219059 6.982702195993625 0
1679435225933 6.725488033960573 0
1679435232930 6.84834451507777 0
1679435239754 6.661747616017237 0
1679435246511 6.611073937034234 0
1679435269021 7.068284292006865 0
1679435276628 7.434092230047099 0
1679435284250 7.446456370060332 0
1679435291668 7.2649260950274765 0
1679435299163 7.332248014048673 0
1679435307003 7.685581439989619 0
1679435314689 7.543991243001074 0
1679435322434 7.566366765997373 0
1679435330032 7.435916707967408 0
1679435337250 7.052199376979843 0
1679435360225 7.932313489029184 0
1679435368299 7.9210820340085775 0
1679435376106 7.645956655964255 0
1679435384494 8.236782577936538 0
1679435392850 8.197231762926094 0
1679435400938 7.9243127149529755 0
1679435408983 7.890632130904123 0
1679435416962 7.79081989696715 0
1679435425157 8.031760737067088 0
1679435433254 7.953046982060187 0
1679435456600 8.220855280989781 0
1679435465029 8.276682635070756 0
1679435473769 8.572459260933101 0
1679435482617 8.695466936100274 0
1679435491164 8.38378791604191 0
1679435499760 8.428129134932533 0
1679435508628 8.692324753967114 0
1679435517142 8.345576088060625 0
1679435525595 8.312000407022424 0
1679435534121 8.366393386037089 0
1679435558766 8.77108269603923 0
1679435567802 8.86915704398416 0
1679435577064 9.108493302948773 0
1679435586293 9.066062040044926 0
1679435595474 9.022979020955972 0
1679435604592 8.94563857698813 0
1679435613681 8.9285003709374 0
1679435623121 9.280580200022087 0
1679435632073 8.802150761941448 0
1679435641093 8.820716488058679 0
1679435670480 9.810155811021104 0
1679435680505 9.860426143975928 0
1679435690211 9.546584884054027 0
1679435700057 9.671518230927177 0
1679435709878 9.67395037796814 0
1679435719725 9.696425036992878 0
1679435729233 9.350867374916561 0
1679435738966 9.582517825067043 0
1679435748797 9.662700716056861 0
1679435758555 9.60215408098884 0
1679435783660 10.112021257984452 0
1679435794114 10.2984222950181 0
1679435804347 10.07354670704808 0
1679435814445 9.93426993303001 0
1679435824419 9.726495782961138 0
1679435835020 10.440600602072664 0
1679435845358 10.193074677023105 0
1679435855362 9.8168197410414 0
1679435865700 10.181296317954548 0
1679435875817 9.948413688107394 0
1679435902675 10.252762375981547 0
1679435913413 10.557831090991385 0
1679435923994 10.41688704607077 0
1679435934987 10.835057369899005 0
1679435945880 10.706578130018897 0
1679435956747 10.709725799970329 0
1679435967563 10.659344734041952 0
1679435978478 10.7453351279255 0
1679435989300 10.664270628010854 0
1679436000185 10.716473523061723 0
1679436027375 10.839366013999097 0
1679436038786 11.16734602698125 0
1679436050201 11.24040428106673 0
1679436061343 10.980394155019894 0
1679436072563 11.034441345953383 0
1679436083794 11.04999221302569 0
1679436095275 11.318938099080697 0
1679436106498 11.053927066968754 0
1679436117950 11.286679400014691 0
1679436128969 10.838411280070432 0
1679436157016 11.455862320959568 0
1679436168659 11.468008624040522 0
1679436180410 11.573675367981195 0
1679436192430 11.83585169503931 0
1679436204282 11.686788365012035 0
1679436216137 11.682588353054598 0
1679436227837 11.515322913997807 0
1679436239622 11.627397868898697 0
1679436251139 11.345948172966018 0
1679436263121 11.80487603705842 0
1679436292806 12.050205672974698 0
1679436305071 12.0965555049479 0
1679436317573 12.311956809950061 0
1679436329927 12.159759307978675 0
1679436342445 12.345068101887591 0
1679436354873 12.25373777502682 0
1679436367242 12.201043020002544 0
1679436379588 12.18249472801108 0
1679436391873 12.099355897982605 0
1679436404763 12.716359345940873 0
1679436434330 12.188644613954239 0
1679436447602 13.099808136932552 0
1679436460545 12.77792290400248 0
1679436473529 12.817097902065143 0
1679436486513 12.799391606939025 0
1679436499329 12.637245114077814 0
1679436512194 12.69152338092681 0
1679436525234 12.869199008098803 0
1679436538575 13.171301661990583 0
1679436551409 12.61328833096195 0
1679436586052 13.267960764002055 0
1679436599755 13.522958466084674 0
1679436613353 13.431029747007415 0
1679436626602 13.069874827051535 0
1679436640031 13.263231754070148 0
1679436653411 13.21066217101179 0
1679436667048 13.471340705058537 0
1679436680426 13.212794295977801 0
1679436693590 12.911389475106262 0
1679436707033 13.275858744978905 0
1679436738089 13.841911075054668 0
1679436752288 14.021474926965311 0
1679436766340 13.889488997054286 0
1679436780166 13.639879132038914 0
1679436794177 13.834772114059888 0
1679436808149 13.797296838019975 0
1679436821950 13.639065119088627 0
1679436835535 13.372059277025983 0
1679436848988 13.271786564029753 0
1679436862988 13.832885759999044 0
1679436895924 14.482610845007002 0
1679436910631 14.529056351981126 0
1679436924943 14.13746377103962 0
1679436939124 14.005941447918303 0
1679436953814 14.497428462957032 0
1679436968135 14.145875831949525 0
1679436982468 14.099181942059658 0
1679436996282 13.651760264998302 0
1679437011015 14.546264444012195 0
1679437025393 14.17974921502173 0
