1679434847814 0.38622910185820525 0
1679434851477 0.10910313076650104 0
1679434855316 0.06237637441501849 0
1679434858141 0.030168612125433154 0
1679434861052 0.011508792751313498 0
1679434865026 0.005823887531490376 0
1679434869383 0.003945049926793824 0
1679434873315 0.002572702115543911 0
1679434877237 0.002239017086362259 0
1679434881059 0.0018841892333714189 0
1679434899086 0.6096418562862608 0
1679434904020 0.10348246267272367 0
1679434909047 0.05580186777644687 0
1679434913906 0.04434425785309738 0
1679434918792 0.03520061522722244 0
1679434923567 0.02981669298476643 0
1679434928529 0.026146161349283326 0
1679434933696 0.02219564409719573 0
1679434938750 0.02037622117333942 0
1679434943622 0.017849824008428387 0
1679434964545 1.1325485471222136 0
1679434969687 0.17557873270577853 0
1679434975097 0.09309964088930024 0
1679434980345 0.061800161293811266 0
1679434985658 0.05037079490721226 0
1679434991130 0.04226983423448271 0
1679434996497 0.03608365011297994 0
1679435001776 0.03130466368877226 0
1679435007125 0.034565190391408075 0
1679435012387 0.02769292506078879 0
1679435031844 1.5716985919409328 0
1679435037594 0.21775580499735142 0
1679435043489 0.12914302373925846 0
1679435049242 0.08248815788990921 0
1679435055067 0.05956510768996345 0
1679435060922 0.0472358656840192 0
1679435066811 0.047196825614406 0
1679435072754 0.03640952381408877 0
1679435078391 0.031235371592144172 0
1679435084375 0.02794768808202611 0
1679435104867 1.372046238846249 0
1679435111319 0.1843243661854002 0
1679435117723 0.10978678531116909 0
1679435123806 0.07909245279928048 0
1679435130424 0.055310742722617254 0
1679435136667 0.045184404796196356 0
1679435142844 0.03993930442051755 0
1679435149278 0.034069110473824875 0
1679435155706 0.030019035335216257 0
1679435161905 0.027665095548662873 0
1679435184213 1.2040797761744924 0
1679435191444 0.1731413589997424 0
1679435198468 0.09761777069005702 0
1679435205278 0.0676901583870252 0
1679435211922 0.05008598203874297 0
1679435219048 0.040765078427890934 0
1679435225926 0.03439988924397363 0
1679435232923 0.03108439151611593 0
1679435239747 0.03036138773378399 0
1679435246502 0.02650757643083731 0
1679435269007 1.445541101694107 0
1679435276618 0.2249310260845555 0
1679435284243 0.13760824795398446 0
1679435291660 0.09325053058564663 0
1679435299158 0.06953727209733593 0
1679435306993 0.05359374199890428 0
1679435314684 0.044613632207943336 0
1679435322423 0.043606408478485216 0
1679435330019 0.036908198851678106 0
1679435337242 0.03355331058717436 0
1679435360216 1.2822392312188944 0
1679435368287 0.20705407017634975 0
1679435376098 0.12390459709697299 0
1679435384483 0.0726619455135531 0
1679435392844 0.05711576504011949 0
1679435400931 0.048632519485221966 0
1679435408978 0.04564025791154967 0
1679435416955 0.045652871744500265 0
1679435425147 0.03917747061285708 0
1679435433249 0.0369884485585822 0
1679435456592 1.384394377635585 0
1679435465022 0.185497232609325 0
1679435473759 0.10963951378232903 0
1679435482610 0.07470819958382183 0
1679435491158 0.05870711132884025 0
1679435499752 0.04736567036145263 0
1679435508613 0.04419849204520385 0
1679435517133 0.04144266015953488 0
1679435525588 0.03925215523276064 0
1679435534109 0.03671432731466161 0
1679435558759 1.4798559518324004 0
1679435567795 0.28278874796297815 0
1679435577056 0.1486312345084217 0
1679435586285 0.09534114578531848 0
1679435595462 0.07453211715651883 0
1679435604584 0.05747084704538186 0
1679435613673 0.05039525143802166 0
1679435623112 0.0492043914894263 0
1679435632064 0.048871860487593545 0
1679435641084 0.044936218195491366 0
1679435670473 1.3352300021383496 0
1679435680495 0.18996345231102574 0
1679435690202 0.11139085992342895 0
1679435700047 0.08042421465118726 0
1679435709871 0.06305375778012806 0
1679435719719 0.0511010909659995 0
1679435729225 0.05280241829653581 0
1679435738958 0.044740745342440075 0
1679435748790 0.04241335607237286 0
1679435758548 0.043073622261484465 0
1679435783650 1.4168473569055398 0
1679435794103 0.2047661878168583 0
1679435804339 0.13304746879471674 0
1679435814430 0.0917927493651708 0
1679435824413 0.0727703634235594 0
1679435835013 0.06553671637343036 0
1679435845351 0.053030897966689534 0
1679435855347 0.04993257675733831 0
1679435865693 0.04581200256943703 0
1679435875810 0.041297818844517074 0
1679435902666 1.2415023437804646 0
1679435913406 0.18644446035226186 0
1679435923987 0.11769901870025529 0
1679435934980 0.08506823740899563 0
1679435945863 0.0664548207488325 0
1679435956740 0.06029436302681764 0
1679435967556 0.05444241878059175 0
1679435978470 0.05098634229765998 0
1679435989290 0.046330065652728084 0
1679436000178 0.04314613404373328 0
1679436027365 1.0055793176922534 0
1679436038773 0.1594834672494067 0
1679436050191 0.10187182314693928 0
1679436061334 0.07138347071078088 0
1679436072548 0.061891259542769854 0
1679436083774 0.050653588813212184 0
1679436095268 0.04720764909353521 0
1679436106490 0.04897790025505755 0
1679436117942 0.04542141126261817 0
1679436128960 0.04259107046657139 0
1679436157005 1.1518442888226774 0
1679436168640 0.191391155620416 0
1679436180403 0.12001619657708539 0
1679436192419 0.0872026560207208 0
1679436204275 0.07345292141868008 0
1679436216123 0.06404661225775878 0
1679436227826 0.0551551944265763 0
1679436239615 0.05348718149794473 0
1679436251131 0.051547276683979563 0
1679436263113 0.04873938494258457 0
1679436292789 1.1654332999553945 0
1679436305056 0.19144340695606338 0
1679436317562 0.13286137245595456 0
1679436329907 0.09081248123612669 0
1679436342435 0.0741687005592717 0
1679436354854 0.06436664499342441 0
1679436367235 0.056374904844495984 0
1679436379579 0.05285020226405727 0
1679436391862 0.04996742643415928 0
1679436404755 0.04809641436570221 0
1679436434322 1.3921899497509003 0
1679436447595 0.27989259991380905 0
1679436460537 0.15675384650627772 0
1679436473519 0.11398781653907564 0
1679436486505 0.08893545166485839 0
1679436499318 0.07565815577076541 0
1679436512187 0.07004267631305588 0
1679436525219 0.06328563044468562 0
1679436538567 0.05881427489221096 0
1679436551397 0.05574738954504331 0
1679436586040 1.2119253429273764 0
1679436599737 0.1874838673406177 0
1679436613345 0.12291831167207824 0
1679436626593 0.09891976267099381 0
1679436640018 0.07887218441400264 0
1679436653399 0.07093135594493813 0
1679436667035 0.0677594849632846 0
1679436680418 0.05971219812830289 0
1679436693578 0.05669902736941974 0
1679436707025 0.05576676564912001 0
1679436738077 1.0971685138013627 0
1679436752279 0.1840911775827408 0
1679436766331 0.1143212082485358 0
1679436780154 0.08780056113998096 0
1679436794163 0.07752041481435298 0
1679436808139 0.07236423359976875 0
1679436821939 0.06846230352918307 0
1679436835523 0.06349381253951125 0
1679436848977 0.060173711429039635 0
1679436862980 0.06125359895328681 0
1679436895907 1.233081862827142 0
1679436910623 0.271072582486603 0
1679436924935 0.18582883700728417 0
1679436939114 0.14539178874757555 0
1679436953805 0.12228762043846977 0
1679436968121 0.10579392156667179 0
1679436982456 0.0847990127487315 0
1679436996274 0.07434087441199355 0
1679437011000 0.06782762267523341 0
1679437025382 0.06707115541729662 0
