1679449195075 0.5050806641578675 0
1679449198480 0.10864148416484777 0
1679449201997 0.052124726220678826 0
1679449205637 0.021579179909223548 0
1679449208257 0.008780343094482446 0
1679449212000 0.005589147042841292 0
1679449215447 0.004211130038870929 0
1679449219265 0.003534088389446529 0
1679449222556 0.003954897721996531 0
1679449226026 0.0023565239689420335 0
1679449244267 0.719785644819862 0
1679449248509 0.14307386751629805 0
1679449252572 0.04155855595232233 0
1679449256576 0.019936653745581248 0
1679449261003 0.012056919998844694 0
1679449265134 0.010000423505277323 0
1679449269243 0.01104186369737267 0
1679449273302 0.004224100720756197 0
1679449277424 0.004724521125593272 0
1679449281615 0.003949693447027944 0
1679449296977 0.8963220921121066 0
1679449301451 0.23864238893118087 0
1679449305819 0.07989316006910198 0
1679449309896 0.03245403311698686 0
1679449314310 0.012790725569394005 0
1679449318468 0.009053050339976443 0
1679449322806 0.005807577811411429 0
1679449326909 0.004325366838351835 0
1679449331044 0.004531958327581517 0
1679449335312 0.0041860239278183236 0
1679449352022 0.9947752000355139 0
1679449356506 0.22760318337780674 0
1679449360878 0.06448823181776012 0
1679449365240 0.023201543922967662 0
1679449369573 0.01117715442541805 0
1679449373936 0.012363010729242844 0
1679449378316 0.007640562581023338 0
1679449382445 0.004521646407694079 0
1679449386423 0.004413765019640644 0
1679449390813 0.0033948801240667975 0
1679449407585 1.0449060264021852 0
1679449412038 0.22426071572442388 0
1679449416577 0.05228458483551824 0
1679449421162 0.01608128645349034 0
1679449425956 0.01004638224244551 0
1679449430481 0.007762092116916942 0
1679449434948 0.005472271345815686 0
1679449439687 0.005628133106700599 0
1679449444372 0.0030208453772925274 0
1679449448904 0.0025694120785649216 0
1679449466819 1.0646005574237094 0
1679449470844 0.21103894831926634 0
1679449475694 0.04468509816470441 0
1679449480460 0.02038577111866953 0
1679449485013 0.009715013459764337 0
1679449490005 0.005875597698770965 0
1679449494740 0.004542638581727495 0
1679449499737 0.0033905188248262563 0
1679449504488 0.003153721810438869 0
1679449509261 0.003273929048099377 0
1679449527583 1.085871164565501 0
1679449532513 0.16823960694929826 0
1679449537271 0.0452007781005586 0
1679449542065 0.020309696960991816 0
1679449547019 0.01339128434926312 0
1679449551911 0.0072274095816638965 0
1679449556825 0.005160766519585867 0
1679449560548 0.004090031527954599 0
1679449565426 0.0032313353914777626 0
1679449570330 0.0033095399963001355 0
1679449588250 1.050097578515609 0
1679449593358 0.1590830619291713 0
1679449598583 0.03801300500830015 0
1679449603527 0.019197305652293533 0
1679449608639 0.009138873292007096 0
1679449613728 0.00608548221498495 0
1679449618733 0.003819381091792214 0
1679449623925 0.0033277921502303798 0
1679449629019 0.003208942125638714 0
1679449634146 0.0026800998178562927 0
1679449652580 1.0534516338146094 0
1679449658096 0.14375104352530807 0
1679449663160 0.03527027692626974 0
1679449668594 0.012180609376912918 0
1679449673700 0.0075763597228385585 0
1679449678853 0.0064566508476443666 0
1679449683945 0.004582966920670423 0
1679449689144 0.002878909682469311 0
1679449694092 0.0031341452817691285 0
1679449699203 0.0023323774474174387 0
1679449717823 1.058218167108648 0
1679449723197 0.1442760899297747 0
1679449728431 0.03317549299247855 0
1679449733701 0.013090048533152132 0
1679449739183 0.008323393617163175 0
1679449744772 0.006585802312246433 0
1679449750072 0.004494606859082648 0
1679449755524 0.0032771776308186864 0
1679449760769 0.003183308169337026 0
1679449766389 0.0024137988323619697 0
1679449785903 1.0397567178521838 0
1679449790930 0.13441226145341284 0
1679449796406 0.030660000022145965 0
1679449801880 0.011937475080291431 0
1679449807425 0.008492295355314301 0
1679449813013 0.005139363828736047 0
1679449818494 0.004153119678986037 0
1679449823882 0.003372970827677775 0
1679449829538 0.003082086827739009 0
1679449835227 0.0025489272971061013 0
1679449855262 1.0011528811050117 0
1679449860762 0.1332389803586203 0
1679449866389 0.04148415183016193 0
1679449872006 0.019772317234871037 0
1679449877687 0.0074346645344305065 0
1679449883316 0.004951515243551053 0
1679449889113 0.0035525820706116566 0
1679449894695 0.0027871893028891003 0
1679449900224 0.0031154743783440818 0
1679449906022 0.002491457300226486 0
1679449926979 0.9687582424708775 0
1679449932790 0.09728755762002297 0
1679449938656 0.02222096999841077 0
1679449944287 0.012363169402565941 0
1679449950095 0.006498921310204813 0
1679449956042 0.004619172784649501 0
1679449962161 0.0039680275149294175 0
1679449968135 0.002522877423221611 0
1679449973995 0.002496088697236181 0
1679449979870 0.0022068395607805413 0
1679450001149 0.9598625540733338 0
1679450007317 0.10669672002448984 0
1679450013291 0.028552768079806928 0
1679450019203 0.012017115859476768 0
1679450025085 0.007104454504366478 0
1679450031127 0.005797763417839356 0
1679450037127 0.003666842035928984 0
1679450042517 0.003098482090433169 0
1679450048457 0.0027596731730939253 0
1679450054240 0.0021916465818598544 0
1679450075804 0.9263729633403426 0
1679450081994 0.1031360822033231 0
1679450087930 0.02452386508327948 0
1679450093982 0.009317738039246877 0
1679450099958 0.005851675946061977 0
1679450106055 0.004338441849020975 0
1679450112285 0.004326708594771462 0
1679450118451 0.002805064237156116 0
1679450123572 0.0029426127229034587 0
1679450129546 0.002203192118214866 0
1679450151457 0.934682704752586 0
1679450157504 0.09158949255485271 0
1679450163632 0.025074358481806933 0
1679450169679 0.009719702741512876 0
1679450175914 0.00571675117215386 0
1679450182203 0.003869700535643296 0
1679450188534 0.0026699768543457154 0
1679450195029 0.0030360591557777685 0
1679450201341 0.0022533871679562985 0
1679450206846 0.0020931437189335798 0
1679450229316 0.9108052246570587 0
1679450235627 0.0909945807904005 0
1679450241867 0.024253172740340233 0
1679450248122 0.009967551707290113 0
1679450254425 0.00642561905272305 0
1679450260645 0.003952798780985176 0
1679450266750 0.0031979111256077884 0
1679450273150 0.002741737225558609 0
1679450279440 0.00241621709568426 0
1679450286232 0.0020473951855674386 0
1679450310926 0.866879343293434 0
1679450317713 0.08007279998630054 0
1679450324525 0.024042313889593117 0
1679450331238 0.010908260455990368 0
1679450337615 0.006332558973208648 0
1679450344265 0.0037359617683899323 0
1679450350819 0.0028956210174843266 0
1679450357410 0.002744225377231374 0
1679450363895 0.0022459760255923913 0
1679450370286 0.0019596045457328445 0
1679450392466 0.857216898721593 0
1679450399045 0.09395308813919093 0
1679450405614 0.022791206303500493 0
1679450412385 0.010896547267369869 0
1679450418947 0.006590978717004866 0
1679450425629 0.004708604346818596 0
1679450432776 0.0030362855501735995 0
1679450439638 0.0027241639911556145 0
1679450446731 0.0020765947079808516 0
1679450453486 0.0017328331653981377 0
1679450474850 0.8308370990636653 0
1679450481795 0.08473405062704158 0
1679450488635 0.02609461135602087 0
1679450495606 0.00904950096369966 0
1679450502655 0.005836933598279448 0
1679450509752 0.00410899594408649 0
1679450516846 0.0029622757609555485 0
1679450523749 0.0027115655720717086 0
1679450530510 0.002825690512597925 0
1679450537310 0.0019172931339896347 0
