1679449195064 0.8610576923076924 0
1679449198469 0.9721153846153846 0
1679449201986 0.9889423076923077 0
1679449205624 0.9971153846153846 0
1679449208251 1.0 0
1679449211988 1.0 0
1679449215437 1.0 0
1679449219254 1.0 0
1679449222545 0.9995192307692308 0
1679449226015 0.9995192307692308 0
1679449244255 0.7849506578947368 0
1679449248498 0.9625822368421053 0
1679449252561 0.9930098684210527 0
1679449256565 0.9979440789473685 0
1679449260990 0.9979440789473685 0
1679449265122 0.9983552631578947 0
1679449269232 0.9991776315789473 0
1679449273291 0.9995888157894737 0
1679449277412 0.9995888157894737 0
1679449281604 0.9995888157894737 0
1679449296967 0.728243670886076 0
1679449301438 0.930379746835443 0
1679449305809 0.9825949367088608 0
1679449309890 0.9972310126582279 0
1679449314305 0.9996044303797469 0
1679449318455 0.9996044303797469 0
1679449322795 1.0 0
1679449326898 1.0 0
1679449331033 1.0 0
1679449335301 0.9996044303797469 0
1679449352009 0.6756859756097561 0
1679449356494 0.9394054878048781 0
1679449360866 0.9916158536585366 0
1679449365228 0.9977134146341463 0
1679449369562 0.9992378048780488 0
1679449373931 0.9977134146341463 0
1679449378303 1.0 0
1679449382439 1.0 0
1679449386418 0.9996189024390244 0
1679449390801 1.0 0
1679449407573 0.6686046511627907 0
1679449412028 0.9382267441860465 0
1679449416566 0.9912790697674418 0
1679449421144 1.0 0
1679449425946 0.9996366279069767 0
1679449430469 0.9992732558139535 0
1679449434936 0.9996366279069767 0
1679449439675 1.0 0
1679449444354 1.0 0
1679449448893 1.0 0
1679449466814 0.6527387640449438 0
1679449470833 0.9554073033707865 0
1679449475684 0.9936797752808989 0
1679449480448 0.9989466292134831 0
1679449485005 1.0 0
1679449489993 1.0 0
1679449494727 1.0 0
1679449499727 1.0 0
1679449504477 1.0 0
1679449509249 1.0 0
1679449527571 0.640625 0
1679449532502 0.9670516304347826 0
1679449537259 0.9942255434782609 0
1679449542053 0.9979619565217391 0
1679449547009 0.9993206521739131 0
1679449551899 0.9996603260869565 0
1679449556818 0.9996603260869565 0
1679449560539 0.9996603260869565 0
1679449565413 1.0 0
1679449570317 1.0 0
1679449588240 0.6608072916666666 0
1679449593350 0.9638671875 0
1679449598572 0.9957682291666666 0
1679449603515 0.9967447916666666 0
1679449608627 0.9996744791666666 0
1679449613718 1.0 0
1679449618721 1.0 0
1679449623918 1.0 0
1679449629009 1.0 0
1679449634136 1.0 0
1679449652569 0.6603535353535354 0
1679449658088 0.9662247474747475 0
1679449663147 0.9958964646464646 0
1679449668588 1.0 0
1679449673688 1.0 0
1679449678847 0.9996843434343434 0
1679449683937 1.0 0
1679449689135 1.0 0
1679449694081 1.0 0
1679449699194 1.0 0
1679449717813 0.6583946078431373 0
1679449723187 0.9678308823529411 0
1679449728423 0.9966299019607843 0
1679449733686 0.9996936274509803 0
1679449739173 0.9993872549019608 0
1679449744763 0.9993872549019608 0
1679449750066 1.0 0
1679449755513 1.0 0
1679449760756 1.0 0
1679449766376 1.0 0
1679449785891 0.6651785714285714 0
1679449790916 0.9717261904761905 0
1679449796393 0.9967261904761905 0
1679449801870 0.999702380952381 0
1679449807414 0.999702380952381 0
1679449813001 1.0 0
1679449818485 1.0 0
1679449823871 1.0 0
1679449829526 0.999702380952381 0
1679449835212 1.0 0
1679449855252 0.689506880733945 0
1679449860751 0.9724770642201835 0
1679449866369 0.9911123853211009 0
1679449871995 0.9971330275229358 0
1679449877673 1.0 0
1679449883304 1.0 0
1679449889100 1.0 0
1679449894687 1.0 0
1679449900214 1.0 0
1679449906010 1.0 0
1679449926964 0.6983816964285714 0
1679449932777 0.9807477678571429 0
1679449938642 0.9983258928571429 0
1679449944275 0.9994419642857143 0
1679449950082 0.9997209821428571 0
1679449956031 1.0 0
1679449962150 1.0 0
1679449968123 1.0 0
1679449973980 1.0 0
1679449979857 1.0 0
1679450001138 0.7027173913043478 0
1679450007306 0.9779891304347826 0
1679450013273 0.9959239130434783 0
1679450019188 0.9989130434782608 0
1679450025072 0.9997282608695652 0
1679450031110 1.0 0
1679450037113 1.0 0
1679450042501 1.0 0
1679450048446 1.0 0
1679450054225 1.0 0
1679450075790 0.7037815126050421 0
1679450081985 0.9784663865546218 0
1679450087919 0.9978991596638656 0
1679450093967 0.9994747899159664 0
1679450099941 1.0 0
1679450106041 1.0 0
1679450112275 0.9997373949579832 0
1679450118430 1.0 0
1679450123560 1.0 0
1679450129527 1.0 0
1679450151441 0.6990266393442623 0
1679450157492 0.9810450819672131 0
1679450163620 0.9979508196721312 0
1679450169668 1.0 0
1679450175894 1.0 0
1679450182190 1.0 0
1679450188522 1.0 0
1679450195015 1.0 0
1679450201330 1.0 0
1679450206832 1.0 0
1679450229303 0.70875 0
1679450235611 0.98275 0
1679450241845 0.997 0
1679450248111 0.99975 0
1679450254406 1.0 0
1679450260634 1.0 0
1679450266740 1.0 0
1679450273136 1.0 0
1679450279419 1.0 0
1679450286221 1.0 0
1679450310914 0.7344961240310077 0
1679450317701 0.9832848837209303 0
1679450324508 0.997577519379845 0
1679450331226 0.9997577519379846 0
1679450337602 0.9997577519379846 0
1679450344241 1.0 0
1679450350807 1.0 0
1679450357389 1.0 0
1679450363877 1.0 0
1679450370273 1.0 0
1679450392455 0.7330629770992366 0
1679450399033 0.9778148854961832 0
1679450405595 0.9980916030534351 0
1679450412372 0.9995229007633588 0
1679450418926 0.9995229007633588 0
1679450425616 0.9997614503816794 0
1679450432765 1.0 0
1679450439622 0.9997614503816794 0
1679450446717 1.0 0
1679450453473 1.0 0
1679450474837 0.7481203007518797 0
1679450481782 0.981437969924812 0
1679450488624 0.9967105263157895 0
1679450495595 1.0 0
1679450502641 1.0 0
1679450509730 1.0 0
1679450516834 1.0 0
1679450523737 0.9997650375939849 0
1679450530490 0.9997650375939849 0
1679450537288 1.0 0
