1678674819446 0.35504097305238247 0
1678674824112 0.1206049151563396 0
1678674828693 0.08607307754173948 0
1678674833356 0.06675598969998058 0
1678674838038 0.04029802013389474 0
1678674842806 0.02541175329550991 0
1678674847266 0.03053523055731442 0
1678674852007 0.013569036629276382 0
1678674856604 0.010463135019973362 0
1678674861265 0.006744822069313337 0
1678674920220 0.19191712038098316 0
1678674927843 0.04972355136288825 0
1678674935344 0.015184655766528422 0
1678674942708 0.034977567122946376 0
1678674950088 0.009956033202282468 0
1678674957471 0.030974964378365794 0
1678674964918 0.0070154765009933975 0
1678674972337 0.01596909777952963 0
1678674979634 0.006493074041469218 0
1678674987252 0.007871346481219624 0
1678675049530 0.16187313413875495 0
1678675059908 0.02580703097814158 0
1678675070564 0.027472037605548394 0
1678675081382 0.009701008557092456 0
1678675092652 0.016641188447154395 0
1678675103637 0.005270955105128462 0
1678675113771 0.006056698677974437 0
1678675123834 0.026933734210956572 0
1678675134389 0.00619829044880685 0
1678675144753 0.004831374695313391 0
1678675210690 0.3322016451252037 0
1678675224409 0.031052276348821895 0
1678675238025 0.018023954123707192 0
1678675251815 0.009916826553760564 0
1678675265197 0.02175824544328996 0
1678675278448 0.011974967782573245 0
1678675291739 0.016075266907253607 0
1678675305937 0.013003823566964905 0
1678675320374 0.0033651236950119684 0
1678675334603 0.010134203723487526 0
1678675404141 0.3942200105685072 0
1678675420523 0.05217746327733584 0
1678675437169 0.03241448256156315 0
1678675453930 0.018752818113922723 0
1678675470335 0.013485831491923485 0
1678675486779 0.019954223970479648 0
1678675503053 0.014202968257661944 0
1678675519438 0.007454678547857096 0
1678675535934 0.015706022778103082 0
1678675553264 0.00785764268750294 0
1678675629017 0.44857282152914096 0
1678675648738 0.09720613833173718 0
1678675667890 0.048381678318587786 0
1678675687547 0.027827078543345197 0
1678675706723 0.022133502599923593 0
1678675725938 0.025881943426055074 0
1678675745146 0.019190530472593236 0
1678675764924 0.015493070101134782 0
1678675784411 0.01607042461805457 0
1678675805394 0.01568603763191178 0
1678675883390 0.49586921682442064 0
1678675906075 0.15914800195847684 0
1678675928327 0.0738102676612609 0
1678675950972 0.04913406913332391 0
1678675973426 0.03937830060439627 0
1678675996021 0.023909141837979615 0
1678676018863 0.017369003612829146 0
1678676041759 0.03109630480452714 0
1678676065896 0.015416694167612016 0
1678676088797 0.021322747791278726 0
1678676166107 0.4891179093406938 0
1678676191472 0.15570162481256117 0
1678676217086 0.08315108047911816 0
1678676242864 0.05057660668225489 0
1678676268146 0.046555387860572395 0
1678676294461 0.029581492782242015 0
1678676321668 0.02831284504160224 0
1678676347074 0.02659857959010373 0
1678676372247 0.025570605190289454 0
1678676398230 0.021450271031906956 0
1678676479886 0.5000367853550542 0
1678676508593 0.20102767625837914 0
1678676537483 0.13231040267585245 0
1678676568032 0.06902143929940857 0
1678676597441 0.055720502619343484 0
1678676625880 0.04552059280358503 0
1678676654343 0.030999279783317065 0
1678676683047 0.026035323682667137 0
1678676711731 0.02994723239878308 0
1678676740328 0.0319238420913535 0
1678676826557 0.4811836199583035 0
1678676859197 0.16847847617416736 0
1678676891352 0.10242664830440605 0
1678676923225 0.07013511020246146 0
1678676954917 0.04885851458103009 0
1678676986543 0.03605774488828264 0
1678677017764 0.03953814967016818 0
1678677049299 0.03258850109742585 0
1678677082548 0.03166230512087557 0
1678677114320 0.025410426310890757 0
1678677201151 0.5127595166995105 0
1678677236422 0.20425325000706807 0
1678677270893 0.14610699628300505 0
1678677305968 0.10785957913346728 0
1678677342570 0.08044343652896058 0
1678677376711 0.06584271302092878 0
1678677411394 0.04695827320731688 0
1678677446107 0.03807665901077603 0
1678677480693 0.0412444189325202 0
1678677515275 0.037313400353009105 0
1678677608239 0.4926284861930554 0
1678677645261 0.2287871222766648 0
1678677683076 0.16944107829804872 0
1678677721014 0.12705556102467838 0
1678677759017 0.09405244329002631 0
1678677796683 0.07494836889883219 0
1678677834742 0.059432960082101347 0
1678677873594 0.052717227801969684 0
1678677911355 0.046725705367598756 0
1678677949139 0.04186557508891768 0
1678678042675 0.5199987212458547 0
1678678083091 0.2215012603216888 0
1678678125084 0.17085394552324285 0
1678678165796 0.1343409162767132 0
1678678206991 0.09084521057127991 0
1678678247893 0.0751333987831027 0
1678678288086 0.06420851323825603 0
1678678328696 0.05918811374023215 0
1678678370802 0.04933835609199792 0
1678678412117 0.0405924949890723 0
1678678509733 0.5088983271514002 0
1678678553703 0.23087660751194852 0
1678678597737 0.16650542753053388 0
1678678643381 0.12493659793139023 0
1678678687704 0.09623011400747361 0
1678678731571 0.08127052586536598 0
1678678776126 0.062265059535269056 0
1678678819892 0.05290766145825201 0
1678678863965 0.05338046631920453 0
1678678907725 0.04647889214586969 0
1678679011056 0.5088644715368139 0
1678679058902 0.21800715214228888 0
1678679105556 0.16174783691707317 0
1678679151914 0.12674504091786212 0
1678679198669 0.09380197311745452 0
1678679247162 0.07512291629524034 0
1678679294028 0.06180956538638079 0
1678679340963 0.06141082124835792 0
1678679387263 0.05063679651166593 0
1678679433890 0.051213823657143276 0
1678679542644 0.5334993772754837 0
1678679592654 0.2286406293581096 0
1678679642553 0.16424208181923872 0
1678679694261 0.13143966098595913 0
1678679745347 0.10544049476356358 0
1678679795213 0.08428309500306545 0
1678679845265 0.07414035263423158 0
1678679894702 0.06080077351641789 0
1678679946421 0.05609349646389249 0
1678679996785 0.05613366836327326 0
1678680102731 0.5324703457287444 0
1678680155981 0.23813337499542592 0
1678680211204 0.16932048932105337 0
1678680264485 0.12952578934133438 0
1678680317505 0.09477476429612489 0
1678680369929 0.08190965237411545 0
1678680424652 0.0741402570035537 0
1678680477705 0.06637629451360585 0
1678680530842 0.05834604138235665 0
1678680583958 0.06215917731998927 0
1678680695780 0.513384130328452 0
1678680751579 0.23990806332139172 0
1678680807385 0.19186095463783653 0
1678680862764 0.15935892662822276 0
1678680921302 0.13790354771411079 0
1678680976481 0.11641569133549183 0
1678681032956 0.10117885157330263 0
1678681089095 0.08446455856576372 0
1678681146855 0.07290337899656582 0
1678681203511 0.07040888941653668 0
1678681315735 0.5292206899433926 0
1678681375277 0.2647215527277953 0
1678681436429 0.20914870195075758 0
1678681495598 0.16993134003707697 0
1678681554292 0.14645871086097195 0
1678681612867 0.12539955520216867 0
1678681674852 0.10558936182746179 0
1678681733011 0.09159181079774822 0
1678681791921 0.0862180390673852 0
1678681850794 0.0729245403291475 0
1678681970397 0.5254774506599355 0
1678682032583 0.2695652418477852 0
1678682095086 0.19753131994713144 0
1678682159245 0.16858214727677634 0
1678682221883 0.12908673121628386 0
1678682284746 0.11625204707332025 0
1678682346250 0.0964991607128953 0
1678682409540 0.08666293070651591 0
1678682473686 0.08805984511790384 0
1678682535193 0.07865249467844052 0
