1678674819452 4.2884355979040265 0
1678674824121 4.479389040730894 0
1678674828702 4.395631395280361 0
1678674833365 4.490787524264306 0
1678674838045 4.492698948830366 0
1678674842812 4.578348422888666 0
1678674847273 4.271589746233076 0
1678674852018 4.567302147857845 0
1678674856615 4.417752884794027 0
1678674861275 4.486140758730471 0
1678674920228 7.209874298423529 0
1678674927851 7.468083051033318 0
1678674935349 7.341688668821007 0
1678674942714 7.209945772308856 0
1678674950095 7.242554970085621 0
1678674957477 7.236781815998256 0
1678674964923 7.284154803026468 0
1678674972345 7.269820190966129 0
1678674979641 7.15436637122184 0
1678674987260 7.466210751328617 0
1678675049535 10.241347501985729 0
1678675059914 10.203977041877806 0
1678675070570 10.488170775119215 0
1678675081392 10.638786896131933 0
1678675092663 11.068560620304197 0
1678675103645 10.812038152012974 0
1678675113777 9.969698654022068 0
1678675123839 9.90613464312628 0
1678675134396 10.41464170301333 0
1678675144761 10.218650077003986 0
1678675210697 13.332659065257758 0
1678675224415 13.57689709495753 0
1678675238032 13.472041971050203 0
1678675251821 13.647862582001835 0
1678675265203 13.235332697629929 0
1678675278455 13.09414546424523 0
1678675291747 13.140611653216183 0
1678675305945 14.010488516651094 0
1678675320382 14.254280915949494 0
1678675334612 14.056361655239016 0
1678675404146 16.40838714968413 0
1678675420533 16.211255722213537 0
1678675437174 16.50846175290644 0
1678675453935 16.620721680112183 0
1678675470342 16.245406876318157 0
1678675486784 16.294782566837966 0
1678675503059 16.11962888110429 0
1678675519444 16.22020998597145 0
1678675535942 16.35081810131669 0
1678675553273 17.16322748409584 0
1678675629025 19.240105760283768 0
1678675648744 19.557553385850042 0
1678675667897 19.0058248010464 0
1678675687556 19.49510310171172 0
1678675706729 18.998257054947317 0
1678675725944 19.049397979862988 0
1678675745157 19.02477620076388 0
1678675764936 19.621207100804895 0
1678675784419 19.32301979791373 0
1678675805400 20.79929801169783 0
1678675883401 22.552973966114223 0
1678675906084 22.535648551769555 0
1678675928334 22.10519480286166 0
1678675950980 22.50176290422678 0
1678675973432 22.292787824757397 0
1678675996027 22.433303769212216 0
1678676018872 22.69191146455705 0
1678676041766 22.693897291086614 0
1678676065906 23.97162768105045 0
1678676088803 22.71730865770951 0
1678676166114 25.421205799095333 0
1678676191483 25.215725461021066 0
1678676217094 25.451343356166035 0
1678676242875 25.63136309804395 0
1678676268160 25.113211477175355 0
1678676294471 26.14188550785184 0
1678676321675 27.0155486529693 0
1678676347086 25.25447479588911 0
1678676372259 25.019750844221562 0
1678676398238 25.8191160261631 0
1678676479894 28.602300776634365 0
1678676508602 28.563307378906757 0
1678676537492 28.719405596144497 0
1678676568040 30.345581211149693 0
1678676597448 29.25557821802795 0
1678676625886 28.27405086485669 0
1678676654354 28.289152479264885 0
1678676683055 28.537526965141296 0
1678676711738 28.51176450960338 0
1678676740335 28.450066848192364 0
1678676826570 32.897081622853875 0
1678676859204 32.44822731008753 0
1678676891358 32.01200392469764 0
1678676923232 31.72488151025027 0
1678676954926 31.546222009696066 0
1678676986551 31.46147752320394 0
1678677017771 31.037170886062086 0
1678677049305 31.370067319832742 0
1678677082560 33.04981268802658 0
1678677114331 31.60481875669211 0
1678677201159 34.52131925011054 0
1678677236433 35.12120834598318 0
1678677270899 34.31936537800357 0
1678677305977 34.898573335725814 0
1678677342576 36.41382042085752 0
1678677376719 33.95535195991397 0
1678677411408 34.533889336977154 0
1678677446114 34.53323835413903 0
1678677480700 34.436641585081816 0
1678677515282 34.43541847914457 0
1678677608246 38.82361226994544 0
1678677645271 36.83209616970271 0
1678677683083 37.66170491790399 0
1678677721021 37.78400162188336 0
1678677759025 37.81975490087643 0
1678677796692 37.50603126408532 0
1678677834750 37.89062882307917 0
1678677873602 38.680925535038114 0
1678677911363 37.61219011619687 0
1678677949148 37.60052679106593 0
1678678042682 40.52379925828427 0
1678678083098 40.219584888312966 0
1678678125096 41.82855671970174 0
1678678165803 40.54170968802646 0
1678678206999 41.04240793036297 0
1678678247903 40.730943970847875 0
1678678288092 40.03611487383023 0
1678678328703 40.44334134506062 0
1678678370809 41.932660742197186 0
1678678412136 41.14393446082249 0
1678678509740 43.84662783611566 0
1678678553714 43.80435177637264 0
1678678597752 43.84997585788369 0
1678678643395 45.46268745465204 0
1678678687713 44.15704314224422 0
1678678731579 43.681381481233984 0
1678678776133 44.37713475804776 0
1678678819907 43.577406669035554 0
1678678863976 43.896401467733085 0
1678678907736 43.56399167701602 0
1678679011064 48.54698463296518 0
1678679058909 47.68463119585067 0
1678679105571 46.46442026505247 0
1678679151932 46.19971380010247 0
1678679198677 46.57047434616834 0
1678679247172 48.30249401833862 0
1678679294036 46.703257718123496 0
1678679340972 46.77034635189921 0
1678679387278 46.14026831602678 0
1678679433900 46.44892165903002 0
1678679542661 48.63088945718482 0
1678679592670 49.841598245780915 0
1678679642561 49.73803011700511 0
1678679694269 51.51024360815063 0
1678679745361 50.909780513029546 0
1678679795221 49.67303531477228 0
1678679845276 49.85412250412628 0
1678679894709 49.27855449588969 0
1678679946440 51.528783190995455 0
1678679996793 50.19646361935884 0
1678680102739 51.87119804788381 0
1678680155989 53.050882627256215 0
1678680211213 55.03619264019653 0
1678680264497 53.07715382799506 0
1678680317513 52.84369367035106 0
1678680369936 52.256346189882606 0
1678680424662 54.53992616292089 0
1678680477717 52.85269384365529 0
1678680530857 52.93494901014492 0
1678680583966 52.93511501001194 0
1678680695796 56.56683801673353 0
1678680751587 55.62393499398604 0
1678680807393 55.63226341223344 0
1678680862772 55.20871389377862 0
1678680921310 58.364325624890625 0
1678680976489 55.024440257344395 0
1678681032973 56.28759342385456 0
1678681089113 55.969319622032344 0
1678681146865 57.52473115501925 0
1678681203524 56.486994524952024 0
1678681315751 58.225638415664434 0
1678681375290 59.33470323309302 0
1678681436437 60.992714879103005 0
1678681495606 59.01312786480412 0
1678681554305 58.50960651785135 0
1678681612876 58.38646459393203 0
1678681674861 61.76632161298767 0
1678681733020 57.97882861411199 0
1678681791934 58.74769099894911 0
1678681850815 58.6882365969941 0
1678681970414 62.62847565673292 0
1678682032591 61.98196545196697 0
1678682095096 62.30084512196481 0
1678682159254 63.97631378797814 0
1678682221892 62.47511955909431 0
1678682284756 62.67535660369322 0
1678682346265 61.34853528533131 0
1678682409554 63.097753224894404 0
1678682473703 63.95705536194146 0
1678682535201 61.31778410682455 0
