1671558099814 0.8327749010051781 0
1671558105993 0.9342065184282669 0
1671558111393 0.9604020712762718 0
1671558116606 0.9652756625038075 0
1671558121655 0.9832470301553458 0
1671558203818 0.9377006127808579 0
1671558215942 0.9789903705865188 0
1671558228161 0.9838050773271083 0
1671558240545 0.9861394805952728 0
1671558252668 0.9868689816165742 0
1671558336922 0.9712230215827338 0
1671558353710 0.9870503597122302 0
1671558372087 0.9878177458033573 0
1671558387277 0.9915587529976019 0
1671558404534 0.994052757793765 0
1671558504315 0.9857102029151186 0
1671558528273 0.991926264647042 0
1671558552851 0.9935695913118033 0
1671558576906 0.9967133466704773 0
1671558601093 0.9964989997142041 0
1671558706387 0.9841748733420618 0
1671558737399 0.9947629077247111 0
1671558767812 0.9948767575567826 0
1671558795465 0.9962429555416406 0
1671558826050 0.9945352080605682 0
1671558941599 0.9884568076449995 0
1671558977336 0.9958841896111269 0
1671559013367 0.9966411202573564 0
1671559049763 0.9973034345728072 0
1671559086328 0.9967357365881351 0
1671559208996 0.9919057833178194 0
1671559251294 0.997086081994415 0
1671559293858 0.9972074952446477 0
1671559336860 0.9980169169128658 0
1671559379446 0.9984620988303857 0
1671559508447 0.9926449787835926 0
1671559557500 0.9974540311173975 0
1671559606839 0.997984441301273 0
1671559656002 0.9981258840169731 0
1671559704689 0.998090523338048 0
