1671558099818 0.5360840670963023 0
1671558105997 0.20207797746340558 0
1671558111409 0.12515300224697432 0
1671558116609 0.10939964559404369 0
1671558121671 0.050529543389278044 0
1671558203834 0.24864516882797927 0
1671558215945 0.07097479510903802 0
1671558228178 0.06192545791433174 0
1671558240561 0.04614567891424076 0
1671558252672 0.05036515006612225 0
1671558336938 0.11535853965410195 0
1671558353726 0.048673666006051546 0
1671558372104 0.043831984164289656 0
1671558387293 0.02916385705189586 0
1671558404551 0.02533503792429684 0
1671558504331 0.07211235681683871 0
1671558528289 0.030513973625639967 0
1671558552855 0.03280329524896403 0
1671558576922 0.012047516373891901 0
1671558601109 0.01343874188493396 0
1671558706392 0.08265109073548861 0
1671558737415 0.019364503544597067 0
1671558767829 0.01783036984744235 0
1671558795482 0.013028709591457821 0
1671558826054 0.026702341619493777 0
1671558941603 0.0629699640701569 0
1671558977353 0.01626965682828792 0
1671559013384 0.01617087462568285 0
1671559049779 0.010400479046967896 0
1671559086340 0.012924986048301272 0
1671559209013 0.0401662454562591 0
1671559251311 0.011169242014626947 0
1671559293874 0.009068070122680133 0
1671559336876 0.009071263466294709 0
1671559379462 0.0075529880885789 0
1671559508464 0.043006183232978626 0
1671559557517 0.008532014427981509 0
1671559606856 0.006265379264385538 0
1671559656019 0.007484351431618571 0
1671559704694 0.008728945634386894 0
