1678649339845 0.8208955223880597 0
1678649344003 0.9680170575692963 0
1678649348285 0.9884252208346025 0
1678649352709 0.997867803837953 0
1678649357075 0.999390801096558 0
1678649361044 1.0 0
1678649365256 1.0 0
1678649369380 1.0 0
1678649373452 0.999390801096558 0
1678649377523 0.999390801096558 0
1678649441900 0.7600370599135269 0
1678649446781 0.8017294626312539 0
1678649451448 0.8218035824583076 0
1678649456180 0.8289067325509574 0
1678649460658 0.8264360716491661 0
1678649465237 0.8221124150710315 0
1678649469943 0.8261272390364423 0
1678649474484 0.8196417541692402 0
1678649479035 0.8369363804817789 0
1678649483885 0.8384805435453984 0
1678649546021 0.6485484867201976 0
1678649550640 0.7476837554045708 0
1678649555367 0.7739345274861026 0
1678649560003 0.7791846819024089 0
1678649564764 0.8011117974058061 0
1678649569480 0.8020382952439777 0
1678649574143 0.8153180975911056 0
1678649578919 0.8165534280420013 0
1678649583549 0.8131562693020383 0
1678649588279 0.8372452130945027 0
1678649651043 0.6173563928350834 0
1678649656023 0.78875849289685 0
1678649660485 0.8171710932674491 0
1678649665262 0.8418777022853613 0
1678649670042 0.8514515132798024 0
1678649674765 0.8548486720197653 0
1678649679459 0.8690549722050649 0
1678649684093 0.8854231006794318 0
1678649688818 0.8854231006794318 0
1678649693469 0.8841877702285361 0
1678649757538 0.5682520074119827 0
1678649761829 0.7903026559604694 0
1678649766504 0.8282890673255096 0
1678649771262 0.8434218653489809 0
1678649776008 0.871525633106856 0
1678649780629 0.865348980852378 0
1678649785425 0.8832612723903644 0
1678649790182 0.8851142680667079 0
1678649794985 0.897467572575664 0
1678649799765 0.89715873996294 0
1678649864047 0.39283508338480544 0
1678649868919 0.660284126003706 0
1678649873702 0.721432983323039 0
1678649878490 0.7455219271155034 0
1678649883333 0.7600370599135269 0
1678649888092 0.7779493514515132 0
1678649892827 0.7776405188387894 0
1678649897444 0.8162445954292773 0
1678649902224 0.8020382952439777 0
1678649906942 0.804508956145769 0
1678649970966 0.2943174799258802 0
1678649975782 0.5348980852378011 0
1678649980594 0.6151945645460161 0
1678649985360 0.6609017912291538 0
1678649990065 0.6825200741198271 0
1678649994813 0.6991970352069179 0
1678649999534 0.7251389746757257 0
1678650004238 0.721124150710315 0
1678650008924 0.7347127856701667 0
1678650013798 0.7282273008029648 0
1678650076265 0.2810376775787523 0
1678650081115 0.5330450895614577 0
1678650085701 0.6093267449042619 0
1678650090385 0.6349598517603459 0
1678650094916 0.6451513279802347 0
1678650099826 0.6639901173563928 0
1678650104551 0.6772699197035207 0
1678650109361 0.6874613959234095 0
1678650114358 0.6883878937615813 0
1678650119387 0.7044471896232242 0
1678650182177 0.2035206917850525 0
1678650186879 0.46294008647313156 0
1678650191729 0.5457072266831378 0
1678650196404 0.5806053119209389 0
1678650201227 0.6037677578752316 0
1678650206046 0.6016059295861643 0
1678650210764 0.6256948733786288 0
1678650215612 0.6241507103150092 0
1678650220391 0.6337245213094502 0
1678650225380 0.6331068560840025 0
1678650287460 0.1781964175416924 0
1678650292141 0.4484249536751081 0
1678650296940 0.5386040765904879 0
1678650301665 0.5784434836318715 0
1678650306383 0.5898702903026559 0
1678650311110 0.5901791229153799 0
1678650316048 0.5957381099444101 0
1678650321027 0.6003705991352687 0
1678650325778 0.6148857319332921 0
1678650330762 0.6161210623841877 0
1678650392476 0.20074119827053738 0
1678650397092 0.4462631253860408 0
1678650401904 0.5324274243360099 0
1678650406753 0.5602223594811612 0
1678650411406 0.5877084620135886 0
1678650416157 0.5960469425571341 0
1678650420897 0.602532427424336 0
1678650425851 0.5997529339098209 0
1678650430671 0.6238418777022854 0
1678650435179 0.6031500926497838 0
1678650495012 0.24984558369363805 0
1678650499744 0.46294008647313156 0
1678650504480 0.532118591723286 0
1678650509038 0.557442865966646 0
1678650514152 0.5836936380481779 0
1678650518982 0.5911056207535516 0
1678650523786 0.5975911056207536 0
1678650528591 0.6093267449042619 0
1678650533499 0.6065472513897467 0
1678650538337 0.6136504014823966 0
1678650599660 0.22513897467572574 0
1678650604453 0.47313156269302037 0
1678650609390 0.5348980852378011 0
1678650614103 0.5620753551575046 0
1678650618767 0.6003705991352687 0
1678650623603 0.5938851142680667 0
1678650628533 0.58307597282273 0
1678650633562 0.6040765904879555 0
1678650638447 0.6195182211241507 0
1678650643238 0.6164298949969117 0
1678650703808 0.2523162445954293 0
1678650708630 0.4762198888202594 0
1678650713576 0.5348980852378011 0
1678650718726 0.5682520074119827 0
1678650723616 0.5636195182211241 0
1678650728418 0.5827671402100062 0
1678650733214 0.5895614576899321 0
1678650738031 0.5901791229153799 0
1678650743039 0.5969734403953058 0
1678650747965 0.6105620753551575 0
1678650808309 0.2384187770228536 0
1678650813129 0.4573810994441013 0
1678650818236 0.5296479308214948 0
1678650823071 0.5605311920938851 0
1678650827904 0.573810994441013 0
1678650832817 0.5907967881408277 0
1678650837512 0.5954292773316863 0
1678650842389 0.6068560840024707 0
1678650847180 0.6099444101297097 0
1678650852108 0.6216800494132181 0
1678650913309 0.2600370599135269 0
1678650918362 0.45985176034589254 0
1678650923228 0.5135886349598517 0
1678650928225 0.5586781964175417 0
1678650933250 0.5645460160592959 0
1678650938071 0.577208153180976 0
1678650943003 0.5914144533662755 0
1678650947869 0.5951204447189623 0
1678650952687 0.6050030883261273 0
1678650957567 0.6000617665225447 0
1678651016837 0.22730080296479308 0
1678651021669 0.4576899320568252 0
1678651026564 0.5290302655960469 0
1678651031359 0.5336627547869055 0
1678651036155 0.5725756639901174 0
1678651041037 0.583384805435454 0
1678651045833 0.5840024706609018 0
1678651050872 0.6000617665225447 0
1678651055667 0.5948116121062385 0
1678651060351 0.6105620753551575 0
1678651121856 0.237183446571958 0
1678651126581 0.46849907350216186 0
1678651131344 0.5299567634342186 0
1678651136151 0.5586781964175417 0
1678651140978 0.5827671402100062 0
1678651145881 0.5978999382334774 0
1678651150815 0.6074737492279184 0
1678651155688 0.6037677578752316 0
1678651160068 0.599444101297097 0
1678651164855 0.6260037059913527 0
1678651226713 0.29246448424953675 0
1678651231425 0.5117356392835083 0
1678651235651 0.5719579987646696 0
1678651240398 0.5855466337245213 0
1678651245345 0.6019147621988882 0
1678651250393 0.612106238418777 0
1678651255301 0.6105620753551575 0
1678651260127 0.6340333539221742 0
1678651265084 0.6399011735639284 0
1678651270028 0.6312538604076591 0
1678651337270 0.2881408276714021 0
1678651342159 0.5185299567634342 0
1678651347132 0.5809141445336627 0
1678651352135 0.6096355775169858 0
1678651356908 0.6210623841877703 0
1678651361977 0.6352686843730698 0
1678651367048 0.6337245213094502 0
1678651372028 0.6525633106856084 0
1678651377271 0.6646077825818406 0
1678651382204 0.6559604694255713 0
