1678649339856 0.5738304006392514 0
1678649344017 0.10761276362313481 0
1678649348295 0.042540591076229754 0
1678649352719 0.016488333593825906 0
1678649357085 0.00928889152554479 0
1678649361051 0.006404387046637748 0
1678649365269 0.004013421857900329 0
1678649369393 0.0036166775957821662 0
1678649373463 0.0040414920187363205 0
1678649377534 0.0041996835241053946 0
1678649441904 1.184207043874551 0
1678649446795 0.8674953316670277 0
1678649451460 0.7944235030039363 0
1678649456191 0.7521467693357132 0
1678649460670 0.7393624881228376 0
1678649465249 0.7308070577906561 0
1678649469953 0.7172343851682064 0
1678649474495 0.7051806354169274 0
1678649479046 0.7026024264564773 0
1678649483896 0.7040279619188644 0
1678649546032 1.7741936803821283 0
1678649550651 1.2926881853778691 0
1678649555378 1.2302847280408071 0
1678649560010 1.2003413666318123 0
1678649564774 1.1782904210246736 0
1678649569494 1.1634787458781477 0
1678649574149 1.1612727745143332 0
1678649578928 1.1608012849125617 0
1678649583560 1.1469565075514419 0
1678649588291 1.1381864331989395 0
1678649651055 2.3557747131957916 0
1678649656033 1.6299598287696673 0
1678649660491 1.5345314877352794 0
1678649665272 1.4968885962354908 0
1678649670052 1.4675672735381524 0
1678649674776 1.4524608206940404 0
1678649679470 1.4276817015028795 0
1678649684108 1.4145883654576161 0
1678649688830 1.411693259769932 0
1678649693479 1.4108710092405539 0
1678649757549 2.5944677222430377 0
1678649761839 1.730000482067935 0
1678649766515 1.626333171015098 0
1678649771273 1.5762252480693626 0
1678649776018 1.5408765407459761 0
1678649780642 1.5289207834605452 0
1678649785437 1.506074962238974 0
1678649790187 1.5031860400453771 0
1678649795001 1.4870353736135236 0
1678649799774 1.479462105378168 0
1678649864059 2.907792047632558 0
1678649868932 1.911644866836152 0
1678649873714 1.7421836667476134 0
1678649878499 1.6656102471472378 0
1678649883341 1.6314434740114832 0
1678649888104 1.5897303401429834 0
1678649892833 1.5662638119814791 0
1678649897454 1.5334865602171663 0
1678649902235 1.529490173857031 0
1678649906954 1.524211588871928 0
1678649970979 3.1669183653618833 0
1678649975794 2.0934659013636248 0
1678649980610 1.8744002361957346 0
1678649985373 1.746188737861605 0
1678649990079 1.680366044724849 0
1678649994825 1.6282388689784522 0
1678649999545 1.5927248935481513 0
1678650004246 1.5743966513463492 0
1678650008944 1.5670951889796785 0
1678650013810 1.562534692922148 0
1678650076276 3.32306924096002 0
1678650081129 2.095829278617232 0
1678650085712 1.8385867627775911 0
1678650090397 1.7301875827782238 0
1678650094923 1.6692491101953555 0
1678650099839 1.6366813864657876 0
1678650104568 1.59923583898668 0
1678650109376 1.5802490540387235 0
1678650114372 1.5754224635554803 0
1678650119403 1.5553694647576355 0
1678650182188 3.5497308774374385 0
1678650186891 2.228609798424328 0
1678650191741 1.9212195042697937 0
1678650196413 1.7855673841372768 0
1678650201239 1.7062605640783657 0
1678650206059 1.6769393195776088 0
1678650210776 1.6389706683350316 0
1678650215624 1.6189906622172139 0
1678650220408 1.6003097218448104 0
1678650225392 1.5869744248858493 0
1678650287472 3.581706607835097 0
1678650292153 2.197157191228837 0
1678650296951 1.9180872332836243 0
1678650301676 1.7689510734085687 0
1678650306394 1.6996272153659984 0
1678650311126 1.6647364084480574 0
1678650316059 1.64380648726663 0
1678650321038 1.6203749856512955 0
1678650325789 1.5975515951412265 0
1678650330774 1.5925178203853727 0
1678650392488 3.606871323647361 0
1678650397101 2.206022083501598 0
1678650401919 1.9130633305884792 0
1678650406770 1.7769683098041988 0
1678650411419 1.7232690552563634 0
1678650416168 1.6691735507972156 0
1678650420912 1.629782469571557 0
1678650425864 1.6247149516654058 0
1678650430685 1.6041079988591533 0
1678650435189 1.5965330392361572 0
1678650495023 3.5088881896998574 0
1678650499757 2.1157084257975267 0
1678650504490 1.8762597865422175 0
1678650509050 1.7508587264366693 0
1678650514165 1.6952767964864381 0
1678650518995 1.6478199706981769 0
1678650523800 1.6218315272363635 0
1678650528602 1.6075239714610128 0
1678650533514 1.588975614644334 0
1678650538358 1.5770825563646378 0
1678650599674 3.552645326617914 0
1678650604465 2.137369701787231 0
1678650609404 1.8899047579420725 0
1678650614113 1.763064406549879 0
1678650618786 1.6932435286052439 0
1678650623611 1.6519988057346826 0
1678650628549 1.643678226023268 0
1678650633575 1.6233654770312154 0
1678650638459 1.5964149824994225 0
1678650643251 1.582421671688888 0
1678650703820 3.451654473081498 0
1678650708642 2.0758403652313686 0
1678650713590 1.8417280238671683 0
1678650718739 1.739716807142167 0
1678650723631 1.6804447249176326 0
1678650728430 1.6334655787784278 0
1678650733225 1.6194506283525039 0
1678650738043 1.602362787966525 0
1678650743051 1.589363246290974 0
1678650747987 1.5635210489917493 0
1678650808319 3.4552793594110596 0
1678650813142 2.1357547032236686 0
1678650818243 1.891237092356832 0
1678650823083 1.770895967077075 0
1678650827915 1.6952852516574872 0
1678650832831 1.6469310231235308 0
1678650837526 1.6190895639576244 0
1678650842400 1.6021870341545421 0
1678650847192 1.5886305030884016 0
1678650852120 1.5623138115831625 0
1678650913321 3.401713196328571 0
1678650918370 2.0886913588784815 0
1678650923243 1.8814381143794965 0
1678650928237 1.752498111730744 0
1678650933262 1.677076624086273 0
1678650938083 1.6459998042587884 0
1678650943014 1.6175754120351358 0
1678650947885 1.5919285084893484 0
1678650952698 1.5716254739131068 0
1678650957579 1.569612990933631 0
1678651016849 3.4225552042300795 0
1678651021686 2.1060089461224694 0
1678651026577 1.8664714026554194 0
1678651031371 1.7380927538267987 0
1678651036169 1.6749233433757025 0
1678651041049 1.6410080391069193 0
1678651045845 1.61189787280346 0
1678651050885 1.59286861216455 0
1678651055679 1.5807167167940428 0
1678651060363 1.562901776981177 0
1678651121867 3.4210637162098405 0
1678651126594 2.102061171823258 0
1678651131357 1.8898379885171062 0
1678651136175 1.7582473383780393 0
1678651140993 1.6890529549512103 0
1678651145892 1.65180280504586 0
1678651150828 1.620040949956365 0
1678651155699 1.5997391939899521 0
1678651160081 1.5829981614808524 0
1678651164866 1.5727891187155372 0
1678651226725 3.3181579615172963 0
1678651231437 2.0178570008115906 0
1678651235664 1.823914163859263 0
1678651240411 1.7257662824527065 0
1678651245357 1.6632969186510695 0
1678651250410 1.6261343511259798 0
1678651255318 1.6075483973634472 0
1678651260139 1.582292118213882 0
1678651265096 1.5690952155824205 0
1678651270050 1.5572527865703787 0
1678651337281 3.298330943771466 0
1678651342173 2.0469410843581164 0
1678651347151 1.8313721402918137 0
1678651352144 1.7240755219309325 0
1678651356921 1.6650165361412665 0
1678651361990 1.6306795785278358 0
1678651367060 1.6095641177697562 0
1678651372042 1.5904042492537236 0
1678651377283 1.5781006070844474 0
1678651382216 1.560945441797974 0
