1671443900286 0.060612005645527565 0
1671444074008 0.007487368850467027 0
1671444248195 0.003478653460321495 0
1671444422592 0.0028331534461640685 0
1671444598311 0.002076548804237167 0
1671445072612 0.045149005436687734 0
1671445347898 0.014880209436523729 0
1671445622230 0.012447859273292124 0
1671445901544 0.012707106878282502 0
1671446185153 0.011021536420390476 0
1671446760094 0.023588831052067688 0
1671447091654 0.009862760657735635 0
1671447428179 0.008108641261875164 0
1671447754932 0.007139684523281176 0
1671448079507 0.007367618984833825 0
1671448731906 0.02507004907692317 0
1671449112367 0.011691707831225358 0
1671449497030 0.010399690087477211 0
1671449882419 0.00876953094464261 0
1671450269901 0.00858424525015289 0
1671450985785 0.019807006040937266 0
1671451425560 0.009884158033761196 0
1671451866865 0.008642126738617662 0
1671452308777 0.00787918265472399 0
1671452757378 0.006837760805035942 0
1671453545348 0.02116203109989874 0
1671454046927 0.010473442252259702 0
1671454545113 0.008385566404671408 0
1671455043910 0.007605410132207908 0
1671455545787 0.007390217320295051 0
1671456410450 0.01975945257593412 0
1671456969663 0.008196784598345403 0
1671457523264 0.00849554516223725 0
1671458075030 0.007316404161392711 0
1671458628204 0.006551351524540223 0
1671459523814 0.018799077099771237 0
1671460114845 0.01021825369214639 0
1671460710924 0.009745046214316972 0
1671461280677 0.008874430975934957 0
1671461877047 0.007296440577309113 0
1671462829770 0.017692353252554312 0
1671463480661 0.008465208260749932 0
1671464103537 0.007020645955635701 0
1671464752282 0.007125699047581292 0
1671465391161 0.007796914480568375 0
1671466454259 0.018999481667997316 0
1671467126597 0.009060015435097738 0
1671467832076 0.009979952335590497 0
1671468510119 0.007754174942907412 0
1671469211645 0.0077335658387746664 0
1671470296582 0.018142991358297878 0
1671471053731 0.00905005088058533 0
1671471771596 0.00830461663735332 0
1671472550783 0.007649259524710942 0
1671473315177 0.007034670719876885 0
1671474537691 0.03158591022039764 0
1671475378869 0.020226308586425146 0
1671476209065 0.0153462687357096 0
1671477030057 0.012685312996036374 0
1671477848779 0.012593018553219735 0
1671479121852 0.02534984493034426 0
1671479991194 0.014778873881674372 0
1671480878453 0.011532428918872028 0
1671481765297 0.012112094239098951 0
1671482640016 0.009945873542921618 0
1671483998638 0.031654311175574545 0
1671484925966 0.016931554320035503 0
1671485867863 0.01578179434966296 0
1671486801070 0.01719218520540744 0
1671487737242 0.015204140617977828 0
1671489157269 0.026519230538862758 0
1671490147261 0.01454017608333379 0
1671491117682 0.013984111687750555 0
1671492085710 0.012410947023425252 0
1671493058355 0.0124797692009015 0
1671494535015 0.033191795002203435 0
1671495563128 0.021352141952607782 0
1671496612943 0.016411444872966967 0
1671497640969 0.014775437401025555 0
1671498663035 0.012741895470418967 0
1671500210428 0.02611338827770669 0
1671501300695 0.015295622279518284 0
1671502372450 0.014702306164545008 0
1671503443062 0.014289930180297233 0
1671504514466 0.011933467149967328 0
1671506124668 0.03171413136611227 0
1671507255737 0.019924391138367355 0
1671508389733 0.014501546533196233 0
1671509521754 0.017478113150107673 0
1671510648707 0.01596918375371024 0
1671512327290 0.03248310413165018 0
1671513511628 0.02276563266478479 0
1671514707061 0.018965362670714966 0
1671515899353 0.020396917042438872 0
1671517094776 0.017860506855882703 0
1671518839847 0.0305872380429646 0
1671520060634 0.017716218743589706 0
1671521290149 0.015749457442900166 0
1671522519484 0.013061972767463886 0
1671523739620 0.015755283661652356 0
