1679662837207 0.058391139205990844 0
1679662881412 0.01987385507880345 0
1679662925773 0.014789338469315178 0
1679662970944 0.00786253446756504 0
1679663015470 0.00895868089615758 0
1679663060770 0.004373874001712899 0
1679663104995 0.00803199517116172 0
1679663149577 0.003983450132176492 0
1679663193122 0.0056946543443197935 0
1679663247817 0.0031404926291666475 0
1679663329295 0.05661292521966571 0
1679663388167 0.007616490536435556 0
1679663446041 0.005958577306320199 0
1679663503534 0.005895728217659176 0
1679663561219 0.003315946659696023 0
1679663618896 0.004524121536287872 0
1679663677580 0.0033669790876835895 0
1679663741420 0.0033061180136522857 0
1679663802509 0.003211089161749342 0
1679663860618 0.0018011898379191608 0
1679663955931 0.08108158276026503 0
1679664025894 0.010077056575551175 0
1679664096635 0.008119375050955049 0
1679664168256 0.0061393687763047645 0
1679664239074 0.005983065060893286 0
1679664320730 0.00490909750573668 0
1679664392267 0.0037396202857467743 0
1679664463908 0.004235409735408265 0
1679664535705 0.003669119472644882 0
1679664607231 0.0031307941181982794 0
1679664715135 0.10000029621619878 0
1679664810582 0.015182071174170425 0
1679664896377 0.011235950201327003 0
1679664981664 0.008587469263454987 0
1679665065445 0.007780007788678157 0
1679665149454 0.005919384355336504 0
1679665234343 0.005328371785628726 0
1679665326123 0.005891685886197225 0
1679665414194 0.00484199808983009 0
1679665499717 0.004984058544609263 0
1679665623129 0.11568853551682598 0
1679665720413 0.023757897580705237 0
1679665818567 0.01595766508598686 0
1679665930297 0.012882186008735913 0
1679666028313 0.010153109876208214 0
1679666125140 0.010009849489806395 0
1679666223091 0.00852475526465627 0
1679666320802 0.0087619785375886 0
1679666431927 0.007016465791079427 0
1679666529663 0.007507597417700259 0
1679666670267 0.12806209183882106 0
1679666781750 0.033058285798282815 0
1679666893914 0.021471324208823382 0
1679667019847 0.017536581613228235 0
1679667131501 0.014936909849310183 0
1679667242421 0.012965623194510318 0
1679667354084 0.012410676539675229 0
1679667476607 0.01141625686728052 0
1679667590047 0.011887347105356449 0
1679667700372 0.01037872006989513 0
1679667854873 0.13497054347130905 0
1679667979292 0.04178608322956405 0
1679668119543 0.030460772167705357 0
1679668243943 0.023583471476349083 0
1679668368008 0.020534964661506606 0
1679668492184 0.0182119959174518 0
1679668632536 0.017427249559468436 0
1679668756154 0.01629188185367706 0
1679668881665 0.01502296915984277 0
1679669006430 0.01452280327522128 0
1679669192129 0.152513783974098 0
1679669330844 0.05567921348084012 0
1679669468821 0.039860001990100584 0
1679669608616 0.031185481720750755 0
1679669800387 0.02611677381403697 0
1679669994900 0.024464705140887253 0
1679670189643 0.0219485284767039 0
1679670386319 0.021045558539284068 0
1679670581579 0.020226896060416198 0
1679670773947 0.019529760786181606 0
1679671017614 0.15553895680136295 0
1679671223437 0.06384858683289507 0
1679671432477 0.04663873375878903 0
1679671638182 0.03718439500963191 0
1679671847079 0.033493497131456614 0
1679672049162 0.030516675038563083 0
1679672253446 0.028639376029656504 0
1679672460991 0.026448391099883835 0
1679672667368 0.02521767817875048 0
1679672875839 0.02473278611758717 0
1679673134999 0.19040945379517885 0
1679673361942 0.08826753545717289 0
1679673587125 0.06575567083628177 0
1679673812582 0.05347690186078983 0
1679674039943 0.046067943607818775 0
1679674264417 0.04134945571136416 0
1679674488128 0.03839126175852967 0
1679674715461 0.035524612882575114 0
1679674939723 0.034254009726832055 0
1679675164678 0.03332162682578646 0
1679675452954 0.226522678725944 0
1679675697742 0.11239596038287027 0
1679675944105 0.08641803841068534 0
1679676188776 0.07261998481598538 0
1679676435567 0.06259396730895231 0
1679676682905 0.05660709293833246 0
1679676928182 0.051113675431521476 0
1679677174979 0.04799375995320258 0
1679677420620 0.04582477460262708 0
1679677672015 0.044521034775473554 0
1679677979464 0.25367592684014983 0
1679678244062 0.1327829630733615 0
1679678513556 0.10113045120038981 0
1679678780370 0.08648329540507713 0
1679679047253 0.07402921127056726 0
1679679317890 0.06845018131702806 0
1679679584344 0.06390586957798622 0
1679679853775 0.05924473012742565 0
1679680123744 0.0562959035043612 0
1679680391010 0.05487114086592207 0
1679680721993 0.3035462366189606 0
1679681013410 0.17744288913632275 0
1679681303058 0.14148599527899564 0
1679681592583 0.12107195369576366 0
1679681880293 0.10635695836251155 0
1679682173059 0.09603857177489905 0
1679682462964 0.08881331923177194 0
1679682753750 0.08259632740870124 0
1679683042952 0.07790343456728285 0
1679683330746 0.07398690910097329 0
1679683681851 0.33559932773092094 0
1679683990693 0.20642550955156208 0
1679684293419 0.16698980564253543 0
1679684591791 0.14461545721175037 0
1679684891296 0.1301171200364812 0
1679685191201 0.11887938537081147 0
1679685484567 0.10940181924485887 0
1679685783003 0.10207722002077672 0
1679686077666 0.09621679693341917 0
1679686376622 0.09022003733470368 0
1679686739263 0.36504297329941116 0
1679687056379 0.24938477290567887 0
1679687375060 0.2095129488973684 0
1679687692018 0.18622850004297256 0
1679688012091 0.1684958238078628 0
1679688329980 0.1543534884672632 0
1679688650237 0.14162809532836867 0
1679688966969 0.1320459702409298 0
1679689288777 0.12401175653677789 0
1679689606295 0.1187722027185802 0
1679689993633 0.3960260248620196 0
1679690335466 0.28403311524110153 0
1679690673415 0.2423777569039156 0
1679691013178 0.21689326005501505 0
1679691350970 0.1979714427707281 0
1679691694042 0.1837944921067047 0
1679692038366 0.17262717942257969 0
1679692377411 0.16470230489655566 0
1679692721669 0.15149381554715521 0
1679693065768 0.1442527322271102 0
1679693481975 0.4117175244116021 0
1679693845533 0.30327942513644274 0
1679694205021 0.26648694787207916 0
1679694573840 0.2432779118493001 0
1679694936861 0.22489996647649088 0
1679695303745 0.21252933117529924 0
1679695668468 0.20014277319883855 0
1679696033701 0.19201382185968038 0
1679696399086 0.18248672257712623 0
1679696759589 0.1759405045237712 0
1679697199465 0.4426345758498028 0
1679697578796 0.34874989333688455 0
1679697952494 0.31157275765407216 0
1679698326547 0.2918710505600824 0
1679698696063 0.2713620460418712 0
1679699065482 0.2580591760700386 0
1679699436512 0.24535963486620993 0
1679699803943 0.2327414783316033 0
1679700175089 0.22306941190335064 0
1679700546435 0.21510108374540324 0
1679700996067 0.4882318126366732 0
1679701389478 0.3979294865398939 0
1679701780095 0.36161306247334807 0
1679702172794 0.33812530128576085 0
1679702564527 0.32000505434398463 0
1679702957308 0.3041131603674696 0
1679703353410 0.2925901168370936 0
1679703746009 0.2797580339080053 0
1679704142492 0.2681685402689144 0
1679704537840 0.25557222012691544 0
1679705013122 0.5214438466681491 0
1679705426628 0.4332046885888119 0
1679705844530 0.39718662977838576 0
1679706260918 0.37270775315572363 0
1679706681572 0.3551208294031252 0
1679707098698 0.33879411385693303 0
1679707515103 0.3227063097981488 0
1679707937141 0.3118669701097199 0
1679708356647 0.3001061453066378 0
1679708777145 0.2876776538427749 0
