1679662837193 0.9806931596884129 0
1679662881400 0.9947358812074002 0
1679662925761 0.9962268743914313 0
1679662970933 0.9977482960077897 0
1679663015459 0.9974592259006816 0
1679663060758 0.9986459347614411 0
1679663104984 0.9979765092502434 0
1679663149563 0.9988741480038948 0
1679663193111 0.9986155063291139 0
1679663247805 0.9990567185978578 0
1679663329285 0.9912747293766331 0
1679663388156 0.9978653415453528 0
1679663446027 0.998623553564763 0
1679663503523 0.9983552631578947 0
1679663561211 0.9991251399776035 0
1679663618885 0.9989851623740201 0
1679663677573 0.999113475177305 0
1679663741413 0.9990551511758119 0
1679663802497 0.9990784807764092 0
1679663860606 0.9995917319895483 0
1679663955923 0.9844317493946732 0
1679664025880 0.997219279661017 0
1679664096624 0.9976543583535109 0
1679664168244 0.9982123940677966 0
1679664239062 0.9983731840193705 0
1679664320714 0.9987893462469734 0
1679664392257 0.9988177209443099 0
1679664463896 0.9989123032687651 0
1679664535694 0.9990541767554479 0
1679664607219 0.9990352602905569 0
1679664715124 0.9804021379485874 0
1679664810568 0.9956413845762281 0
1679664896365 0.996691270043268 0
1679664981653 0.9976138966658182 0
1679665065437 0.9975502672435734 0
1679665149443 0.9981706541104607 0
1679665234333 0.9983694960549758 0
1679665326112 0.9982979129549504 0
1679665414186 0.9986717358106388 0
1679665499698 0.9985921990328328 0
1679665623116 0.9741916447079491 0
1679665720404 0.9928153820816864 0
1679665818555 0.9950387022397892 0
1679665930285 0.9959993961352657 0
1679666028301 0.9968846069389548 0
1679666125130 0.996973814229249 0
1679666223079 0.9975227821695213 0
1679666320791 0.997364953886693 0
1679666431915 0.9978864734299517 0
1679666529652 0.9976943346508564 0
1679666670255 0.9696068256420158 0
1679666781741 0.9899594516315892 0
1679666893892 0.993254006564974 0
1679667019835 0.9946297547789148 0
1679667131488 0.995540886271481 0
1679667242412 0.9960236049430392 0
1679667354073 0.9962227263950569 0
1679667476596 0.9966330372658815 0
1679667590035 0.9962347943618459 0
1679667700357 0.9970011102529446 0
1679667854861 0.9663055651274983 0
1679667979279 0.9869217350103378 0
1679668119533 0.990599155754652 0
1679668243930 0.9925643952446589 0
1679668367997 0.9934151016540317 0
1679668492171 0.9941635079255686 0
1679668632524 0.9946319348725017 0
1679668756142 0.9950142143349414 0
1679668881652 0.9953749569262578 0
1679669006416 0.9954072622329428 0
1679669192117 0.9595582516721107 0
1679669330823 0.9823213174677243 0
1679669468805 0.9873279281381241 0
1679669608603 0.9901180199097838 0
1679669800372 0.991751244361487 0
1679669994883 0.9923296780214652 0
1679670189629 0.9929421371908539 0
1679670386309 0.9932483667755483 0
1679670581568 0.9937004199720019 0
1679670773935 0.993807357287292 0
1679671017600 0.9577500354408846 0
1679671223422 0.979643641905302 0
1679671432467 0.9851857102353275 0
1679671638171 0.9880830025517436 0
1679671847064 0.9895449390416785 0
1679672049150 0.9901917351857102 0
1679672253436 0.9908252409980153 0
1679672460970 0.9916359512333428 0
1679672667356 0.9916891125602495 0
1679672875831 0.992136553728381 0
1679673134989 0.9474418869644485 0
1679673361935 0.9717289035030603 0
1679673587114 0.9788750162781612 0
1679673812571 0.9827492186482615 0
1679674039935 0.9850118830576898 0
1679674264406 0.9867129509050657 0
1679674488117 0.9877059187394192 0
1679674715449 0.9886581911707254 0
1679674939711 0.989065145201198 0
1679675164666 0.9892564135955203 0
1679675452943 0.9382451228323699 0
1679675697729 0.9640760476878613 0
1679675944092 0.971993918593449 0
1679676188764 0.976302835982659 0
1679676435554 0.9795919135356455 0
1679676682894 0.981646646194605 0
1679676928171 0.983513216522158 0
1679677174967 0.9845104768786127 0
1679677420607 0.985176571531792 0
1679677672003 0.9857899807321773 0
1679677979453 0.9278019655056557 0
1679678244049 0.9576450330384142 0
1679678513544 0.967045581812073 0
1679678780357 0.9719488464553702 0
1679679047243 0.9757321648560869 0
1679679317877 0.9778460633889573 0
1679679584329 0.9793089931683279 0
1679679853764 0.9809959121962146 0
1679680123732 0.9816958785978273 0
1679680391000 0.9820423619666256 0
1679680721981 0.9139463837136278 0
1679681013398 0.9432665637429349 0
1679681303043 0.9539427203265648 0
1679681592572 0.9600592683692695 0
1679681880282 0.9647824209755076 0
1679682173047 0.968207033703161 0
1679682462952 0.970820467866862 0
1679682753738 0.9730185001046682 0
1679683042945 0.9745950648942852 0
1679683330735 0.975805290977601 0
1679683681841 0.905405737302289 0
1679683990681 0.9346786275665586 0
1679684293407 0.945466769820218 0
1679684591779 0.9525309460654289 0
1679684891276 0.9573017978190392 0
1679685191189 0.9608937518420277 0
1679685484553 0.9643874643874644 0
1679685782985 0.966539566755084 0
1679686077654 0.9684429953826506 0
1679686376609 0.9705920277040967 0
1679686739247 0.8965400546094039 0
1679687056367 0.9196593854128101 0
1679687375048 0.931501064420585 0
1679687692006 0.9389953952239911 0
1679688012079 0.944143951314328 0
1679688329969 0.949084251203258 0
1679688650227 0.9531568169196594 0
1679688966957 0.9560348019252128 0
1679689288764 0.9590082376897445 0
1679689606278 0.9610329507589782 0
1679689993622 0.8872522749146907 0
1679690335455 0.9097033861230204 0
1679690673398 0.9210096027648963 0
1679691013162 0.9282636276139645 0
1679691350958 0.9338552148044449 0
1679691694030 0.9387386254265465 0
1679692038352 0.9423177880829469 0
1679692377399 0.946014524455333 0
1679692721652 0.9491589377898328 0
1679693065758 0.9521447633213754 0
1679693481964 0.8867025468724075 0
1679693845520 0.9046270947403352 0
1679694205007 0.9140897212543554 0
1679694573820 0.9205683797909407 0
1679694936849 0.9255900530944084 0
1679695303735 0.9298417537746806 0
1679695668456 0.9335023643603783 0
1679696033687 0.9362841173054588 0
1679696399075 0.93970362535258 0
1679696759570 0.9420679857308777 0
1679697199447 0.877649558324789 0
1679697578784 0.8912843086994242 0
1679697952482 0.8988682072718669 0
1679698326531 0.9045049885637668 0
1679698696046 0.9100209992901649 0
1679699065471 0.9145634513762915 0
1679699436499 0.9187288035334017 0
1679699803932 0.9225022675289849 0
1679700175077 0.925713778689171 0
1679700546423 0.9286418487262402 0
1679700996047 0.8613410440469031 0
1679701389466 0.8757516536380036 0
1679701780083 0.8832893302766085 0
1679702172780 0.8890723654539988 0
1679702564514 0.8943198474143115 0
1679702957299 0.8988086289837642 0
1679703353399 0.9028957456404089 0
1679703745998 0.9066281757366206 0
1679704142482 0.9105156343956705 0
1679704537830 0.9145792618761275 0
1679705013104 0.8515731567233829 0
1679705426616 0.8641189245459114 0
1679705844518 0.8715539521860866 0
1679706260906 0.8771896762150908 0
1679706681562 0.8823363127288392 0
1679707098686 0.8870880895972432 0
1679707515092 0.892326710460191 0
1679707937126 0.8958423074161821 0
1679708356635 0.9003271053198363 0
1679708777130 0.9036407854117309 0
