1680100977045 0.8445428847214561 0
1680101051329 0.9504274682846111 0
1680101126523 0.9559259514616657 0
1680101201359 0.9610624655267512 0
1680101276154 0.9703012961941533 0
1680101349779 0.9764720077220077 0
1680101424710 0.9799020959735245 0
1680101498478 0.9833838940981798 0
1680101572541 0.9860210976282405 0
1680101645422 0.987934362934363 0
1680101696550 0.3154667721518987 0
1680101706297 0.33643196202531644 0
1680101716364 0.33761867088607594 0
1680101726412 0.33860759493670883 0
1680101736188 0.3415743670886076 0
1680101746310 0.3407832278481013 0
1680101756391 0.3431566455696203 0
1680101766422 0.34117879746835444 0
1680101776362 0.3395965189873418 0
1680101786556 0.3449367088607595 0
1680101820808 0.15723892405063292 0
1680101830872 0.16455696202531644 0
1680101841149 0.16653481012658228 0
1680101851219 0.16435917721518986 0
1680101861490 0.16673259493670886 0
1680101871550 0.16811708860759494 0
1680101881784 0.1706882911392405 0
1680101892009 0.16910601265822786 0
1680101902001 0.16811708860759494 0
1680101912269 0.16989715189873417 0
1680101946716 0.1105617088607595 0
1680101956756 0.10878164556962025 0
1680101966666 0.11135284810126582 0
1680101976691 0.11174841772151899 0
1680101986884 0.11135284810126582 0
1680101997227 0.11194620253164557 0
1680102007549 0.10917721518987342 0
1680102017836 0.11234177215189874 0
1680102028008 0.11234177215189874 0
1680102038209 0.11234177215189874 0
1680102073276 0.08484968354430379 0
1680102083524 0.08326740506329114 0
1680102093714 0.08425632911392406 0
1680102103572 0.08544303797468354 0
1680102113788 0.08564082278481013 0
1680102124067 0.08445411392405064 0
1680102134099 0.0836629746835443 0
1680102144185 0.08405854430379747 0
1680102154197 0.08583860759493671 0
1680102164631 0.08504746835443038 0
1680102200590 0.06546677215189874 0
1680102210800 0.06507120253164557 0
1680102220928 0.06724683544303797 0
1680102231155 0.06606012658227849 0
1680102241319 0.06645569620253164 0
1680102251601 0.06566455696202532 0
1680102261644 0.06665348101265822 0
1680102271999 0.06724683544303797 0
1680102282260 0.0668512658227848 0
1680102292357 0.06625791139240507 0
1680102328726 0.057193396226415096 0
1680102339085 0.05738993710691824 0
1680102349297 0.05817610062893082 0
1680102359594 0.057193396226415096 0
1680102369711 0.05699685534591195 0
1680102379776 0.05817610062893082 0
1680102390102 0.05640723270440252 0
1680102400442 0.057193396226415096 0
1680102410965 0.05699685534591195 0
1680102421251 0.05660377358490566 0
1680102458497 0.04964398734177215 0
1680102468813 0.04845727848101266 0
1680102479117 0.047666139240506326 0
1680102489275 0.04786392405063291 0
1680102499772 0.048259493670886076 0
1680102510123 0.04806170886075949 0
1680102520351 0.050237341772151896 0
1680102530585 0.047666139240506326 0
1680102540644 0.04786392405063291 0
1680102551021 0.049841772151898736 0
1680102588698 0.04272151898734177 0
1680102598991 0.04212816455696203 0
1680102609260 0.04173259493670886 0
1680102619611 0.04212816455696203 0
1680102629802 0.04331487341772152 0
1680102640070 0.04331487341772152 0
1680102650413 0.041337025316455694 0
1680102660683 0.04173259493670886 0
1680102670652 0.04153481012658228 0
1680102680871 0.04311708860759494 0
1680102719212 0.03757911392405063 0
1680102729449 0.03738132911392405 0
1680102739644 0.036787974683544306 0
1680102749796 0.03757911392405063 0
1680102759976 0.03856803797468354 0
1680102770184 0.037183544303797465 0
1680102780480 0.038370253164556965 0
1680102790774 0.0379746835443038 0
1680102801203 0.038370253164556965 0
1680102811687 0.037776898734177215 0
1680102851388 0.0349609375 0
1680102861642 0.034765625 0
1680102872086 0.0333984375 0
1680102882576 0.03515625 0
1680102892986 0.0341796875 0
1680102903202 0.0333984375 0
1680102913706 0.0337890625 0
1680102923958 0.033984375 0
1680102934398 0.033984375 0
1680102944821 0.033203125 0
1680102984522 0.0302734375 0
1680102994698 0.030859375 0
1680103005012 0.030078125 0
1680103015340 0.0302734375 0
1680103025773 0.0302734375 0
1680103036047 0.0310546875 0
1680103046252 0.030078125 0
1680103056642 0.0302734375 0
1680103067015 0.031640625 0
1680103077204 0.030859375 0
1680103118245 0.027712264150943397 0
1680103128612 0.02790880503144654 0
1680103139157 0.02830188679245283 0
1680103149672 0.027712264150943397 0
1680103159934 0.02830188679245283 0
1680103170403 0.02692610062893082 0
1680103180859 0.02830188679245283 0
1680103191449 0.02790880503144654 0
1680103201980 0.02830188679245283 0
1680103212378 0.027712264150943397 0
1680103254680 0.026009316770186336 0
1680103265038 0.026203416149068324 0
1680103275677 0.026397515527950312 0
1680103286119 0.026979813664596272 0
1680103296501 0.026397515527950312 0
1680103306941 0.026203416149068324 0
1680103317294 0.026785714285714284 0
1680103327937 0.026979813664596272 0
1680103338577 0.026397515527950312 0
1680103349248 0.026785714285714284 0
1680103391791 0.02353639240506329 0
1680103402229 0.0245253164556962 0
1680103412566 0.0245253164556962 0
1680103423057 0.0245253164556962 0
1680103433222 0.024129746835443038 0
1680103443497 0.02432753164556962 0
1680103454129 0.02333860759493671 0
1680103464544 0.02333860759493671 0
1680103474984 0.023734177215189875 0
1680103485284 0.02432753164556962 0
1680103528834 0.02333860759493671 0
1680103539218 0.022745253164556962 0
1680103549627 0.022943037974683545 0
1680103560296 0.023140822784810125 0
1680103570858 0.023140822784810125 0
1680103581345 0.022745253164556962 0
1680103591786 0.022745253164556962 0
1680103602280 0.022943037974683545 0
1680103612737 0.02333860759493671 0
1680103623112 0.022943037974683545 0
1680103667367 0.021162974683544302 0
1680103677789 0.021756329113924052 0
1680103688244 0.021360759493670885 0
1680103698604 0.021756329113924052 0
1680103708838 0.021756329113924052 0
1680103719111 0.022151898734177215 0
1680103729576 0.021756329113924052 0
1680103740076 0.02155854430379747 0
1680103750460 0.02155854430379747 0
1680103760838 0.021756329113924052 0
1680103806073 0.021026234567901234 0
1680103816888 0.020833333333333332 0
1680103827624 0.02141203703703704 0
1680103838291 0.021219135802469136 0
1680103849048 0.020640432098765434 0
1680103859481 0.021604938271604937 0
1680103869824 0.020640432098765434 0
1680103880170 0.020640432098765434 0
1680103890917 0.02025462962962963 0
1680103901621 0.02141203703703704 0
1680103947830 0.01999223602484472 0
1680103958384 0.019798136645962732 0
1680103968996 0.019604037267080744 0
1680103979439 0.019798136645962732 0
1680103989782 0.019604037267080744 0
1680104000512 0.019798136645962732 0
1680104011265 0.019409937888198756 0
1680104021978 0.019409937888198756 0
1680104032571 0.01999223602484472 0
1680104043152 0.019798136645962732 0
1680104089805 0.01867138364779874 0
1680104100180 0.018278301886792452 0
1680104110701 0.018474842767295597 0
1680104121018 0.018278301886792452 0
1680104131659 0.018278301886792452 0
1680104142135 0.01867138364779874 0
1680104152835 0.018474842767295597 0
1680104163180 0.018081761006289308 0
1680104173810 0.018474842767295597 0
1680104184418 0.017885220125786163 0
