1680100977069 74.3879390170332 0
1680101051355 73.73083316884004 0
1680101126544 74.68546773702838 0
1680101201377 74.30898386891931 0
1680101276181 74.27543344697915 0
1680101349808 73.08056588517502 0
1680101424725 74.38614114304073 0
1680101498495 73.24021836789325 0
1680101572549 73.53036956302822 0
1680101645442 72.35833580605686 0
1680101696559 9.738635658985004 0
1680101706320 9.515823822002858 0
1680101716379 9.813401923980564 0
1680101726426 9.802480231970549 0
1680101736215 9.533522855024785 0
1680101746329 9.855728560127318 0
1680101756400 9.831437745830044 0
1680101766453 9.790080894948915 0
1680101776390 9.665259286062792 0
1680101786589 9.914897705893964 0
1680101820827 9.73140136199072 0
1680101830889 9.80673823109828 0
1680101841178 10.015456408029422 0
1680101851236 9.793791148113087 0
1680101861511 10.00229639094323 0
1680101871573 9.789343353826553 0
1680101881800 9.957832718035206 0
1680101892023 9.96383637492545 0
1680101902021 9.747755813179538 0
1680101912280 9.999980055028573 0
1680101946745 9.784423256991431 0
1680101956776 9.762270878069103 0
1680101966683 9.681942309020087 0
1680101976714 9.760493470123038 0
1680101986904 9.906923540169373 0
1680101997253 10.095248633995652 0
1680102007570 10.035061630187556 0
1680102017867 10.014522810000926 0
1680102028018 9.890971776098013 0
1680102038234 9.938068805960938 0
1680102073293 9.973854095907882 0
1680102083537 9.988643690012395 0
1680102093732 9.92708586086519 0
1680102103591 9.599486062070355 0
1680102113798 9.943888691952452 0
1680102124086 10.019006342859939 0
1680102134124 9.754024815978482 0
1680102144217 9.811125959036872 0
1680102154219 9.726854189997539 0
1680102164660 10.153395403875038 0
1680102200614 10.133864605100825 0
1680102210820 9.936505798017606 0
1680102220944 9.851916117127985 0
1680102231189 9.952728691045195 0
1680102241351 9.883316627936438 0
1680102251622 9.994179670000449 0
1680102261675 9.776649153092876 0
1680102272010 10.072691202163696 0
1680102282282 10.003339343937114 0
1680102292388 9.830948645016178 0
1680102328756 10.089971783105284 0
1680102339096 10.104808416916057 0
1680102349327 9.945985014084727 0
1680102359612 10.038315766025335 0
1680102369729 9.842826093081385 0
1680102379806 9.795414831023663 0
1680102390124 10.045684254029766 0
1680102400466 10.056528675137088 0
1680102411001 10.236733152065426 0
1680102421271 9.990076097892597 0
1680102458534 10.144003883004189 0
1680102468850 10.021590843098238 0
1680102479140 10.009884676896036 0
1680102489304 9.873692932073027 0
1680102499795 10.236832450143993 0
1680102510153 10.068383174017072 0
1680102520372 9.954778331099078 0
1680102530598 9.978019047994167 0
1680102540672 9.786949094152078 0
1680102551050 10.087176364148036 0
1680102588715 9.72892483486794 0
1680102599011 10.020632755942643 0
1680102609279 9.983844706090167 0
1680102619629 10.072678080992773 0
1680102629837 9.92942916881293 0
1680102640104 9.9732793669682 0
1680102650438 10.048555048182607 0
1680102660712 9.986092215171084 0
1680102670674 9.677762289065868 0
1680102680887 9.941013511037454 0
1680102719246 9.73203043313697 0
1680102729468 9.945363211911172 0
1680102739664 9.916798320831731 0
1680102749833 9.87125574122183 0
1680102759996 9.886227298993617 0
1680102770198 9.933081019902602 0
1680102780494 10.025374298915267 0
1680102790803 10.027356140082702 0
1680102801239 10.136151645099744 0
1680102811711 10.184727668995038 0
1680102851418 10.092864484060556 0
1680102861664 9.96128595713526 0
1680102872119 10.167532970197499 0
1680102882599 10.22214196389541 0
1680102893005 10.118270031875 0
1680102903219 9.93766506202519 0
1680102913729 10.21106192516163 0
1680102923979 9.958856340963393 0
1680102934438 10.167937209131196 0
1680102944835 10.116032924037427 0
1680102984548 10.285417414968833 0
1680102994718 9.89605592098087 0
1680103005032 10.057933078845963 0
1680103015361 10.05293600494042 0
1680103025806 10.15032405895181 0
1680103036069 9.979582127882168 0
1680103046278 9.94505879492499 0
1680103056674 10.103549035033211 0
1680103067046 10.077942017000169 0
1680103077222 9.892698863055557 0
1680103118262 9.937198140891269 0
1680103128642 10.109407213050872 0
1680103139189 10.238039075862616 0
1680103149715 10.19372912007384 0
1680103159954 9.93965640803799 0
1680103170425 10.181106426985934 0
1680103180900 10.170621395111084 0
1680103191473 10.268233210081235 0
1680103201995 10.242504295893013 0
1680103212398 10.098457287997007 0
1680103254708 10.390310370130464 0
1680103265059 10.068800423992798 0
1680103275720 10.34410778596066 0
1680103286141 10.130753300152719 0
1680103296529 10.079428708879277 0
1680103306976 10.13459289795719 0
1680103317309 10.042515877867118 0
1680103327960 10.366079952102154 0
1680103338618 10.361613632878289 0
1680103349282 10.359113736078143 0
1680103391812 9.952055796049535 0
1680103402271 10.151922482997179 0
1680103412598 10.02568242396228 0
1680103423093 10.173419774975628 0
1680103433244 9.869153840932995 0
1680103443517 9.977838410064578 0
1680103454150 10.34623889811337 0
1680103464562 10.118525746045634 0
1680103475005 10.153140282956883 0
1680103485302 10.013794380007312 0
1680103528850 10.23366559902206 0
1680103539263 10.091930988011882 0
1680103549663 10.1071379291825 0
1680103560317 10.368336346931756 0
1680103570881 10.242193347075954 0
1680103581364 10.18955944199115 0
1680103591814 10.130179166793823 0
1680103602307 10.201633765129372 0
1680103612758 10.169789948966354 0
1680103623138 10.081339990021661 0
1680103667382 10.061373404925689 0
1680103677811 10.143275551963598 0
1680103688277 10.140310597838834 0
1680103698625 10.08154899906367 0
1680103708871 9.931243788916618 0
1680103719142 9.961526205996051 0
1680103729596 10.178025864996016 0
1680103740096 10.200614703819156 0
1680103750498 10.091836035018787 0
1680103760856 10.067414591088891 0
1680103806094 10.322685696883127 0
1680103816914 10.513929095119238 0
1680103827646 10.432855428894982 0
1680103838336 10.367605380015448 0
1680103849069 10.423150789923966 0
1680103859508 10.125131477834657 0
1680103869852 10.034107877872884 0
1680103880191 10.050339102046564 0
1680103890937 10.441090947017074 0
1680103901649 10.414758618921041 0
1680103947863 10.278905306011438 0
1680103958420 10.239199311006814 0
1680103969029 10.306668856181204 0
1680103979460 10.126307126134634 0
1680103989804 10.038917252793908 0
1680104000543 10.420010013971478 0
1680104011299 10.459728717105463 0
1680104022008 10.391864417819306 0
1680104032607 10.274681819137186 0
1680104043178 10.254769857041538 0
1680104089826 10.042433773865923 0
1680104100217 10.077599599026144 0
1680104110721 10.200634933076799 0
1680104121051 10.026021713856608 0
1680104131678 10.3330369789619 0
1680104142158 10.185858701122925 0
1680104152884 10.379479497205466 0
1680104163215 10.012662469875067 0
1680104173848 10.312507579103112 0
1680104184452 10.29125677398406 0
