1679453185619 4.483566017006524 0
1679453188641 2.8309731950284913 0
1679453193200 4.392023812048137 0
1679453197619 4.254626831971109 0
1679453201644 3.860177535098046 0
1679453206275 4.455546210985631 0
1679453210219 3.8052823309553787 0
1679453214332 3.9718206499237567 0
1679453218470 3.836782946018502 0
1679453222772 4.152889422955923 0
1679453240134 5.902727216016501 0
1679453246439 6.193410667940043 0
1679453252719 6.173262243974023 0
1679453258780 5.8935139160603285 0
1679453265028 6.138501983019523 0
1679453271044 5.916830027010292 0
1679453275713 4.542049675947055 0
1679453282559 6.719394959975034 0
1679453288521 5.842090115998872 0
1679453294170 5.5240002810023725 0
1679453314548 8.634787022019736 0
1679453322675 7.997243828023784 0
1679453331081 8.27897888503503 0
1679453339451 8.251914912951179 0
1679453347613 8.02293528500013 0
1679453355800 8.062492848956026 0
1679453364060 8.13666410499718 0
1679453372544 8.355060189962387 0
1679453381071 8.406074478989467 0
1679453389316 8.123642534948885 0
1679453409920 8.480094967992045 0
1679453418222 8.194837181945331 0
1679453426612 8.2441362880636 0
1679453435076 8.342741013970226 0
1679453443086 7.895667564007454 0
1679453451748 8.530935576069169 0
1679453459999 8.105395182967186 0
1679453468359 8.194085760973394 0
1679453476643 8.166482708998956 0
1679453484936 8.169760718941689 0
1679453504621 7.740389539045282 0
1679453513000 8.26000180398114 0
1679453521096 7.971333767985925 0
1679453529346 8.10278159705922 0
1679453537807 8.334132292075083 0
1679453546212 8.289085233933292 0
1679453554578 8.22971556300763 0
1679453562537 7.822981282952242 0
1679453570418 7.761662047007121 0
1679453578843 8.296717429999262 0
1679453599696 8.326331789954565 0
1679453607877 8.061766122002155 0
1679453616469 8.472639922052622 0
1679453624686 8.098726911004633 0
1679453632930 8.075284728081897 0
1679453641244 8.160530576016754 0
1679453649694 8.317466437001713 0
1679453658237 8.402286261087283 0
1679453666657 8.308563929982483 0
1679453674893 8.1034430579748 0
1679453694605 7.890059649944305 0
1679453702598 7.87816878198646 0
1679453710974 8.238320300006308 0
1679453719588 8.42855240602512 0
1679453727810 8.0939191209618 0
1679453736135 8.202689388999715 0
1679453744641 8.37210609903559 0
1679453752607 7.840956377098337 0
1679453760997 8.263420731993392 0
1679453768930 7.798989318078384 0
1679453789689 8.027744401944801 0
1679453798197 8.378616416011937 0
1679453806310 7.970341750071384 0
1679453813833 7.405151905957609 0
1679453822274 8.307853937032633 0
1679453830000 7.520846600993536 0
1679453838651 8.520911145955324 0
1679453846922 8.150670119910501 0
1679453855332 8.25172261602711 0
1679453863647 8.185225625988096 0
1679453884591 7.856609126087278 0
1679453892632 7.9020926299272105 0
1679453901098 8.342248084954917 0
1679453909382 8.159833465935662 0
1679453917687 8.176709148101509 0
1679453925926 8.11027844203636 0
1679453934327 8.266424634959549 0
1679453942706 8.238630235078745 0
1679453949859 7.021310915006325 0
1679453958578 8.568360575009137 0
1679453979350 7.968964552972466 0
1679453987870 8.394362214952707 0
1679453996185 8.165401338017546 0
1679454004522 8.183498380938545 0
1679454012865 8.215289787040092 0
1679454020300 7.3059844970703125 0
1679454028909 8.479711288935505 0
1679454036915 7.878425783943385 0
1679454045431 8.382845037966035 0
1679454053759 8.203506559017114 0
1679454075724 8.397371319006197 0
1679454083990 8.147368010948412 0
1679454092006 7.864142508013174 0
1679454100994 8.860828022938222 0
1679454108807 7.658893808024004 0
1679454117113 8.163971633068286 0
1679454125660 8.41399293707218 0
1679454133813 8.01840237993747 0
1679454142060 8.108516869018786 0
1679454150775 8.56378878094256 0
1679454171708 7.337027054978535 0
1679454179779 7.9232803620398045 0
1679454188159 8.243646310991608 0
1679454196745 8.439576158998534 0
1679454204943 8.05490574799478 0
1679454213664 8.58351027907338 0
1679454222107 8.318758597015403 0
1679454230704 8.422975950990804 0
1679454239393 8.547295212978497 0
1679454246445 6.907105878926814 0
1679454268948 8.334783421014436 0
1679454277389 8.30702322605066 0
1679454285648 8.10027098795399 0
1679454293920 8.137021193979308 0
1679454302428 8.37613167904783 0
1679454310834 8.27805568499025 0
1679454318985 8.001658842898905 0
1679454326396 7.244393937988207 0
1679454334618 8.074995351023972 0
1679454343266 8.392017452046275 0
1679454365668 8.181401042966172 0
1679454374276 8.452332592918538 0
1679454382534 8.099972677999176 0
1679454390547 7.856770185055211 0
1679454398282 7.56404938804917 0
1679454405998 7.57053999195341 0
1679454413834 7.675109890988097 0
1679454422106 8.013211976969615 0
1679454430396 8.155061668949202 0
1679454438678 8.138819313957356 0
1679454461572 8.277571517042816 0
1679454469964 8.234779615071602 0
1679454478364 8.265899995923974 0
1679454485465 6.970761507982388 0
1679454494169 8.547786745941266 0
1679454502133 7.828782860073261 0
1679454510894 8.601224932004698 0
1679454519237 8.209888649987988 0
1679454527432 8.042004048940726 0
1679454535729 8.150847516022623 0
1679454559479 8.325098337023519 0
1679454566456 6.826240495080128 0
1679454575095 8.51109272800386 0
1679454583227 7.904978843987919 0
1679454591847 8.448923744028434 0
1679454600054 8.06330858101137 0
1679454608448 8.232972446014173 0
1679454616621 7.945338818011805 0
1679454624939 8.179305462981574 0
1679454633287 8.190921508008614 0
1679454655977 7.193142809905112 0
1679454664270 8.156482480000705 0
1679454672621 8.193248340045102 0
1679454681027 8.257992187980562 0
1679454689329 8.154718910926022 0
1679454697620 8.153281205915846 0
1679454705828 8.072156703914516 0
1679454714097 8.097210805979557 0
1679454722486 8.258178212912753 0
1679454730818 8.196544970967807 0
1679454755292 8.142589939991012 0
1679454763710 8.280789906042628 0
1679454771957 8.0998780609807 0
1679454780388 8.269943518913351 0
1679454788757 8.207751780049875 0
1679454797117 8.223671817104332 0
1679454805449 8.198119558976032 0
1679454813804 8.201502398005687 0
1679454822273 8.318571612937376 0
1679454830774 8.342655419022776 0
1679454855592 8.122632776969112 0
1679454863972 8.236624062992632 0
1679454872272 8.141675126040354 0
1679454880660 8.220137557946146 0
1679454888953 8.119808405986987 0
1679454897275 8.163084028987214 0
1679454905814 8.362498497008346 0
1679454914078 8.09680084104184 0
1679454922437 8.216116114053875 0
1679454930823 8.206132477964275 0
1679454956324 8.227798989973962 0
1679454964784 8.31165238597896 0
1679454973150 8.204821746097878 0
1679454981586 8.246813278994523 0
1679454989899 8.146569450036623 0
1679454998278 8.20386678504292 0
1679455006614 8.183454534038901 0
1679455015011 8.24126569496002 0
1679455023199 8.046603352064267 0
1679455031614 8.262606413918547 0
