1679453185614 0.29359106567377846 0
1679453188635 0.13766795282976496 0
1679453193191 0.09335202696319256 0
1679453197611 0.05860369893877457 0
1679453201639 0.0774311433520375 0
1679453206266 0.0401665025520035 0
1679453210213 0.035219122968717584 0
1679453214327 0.07428340522261957 0
1679453218462 0.03365073791355826 0
1679453222764 0.01758722445220984 0
1679453240128 0.35217103130426186 0
1679453246435 0.07760958280864412 0
1679453252714 0.05030333080891909 0
1679453258771 0.10732759062273439 0
1679453265022 0.05607309290180597 0
1679453271039 0.05446881503385932 0
1679453275707 0.034642513554270324 0
1679453282552 0.02014438874462107 0
1679453288514 0.015803620980777533 0
1679453294165 0.022355059720190036 0
1679453314541 0.2729786178881388 0
1679453322665 0.06389369196117554 0
1679453331074 0.049609831185360206 0
1679453339445 0.050783447527141604 0
1679453347606 0.020830100268852948 0
1679453355792 0.017045302573966265 0
1679453364056 0.04071728115690191 0
1679453372531 0.019512578952373277 0
1679453381066 0.017606718922749946 0
1679453389310 0.009820025721445776 0
1679453409913 0.24817880403611425 0
1679453418217 0.1780192717374848 0
1679453426604 0.04493530591846012 0
1679453435070 0.01489384322939765 0
1679453443080 0.035699106725151024 0
1679453451742 0.024837276406932392 0
1679453459989 0.0072353393689635935 0
1679453468352 0.011563403179577538 0
1679453476638 0.005259805905456909 0
1679453484931 0.01355494977147693 0
1679453504615 0.33603943293571953 0
1679453512995 0.1376005040737131 0
1679453521090 0.05145060005897911 0
1679453529340 0.034121880611237075 0
1679453537802 0.036980886798697786 0
1679453546206 0.018250614061491224 0
1679453554570 0.015835846656081003 0
1679453562530 0.012673047685649445 0
1679453570412 0.016263369939090562 0
1679453578836 0.01846209265800958 0
1679453599687 0.3115648961745932 0
1679453607871 0.15384683874680435 0
1679453616464 0.0426033268525453 0
1679453624681 0.023530097669045923 0
1679453632918 0.018248911682451605 0
1679453641238 0.007757528531970097 0
1679453649685 0.016947140227162837 0
1679453658226 0.054764169848101715 0
1679453666651 0.015404509271857573 0
1679453674886 0.029249585718277366 0
1679453694599 0.2641322132999796 0
1679453702592 0.10053367908121552 0
1679453710967 0.050094982610214465 0
1679453719581 0.012888246941827875 0
1679453727804 0.010626471198551438 0
1679453736129 0.01548400567332843 0
1679453744633 0.02468463280689422 0
1679453752601 0.002702832038246889 0
1679453760991 0.008732472516295805 0
1679453768924 0.017060820234348458 0
1679453789684 0.3003394315048741 0
1679453798191 0.10630508263874386 0
1679453806301 0.04215906370759123 0
1679453813828 0.02268595730692993 0
1679453822267 0.020405194310835924 0
1679453829992 0.021244709970408306 0
1679453838642 0.021377338967100257 0
1679453846917 0.019871911361749844 0
1679453855320 0.005416452296780384 0
1679453863641 0.006806743051101052 0
1679453884584 0.3063380682869955 0
1679453892623 0.0788878970625575 0
1679453901092 0.024372538906550754 0
1679453909374 0.01783798833152288 0
1679453917681 0.021143014571151007 0
1679453925921 0.030473817453626626 0
1679453934321 0.04163109043114099 0
1679453942697 0.023446398841791786 0
1679453949852 0.007533801558957448 0
1679453958571 0.004347856741191776 0
1679453979342 0.2872485604290121 0
1679453987864 0.07685008658038606 0
1679453996172 0.03155401727880667 0
1679454004513 0.023809054051614396 0
1679454012860 0.017930359019053172 0
1679454020293 0.029214631285107973 0
1679454028901 0.02987994364769851 0
1679454036902 0.01931808597800141 0
1679454045425 0.005994504537638484 0
1679454053752 0.0035486521045868242 0
1679454075717 0.22955572774198413 0
1679454083984 0.06805214872491169 0
1679454091995 0.01365489041894611 0
1679454100988 0.009540860329801854 0
1679454108799 0.0059263840359768585 0
1679454117106 0.023958823252552885 0
1679454125653 0.022645015153367927 0
1679454133806 0.010543187895982829 0
1679454142050 0.027450767700924424 0
1679454150768 0.008416364209488256 0
1679454171696 0.31116150301825546 0
1679454179769 0.12741706591613963 0
1679454188149 0.048604973284059105 0
1679454196737 0.030415624824971357 0
1679454204936 0.02274499919363232 0
1679454213657 0.01988671482762551 0
1679454222100 0.028831825981218997 0
1679454230689 0.023845558417689254 0
1679454239386 0.017360707899765824 0
1679454246434 0.01049081792902334 0
1679454268942 0.30606055509033187 0
1679454277382 0.08856807151481855 0
1679454285636 0.029942024765048748 0
1679454293913 0.01238299146660441 0
1679454302421 0.011416002170622276 0
1679454310827 0.01011799289778336 0
1679454318975 0.010018352222837432 0
1679454326385 0.013757357328929128 0
1679454334608 0.011094121746125075 0
1679454343258 0.030339607601591562 0
1679454365658 0.34032597485587374 0
1679454374268 0.1669561334959204 0
1679454382520 0.04342008226487721 0
1679454390536 0.02256343752076824 0
1679454398274 0.012861245484169257 0
1679454405990 0.01718704911622485 0
1679454413823 0.017605248270856185 0
1679454422098 0.02289598694987031 0
1679454430389 0.019533669492920874 0
1679454438666 0.008115865909147974 0
1679454461563 0.28502505792799143 0
1679454469953 0.1101739915914744 0
1679454478356 0.02988059008213856 0
1679454485458 0.008340276784173309 0
1679454494158 0.007844774359847496 0
1679454502120 0.015902567861293605 0
1679454510879 0.01186921212089645 0
1679454519230 0.012598691508026488 0
1679454527421 0.023639031459218036 0
1679454535713 0.017620132183955427 0
1679454559470 0.26861806927476356 0
1679454566444 0.09987119124948345 0
1679454575088 0.031145312002606527 0
1679454583218 0.016320642493018532 0
1679454591840 0.015522669304392424 0
1679454600046 0.013131710596061517 0
1679454608435 0.009293008092288422 0
1679454616605 0.008455482121896183 0
1679454624931 0.019831900078313508 0
1679454633270 0.015780945999294683 0
1679454655966 0.30086476838251364 0
1679454664262 0.08626348389571634 0
1679454672610 0.026432849289189483 0
1679454681015 0.012720832081341856 0
1679454689317 0.009314076544890257 0
1679454697613 0.011677471294811182 0
1679454705820 0.02073546631581867 0
1679454714085 0.015425201264983044 0
1679454722479 0.03486715791735346 0
1679454730811 0.02592515874405582 0
1679454755276 0.3617569852021108 0
1679454763703 0.12902084818325743 0
1679454771945 0.03715531591672811 0
1679454780378 0.030635524224466335 0
1679454788748 0.02335966298415044 0
1679454797109 0.025871450073416614 0
1679454805439 0.014858615167139357 0
1679454813795 0.014691280525064472 0
1679454822262 0.012281758947450693 0
1679454830765 0.013196736359022123 0
1679454855573 0.3609423072788674 0
1679454863961 0.14230945933273256 0
1679454872261 0.03535308103367391 0
1679454880647 0.01681494158274431 0
1679454888942 0.008365779156676365 0
1679454897263 0.003882444174957893 0
1679454905793 0.007879217803913244 0
1679454914063 0.010345297638583342 0
1679454922429 0.007086883409265521 0
1679454930809 0.010161897130566167 0
1679454956309 0.3079030299722046 0
1679454964776 0.08182089500344415 0
1679454973141 0.029541762000172084 0
1679454981573 0.021827523986592347 0
1679454989891 0.02238840050054471 0
1679454998259 0.0222045833875869 0
1679455006606 0.01362346141371833 0
1679455015002 0.007203223584907628 0
1679455023191 0.02247616598356165 0
1679455031596 0.00885765162999089 0
