1679453185603 0.9145833333333333 0
1679453188630 0.9597222222222223 0
1679453193178 0.9722222222222222 0
1679453197600 0.9798611111111111 0
1679453201633 0.9763888888888889 0
1679453206258 0.9878472222222222 0
1679453210202 0.9857638888888889 0
1679453214317 0.9798611111111111 0
1679453218450 0.9881944444444445 0
1679453222753 0.9947916666666666 0
1679453240118 0.9145667932343804 0
1679453246425 0.9758370728339661 0
1679453252704 0.9846392820158785 0
1679453258758 0.9661719019675526 0
1679453265010 0.9830859509837763 0
1679453271035 0.9858474283741802 0
1679453275698 0.9903348291335865 0
1679453282541 0.9944770452191922 0
1679453288503 0.9953400069036935 0
1679453294155 0.9915429754918882 0
1679453314530 0.9444092693427883 0
1679453322653 0.9808788147397746 0
1679453331063 0.9854375079143979 0
1679453339434 0.9875902241357477 0
1679453347595 0.9931619602380651 0
1679453355782 0.9963277193871091 0
1679453364051 0.987970115233633 0
1679453372517 0.9939217424338357 0
1679453381056 0.9949347853615297 0
1679453389299 0.9977206534126883 0
1679453409902 0.9620012666244458 0
1679453418207 0.9631412286257125 0
1679453426592 0.9865737808739709 0
1679453435059 0.9956934768841038 0
1679453443069 0.9893603546548448 0
1679453451736 0.9929069031032299 0
1679453459976 0.9982267257758075 0
1679453468342 0.9968334388853705 0
1679453476627 0.9984800506649778 0
1679453484920 0.9965801139962002 0
1679453504604 0.940990249461821 0
1679453512985 0.9691021907053311 0
1679453521080 0.986957072305939 0
1679453529332 0.9894896796251741 0
1679453537792 0.9905027225528682 0
1679453546196 0.9937951120678739 0
1679453554560 0.9959478282892238 0
1679453562521 0.9963277193871091 0
1679453570401 0.9946815246296061 0
1679453578826 0.9965809801190325 0
1679453599677 0.9416234012916297 0
1679453607860 0.9644168671647461 0
1679453616453 0.9882233759655565 0
1679453624670 0.9920222869444093 0
1679453632904 0.9944282638976827 0
1679453641232 0.9975940230467266 0
1679453649673 0.9954413068253767 0
1679453658214 0.9840445738888185 0
1679453666640 0.9954413068253767 0
1679453674874 0.9931619602380651 0
1679453694588 0.9535148828372387 0
1679453702582 0.9766941101963268 0
1679453710956 0.987333755541482 0
1679453719573 0.9954401519949335 0
1679453727793 0.9975934135528816 0
1679453736118 0.9958201393286891 0
1679453744622 0.993666877770741 0
1679453752590 0.9992400253324889 0
1679453760980 0.9977200759974667 0
1679453768914 0.9956934768841038 0
1679453789678 0.9275490816972768 0
1679453798180 0.9703609879670677 0
1679453806287 0.987333755541482 0
1679453813817 0.9932868904369855 0
1679453822257 0.9941735275490817 0
1679453829980 0.9937935402153262 0
1679453838629 0.9940468651044965 0
1679453846906 0.9927802406586447 0
1679453855308 0.9982267257758075 0
1679453863630 0.9984800506649778 0
1679453884572 0.94884133215145 0
1679453892610 0.979612511080157 0
1679453901082 0.9922755476763327 0
1679453909361 0.9944282638976827 0
1679453917669 0.9931619602380651 0
1679453925910 0.991642395846524 0
1679453934311 0.9875902241357477 0
1679453942685 0.9932885906040269 0
1679453949841 0.9978472837786502 0
1679453958559 0.9991135874382677 0
1679453979330 0.946021287379625 0
1679453987854 0.9761784085149519 0
1679453996161 0.9906234161175874 0
1679454004499 0.9922706538266599 0
1679454012849 0.9940446021287379 0
1679454020282 0.9906234161175874 0
1679454028890 0.9920172326406488 0
1679454036890 0.9939178915357324 0
1679454045415 0.9980993411049164 0
1679454053741 0.9989863152559554 0
1679454075705 0.9626440420412815 0
1679454083977 0.9830315309611245 0
1679454091982 0.9965809801190325 0
1679454100982 0.9972141319488413 0
1679454108786 0.9987336963403824 0
1679454117094 0.9940483727997974 0
1679454125642 0.9941750031657591 0
1679454133794 0.9968342408509561 0
1679454142037 0.9927820691401799 0
1679454150756 0.9982271748765353 0
1679454171686 0.9319477886199468 0
1679454179757 0.9655303510328223 0
1679454188137 0.9847928019262451 0
1679454196726 0.9904955012039032 0
1679454204924 0.9923964009631225 0
1679454213646 0.9944240273729565 0
1679454222094 0.9918894943606641 0
1679454230671 0.9929033075655811 0
1679454239374 0.9944240273729565 0
1679454246421 0.9972120136864783 0
1679454268930 0.9472683483331221 0
1679454277370 0.9751552795031055 0
1679454285621 0.9902395740905058 0
1679454293902 0.9964507542147294 0
1679454302410 0.9968310305488655 0
1679454310814 0.9967042717708201 0
1679454318962 0.9972113068830016 0
1679454326373 0.9972113068830016 0
1679454334597 0.997338065661047 0
1679454343244 0.9927747496514133 0
1679454365643 0.9353530231968564 0
1679454374257 0.9613385726961592 0
1679454382508 0.9866903283052352 0
1679454390523 0.9931550259855495 0
1679454398264 0.9960704778805932 0
1679454405979 0.9946761313220941 0
1679454413808 0.9949296488781848 0
1679454422087 0.9927747496514133 0
1679454430377 0.9948028901001394 0
1679454438658 0.9980986183293193 0
1679454461551 0.949461684610513 0
1679454469937 0.9721342621912603 0
1679454478347 0.9915136162127929 0
1679454485447 0.997846738442052 0
1679454494144 0.9981000633312223 0
1679454502108 0.9954401519949335 0
1679454510867 0.9968334388853705 0
1679454519219 0.9963267891070298 0
1679454527408 0.9921469284357188 0
1679454535702 0.9951868271057631 0
1679454559457 0.9458945767866194 0
1679454566431 0.974657881398885 0
1679454575076 0.9910035478966042 0
1679454583207 0.9960719716168271 0
1679454591828 0.9954384186517993 0
1679454600035 0.9964521033958439 0
1679454608419 0.9973390775468829 0
1679454616590 0.9970856563608718 0
1679454624920 0.9939178915357324 0
1679454633257 0.9953117080587938 0
1679454655943 0.9447331727722145 0
1679454664251 0.9790848016225123 0
1679454672587 0.9922677145392318 0
1679454680992 0.9964507542147294 0
1679454689295 0.997338065661047 0
1679454697601 0.9967042717708201 0
1679454705808 0.9940423374318672 0
1679454714067 0.995309925212321 0
1679454722467 0.9908733679807327 0
1679454730799 0.9937888198757764 0
1679454755263 0.9327422419252691 0
1679454763691 0.9655478150728309 0
1679454771922 0.9902469917669411 0
1679454780365 0.9913869537682077 0
1679454788737 0.9921469284357188 0
1679454797097 0.9934135528815706 0
1679454805428 0.9965801139962002 0
1679454813783 0.9964534515516149 0
1679454822239 0.9969601013299557 0
1679454830753 0.9970867637745409 0
1679454855547 0.9406317391855893 0
1679454863949 0.9620702778130154 0
1679454872237 0.9912469871876189 0
1679454880627 0.9947989344158316 0
1679454888922 0.9978434606114424 0
1679454897240 0.9994925789673982 0
1679454905769 0.9977166053532919 0
1679454914045 0.9975897500951414 0
1679454922417 0.9975897500951414 0
1679454930786 0.997462894836991 0
1679454956296 0.9428680010134279 0
1679454964763 0.9760577653914365 0
1679454973126 0.9920192551304788 0
1679454981552 0.9948061819103117 0
1679454989878 0.9931593615404104 0
1679454998240 0.9942994679503421 0
1679455006593 0.9972130732201672 0
1679455014988 0.9978464656701292 0
1679455023179 0.9958196098302509 0
1679455031576 0.9977197871801368 0
