1672943356372 0.9112633181126332 0
1672943360752 0.9643835616438357 0
1672943365043 0.9866057838660578 0
1672943369408 0.9863013698630136 0
1672943373733 0.9955859969558599 0
1672943475972 0.96835931470906 0
1672943480419 0.9952153110047847 0
1672943484803 0.9922827596851366 0
1672943489235 0.9950609661984874 0
1672943493636 0.993054483716623 0
1672943596384 0.9657354530020065 0
1672943600858 0.9890415187528939 0
1672943605299 0.9969131038740546 0
1672943609747 0.9956783454236765 0
1672943614164 0.9989195863559192 0
1672943716013 0.9410402839944436 0
1672943719722 0.9950609661984874 0
1672943724127 0.991356690847353 0
1672943728573 0.9929001389103257 0
1672943732995 0.9998456551937027 0
1672943836742 0.8742089828677265 0
1672943841127 0.9882697947214076 0
1672943845509 0.9956783454236765 0
1672943849920 0.9964500694551628 0
1672943854316 0.9972217934866492 0
1672943958268 0.8414878839327057 0
1672943962668 0.972372279672789 0
1672943967047 0.9839481401450841 0
1672943971351 0.9949066213921901 0
1672943975752 0.9955240006173792 0
1672944080220 0.839944435869733 0
1672944084518 0.981015588825436 0
1672944088766 0.9898132427843803 0
1672944093212 0.9990739311622164 0
1672944097648 0.9992282759685137 0
1672944200974 0.8634048464269177 0
1672944204713 0.9797808303750579 0
1672944209119 0.9925914492977311 0
1672944213561 0.9941348973607038 0
1672944217990 0.993054483716623 0
1672944322626 0.8337706436178423 0
1672944327053 0.9706744868035191 0
1672944331510 0.9895045531717858 0
1672944335928 0.9878067603025158 0
1672944340382 0.9915110356536503 0
1672944442962 0.841642228739003 0
1672944447383 0.9814786232443278 0
1672944451824 0.9927457941040284 0
1672944456320 0.9952153110047847 0
1672944460446 0.9975304830992437 0
