1672943356391 4.3709099820007395 0
1672943360760 4.216678434000642 0
1672943365063 4.1389879639991705 0
1672943369427 4.209868296999048 0
1672943373753 4.179638522999085 0
1672943475980 4.231317530999149 0
1672943480439 4.294770838001568 0
1672943484823 4.206115396000314 0
1672943489243 4.2467365940010495 0
1672943493656 4.239936811998632 0
1672943596392 4.346962527000869 0
1672943600879 4.296211606000725 0
1672943605319 4.251113397000154 0
1672943609767 4.273033874998873 0
1672943614184 4.233699603999412 0
1672943716021 4.181962562999615 0
1672943719742 3.5349818539998523 0
1672943724147 4.236470929999996 0
1672943728593 4.263388229999691 0
1672943733016 4.256226014000276 0
1672943836763 4.1700686370004405 0
1672943841136 4.213268411000172 0
1672943845529 4.2179608900005405 0
1672943849941 4.244754938999904 0
1672943854337 4.22466263699971 0
1672943958277 4.302160844999889 0
1672943962689 4.227984495999408 0
1672943967068 4.202047967999533 0
1672943971372 4.140436480000062 0
1672943975773 4.221403424999153 0
1672944080242 4.195101582999996 0
1672944084539 4.106653943999845 0
1672944088787 4.051234557000498 0
1672944093233 4.264389807000043 0
1672944097670 4.241978508998727 0
1672944200984 4.274428635999357 0
1672944204734 3.5654543660002673 0
1672944209141 4.2234771870007535 0
1672944213582 4.2526684000004025 0
1672944218012 4.233685062001314 0
1672944322648 3.626025933999699 0
1672944327075 4.251891878999231 0
1672944331520 4.2603537869999855 0
1672944335950 4.236245843001598 0
1672944340404 4.253255560999605 0
1672944442984 4.2642926150001585 0
1672944447394 4.245434991000366 0
1672944451846 4.262483392998547 0
1672944456343 4.3013376479993894 0
1672944460468 3.940919329999815 0
