1679771739689 0.9802975900681596 0
1679771802900 0.9962420886075949 0
1679771866246 0.9970180136319376 0
1679771929794 0.9968658714703018 0
1679771993168 0.998722005842259 0
1679772056240 0.9973375121713729 0
1679772119220 0.9984025073028238 0
1679772182840 0.9982655793573515 0
1679772246704 0.9989197906523856 0
1679772309908 0.9988132911392406 0
1679772368456 0.94975 0
1679772406622 0.9972 0
1679772445279 0.9978 0
1679772483674 0.99925 0
1679772522358 0.99715 0
1679772561071 0.9996 0
1679772602402 0.99915 0
1679772640429 0.99815 0
1679772678355 0.9996 0
1679772717088 0.9984 0
1679772778020 0.91375 0
1679772816744 0.9926 0
1679772855094 0.9963 0
1679772894136 0.99715 0
1679772934251 0.99665 0
1679772972873 0.99825 0
1679773012250 0.99595 0
1679773051410 0.9984 0
1679773090604 0.9989 0
1679773129066 0.99865 0
1679773190942 0.8756 0
1679773229788 0.98575 0
1679773268770 0.9938 0
1679773308118 0.9933 0
1679773347503 0.997 0
1679773387325 0.99365 0
1679773426272 0.99505 0
1679773466684 0.9988 0
1679773505956 0.99805 0
1679773545670 0.9957 0
1679773608723 0.84695 0
1679773647733 0.9836 0
1679773687641 0.99205 0
1679773727689 0.99425 0
1679773766963 0.9923 0
1679773805434 0.997 0
1679773844660 0.99615 0
1679773883364 0.995 0
1679773923598 0.99845 0
1679773962845 0.99605 0
1679774027157 0.8062 0
1679774065668 0.9762 0
1679774104143 0.98685 0
1679774142839 0.99085 0
1679774182940 0.9933 0
1679774223678 0.993 0
1679774263054 0.9959 0
1679774302980 0.99355 0
1679774341938 0.9941 0
1679774380902 0.99565 0
1679774447723 0.78345 0
1679774488030 0.9628 0
1679774527301 0.98145 0
1679774567377 0.98915 0
1679774606475 0.9901 0
1679774645510 0.9906 0
1679774684662 0.993 0
1679774723913 0.99215 0
1679774763557 0.9945 0
1679774802953 0.993 0
1679774872015 0.74445 0
1679774911968 0.9597 0
1679774950962 0.9809 0
1679774990757 0.98535 0
1679775029719 0.98995 0
1679775069687 0.9932 0
1679775108924 0.99035 0
1679775148868 0.99185 0
1679775190579 0.99335 0
1679775229209 0.9921 0
1679775300227 0.75445 0
1679775339754 0.9704 0
1679775378822 0.98525 0
1679775420058 0.9894 0
1679775459216 0.9914 0
1679775499288 0.99 0
1679775538246 0.9951 0
1679775576999 0.99245 0
1679775616096 0.99315 0
1679775655371 0.9933 0
1679775727068 0.68495 0
1679775767856 0.95925 0
1679775807222 0.9797 0
1679775847336 0.98945 0
1679775886942 0.98795 0
1679775926778 0.9899 0
1679775966185 0.99025 0
1679776005837 0.9929 0
1679776046277 0.99625 0
1679776085874 0.9891 0
1679776159708 0.69735 0
1679776198572 0.95235 0
1679776237633 0.97825 0
1679776277333 0.9853 0
1679776316679 0.98845 0
1679776355984 0.98905 0
1679776395584 0.9898 0
1679776435089 0.9882 0
1679776475080 0.9928 0
1679776515157 0.9938 0
1679776591269 0.7244 0
1679776630049 0.9449 0
1679776669794 0.97135 0
1679776708533 0.98235 0
1679776747623 0.9868 0
1679776787825 0.9877 0
1679776827107 0.98615 0
1679776866323 0.9907 0
1679776905866 0.9937 0
1679776945315 0.99095 0
1679777023904 0.631 0
1679777063843 0.91775 0
1679777103437 0.96195 0
1679777143473 0.97605 0
1679777183703 0.9813 0
1679777223171 0.98335 0
1679777262953 0.985 0
1679777302225 0.9899 0
1679777341395 0.9874 0
1679777380623 0.98925 0
1679777460943 0.63145 0
1679777499762 0.9151 0
1679777539631 0.9632 0
1679777579433 0.9763 0
1679777618750 0.97995 0
1679777657775 0.98365 0
1679777697103 0.9858 0
1679777736461 0.9872 0
1679777775103 0.988 0
1679777814542 0.98925 0
1679777897170 0.66275 0
1679777940025 0.91375 0
1679777978951 0.96385 0
1679778018659 0.9741 0
1679778058173 0.98125 0
1679778097555 0.98415 0
1679778138198 0.98835 0
1679778178632 0.9882 0
1679778218594 0.98505 0
1679778257725 0.98865 0
1679778341695 0.5966 0
1679778381883 0.87905 0
1679778422037 0.94525 0
1679778462382 0.96545 0
1679778502894 0.9726 0
1679778543490 0.97955 0
1679778583221 0.9833 0
1679778622459 0.98 0
1679778662502 0.98375 0
1679778702930 0.98155 0
1679778789294 0.5489 0
1679778829126 0.846 0
1679778868763 0.93235 0
1679778909682 0.9616 0
1679778950262 0.9722 0
1679778991209 0.9753 0
1679779030538 0.97755 0
1679779070428 0.9787 0
1679779110910 0.98275 0
1679779151284 0.982 0
1679779240322 0.5859 0
1679779280790 0.8622 0
1679779320641 0.93445 0
1679779360822 0.9636 0
1679779400346 0.97405 0
1679779440683 0.97725 0
1679779480138 0.97685 0
1679779519754 0.9823 0
1679779559387 0.98445 0
1679779598957 0.98635 0
1679779689935 0.5551 0
1679779730121 0.84055 0
1679779770389 0.9302 0
1679779810315 0.9619 0
1679779850138 0.9718 0
1679779890125 0.97755 0
1679779930722 0.97775 0
1679779970595 0.97905 0
1679780011806 0.98265 0
1679780051844 0.98145 0
1679780144844 0.53935 0
1679780185592 0.84555 0
1679780225044 0.9301 0
1679780265247 0.96235 0
1679780305686 0.9711 0
1679780345037 0.97755 0
1679780384721 0.977 0
1679780424814 0.97905 0
1679780464462 0.982 0
1679780505357 0.98565 0
