1679771739699 0.06066032910192754 0
1679771802912 0.014587830156740303 0
1679771866257 0.011717877575760571 0
1679771929805 0.010831026117870428 0
1679771993179 0.0045369276053114325 0
1679772056252 0.011153105404392452 0
1679772119230 0.006121294934769747 0
1679772182851 0.00588050029998765 0
1679772246715 0.00389165053896713 0
1679772309920 0.004636557286268188 0
1679772368471 0.4263813128649257 0
1679772406633 0.01062274156420317 0
1679772445298 0.007360989228533435 0
1679772483687 0.0025254935159611707 0
1679772522368 0.013085195084416683 0
1679772561083 0.001444819150727335 0
1679772602413 0.0037659683967927664 0
1679772640439 0.005674898578955662 0
1679772678366 0.001573414777439831 0
1679772717101 0.0050174545306870075 0
1679772778032 0.5531038564531132 0
1679772816756 0.027016668063099495 0
1679772855107 0.013604220828705002 0
1679772894147 0.010244149656160153 0
1679772934261 0.011121175914839842 0
1679772972885 0.007807774422273178 0
1679773012265 0.013703646665368432 0
1679773051417 0.00481793518694285 0
1679773090617 0.003955683226359372 0
1679773129078 0.004864970029751754 0
1679773190953 0.6990290754873305 0
1679773229800 0.04623665527293924 0
1679773268783 0.020692420359840615 0
1679773308129 0.022746273979695978 0
1679773347516 0.010312161912459851 0
1679773387335 0.023518335310601834 0
1679773426283 0.015756560118973358 0
1679773466696 0.003907455174129427 0
1679773505968 0.006790128612231638 0
1679773545681 0.01786762492840826 0
1679773608735 0.8047679262131453 0
1679773647747 0.05664428692488 0
1679773687652 0.02629363823675085 0
1679773727695 0.018388311871892073 0
1679773766979 0.023655784098053117 0
1679773805446 0.009452496063194121 0
1679773844671 0.012827969812965603 0
1679773883374 0.01777767648062436 0
1679773923610 0.005599015577093814 0
1679773962857 0.013290909892356284 0
1679774027170 0.9586600514441729 0
1679774065681 0.07516754174400121 0
1679774104154 0.041766981788724664 0
1679774142849 0.02996889102219138 0
1679774182951 0.022156244158331537 0
1679774223689 0.023661611504835308 0
1679774263067 0.013793218281783629 0
1679774302993 0.02082589834298997 0
1679774341951 0.02042415046107926 0
1679774380913 0.014426966466537124 0
1679774447735 1.0505545735746622 0
1679774488041 0.11797621311582625 0
1679774527313 0.05997618224006146 0
1679774567390 0.034991688702558164 0
1679774606489 0.03020010158540681 0
1679774645522 0.02757869479628571 0
1679774684675 0.021282222776667914 0
1679774723926 0.024313342447468314 0
1679774763573 0.01793608652757248 0
1679774802964 0.02436948277010233 0
1679774872027 1.300560111439228 0
1679774911977 0.12790593152046204 0
1679774950974 0.060437395660672334 0
1679774990770 0.045963355447305364 0
1679775029733 0.032310502691473814 0
1679775069702 0.02058621125628124 0
1679775108941 0.031124245875841006 0
1679775148879 0.026703376528946682 0
1679775190592 0.01945648143041035 0
1679775229221 0.02613485707604268 0
1679775300241 1.2896222571015359 0
1679775339764 0.09519297148659825 0
1679775378833 0.045533544353209436 0
1679775420071 0.03408857725197449 0
1679775459228 0.026033210378861985 0
1679775499301 0.034387327230983644 0
1679775538260 0.015302700791272219 0
1679775577010 0.021013916756756953 0
1679775616109 0.022773684025995316 0
1679775655379 0.020711918884663463 0
1679775727081 1.5286789753437042 0
1679775767863 0.12385098505634815 0
1679775807233 0.059990224994160235 0
1679775847348 0.032550185418245385 0
1679775886954 0.03440095976286102 0
1679775926791 0.03138853875597706 0
1679775966196 0.02858136279823957 0
1679776005848 0.02236888680027623 0
1679776046292 0.011717694124278205 0
1679776085885 0.03653231645576889 0
1679776159722 1.3610437267243862 0
1679776198583 0.1467532090898603 0
1679776237645 0.06702133532576263 0
1679776277345 0.04403227304024622 0
1679776316691 0.037032425576471725 0
1679776355996 0.03346206210486125 0
1679776395595 0.03186046226379694 0
1679776435099 0.03322767542366346 0
1679776475090 0.022670107265480327 0
1679776515172 0.02075009746088763 0
1679776591281 1.3664215700626374 0
1679776630061 0.1675120830669999 0
1679776669809 0.08195899657458067 0
1679776708545 0.05202813675738871 0
1679776747645 0.040070909379655496 0
1679776787837 0.03580849498511525 0
1679776827118 0.03971782037989469 0
1679776866335 0.028735335627628956 0
1679776905879 0.018610745485062943 0
1679776945326 0.029183927590813254 0
1679777023914 1.5513633606433868 0
1679777063855 0.25313463618159293 0
1679777103447 0.11419851451031864 0
1679777143489 0.06916227378193289 0
1679777183721 0.053207453660201284 0
1679777223183 0.04776945771500468 0
1679777262965 0.04420120625684504 0
1679777302237 0.031676437851809895 0
1679777341408 0.03624660954461433 0
1679777380634 0.034170787587435913 0
1679777460954 1.626527584552765 0
1679777499776 0.2516394076049328 0
1679777539645 0.11088775290548801 0
1679777579445 0.07210663275625556 0
1679777618761 0.0587283853479661 0
1679777657786 0.04885573862204328 0
1679777697125 0.04201484600626863 0
1679777736476 0.037337520087428855 0
1679777775119 0.0349656250856584 0
1679777814554 0.0316396815423388 0
1679777897179 1.5070895443916321 0
1679777940042 0.2557992633402348 0
1679777978966 0.10626455461606384 0
1679778018679 0.07412796961888671 0
1679778058183 0.053215681643318385 0
1679778097568 0.04907596252807416 0
1679778138211 0.03597608788679354 0
1679778178650 0.03376027926306706 0
1679778218606 0.042526330172340386 0
1679778257737 0.0332965413597296 0
1679778341709 1.7405274577617644 0
1679778381895 0.358407813590765 0
1679778422045 0.16429164051413536 0
1679778462397 0.10192699739150703 0
1679778502906 0.07993276176638901 0
1679778543504 0.06131179546806961 0
1679778583239 0.046382708757929506 0
1679778622476 0.060277963266242296 0
1679778662514 0.044169031266029925 0
1679778702942 0.053329087516339496 0
1679778789307 1.8092829558849335 0
1679778829138 0.4516150169968605 0
1679778868777 0.20310364978015422 0
1679778909695 0.11566305596679449 0
1679778950278 0.08211318456418812 0
1679778991226 0.0730820569075644 0
1679779030550 0.06258625234980136 0
1679779070439 0.06055445709293708 0
1679779110920 0.05093202845617197 0
1679779151295 0.05268772328905761 0
1679779240335 1.7234576603412628 0
1679779280802 0.4089523114323616 0
1679779320652 0.19266577785015107 0
1679779360834 0.11181064222380518 0
1679779400358 0.07415584958568215 0
1679779440694 0.06612330755153671 0
1679779480150 0.06778316621221601 0
1679779519766 0.05790109145063907 0
1679779559399 0.04752755397013388 0
1679779598973 0.04018742000018247 0
1679779689949 1.924039389562607 0
1679779730133 0.46182152812480926 0
1679779770404 0.2056377838730812 0
1679779810329 0.11275631984993816 0
1679779850156 0.08279639434367418 0
1679779890137 0.07017078701406718 0
1679779930735 0.06640313530229032 0
1679779970607 0.061548754251841455 0
1679780011827 0.05069940674919635 0
1679780051857 0.05375017887153663 0
1679780144856 1.842743771839142 0
1679780185605 0.4585621484279633 0
1679780225057 0.2053585109487176 0
1679780265259 0.11662837443351745 0
1679780305712 0.08368754594400525 0
1679780345049 0.06525125025454909 0
1679780384733 0.06826643460690975 0
1679780424827 0.06361994083281607 0
1679780464474 0.05532969211935997 0
1679780505373 0.04216786026209593 0
