1679708892574 62.51079734193627 0
1679708955621 62.88175067608245 0
1679709018358 62.569296296918765 0
1679709081432 62.89120927406475 0
1679709143341 61.73627729003783 0
1679709205883 62.375927833025344 0
1679709268582 62.53800851106644 0
1679709331589 62.84005344891921 0
1679709394277 62.51405780098867 0
1679709457388 62.93950670596678 0
1679709571288 85.9414446069859 0
1679709652317 80.80624299298506 0
1679709733874 81.34636806102935 0
1679709814283 80.20902941701934 0
1679709894848 80.36410356592387 0
1679709975491 80.4444350330159 0
1679710056631 80.93406828097068 0
1679710138760 81.91925310099032 0
1679710223430 84.45980082196184 0
1679710304857 81.21494187694043 0
1679710428535 99.77783816796727 0
1679710529896 101.15217944397591 0
1679710627672 97.56431227503344 0
1679710727823 99.94398698490113 0
1679710826957 98.92298867192585 0
1679710926429 99.27286843094043 0
1679711023490 96.85793784505222 0
1679711120652 96.94753517594654 0
1679711218964 98.11200701200869 0
1679711317913 98.73973988904618 0
1679711456320 112.89206785103306 0
1679711569403 112.88144260505214 0
1679711683315 113.6916338109877 0
1679711800036 116.5057994229719 0
1679711913124 112.87249913893174 0
1679712025309 111.96952790697105 0
1679712138158 112.63265813700855 0
1679712254556 116.17649985803291 0
1679712368622 113.8389572140295 0
1679712483381 114.50139145797584 0
1679712645067 133.558821602026 0
1679712781658 136.36976111202966 0
1679712914314 132.44717336189933 0
1679713047640 133.10948848794214 0
1679713180125 132.27687517704908 0
1679713315596 135.24169423093554 0
1679713448663 132.8339285410475 0
1679713580054 131.1766055249609 0
1679713712340 132.05390659999102 0
1679713847909 135.32530530099757 0
1679714025863 151.2417573319981 0
1679714178534 152.46042286907323 0
1679714329142 150.3981751470128 0
1679714483609 154.26424570998643 0
1679714634965 151.1412103669718 0
1679714787107 151.91107826808002 0
1679714939811 152.47377514396794 0
1679715090970 150.94460887392052 0
1679715246099 154.91797919594683 0
1679715398653 152.34436933498364 0
1679715600694 169.79124870407395 0
1679715770211 169.29795613395981 0
1679715943927 173.49035883694887 0
1679716115727 171.58182390406728 0
1679716285999 170.03815244801808 0
1679716456159 169.93934010493103 0
1679716630275 173.8650956240017 0
1679716801486 170.98564040800557 0
1679716972926 171.22268251306377 0
1679717143310 170.15000325394794 0
1679717370497 192.63532423600554 0
1679717560968 190.24800299294293 0
1679717750732 189.5008564449381 0
1679717940599 189.63473474304192 0
1679718130181 189.31515317002777 0
1679718324381 193.95826771203429 0
1679718516993 192.38987155398354 0
1679718708795 191.57199476193637 0
1679718900592 191.54266670299694 0
1679719094619 193.79867187002674 0
1679719341363 210.24546346301213 0
1679719551446 209.84614800300915 0
1679719762146 210.4268142140936 0
1679719975951 213.5689379030373 0
1679720187126 210.94177549891174 0
1679720398015 210.65910761698615 0
1679720609326 211.0818468980724 0
1679720820338 210.77962489204947 0
1679721036412 215.8547149769729 0
1679721250029 213.38983251794707 0
1679721519091 230.3974009710364 0
1679721748160 228.81725802703295 0
1679721984159 235.76129238703288 0
1679722215453 231.0533744810382 0
1679722448458 232.76725299295504 0
1679722679411 230.7190371720353 0
1679722914811 235.1512361210771 0
1679723143601 228.56768371898215 0
1679723372832 228.9897641170537 0
1679723606281 233.19750761496834 0
1679723893365 249.50966466602404 0
1679724139504 245.87595606502146 0
1679724384357 244.61035318905488 0
1679724629027 244.4243119279854 0
1679724868152 238.87649700499605 0
1679725108605 240.20553483290132 0
1679725348796 239.938689577044 0
1679725592386 243.34579637704883 0
1679725831760 239.13572690996807 0
1679726075464 243.474871643004 0
1679726375210 258.7588106319308 0
1679726637731 262.26593255694024 0
1679726896735 258.72456547396723 0
1679727159713 262.69721120398026 0
1679727420784 260.8241391470656 0
1679727682786 261.71030377899297 0
1679727946173 263.1495438279817 0
1679728206950 260.5295545461122 0
1679728470876 263.6642855970422 0
1679728732543 261.4168210050557 0
1679729055904 279.69468072103336 0
1679729340233 284.05474787496496 0
1679729621582 281.09589535801206 0
1679729907000 285.1587469379883 0
1679730188166 280.8862660420127 0
1679730471816 283.402765873936 0
1679730758617 286.540333733079 0
1679731041452 282.5813876920147 0
1679731324685 282.9947222879855 0
1679731611407 286.46029240300413 0
1679731959811 302.2059654800687 0
1679732261701 301.6379802490119 0
1679732569145 307.190399490064 0
1679732873124 303.72473278897814 0
1679733176638 303.25867076206487 0
1679733483521 306.5940957450075 0
1679733786583 302.8150360810105 0
1679734091477 304.58439161092974 0
1679734401176 309.44186714396346 0
1679734705957 304.53053818200715 0
1679735079662 326.258378381026 0
1679735410566 330.61187496304046 0
1679735737772 326.93869748699944 0
1679736062291 324.25904104998335 0
1679736386812 324.2593781549949 0
1679736704769 317.67629355494864 0
1679737024039 318.959488959983 0
1679737349739 325.4030192430364 0
1679737676057 326.022388383979 0
1679738000278 323.9624403680209 0
1679738391842 343.23123532696627 0
1679738735860 343.74482392403297 0
1679739081388 345.25106402894016 0
1679739425648 343.95614422496874 0
1679739770349 344.4013883849839 0
1679740117851 347.2389771300368 0
1679740463074 344.95872297906317 0
1679740810478 347.1110175540671 0
1679741157898 347.1162861189805 0
1679741502255 344.08877143391874 0
1679741917206 364.2409571419703 0
1679742278860 361.3730391249992 0
1679742645523 366.3731436809758 0
1679743011923 366.1302940819878 0
1679743379537 367.32964246498886 0
1679743744781 364.9636726430617 0
1679744108662 363.5941067680251 0
1679744472619 363.6858738739975 0
1679744838049 365.13997190108057 0
1679745199219 360.8348622400081 0
1679745624407 372.4993314750027 0
1679746003095 378.3871930259047 0
1679746382919 379.52642213297077 0
1679746763985 380.80361450091004 0
1679747146150 381.8596350220032 0
1679747529541 383.1137396619888 0
1679747911903 382.05237602291163 0
1679748294305 382.13742404594086 0
1679748677393 382.8030821190914 0
1679749060753 383.06500582396984 0
1679749518325 402.3190624860581 0
1679749922009 403.41037868498825 0
1679750325619 403.3025796089787 0
1679750726731 400.8251740549458 0
1679751126049 399.0367262340151 0
1679751528597 402.2472174129216 0
1679751930110 401.22247232997324 0
1679752334606 404.20926228689495 0
1679752736495 401.60584288893733 0
1679753139330 402.5397336949827 0
1679753620130 423.29919353092555 0
1679754038293 417.6310496040387 0
1679754445858 407.2602734720567 0
1679754860502 414.353574093082 0
1679755279642 418.83240951702464 0
1679755700765 420.8185214269906 0
1679756121140 420.02644245000556 0
1679756543421 421.9729523099959 0
1679756963923 420.1756768389605 0
1679757383744 419.5094940060517 0
