1679708892567 0.05951187397427981 0
1679708955616 0.01526396277670259 0
1679709018352 0.011858039166814731 0
1679709081424 0.010111762623475977 0
1679709143335 0.006451744461185246 0
1679709205875 0.005795636374720167 0
1679709268576 0.009025773847677547 0
1679709331584 0.0034793581111409824 0
1679709394267 0.005881859130479729 0
1679709457381 0.0027655997461683525 0
1679709571278 0.05890240423619646 0
1679709652309 0.006190954438487996 0
1679709733869 0.008912892031444224 0
1679709814278 0.003962014284866428 0
1679709894842 0.004302337630701802 0
1679709975486 0.0036338829366600652 0
1679710056625 0.002846076326118608 0
1679710138755 0.0036892186421439576 0
1679710223423 0.00330180732940437 0
1679710304850 0.001897551316118909 0
1679710428528 0.08063073796391965 0
1679710529890 0.010499680412178636 0
1679710627664 0.007546127730192086 0
1679710727816 0.006782099707010484 0
1679710826951 0.0053086122922389395 0
1679710926421 0.004180934114649584 0
1679711023484 0.00444678788850286 0
1679711120645 0.004428223895085352 0
1679711218958 0.003228387334227183 0
1679711317904 0.003247671982133448 0
1679711456312 0.09638143074107633 0
1679711569397 0.014354873604935118 0
1679711683309 0.010178973768892645 0
1679711800028 0.007530826742023168 0
1679711913115 0.006691615766363745 0
1679712025302 0.006109455138455826 0
1679712138149 0.006271387766652739 0
1679712254545 0.004632420345799008 0
1679712368611 0.005174736849436133 0
1679712483374 0.004600996653584505 0
1679712645060 0.10962498012974461 0
1679712781649 0.022777311134032786 0
1679712914308 0.015601208207266922 0
1679713047632 0.012934489997312733 0
1679713180115 0.009874072118397123 0
1679713315584 0.009492212693617899 0
1679713448656 0.008552654081391413 0
1679713580047 0.00780855966657482 0
1679713712333 0.008132676842399376 0
1679713847901 0.006689820661346123 0
1679714025852 0.12071553223103276 0
1679714178528 0.027705171575467116 0
1679714329134 0.019347634649559377 0
1679714483602 0.015017472595998409 0
1679714634957 0.013716223508943465 0
1679714787098 0.012437073948497326 0
1679714939803 0.011681244065704558 0
1679715090964 0.010380193849270171 0
1679715246091 0.010169352783851534 0
1679715398645 0.009528161703496806 0
1679715600685 0.1369139482483618 0
1679715770202 0.03782521350607614 0
1679715943920 0.025951931264687984 0
1679716115714 0.021045817107590934 0
1679716285993 0.018787194772317047 0
1679716456152 0.01641478324154226 0
1679716630269 0.015691694525055568 0
1679716801479 0.015146911236690822 0
1679716972920 0.013448420064833516 0
1679717143302 0.013177415149354933 0
1679717370485 0.15757146063478936 0
1679717560961 0.05441953252183002 0
1679717750722 0.03751170104427656 0
1679717940590 0.029668955367043878 0
1679718130167 0.0260313854089556 0
1679718324375 0.02319867450819943 0
1679718516986 0.020996876999256717 0
1679718708788 0.019431306168133777 0
1679718900585 0.019700086622395693 0
1679719094605 0.0171367030428495 0
1679719341354 0.17276974967169684 0
1679719551433 0.06610953273540927 0
1679719762134 0.047753507877865746 0
1679719975938 0.038219093011329454 0
1679720187120 0.03308860330537255 0
1679720398007 0.028798628567198524 0
1679720609313 0.02793287995164684 0
1679720820325 0.025368810840008978 0
1679721036405 0.024708681668342072 0
1679721250019 0.023487887686287602 0
1679721519079 0.17061175825056976 0
1679721748145 0.07422347617917856 0
1679721984151 0.055272779397577444 0
1679722215446 0.04556285604708752 0
1679722448450 0.04009901059339128 0
1679722679398 0.035976663937638105 0
1679722914796 0.03297053056957217 0
1679723143594 0.030851348192945202 0
1679723372825 0.029831856910857726 0
1679723606273 0.02839364060625516 0
1679723893349 0.19109141125536452 0
1679724139493 0.09204510340540334 0
1679724384341 0.07128187687329467 0
1679724629019 0.05849890789780385 0
1679724868145 0.0523151834631493 0
1679725108591 0.04634086164214799 0
1679725348782 0.042366102136264815 0
1679725592379 0.04019721470850615 0
1679725831753 0.03915959760117777 0
1679726075457 0.03737272103342003 0
1679726375202 0.2306699651793841 0
1679726637722 0.1162248708944769 0
1679726896721 0.09258666563800226 0
1679727159705 0.07791001741659864 0
1679727420769 0.06770689140623413 0
1679727682777 0.06115875355738402 0
1679727946165 0.056760883567679 0
1679728206942 0.052745697686816195 0
1679728470861 0.05104116685562705 0
1679728732536 0.04791300358604896 0
1679729055890 0.254758737606006 0
1679729340224 0.14627123141325335 0
1679729621565 0.11712505771891639 0
1679729906990 0.10151719693177358 0
1679730188152 0.08877207723591035 0
1679730471808 0.08151517776545898 0
1679730758610 0.074505790500257 0
1679731041444 0.06999883107912433 0
1679731324677 0.06540248809236171 0
1679731611395 0.0636413495300403 0
1679731959804 0.296998979154569 0
1679732261690 0.18591403399651696 0
1679732569135 0.15385887503077322 0
1679732873110 0.13355462076662578 0
1679733176621 0.12076091375190104 0
1679733483510 0.10859735335924008 0
1679733786575 0.10143413245186787 0
1679734091465 0.09367630299811915 0
1679734401166 0.0879028229596967 0
1679734705949 0.08213301488198481 0
1679735079654 0.32733195669890136 0
1679735410558 0.2175145426524517 0
1679735737764 0.18358728765435384 0
1679736062283 0.16352362001638268 0
1679736386797 0.14739912071942854 0
1679736704748 0.13840534266910962 0
1679737024028 0.12608374440309397 0
1679737349731 0.1202147740530584 0
1679737676042 0.11275925176067103 0
1679738000269 0.10512145450092669 0
1679738391833 0.3590283586546727 0
1679738735847 0.25547318405316244 0
1679739081380 0.2187011253174183 0
1679739425640 0.19572764162355652 0
1679739770339 0.1793339500319217 0
1679740117843 0.1659889674062096 0
1679740463066 0.15618299110384884 0
1679740810469 0.14430482618688126 0
1679741157889 0.13692531312953823 0
1679741502246 0.13036378693035194 0
1679741917197 0.39978572126704026 0
1679742278851 0.29388796980473453 0
1679742645509 0.25830069723214283 0
1679743011914 0.2358909492260658 0
1679743379527 0.22016998076463096 0
1679743744772 0.2084546532984434 0
1679744108644 0.19586544922612187 0
1679744472611 0.18652547732905417 0
1679744838039 0.17865847251774647 0
1679745199199 0.1722176528902114 0
1679745624388 0.4372216279826537 0
1679746003078 0.3358107259378345 0
1679746382900 0.29968308735303834 0
1679746763976 0.277875731492304 0
1679747146134 0.2616568353813136 0
1679747529532 0.24876817689205322 0
1679747911894 0.23767377365827053 0
1679748294296 0.22809374050556727 0
1679748677384 0.21847286251546683 0
1679749060736 0.20923341472948265 0
1679749518316 0.4642670593445396 0
1679749922000 0.37936757118294856 0
1679750325602 0.34146630689727175 0
1679750726721 0.3213261288192354 0
1679751126040 0.30259701570283715 0
1679751528586 0.2869504110955935 0
1679751930100 0.27589361958336744 0
1679752334596 0.26436792745730814 0
1679752736486 0.25299956754606157 0
1679753139315 0.24681230828989806 0
1679753620121 0.5148622352310032 0
1679754038284 0.42596199184196 0
1679754445846 0.38522150011604667 0
1679754860483 0.36030723371502404 0
1679755279624 0.3414515692274516 0
1679755700745 0.3259960370601575 0
1679756121128 0.3130379537661309 0
1679756543401 0.30032341216324904 0
1679756963914 0.29076458155359064 0
1679757383732 0.2801412280769098 0
