1679128536223 0.8682598039215687 0
1679128539183 0.9595588235294118 0
1679128542281 0.9613970588235294 0
1679128545398 0.9825367647058824 0
1679128548334 0.9767156862745098 0
1679128551329 0.9859068627450981 0
1679128554499 0.9901960784313726 0
1679128557548 0.9981617647058824 0
1679128560621 0.9996936274509803 0
1679128563369 0.9990808823529411 0
1679128625055 0.931859756097561 0
1679128629906 0.9876524390243903 0
1679128634772 0.9873475609756097 0
1679128639692 0.9897865853658536 0
1679128644677 0.9975609756097561 0
1679128649485 0.9929878048780488 0
1679128654264 0.9960365853658537 0
1679128659001 0.998780487804878 0
1679128663871 0.9969512195121951 0
1679128668667 0.9977134146341463 0
1679128741175 0.9576547231270358 0
1679128748014 0.9961319218241043 0
1679128754204 0.9947068403908795 0
1679128761006 0.9956229641693811 0
1679128767660 0.9974552117263844 0
1679128774567 0.9969462540716613 0
1679128781431 0.9935871335504886 0
1679128788256 0.9976587947882736 0
1679128794026 0.9981677524429967 0
1679128800922 0.9987785016286646 0
1679128874753 0.9427591463414634 0
1679128883456 0.9910823170731707 0
1679128891492 0.9941310975609756 0
1679128900308 0.9974847560975609 0
1679128908772 0.9957317073170732 0
1679128917256 0.9933689024390244 0
1679128925360 0.996875 0
1679128934308 0.9994664634146342 0
1679128943178 0.9989329268292683 0
1679128951962 0.9958079268292683 0
1679129028415 0.91510009765625 0
1679129039002 0.9852294921875 0
1679129049478 0.99407958984375 0
1679129059988 0.9937744140625 0
1679129070728 0.993408203125 0
1679129081034 0.99639892578125 0
1679129091721 0.99609375 0
1679129101883 0.9949951171875 0
1679129112111 0.997314453125 0
1679129121890 0.997314453125 0
1679129195266 0.9185975609756097 0
1679129207963 0.9796747967479674 0
1679129220399 0.9890243902439024 0
1679129231850 0.9922256097560975 0
1679129244358 0.9932418699186992 0
1679129256793 0.9949186991869918 0
1679129268437 0.995579268292683 0
1679129279847 0.9932926829268293 0
1679129292391 0.9985264227642277 0
1679129304614 0.9959349593495935 0
1679129376894 0.8857068245125348 0
1679129391244 0.9546483286908078 0
1679129405266 0.976758356545961 0
1679129419198 0.9877698467966574 0
1679129433062 0.9906859331476323 0
1679129447371 0.9913823119777159 0
1679129461660 0.9929926880222841 0
1679129476024 0.993166782729805 0
1679129489541 0.9936455431754875 0
1679129504069 0.9942983983286908 0
1679129580073 0.9038871951219513 0
1679129596537 0.9662728658536586 0
1679129612758 0.9817454268292682 0
1679129628745 0.987766768292683 0
1679129644919 0.9907393292682927 0
1679129661381 0.9931783536585366 0
1679129676336 0.9942835365853658 0
1679129692753 0.9910060975609756 0
1679129707419 0.9947408536585366 0
1679129723812 0.9942073170731708 0
1679129807528 0.8942307692307693 0
1679129825695 0.9565276273022751 0
1679129842168 0.9783653846153846 0
1679129860292 0.9862879198266522 0
1679129878370 0.9892334777898159 0
1679129893040 0.9910278981581798 0
1679129910270 0.9911294691224268 0
1679129928127 0.9936687432286024 0
1679129945690 0.9930931744312026 0
1679129963795 0.9936010292524377 0
1679130048110 0.9086585365853659 0
1679130067494 0.9562195121951219 0
1679130086709 0.9740853658536586 0
1679130106015 0.9823780487804878 0
1679130125283 0.9878963414634147 0
1679130143781 0.988719512195122 0
1679130164186 0.9910670731707317 0
1679130184161 0.9942987804878048 0
1679130202710 0.9925914634146341 0
1679130222474 0.9911890243902439 0
