1679128536243 2.86100732604973 0
1679128539204 2.7947229020064697 0
1679128542302 2.924330590001773 0
1679128545418 2.948774415999651 0
1679128548354 2.767320638988167 0
1679128551350 2.844969095021952 0
1679128554507 2.991875522013288 0
1679128557568 2.9036595599609427 0
1679128560641 2.9129783299867995 0
1679128563389 2.597312484984286 0
1679128625076 4.856600029976107 0
1679128629926 4.677155365992803 0
1679128634781 4.68263035902055 0
1679128639712 4.766021520015784 0
1679128644698 4.8224853510037065 0
1679128649494 4.6355315140099265 0
1679128654272 4.627177413960453 0
1679128659022 4.571608622965869 0
1679128663891 4.689060922013596 0
1679128668688 4.635678257967811 0
1679128741196 6.409228595963214 0
1679128748035 6.675192394002806 0
1679128754226 6.01997083198512 0
1679128761015 6.633944970031735 0
1679128767681 6.495620951987803 0
1679128774589 6.74630310095381 0
1679128781451 6.696841542026959 0
1679128788277 6.645868961990345 0
1679128794047 5.615537035977468 0
1679128800932 6.7343120709992945 0
1679128874774 8.720292497018818 0
1679128883478 8.528957347967662 0
1679128891502 7.870065980008803 0
1679128900330 8.649191627046093 0
1679128908781 8.296987234032713 0
1679128917278 8.327199156978168 0
1679128925370 7.9224533749511465 0
1679128934330 8.790063232008833 0
1679128943200 8.701896680984646 0
1679128951991 8.603968426992651 0
1679129028436 10.400648384005763 0
1679129039024 10.4048517899937 0
1679129049500 10.31161275098566 0
1679129060009 10.336359973996878 0
1679129070749 10.56169654399855 0
1679129081045 10.13659850298427 0
1679129091743 10.52112164098071 0
1679129101905 9.982106400013436 0
1679129112133 10.043866516032722 0
1679129121911 9.60796171502443 0
1679129195288 12.322710843989626 0
1679129207987 12.51081945002079 0
1679129220421 12.26828719698824 0
1679129231860 11.274665092001669 0
1679129244380 12.344926787016448 0
1679129256814 12.253655834007077 0
1679129268447 11.461050054989755 0
1679129279857 11.241105768014677 0
1679129292413 12.379457234987058 0
1679129304636 12.047143801988568 0
1679129376905 13.614360376028344 0
1679129391267 14.1866422269959 0
1679129405288 13.858752925996669 0
1679129419221 13.747570220963098 0
1679129433085 13.69294803502271 0
1679129447381 14.120130277005956 0
1679129461683 14.120318236004096 0
1679129476046 14.19907457701629 0
1679129489563 13.335811843979172 0
1679129504080 14.357086418021936 0
1679129580096 14.912812393042259 0
1679129596561 16.28432045702357 0
1679129612769 16.041415449988563 0
1679129628768 15.822375746036414 0
1679129644942 15.98688520595897 0
1679129661404 16.273846910044085 0
1679129676358 14.775597875996027 0
1679129692776 16.251197425997816 0
1679129707441 14.475978069007397 0
1679129723835 16.21756608900614 0
1679129807551 17.54498407698702 0
1679129825707 17.983277638966683 0
1679129842191 16.310957909969147 0
1679129860304 17.935744842980057 0
1679129878393 17.902831843006425 0
1679129893063 14.474457531003281 0
1679129910293 17.03620435198536 0
1679129928140 17.686315187020227 0
1679129945713 17.37684118101606 0
1679129963828 17.92675079900073 0
1679130048134 17.933513455966022 0
1679130067517 19.209931754972786 0
1679130086732 19.04021914000623 0
1679130106039 19.126295703987125 0
1679130125308 19.069056429027114 0
1679130143804 18.32200298499083 0
1679130164209 20.22373043902917 0
1679130184186 19.794937791011762 0
1679130202734 18.371994363027625 0
1679130222498 19.599984620988835 0
