1671653101587 0.2482500680207737 0
1671653105595 0.09744701430505992 0
1671653109492 0.03763453896419324 0
1671653113635 0.03390543622338623 0
1671653117785 0.027154510409904315 0
1671653151287 0.22191236366912392 0
1671653156113 0.050117862111489685 0
1671653160660 0.034483509501092496 0
1671653165100 0.033712249346352134 0
1671653169615 0.02997161432980414 0
1671653204151 0.14875006347922196 0
1671653208673 0.03615763951174678 0
1671653213734 0.013065123272690694 0
1671653218148 0.0034881847667492557 0
1671653222829 0.02496725258382589 0
1671653257728 0.12026547667070916 0
1671653262226 0.028312411851424833 0
1671653266883 0.005436688869495662 0
1671653271358 0.0062775190007741555 0
1671653275973 0.0009379754701557668 0
1671653312093 0.19343537132696162 0
1671653316473 0.03144820975116798 0
1671653321294 0.015155146542401512 0
1671653326176 0.0024536095960473606 0
1671653330778 0.0025347649540572318 0
1671653385063 0.15944550196173385 0
1671653389522 0.010584652746599334 0
1671653393978 0.01224412099326414 0
1671653398846 0.00227471466347609 0
1671653403546 0.0011776388234327252 0
1671653458786 0.18936053619768356 0
1671653463591 0.017807200321965803 0
1671653468156 0.005053502460169274 0
1671653472739 0.015328194069476962 0
1671653477468 0.020451078202241825 0
1671653534163 0.21728618992515494 0
1671653538882 0.019794221229253686 0
1671653543608 0.008809612418190227 0
1671653548232 0.0020124042206356393 0
1671653553058 0.005410390823258442 0
1671653644307 0.23000660492451358 0
1671653649179 0.020479606737048947 0
1671653653900 0.011530493360552266 0
1671653658621 0.011969469625067987 0
1671653663255 0.005943562844829904 0
1671653755928 0.14671998167667982 0
1671653760932 0.012486331373509914 0
1671653765940 0.02381614940757823 0
1671653770857 0.0018039100811212596 0
1671653775678 0.0004861239747085698 0
