1671653101592 3.947703468002146 0
1671653105599 3.7978904180054087 0
1671653109496 3.6678747099940665 0
1671653113639 3.935563879000256 0
1671653117788 3.952958661990124 0
1671653151291 4.113386052005808 0
1671653156116 4.5779903209913755 0
1671653160664 4.315793273999589 0
1671653165104 4.228656049002893 0
1671653169619 4.28289127300377 0
1671653204155 4.088079770997865 0
1671653208677 4.3039710850134725 0
1671653213738 4.815625215996988 0
1671653218152 4.17573258599441 0
1671653222833 4.4497954590042355 0
1671653257733 4.117452024001977 0
1671653262230 4.2476134129974525 0
1671653266887 4.411048481008038 0
1671653271363 4.2373499929963145 0
1671653275977 4.369913504997385 0
1671653312097 4.494951852000668 0
1671653316478 4.1470634269935545 0
1671653321299 4.56255176900595 0
1671653326180 4.659576684993226 0
1671653330783 4.36397165901144 0
1671653385068 4.377402230995358 0
1671653389526 4.201461406002636 0
1671653393983 4.210280270999647 0
1671653398851 4.611082588991849 0
1671653403550 4.4519683069956955 0
1671653458791 4.440832391992444 0
1671653463596 4.542958851001458 0
1671653468161 4.2914083219948225 0
1671653472747 4.334402505002799 0
1671653477473 4.47085833598976 0
1671653534168 4.7157138740003575 0
1671653538887 4.436459164993721 0
1671653543613 4.466712719993666 0
1671653548237 4.359069323007134 0
1671653553063 4.569357825996121 0
1671653644312 4.562210445001256 0
1671653649184 4.598685157005093 0
1671653653905 4.456075845999294 0
1671653658627 4.448660712005221 0
1671653663260 4.363426177005749 0
1671653755934 4.57403608399909 0
1671653760937 4.73626912299369 0
1671653765946 4.725610039007734 0
1671653770863 4.627712305999012 0
1671653775684 4.559187117993133 0
