1680087005887 117.55438724998385 0
1680087125217 118.77773020393215 0
1680087244012 118.24679602799006 0
1680087363834 119.27979947114363 0
1680087482618 118.24636865500361 0
1680087601662 118.51173074007966 0
1680087720020 117.8082771981135 0
1680087838978 118.40692841587588 0
1680087958436 118.91903153108433 0
1680088076720 117.75662299990654 0
1680088113847 17.555346495937556 0
1680088131798 17.728473831899464 0
1680088149614 17.574369095964357 0
1680088167521 17.67214771383442 0
1680088185426 17.66369494004175 0
1680088203130 17.467608812032267 0
1680088221163 17.793485438916832 0
1680088239147 17.76169580500573 0
1680088256931 17.54456659499556 0
1680088274784 17.601061309920624 0
1680088310473 18.307127349078655 0
1680088328540 17.82433281489648 0
1680088346747 17.947990135056898 0
1680088364911 17.925941133871675 0
1680088383107 17.94584930385463 0
1680088401170 17.80385288805701 0
1680088419662 18.213709871051833 0
1680088437967 18.04705905006267 0
1680088456454 18.237233054824173 0
1680088474841 18.14447244000621 0
1680088511113 18.25814197282307 0
1680088529801 18.433811269002035 0
1680088548498 18.4380129838828 0
1680088567038 18.30723684304394 0
1680088585588 18.290946915047243 0
1680088603862 18.02750132093206 0
1680088622292 18.18413055408746 0
1680088640871 18.322749274782836 0
1680088659475 18.34733377210796 0
1680088678054 18.33101784880273 0
1680088714913 18.605895957909524 0
1680088733802 18.66090154997073 0
1680088752264 18.211578073212877 0
1680088771255 18.735711025074124 0
1680088790029 18.514447366120294 0
1680088808931 18.621866235975176 0
1680088827423 18.25615740311332 0
1680088846123 18.44721471890807 0
1680088865468 19.111596156144515 0
1680088884170 18.43421475403011 0
1680088922006 18.92964261583984 0
1680088941076 18.819477766985074 0
1680088960150 18.826438350137323 0
1680088979248 18.8471229118295 0
1680088998153 18.65220388304442 0
1680089017451 19.041632175911218 0
1680089036725 19.011314420960844 0
1680089055695 18.728969869203866 0
1680089074896 18.948879707138985 0
1680089094094 18.93293409096077 0
1680089132621 19.25304055120796 0
1680089151880 19.01360554411076 0
1680089171186 19.059944584965706 0
1680089190452 19.003382543101907 0
1680089209773 19.045972408959642 0
1680089228723 18.690382607048377 0
1680089248066 19.08429355500266 0
1680089267172 18.835500844055787 0
1680089286466 19.03947397414595 0
1680089305833 19.12314661196433 0
1680089345011 19.280780195025727 0
1680089364336 19.075313007924706 0
1680089383816 19.207490921020508 0
1680089403572 19.48070799699053 0
1680089422934 19.088199648074806 0
1680089442402 19.203427008120343 0
1680089462067 19.392681318102404 0
1680089481390 19.061341824010015 0
1680089501033 19.38289950811304 0
1680089521210 19.910197774181142 0
1680089560943 19.365593706956133 0
1680089580600 19.392388557083905 0
1680089600174 19.285057071130723 0
1680089619630 19.17090454697609 0
1680089638932 19.032975629903376 0
1680089658363 19.169266261160374 0
1680089677928 19.300700783962384 0
1680089697382 19.18291987106204 0
1680089716756 19.10223475797102 0
1680089736458 19.43517034803517 0
1680089776968 19.553073965013027 0
1680089796616 19.39748714491725 0
1680089816298 19.402417964069173 0
1680089836189 19.625995617825538 0
1680089856027 19.598411698825657 0
1680089875894 19.602044087834656 0
1680089895694 19.537426305934787 0
1680089915526 19.569087750045583 0
1680089935336 19.551425533834845 0
1680089955086 19.496987731894478 0
1680089996155 19.676721611060202 0
1680090016445 20.021518517052755 0
1680090036575 19.842979192035273 0
1680090056557 19.7248578639701 0
1680090076473 19.66189147089608 0
1680090096692 19.93735633092001 0
1680090116604 19.658188987057656 0
1680090136457 19.57862540287897 0
1680090156519 19.7767574749887 0
1680090176734 19.929593888111413 0
1680090217510 18.818524298025295 0
1680090236563 18.745897002052516 0
1680090255517 18.62092195893638 0
1680090274586 18.75601065903902 0
1680090293841 18.935991468140855 0
1680090312713 18.577510454924777 0
1680090332165 19.125539324013516 0
1680090350953 18.486423115013167 0
1680090369946 18.69904018403031 0
1680090389143 18.86950866295956 0
1680090430816 19.142820162000135 0
1680090450043 18.90701850503683 0
1680090469296 18.937278002034873 0
1680090488757 19.1428014410194 0
1680090508037 18.976394271012396 0
1680090527420 19.047249876894057 0
1680090546840 19.10240261303261 0
1680090566306 19.1321281560231 0
1680090584956 18.353402541950345 0
1680090604352 19.08540930203162 0
1680090646638 19.220175029011443 0
1680090666023 19.068494342034683 0
1680090685817 19.473170981975272 0
1680090705348 19.226037700194865 0
1680090725009 19.343067744048312 0
1680090744815 19.4806591339875 0
1680090764388 19.228466231841594 0
1680090783562 18.861306745791808 0
1680090803242 19.354327717097476 0
1680090822801 19.241332761012018 0
1680090865893 19.240819742903113 0
1680090885785 19.559810017002746 0
1680090904840 18.722911725984886 0
1680090924569 19.39600088004954 0
1680090944525 19.628974980907515 0
1680090963947 19.10054679401219 0
1680090983835 19.598838966805488 0
1680091004114 19.955739878118038 0
1680091023980 19.553977077128366 0
1680091043629 19.316054727882147 0
1680091087918 20.00777420704253 0
1680091107792 19.564596947049722 0
1680091127690 19.568704790901393 0
1680091147734 19.737691689049825 0
1680091167664 19.59791686013341 0
1680091187772 19.757080218056217 0
1680091207510 19.39780260808766 0
1680091227904 20.07289603794925 0
1680091247762 19.56529727508314 0
1680091267771 19.686176571063697 0
1680091313092 20.37774396711029 0
1680091333654 20.2016808250919 0
1680091353966 19.977302476996556 0
1680091374215 19.918239949038252 0
1680091394554 20.0093778190203 0
1680091415094 20.21436633216217 0
1680091435466 20.041156037943438 0
1680091455703 19.905831534881145 0
1680091476071 20.00720520899631 0
1680091496558 20.16571640013717 0
1680091542542 20.506225320976228 0
1680091563539 20.679164530010894 0
1680091584405 20.526443311944604 0
1680091605425 20.66974307107739 0
1680091626413 20.660681932000443 0
1680091647197 20.430242247181013 0
1680091668163 20.679637546883896 0
1680091688563 20.062214659061283 0
1680091709146 20.27966164587997 0
1680091730181 20.736850508023053 0
1680091777096 20.87069441215135 0
1680091797886 20.469046380836517 0
1680091818275 20.074168344959617 0
1680091839334 20.74022210482508 0
1680091860613 20.949773418018594 0
1680091881405 20.452065197983757 0
1680091902649 20.959941819077358 0
1680091923957 20.98582027782686 0
1680091944679 20.407374295871705 0
1680091965189 20.18145395303145 0
1680092012486 20.85475814109668 0
1680092033471 20.629534965846688 0
1680092054752 20.93327187304385 0
1680092076182 21.09225624310784 0
1680092097543 21.0346737888176 0
1680092119076 21.202270444016904 0
1680092140332 20.903176276944578 0
1680092161802 21.097616594983265 0
1680092183099 20.949674195842817 0
1680092204542 21.141982925124466 0
