1680087005859 0.9788047973531845 0
1680087125191 0.9953129307968017 0
1680087243984 0.9978287841191067 0
1680087363813 0.9987937689550592 0
1680087482592 0.9987765370829887 0
1680087601646 0.9991728701406121 0
1680087720002 0.9993107251171768 0
1680087838954 0.9994485800937414 0
1680087958418 0.9996725944306589 0
1680088076705 0.999793217535153 0
1680088113825 0.9298102094240838 0
1680088131780 0.9978730366492147 0
1680088149596 0.9995091623036649 0
1680088167500 1.0 0
1680088185408 1.0 0
1680088203111 1.0 0
1680088221144 1.0 0
1680088239130 1.0 0
1680088256921 0.9998363874345549 0
1680088274765 1.0 0
1680088310450 0.875 0
1680088328521 0.9896924083769634 0
1680088346719 0.9986910994764397 0
1680088364892 0.9993455497382199 0
1680088383078 0.9993455497382199 0
1680088401138 0.9998363874345549 0
1680088419643 1.0 0
1680088437940 1.0 0
1680088456421 1.0 0
1680088474820 1.0 0
1680088511083 0.868619109947644 0
1680088529770 0.9967277486910995 0
1680088548468 0.9991819371727748 0
1680088567016 0.9993455497382199 0
1680088585554 0.9998363874345549 0
1680088603842 0.9998363874345549 0
1680088622281 1.0 0
1680088640842 0.99967277486911 0
1680088659456 1.0 0
1680088678034 0.9998363874345549 0
1680088714892 0.8174083769633508 0
1680088733783 0.9892015706806283 0
1680088752247 0.9977094240837696 0
1680088771236 0.9990183246073299 0
1680088789996 0.99967277486911 0
1680088808907 0.9995091623036649 0
1680088827398 0.9995091623036649 0
1680088846092 0.9998363874345549 0
1680088865447 1.0 0
1680088884146 1.0 0
1680088921975 0.7918848167539267 0
1680088941056 0.9833115183246073 0
1680088960131 0.9977094240837696 0
1680088979214 0.9990183246073299 0
1680088998132 0.9988547120418848 0
1680089017428 0.9995091623036649 0
1680089036714 0.99967277486911 0
1680089055677 1.0 0
1680089074876 0.9995091623036649 0
1680089094076 0.9998363874345549 0
1680089132592 0.7807591623036649 0
1680089151862 0.9764397905759162 0
1680089171176 0.9932918848167539 0
1680089190419 0.9980366492146597 0
1680089209741 0.9983638743455497 0
1680089228694 0.9990183246073299 0
1680089248047 1.0 0
1680089267136 0.9998363874345549 0
1680089286449 0.9995091623036649 0
1680089305816 0.9995091623036649 0
1680089344980 0.6906086387434555 0
1680089364323 0.9546793193717278 0
1680089383785 0.9864201570680629 0
1680089403535 0.9960732984293194 0
1680089422904 0.9985274869109948 0
1680089442380 0.9991819371727748 0
1680089462034 0.99967277486911 0
1680089481374 0.9991819371727748 0
1680089501001 0.99967277486911 0
1680089521173 0.9998363874345549 0
1680089560905 0.7868128272251309 0
1680089580569 0.9862565445026178 0
1680089600151 0.9967277486910995 0
1680089619601 0.9990183246073299 0
1680089638908 0.9991819371727748 0
1680089658345 0.9993455497382199 0
1680089677898 0.9993455497382199 0
1680089697361 0.9995091623036649 0
1680089716726 0.9998363874345549 0
1680089736437 1.0 0
1680089776936 0.712696335078534 0
1680089796602 0.9577879581151832 0
1680089816267 0.9898560209424084 0
1680089836150 0.9964005235602095 0
1680089855997 0.9991819371727748 0
1680089875871 0.9995091623036649 0
1680089895673 0.9993455497382199 0
1680089915500 0.9995091623036649 0
1680089935312 1.0 0
1680089955063 0.99967277486911 0
1680089996126 0.7549083769633508 0
1680090016429 0.9770942408376964 0
1680090036539 0.9941099476439791 0
1680090056539 0.9973821989528796 0
1680090076453 0.9988547120418848 0
1680090096656 0.9991819371727748 0
1680090116581 0.9993455497382199 0
1680090136418 0.9995091623036649 0
1680090156495 0.9998363874345549 0
1680090176706 0.99967277486911 0
1680090217494 0.775523560209424 0
1680090236546 0.9733311518324608 0
1680090255480 0.9929646596858639 0
1680090274554 0.9968913612565445 0
1680090293813 0.9990183246073299 0
1680090312696 0.9993455497382199 0
1680090332132 0.9993455497382199 0
1680090350930 0.9988547120418848 0
1680090369927 0.99967277486911 0
1680090389122 0.9998363874345549 0
1680090430782 0.7639070680628273 0
1680090450024 0.975294502617801 0
1680090469271 0.993619109947644 0
1680090488731 0.9985274869109948 0
1680090508018 0.9985274869109948 0
1680090527392 0.9991819371727748 0
1680090546807 0.9998363874345549 0
1680090566269 0.9995091623036649 0
1680090584928 0.9993455497382199 0
1680090604322 0.99967277486911 0
1680090646617 0.7212041884816754 0
1680090665987 0.9656413612565445 0
1680090685797 0.9914921465968587 0
1680090705329 0.9978730366492147 0
1680090724989 0.9983638743455497 0
1680090744792 0.9991819371727748 0
1680090764366 0.9990183246073299 0
1680090783534 0.9988547120418848 0
1680090803222 1.0 0
1680090822773 1.0 0
1680090865874 0.6677028795811518 0
1680090885766 0.9502617801047121 0
1680090904815 0.9910013089005235 0
1680090924539 0.9980366492146597 0
1680090944504 0.9998363874345549 0
1680090963919 0.9993455497382199 0
1680090983814 0.99967277486911 0
1680091004086 0.9995091623036649 0
1680091023949 1.0 0
1680091043610 0.9995091623036649 0
1680091087878 0.6964986910994765 0
1680091107769 0.9628599476439791 0
1680091127647 0.993455497382199 0
1680091147716 0.9973821989528796 0
1680091167626 0.9988547120418848 0
1680091187749 0.99967277486911 0
1680091207482 0.9995091623036649 0
1680091227886 1.0 0
1680091247743 1.0 0
1680091267750 0.9998363874345549 0
1680091313070 0.7501636125654451 0
1680091333631 0.9721858638743456 0
1680091353943 0.9949280104712042 0
1680091374182 0.9980366492146597 0
1680091394533 0.9990183246073299 0
1680091415058 0.9993455497382199 0
1680091435438 1.0 0
1680091455677 0.9993455497382199 0
1680091476036 0.9998363874345549 0
1680091496541 0.9998363874345549 0
1680091542512 0.644142670157068 0
1680091563519 0.912303664921466 0
1680091584372 0.9815117801047121 0
1680091605402 0.993946335078534 0
1680091626392 0.9970549738219895 0
1680091647169 0.9991819371727748 0
1680091668143 0.9990183246073299 0
1680091688541 0.9993455497382199 0
1680091709124 0.99967277486911 0
1680091730154 0.9993455497382199 0
1680091777066 0.7899214659685864 0
1680091797850 0.9846204188481675 0
1680091818254 0.9960732984293194 0
1680091839302 0.9962369109947644 0
1680091860585 0.9993455497382199 0
1680091881384 0.9998363874345549 0
1680091902628 0.99967277486911 0
1680091923924 1.0 0
1680091944659 0.9995091623036649 0
1680091965171 0.9998363874345549 0
1680092012466 0.6654123036649214 0
1680092033440 0.9121400523560209 0
1680092054731 0.9784031413612565 0
1680092076149 0.9952552356020943 0
1680092097508 0.9973821989528796 0
1680092119049 0.9990183246073299 0
1680092140296 0.9985274869109948 0
1680092161777 0.9995091623036649 0
1680092183075 0.9998363874345549 0
1680092204522 0.9993455497382199 0
