1680087005876 0.06945182047931693 0
1680087125208 0.01557652565056515 0
1680087244002 0.008638626805229473 0
1680087363825 0.004694646608408474 0
1680087482608 0.004633665605914887 0
1680087601656 0.003843132132454718 0
1680087720013 0.0030692094277999997 0
1680087838969 0.0024560177557455074 0
1680087958429 0.0019884320555020145 0
1680088076713 0.0015210298693392225 0
1680088113836 0.38876613534752924 0
1680088131791 0.01311137905333396 0
1680088149608 0.00587287318194285 0
1680088167511 0.0025371970017306527 0
1680088185419 0.0020515799050948324 0
1680088203123 0.0015308291397449995 0
1680088221156 0.0010203830983138678 0
1680088239141 0.0009225546831877035 0
1680088256926 0.0008861635628318492 0
1680088274777 0.0007694503018545372 0
1680088310464 0.5185947937315515 0
1680088328532 0.03402296325718467 0
1680088346737 0.009836420151392846 0
1680088364903 0.005338366560915885 0
1680088383096 0.004037313182327497 0
1680088401155 0.0030379494349228424 0
1680088419654 0.0017445834112202465 0
1680088437957 0.0013796262057858923 0
1680088456440 0.001701739958852544 0
1680088474832 0.0014413317456092997 0
1680088511101 0.6059623064146578 0
1680088529788 0.01855011675775012 0
1680088548487 0.008901494844080343 0
1680088567029 0.00748605922922609 0
1680088585573 0.0036052059614116627 0
1680088603855 0.0034699292854388874 0
1680088622286 0.002130105319562129 0
1680088640860 0.003049332366315209 0
1680088659467 0.001854011963206314 0
1680088678046 0.0019460902858649853 0
1680088714903 0.7456778751695967 0
1680088733793 0.04925803369623048 0
1680088752258 0.017050439528438276 0
1680088771247 0.009477056957249827 0
1680088790014 0.006365721387952001 0
1680088808919 0.004706650633481941 0
1680088827413 0.003923412487678795 0
1680088846111 0.002944728939828136 0
1680088865459 0.0027667258168858383 0
1680088884159 0.0019034270232351964 0
1680088921994 0.8729053395580871 0
1680088941068 0.06946203518166397 0
1680088960142 0.018291015182841198 0
1680088979234 0.010956454696011832 0
1680088998144 0.008698031357465146 0
1680089017441 0.007199593207430757 0
1680089036719 0.005869088614912928 0
1680089055688 0.00301575069593056 0
1680089074889 0.0038559023081812596 0
1680089094087 0.003169445141998159 0
1680089132610 0.8668012975554191 0
1680089151873 0.0928580431530925 0
1680089171181 0.03116941933047163 0
1680089190440 0.014719016185634969 0
1680089209761 0.009721358585249418 0
1680089228713 0.008249398325484597 0
1680089248055 0.004289018162873607 0
1680089267155 0.0036177978378840047 0
1680089286460 0.003908759729658785 0
1680089305826 0.003518134683915487 0
1680089344999 1.217422230003392 0
1680089364330 0.16162423806079707 0
1680089383804 0.05365986738558761 0
1680089403555 0.021712235479825297 0
1680089422923 0.012420816739523754 0
1680089442391 0.009148912743850567 0
1680089462055 0.007392603425243236 0
1680089481382 0.00608083334018803 0
1680089501021 0.004620456430239417 0
1680089521193 0.0031286186870207026 0
1680089560926 0.9663256336569161 0
1680089580588 0.06327509931751883 0
1680089600163 0.023113330245915196 0
1680089619614 0.011789443280367445 0
1680089638919 0.008315627300729048 0
1680089658356 0.0072018488926486315 0
1680089677917 0.006765103344293555 0
1680089697373 0.0061917346000125275 0
1680089716746 0.00418668638909338 0
1680089736449 0.003386511881555387 0
1680089776957 1.1027293240368679 0
1680089796609 0.15006826318683425 0
1680089816287 0.04825497491294957 0
1680089836172 0.020748732013003753 0
1680089856016 0.009913588684486196 0
1680089875881 0.0072151302678159475 0
1680089895686 0.007388779877060878 0
1680089915513 0.004734774595108225 0
1680089935325 0.0036677697093496636 0
1680089955076 0.00431405815859057 0
1680089996144 1.018997584259947 0
1680090016438 0.09060413465976559 0
1680090036556 0.030792064547870326 0
1680090056548 0.02006176594615529 0
1680090076464 0.011275857873504777 0
1680090096679 0.008885571673690433 0
1680090116595 0.008020758200668441 0
1680090136439 0.005200183007461433 0
1680090156510 0.00448950259283146 0
1680090176719 0.003579135602480288 0
1680090217503 0.9586558864690871 0
1680090236557 0.10123283436512136 0
1680090255500 0.03502051303216807 0
1680090274575 0.018665186469613803 0
1680090293827 0.011318469767492869 0
1680090312703 0.00810167635120549 0
1680090332153 0.005939993827849997 0
1680090350942 0.006834074451968425 0
1680090369939 0.004282987969732448 0
1680090389135 0.004160201853855528 0
1680090430804 1.0256367373762953 0
1680090450036 0.1007478959926682 0
1680090469286 0.037578754682893525 0
1680090488745 0.014876295953223491 0
1680090508030 0.012891000867528713 0
1680090527410 0.008948196774941054 0
1680090546828 0.0054350037306622745 0
1680090566290 0.005339787797563519 0
1680090584946 0.005621638712205032 0
1680090604339 0.004403000648276081 0
1680090646630 1.1744889190215715 0
1680090666005 0.1254819153188801 0
1680090685809 0.04531264891945489 0
1680090705341 0.018402991447041873 0
1680090725002 0.012715520584682753 0
1680090744804 0.007650778209546786 0
1680090764379 0.007177410638130499 0
1680090783550 0.0074920450810816 0
1680090803234 0.004506207547572329 0
1680090822786 0.0024552651574647455 0
1680090865885 1.4006378212212267 0
1680090885778 0.18972328371558514 0
1680090904830 0.05591653516340552 0
1680090924557 0.021070437237659362 0
1680090944517 0.012223555282835911 0
1680090963937 0.009273527740471611 0
1680090983826 0.008088636694168818 0
1680091004102 0.0071699933166596164 0
1680091023961 0.004662201632879655 0
1680091043621 0.005429428332260961 0
1680091087898 1.2559758453625034 0
1680091107783 0.14243926754445618 0
1680091127671 0.041947980545441674 0
1680091147726 0.019509545415249796 0
1680091167642 0.014948572310087569 0
1680091187763 0.008701084169476288 0
1680091207500 0.007078741088933775 0
1680091227896 0.004311500319233408 0
1680091247755 0.004148007906590593 0
1680091267763 0.004241429099262112 0
1680091313084 1.125062714462505 0
1680091333645 0.11281387527907238 0
1680091353957 0.03444605150518461 0
1680091374203 0.01957505789380618 0
1680091394545 0.011537099766047642 0
1680091415081 0.010053251721866975 0
1680091435455 0.006038138695019761 0
1680091455694 0.007367098749998021 0
1680091476057 0.004827785524490889 0
1680091496550 0.004580074434561158 0
1680091542531 1.4183573710356707 0
1680091563531 0.2846640861393269 0
1680091584393 0.0899424141770258 0
1680091605416 0.036390062247242054 0
1680091626405 0.023797827158415816 0
1680091647187 0.013243977569228925 0
1680091668155 0.01156368481509719 0
1680091688553 0.00843857474264284 0
1680091709137 0.0066381759368034365 0
1680091730169 0.006424994173786403 0
1680091777085 0.8906395981449107 0
1680091797865 0.06040637868734476 0
1680091818266 0.022857091405443574 0
1680091839318 0.01855146025517146 0
1680091860602 0.008807867886717991 0
1680091881397 0.006083628194435885 0
1680091902640 0.006613924848866595 0
1680091923945 0.005416898652198066 0
1680091944671 0.005571582496314949 0
1680091965181 0.0037145187908537314 0
1680092012477 1.4305484110772297 0
1680092033459 0.2883211581026696 0
1680092054743 0.09466825354434745 0
1680092076167 0.03626288013552262 0
1680092097531 0.021140908537169247 0
1680092119061 0.012951428174280138 0
1680092140318 0.012141686275416098 0
1680092161792 0.009441492415925595 0
1680092183090 0.006963155614224345 0
1680092204533 0.006287525353419317 0
