1680210286195 0.9882198952879581 0
1680210299446 0.9994273560209425 0
1680210312667 1.0 0
1680210324930 1.0 0
1680210338136 1.0 0
1680210351526 0.9998363874345549 0
1680210365234 1.0 0
1680210378319 1.0 0
1680210391588 1.0 0
1680210404512 1.0 0
1680210435241 0.9993593394077449 0
1680210454985 0.9999288154897494 0
1680210474748 1.0 0
1680210494337 1.0 0
1680210513964 1.0 0
1680210533793 1.0 0
1680210553904 1.0 0
1680210573643 1.0 0
1680210593621 1.0 0
1680210613791 1.0 0
1680210649812 0.9994948036951501 0
1680210672999 1.0 0
1680210695330 1.0 0
1680210718474 1.0 0
1680210741047 1.0 0
1680210763618 1.0 0
1680210786260 1.0 0
1680210808831 1.0 0
1680210831650 1.0 0
1680210854301 1.0 0
1680210892673 0.9994131455399061 0
1680210917427 0.9995598591549296 0
1680210942532 1.0 0
1680210967510 0.9998532863849765 0
1680210992451 1.0 0
1680211017772 1.0 0
1680211042979 1.0 0
1680211068640 1.0 0
1680211094395 1.0 0
1680211119704 1.0 0
1680211158066 0.9999162198391421 0
1680211182787 1.0 0
1680211207632 1.0 0
1680211233219 1.0 0
1680211258014 1.0 0
1680211282574 1.0 0
1680211307017 1.0 0
1680211331561 1.0 0
1680211355902 1.0 0
1680211380214 1.0 0
1680211426920 0.9886522346368715 0
1680211464647 0.9980214152700186 0
1680211502592 0.9992434823091247 0
1680211539688 0.9997090316573557 0
1680211577435 0.9998254189944135 0
1680211615649 1.0 0
1680211653239 1.0 0
1680211690840 1.0 0
1680211728804 1.0 0
1680211767181 1.0 0
1680211811671 0.9969579646017699 0
1680211838647 0.9995390855457227 0
1680211865501 1.0 0
1680211892197 1.0 0
1680211919135 1.0 0
1680211945913 1.0 0
1680211972616 1.0 0
1680211999230 0.9999078171091446 0
1680212025784 1.0 0
1680212052427 1.0 0
1680212075670 0.9629424778761062 0
1680212086763 0.9972345132743363 0
1680212097812 0.9975110619469026 0
1680212108892 0.9986172566371682 0
1680212120100 0.9994469026548672 0
1680212131069 0.9994469026548672 0
1680212142000 0.9994469026548672 0
1680212153152 1.0 0
1680212164285 0.9991703539823009 0
1680212175205 0.9997234513274337 0
1680212216902 0.9884085213032582 0
1680212252382 0.9990601503759399 0
1680212288096 1.0 0
1680212323781 0.9998433583959899 0
1680212359605 0.999921679197995 0
1680212394672 0.9998433583959899 0
1680212430387 1.0 0
1680212466439 0.9994517543859649 0
1680212502831 1.0 0
1680212538596 1.0 0
1680212566088 0.9767775229357798 0
1680212578151 1.0 0
1680212590501 1.0 0
1680212602727 1.0 0
1680212615006 0.9994266055045872 0
1680212627271 0.9997133027522935 0
1680212639246 1.0 0
1680212651110 0.9997133027522935 0
1680212663456 1.0 0
1680212675514 1.0 0
1680212695130 0.9891826923076923 0
1680212707220 0.9990985576923077 0
1680212719349 1.0 0
1680212731369 0.9996995192307693 0
1680212743542 0.9996995192307693 0
1680212755759 1.0 0
1680212768086 1.0 0
1680212780292 1.0 0
1680212792156 1.0 0
1680212804484 1.0 0
1680212824146 0.9768629807692307 0
1680212836958 0.9957932692307693 0
1680212850169 0.9987980769230769 0
1680212863216 0.9996995192307693 0
1680212876207 0.9993990384615384 0
1680212889244 0.9990985576923077 0
1680212902090 1.0 0
1680212915052 1.0 0
1680212927948 1.0 0
1680212940646 1.0 0
1680212961449 0.9939903846153846 0
1680212974781 0.9996995192307693 0
1680212988118 1.0 0
1680213001781 0.9990985576923077 0
1680213015173 1.0 0
1680213028874 0.9996995192307693 0
1680213042580 1.0 0
1680213055864 1.0 0
1680213069357 1.0 0
1680213082775 1.0 0
