1680210286205 0.029691262888325638 0
1680210299457 0.0024229781844441996 0
1680210312679 0.0005845246172021493 0
1680210324941 0.00039240453955373015 0
1680210338147 0.0003742259853767758 0
1680210351540 0.0007157103766590303 0
1680210365249 0.00022302930767577485 0
1680210378330 0.00020806068956345843 0
1680210391600 0.00012747176665339811 0
1680210404522 0.00018320492643061597 0
1680210435253 0.0020243439232832806 0
1680210454992 0.0003188386468559708 0
1680210474760 0.00011086411250714237 0
1680210494348 6.676724425131745e-05 0
1680210513976 0.00010163395642396987 0
1680210533804 3.6183310341474926e-05 0
1680210553915 5.238615059752275e-05 0
1680210573656 4.934818124973282e-05 0
1680210593633 5.888257172023725e-05 0
1680210613802 2.8416154241426997e-05 0
1680210649824 0.0023910926583285393 0
1680210673011 7.452047248998854e-05 0
1680210695343 2.997449296812062e-05 0
1680210718485 2.999529906987562e-05 0
1680210741057 2.275324155608185e-05 0
1680210763633 2.095712760245931e-05 0
1680210786272 2.9255974608138903e-05 0
1680210808842 5.884924609464802e-05 0
1680210831670 1.7619414061657708e-05 0
1680210854311 2.7234147437038764e-05 0
1680210892683 0.0016904892531623722 0
1680210917438 0.0011468200154606427 0
1680210942544 0.00010423377173825181 0
1680210967525 0.00038423125341468194 0
1680210992463 5.4765377538274686e-05 0
1680211017784 9.6001124443762e-05 0
1680211042991 4.380209459251164e-05 0
1680211068652 4.326213430346516e-05 0
1680211094406 3.2885041363183326e-05 0
1680211119716 2.7682402717111276e-05 0
1680211158078 0.00027991657753132046 0
1680211182799 0.00010010963680863412 0
1680211207643 5.8164845657164304e-05 0
1680211233230 2.90611052937444e-05 0
1680211258025 4.037868316191115e-05 0
1680211282584 2.1088639640303843e-05 0
1680211307032 2.9380303790830948e-05 0
1680211331574 2.4080882039913008e-05 0
1680211355914 1.031028885676883e-05 0
1680211380227 2.4332509260554052e-05 0
1680211426931 0.037685819299572584 0
1680211464663 0.005891733346590146 0
1680211502600 0.003094096080852812 0
1680211539700 0.0009846035311083866 0
1680211577451 0.0007062440230587275 0
1680211615662 0.0002453693302694887 0
1680211653250 0.0002537873038789569 0
1680211690851 0.00014494362054152195 0
1680211728814 7.948800453939524e-05 0
1680211767193 0.00010447338864639245 0
1680211811681 0.01257440802862239 0
1680211838665 0.001771114216530523 0
1680211865510 0.00023130448097695577 0
1680211892209 0.0001808137881721651 0
1680211919148 0.0001443522588142031 0
1680211945926 0.0001437318453802492 0
1680211972628 0.00010040157143290629 0
1680211999241 0.00024514531650281744 0
1680212025797 0.0002909481037293458 0
1680212052439 8.941421437637495e-05 0
1680212075681 0.19529001906498586 0
1680212086774 0.013215077760414555 0
1680212097824 0.009008361505119406 0
1680212108903 0.005362058423756492 0
1680212120114 0.0014721269373726862 0
1680212131081 0.0017556517114319357 0
1680212142012 0.0008516775461084279 0
1680212153166 0.000610096126357485 0
1680212164296 0.002820279164753846 0
1680212175217 0.000870852215058197 0
1680212216926 0.05183968195752757 0
1680212252395 0.002754040679297431 0
1680212288108 0.00039487014709765276 0
1680212323795 0.0010462204653387225 0
1680212359616 0.0006381564376158593 0
1680212394692 0.0007585135579137202 0
1680212430401 0.0002121300112365927 0
1680212466452 0.0014434770932723068 0
1680212502843 0.00024613678267673195 0
1680212538609 0.00025930211479664153 0
1680212566099 0.15517469080858715 0
1680212578164 0.0006399456065291231 0
1680212590513 0.0003418255239028757 0
1680212602734 0.00027325425690591094 0
1680212615024 0.0013371237729614123 0
1680212627285 0.0007851736851297148 0
1680212639257 0.0002686854633726949 0
1680212651125 0.00082899764481368 0
1680212663467 0.00038500509621071366 0
1680212675525 0.000393612822143942 0
1680212695142 0.03690668696365789 0
1680212707230 0.003006625378195447 0
1680212719360 0.0014752715829112835 0
1680212731380 0.001129611206824148 0
1680212743554 0.002206610220897486 0
1680212755775 0.0005061314943584596 0
1680212768098 0.0003708163374260319 0
1680212780305 0.00027112536890154634 0
1680212792164 0.0002489544349373318 0
1680212804494 0.0002639470968950683 0
1680212824160 0.09970363993600656 0
1680212836972 0.011559203863725998 0
1680212850179 0.003726775053739682 0
1680212863227 0.002179455687207967 0
1680212876215 0.0037853643980969745 0
1680212889256 0.0029260739275531913 0
1680212902102 0.0011926606845148713 0
1680212915065 0.0005621498816113812 0
1680212927961 0.0004996316930863451 0
1680212940662 0.00043584812150444265 0
1680212961462 0.01769411340921159 0
1680212974796 0.00290965146828407 0
1680212988130 0.0007075044563512515 0
1680213001791 0.0017839806457162083 0
1680213015181 0.000547334697610215 0
1680213028891 0.0007854556955023257 0
1680213042597 0.00045961348321445537 0
1680213055880 0.00037872572885624744 0
1680213069368 0.0003786734830030652 0
1680213082786 0.00029194977147339017 0
