1679421007778 0.2988706823645367 0
1679421011718 0.11808293752061824 0
1679421015565 0.07821359065257841 0
1679421019455 0.07869836403923626 0
1679421023428 0.05240638229814876 0
1679421027377 0.05308281793259084 0
1679421031296 0.026154710847185923 0
1679421035239 0.042922063625883314 0
1679421039256 0.04868313735803693 0
1679421043220 0.03343675096402876 0
1679421061346 0.2621062090099424 0
1679421067853 0.06088005602186113 0
1679421074720 0.05185051693790721 0
1679421081179 0.04907947911936224 0
1679421088061 0.04597460305689994 0
1679421094603 0.013669943096296596 0
1679421101242 0.018299274798900724 0
1679421108037 0.018688107497138885 0
1679421114748 0.006067320160029581 0
1679421121672 0.03868163555667325 0
1679421143141 0.18983544335344882 0
1679421152637 0.02934273655699889 0
1679421161917 0.024901226544643176 0
1679421171294 0.02280522670826769 0
1679421180579 0.02349833429004263 0
1679421189856 0.029604468399609826 0
1679421199198 0.009817371074258957 0
1679421208763 0.015929629131963125 0
1679421218281 0.011303227845478919 0
1679421227787 0.007557552053937405 0
1679421251864 0.24180839459288953 0
1679421264214 0.036567999124871076 0
1679421276323 0.04257607435581187 0
1679421288960 0.012775366716063549 0
1679421301382 0.013800025044663182 0
1679421314093 0.02284146586955294 0
1679421326322 0.01507464065370945 0
1679421338515 0.007536557874558116 0
1679421350940 0.018416707119301077 0
1679421363560 0.011932513911303748 0
1679421390777 0.19089301802275652 0
1679421405971 0.020872164997950853 0
1679421420970 0.015757002148629667 0
1679421435983 0.01514246659895531 0
1679421451177 0.014497612026006796 0
1679421466146 0.017398246013610043 0
1679421481145 0.008940142356542446 0
1679421496044 0.005988662050509121 0
1679421511113 0.020481441398449502 0
1679421526430 0.011604402738737161 0
1679421556612 0.15677343206167133 0
1679421574452 0.016241468484071545 0
1679421592353 0.016663380410758002 0
1679421610325 0.01818158532193189 0
1679421628112 0.016107733459695343 0
1679421645797 0.012019885769729876 0
1679421663604 0.005742509457958515 0
1679421681329 0.01590761455434531 0
1679421699139 0.013073010285490327 0
1679421717263 0.0025050563639337554 0
1679421750657 0.1381181318580335 0
1679421771400 0.018598629775941965 0
1679421792058 0.02890582662165127 0
1679421812336 0.012178819554693803 0
1679421833311 0.010724382331162446 0
1679421853267 0.010101727021163812 0
1679421873587 0.006661293856543605 0
1679421894553 0.012457620075915003 0
1679421915231 0.010508494577945419 0
1679421935603 0.011763573643601252 0
1679421971413 0.16564639061591693 0
1679421994889 0.022258756021807703 0
1679422018463 0.017961658725641944 0
1679422041900 0.01995167788248016 0
1679422065432 0.013956516244121373 0
1679422088891 0.014858944820842789 0
1679422112263 0.01406911034535015 0
1679422135159 0.009217033374132254 0
1679422158288 0.016036740402059175 0
1679422181506 0.00611923341662473 0
1679422219566 0.19672850321689653 0
1679422245237 0.03927921868027079 0
1679422271427 0.026718312778950606 0
1679422297908 0.022733711167513156 0
1679422323737 0.02698741469603907 0
1679422349854 0.015420549927583693 0
1679422376030 0.01907620498912553 0
1679422402017 0.015220913047100272 0
1679422427455 0.01233032126332729 0
1679422453238 0.010528913359894209 0
1679422495026 0.14065199170161286 0
1679422523699 0.020755345210898023 0
1679422552998 0.014315391722597852 0
1679422581844 0.013536424567962826 0
1679422610905 0.00891562252775491 0
1679422639037 0.0163480661278189 0
1679422668090 0.008871214333927312 0
1679422696986 0.012545188409876071 0
1679422726075 0.012002920421844072 0
1679422754986 0.005058851781383025 0
1679422799768 0.15029346463286208 0
1679422830933 0.03291295477464879 0
1679422852048 0.02317626486953701 0
1679422872935 0.020377520214386817 0
1679422894144 0.014026298299073854 0
1679422916700 0.01606237801737387 0
1679422938158 0.011452969334397184 0
1679422959160 0.011600335340676221 0
1679422980028 0.006698455066791084 0
1679423002558 0.011117294617065798 0
1679423039326 0.16205833157832442 0
1679423063144 0.027142976804399355 0
1679423086440 0.02336930632695228 0
1679423108908 0.013355872083666427 0
1679423132512 0.0205969188810828 0
1679423155493 0.010448260800567485 0
1679423178442 0.01685598427745003 0
1679423206167 0.01105569915977233 0
1679423230097 0.009314666844637226 0
1679423253554 0.012396734781682057 0
1679423289372 0.1395492056004749 0
1679423314164 0.02616838647449198 0
1679423339277 0.017781943414335734 0
1679423363583 0.017298003924125765 0
1679423393097 0.01249315441395838 0
1679423419047 0.012529963427993675 0
1679423444030 0.01349936371148025 0
1679423469847 0.010791684203413025 0
1679423494096 0.011675047264971448 0
1679423519391 0.010341653564488386 0
1679423561088 0.16052445259891893 0
1679423589787 0.023006070737590128 0
1679423616793 0.01918477361867214 0
1679423644401 0.017300891360371676 0
1679423670726 0.01279206568950823 0
1679423698177 0.014766846282493425 0
1679423725257 0.0113050170290836 0
1679423756015 0.01322934919691715 0
1679423783562 0.00877639423001355 0
1679423810083 0.011110902875760222 0
1679423850525 0.12841900328101463 0
1679423878436 0.02594285784041794 0
1679423907474 0.021927515627061266 0
1679423935774 0.016038669516467666 0
1679423968917 0.016558473407162964 0
1679423997701 0.01315801308640603 0
1679424025858 0.009191541980813263 0
1679424055161 0.014643851613148311 0
1679424082934 0.011422353971400501 0
1679424111189 0.009652975387610247 0
1679424157576 0.147621408865513 0
1679424187494 0.027506221378905404 0
1679424218665 0.02100049730055998 0
1679424249190 0.015495389254497692 0
1679424278860 0.0185535156022635 0
1679424309188 0.011194254467004462 0
1679424339871 0.01192666291207751 0
1679424374978 0.012158124139858256 0
1679424404981 0.010541462586734747 0
1679424436526 0.011314236759423783 0
1679424481309 0.15880001606134106 0
1679424514085 0.025994783855011666 0
1679424545504 0.02299237030317075 0
1679424592692 0.015381830009717505 0
1679424642239 0.012891142637742832 0
1679424688960 0.016654073415927246 0
1679424735242 0.012476855705789833 0
1679424783370 0.01144184455723963 0
1679424830202 0.010976257465038605 0
1679424878575 0.012431444066406656 0
1679424942988 0.15279194922428072 0
1679424994102 0.025012346870228328 0
1679425044089 0.02110754222261639 0
1679425093225 0.016763824680945037 0
1679425142894 0.014611047574062785 0
1679425192434 0.015104282869435394 0
1679425242697 0.012811678462770761 0
1679425292078 0.012884276206278768 0
1679425341729 0.011986499191856305 0
1679425391777 0.012821591666523647 0
1679425459761 0.13908609399009778 0
1679425512668 0.026831124173771925 0
1679425564359 0.022859277632847425 0
1679425617810 0.017611907837375797 0
1679425669991 0.014611957238671652 0
1679425722011 0.012350475179522523 0
1679425775061 0.01600431155379183 0
1679425826982 0.012801923386360761 0
1679425880185 0.013194686045443273 0
1679425932583 0.011655378800731944 0
1679426002483 0.15158862968606798 0
1679426058069 0.026372692197429333 0
1679426112562 0.01996769485561078 0
1679426167175 0.01778413605991657 0
1679426222829 0.014983809569311439 0
1679426276939 0.01766344000689361 0
1679426333046 0.015312820336437915 0
1679426388937 0.01166103429295944 0
1679426443971 0.013478111537822579 0
1679426498405 0.013681454815778678 0
