1679421007768 0.9131944444444444 0
1679421011707 0.9628472222222222 0
1679421015553 0.9715277777777778 0
1679421019444 0.9732638888888889 0
1679421023416 0.9847222222222223 0
1679421027367 0.984375 0
1679421031286 0.9923611111111111 0
1679421035229 0.990625 0
1679421039246 0.9840277777777777 0
1679421043210 0.9892361111111111 0
1679421061333 0.9444060773480663 0
1679421067842 0.980835635359116 0
1679421074709 0.9849792817679558 0
1679421081167 0.9884323204419889 0
1679421088050 0.9860151933701657 0
1679421094594 0.9968922651933702 0
1679421101232 0.9949930939226519 0
1679421108025 0.9953383977900553 0
1679421114738 0.9975828729281768 0
1679421121661 0.9906767955801105 0
1679421143131 0.9610239852398524 0
1679421152626 0.9923892988929889 0
1679421161906 0.9930811808118081 0
1679421171283 0.9934271217712177 0
1679421180567 0.9940036900369004 0
1679421189845 0.9927352398523985 0
1679421199188 0.9972324723247232 0
1679421208752 0.9961946494464945 0
1679421218276 0.996540590405904 0
1679421227776 0.9979243542435424 0
1679421251853 0.9539019337016574 0
1679421264202 0.9905041436464088 0
1679421276311 0.9874827348066298 0
1679421288950 0.9961153314917127 0
1679421301376 0.9960290055248618 0
1679421314082 0.9937845303867403 0
1679421326311 0.995424723756906 0
1679421338502 0.9975828729281768 0
1679421350923 0.995424723756906 0
1679421363550 0.9963743093922652 0
1679421390769 0.9741426991150443 0
1679421405960 0.9939850663716814 0
1679421420962 0.995920907079646 0
1679421435972 0.9953678097345132 0
1679421451166 0.9963357300884956 0
1679421466134 0.995920907079646 0
1679421481133 0.9978567477876106 0
1679421496033 0.9990320796460177 0
1679421511103 0.9945381637168141 0
1679421526415 0.9970962389380531 0
1679421556601 0.9760589318600368 0
1679421574439 0.9953959484346224 0
1679421592344 0.9952232965009208 0
1679421610310 0.9949930939226519 0
1679421628102 0.9950506445672191 0
1679421645785 0.9972951197053407 0
1679421663587 0.9986763351749539 0
1679421681315 0.9962016574585635 0
1679421699127 0.9966620626151013 0
1679421717249 0.9990216390423573 0
1679421750644 0.9761552132701422 0
1679421771388 0.9946682464454977 0
1679421792048 0.9921504739336493 0
1679421812324 0.9964948657187994 0
1679421833296 0.9972353870458136 0
1679421853257 0.9973341232227488 0
1679421873576 0.9977290679304898 0
1679421894543 0.9967417061611374 0
1679421915219 0.9974328593996841 0
1679421935593 0.9964454976303317 0
1679421971402 0.9749654696132597 0
1679421994878 0.9935687154696132 0
1679422018452 0.9943456491712708 0
1679422041889 0.9932665745856354 0
1679422065420 0.9958131906077348 0
1679422088879 0.9958131906077348 0
1679422112252 0.9960721685082873 0
1679422135147 0.9969354281767956 0
1679422158279 0.9959858425414365 0
1679422181494 0.9982734806629834 0
1679422219553 0.9672911547911548 0
1679422245227 0.9886747542997543 0
1679422271415 0.9918611793611793 0
1679422297897 0.9940110565110565 0
1679422323723 0.9926289926289926 0
1679422349843 0.995661855036855 0
1679422376018 0.9947404791154791 0
1679422402006 0.9954315110565111 0
1679422427443 0.9963912776412777 0
1679422453228 0.9970055282555282 0
1679422495020 0.9790400552486188 0
1679422523687 0.9936464088397791 0
1679422552987 0.9953729281767956 0
1679422581831 0.9957527624309392 0
1679422610894 0.9973756906077348 0
1679422639022 0.9952693370165746 0
1679422668079 0.9974102209944752 0
1679422696975 0.9962016574585635 0
1679422726062 0.9964088397790055 0
1679422754976 0.9986187845303868 0
1679422799756 0.9759108040201006 0
1679422830924 0.990609296482412 0
1679422852037 0.9930904522613065 0
1679422872923 0.9941268844221105 0
1679422894132 0.9956972361809046 0
1679422916680 0.9952261306532664 0
1679422938148 0.9965452261306532 0
1679422959148 0.9964510050251256 0
1679422980006 0.9983040201005026 0
1679423002548 0.996859296482412 0
1679423039314 0.9741885359116023 0
1679423063130 0.991741482504604 0
1679423086429 0.9928924953959485 0
1679423108897 0.9958851289134438 0
1679423132500 0.9937269797421732 0
1679423155481 0.996460635359116 0
1679423178429 0.9950218692449355 0
1679423206155 0.9968922651933702 0
1679423230086 0.9974389963167587 0
1679423253541 0.9966332872928176 0
1679423289359 0.9758981717687075 0
1679423314151 0.9929049744897959 0
1679423339263 0.9946588010204082 0
1679423363571 0.9942336309523809 0
1679423393084 0.9962000425170068 0
1679423419034 0.9961734693877551 0
1679423444016 0.9966783588435374 0
1679423469834 0.997156675170068 0
1679423494083 0.9970238095238095 0
1679423519378 0.9972363945578231 0
1679423561074 0.9779992107340174 0
1679423589774 0.9937105367008682 0
1679423616779 0.9945244672454617 0
1679423644388 0.9950424230465666 0
1679423670713 0.9957823599052881 0
1679423698164 0.9957083662194159 0
1679423725244 0.9964483030781374 0
1679423756002 0.9961523283346487 0
1679423783549 0.9972868981846882 0
1679423810070 0.9965716258879243 0
1679423850513 0.9790438467207074 0
1679423878424 0.9929071481208548 0
1679423907461 0.9940816138540899 0
1679423935752 0.9954403095062638 0
1679423968904 0.9949106484893147 0
1679423997688 0.9958317980840088 0
1679424025845 0.997397752394989 0
1679424055150 0.995716654384672 0
1679424082921 0.9967068901989683 0
1679424111176 0.9971674649963154 0
1679424157563 0.974577002762431 0
1679424187480 0.9919932665745856 0
1679424218652 0.9943672306629834 0
1679424249178 0.9950362569060773 0
1679424278849 0.9946693715469613 0
1679424309173 0.9965901243093923 0
1679424339858 0.996395890883978 0
1679424374965 0.9960074240331491 0
1679424404968 0.9970864986187845 0
1679424436513 0.9964174723756906 0
1679424481295 0.9746994801819363 0
1679424514072 0.9926900584795322 0
1679424545491 0.9935428849902534 0
1679424592678 0.9956140350877193 0
1679424642227 0.9962028914879792 0
1679424688946 0.9949845679012346 0
1679424735234 0.9962028914879792 0
1679424783358 0.9964262508122157 0
1679424830194 0.9966699155295646 0
1679424878563 0.9966699155295646 0
1679424942967 0.9760781154082259 0
1679424994091 0.9930939226519337 0
1679425044077 0.9938996316758748 0
1679425093213 0.9952424800491099 0
1679425142878 0.9954534990791897 0
1679425192421 0.9951273787599755 0
1679425242685 0.9964894106813996 0
1679425292050 0.9963743093922652 0
1679425341717 0.9967963474524248 0
1679425391765 0.99606737262124 0
1679425459749 0.9761991279069767 0
1679425512654 0.9920966569767442 0
1679425564347 0.9930232558139535 0
1679425617796 0.9945857558139535 0
1679425669979 0.9954941860465116 0
1679425722000 0.9964752906976744 0
1679425775049 0.9952761627906976 0
1679425826971 0.9960574127906977 0
1679425880174 0.996311773255814 0
1679425932570 0.9967478197674419 0
1679426002471 0.9747755524861879 0
1679426058051 0.9926104972375691 0
1679426112553 0.9939917127071823 0
1679426167158 0.9947513812154696 0
1679426222815 0.995113950276243 0
1679426276925 0.9944578729281768 0
1679426333037 0.9953038674033149 0
1679426388924 0.9965642265193371 0
1679426443951 0.9961153314917127 0
1679426498393 0.9957527624309392 0
