1679451932377 0.8538461538461538 0
1679451935861 0.9596153846153846 0
1679451939375 0.9870192307692308 0
1679451942860 0.9971153846153846 0
1679451946445 0.9985576923076923 0
1679451949871 1.0 0
1679451953239 1.0 0
1679451956760 1.0 0
1679451960204 1.0 0
1679451963841 1.0 0
1679451981240 0.7730263157894737 0
1679451985076 0.9601151315789473 0
1679451989159 0.9893092105263158 0
1679451993215 0.9983552631578947 0
1679451997252 0.9995888157894737 0
1679452001342 1.0 0
1679452005499 1.0 0
1679452009759 1.0 0
1679452014211 1.0 0
1679452018433 1.0 0
1679452034943 0.728243670886076 0
1679452039096 0.9367088607594937 0
1679452043156 0.9865506329113924 0
1679452047513 0.997626582278481 0
1679452051752 0.9992088607594937 0
1679452056073 0.9996044303797469 0
1679452060275 1.0 0
1679452064402 0.9996044303797469 0
1679452068836 1.0 0
1679452073234 1.0 0
1679452089592 0.6863567073170732 0
1679452094035 0.9435975609756098 0
1679452098496 0.9904725609756098 0
1679452103025 0.9984756097560976 0
1679452107316 0.9977134146341463 0
1679452111645 0.9992378048780488 0
1679452116198 0.9988567073170732 0
1679452120485 0.9996189024390244 0
1679452125089 1.0 0
1679452129576 1.0 0
1679452146976 0.6566133720930233 0
1679452151453 0.9491279069767442 0
1679452156038 0.9920058139534884 0
1679452160678 0.9974563953488372 0
1679452165342 0.9992732558139535 0
1679452169032 1.0 0
1679452173993 1.0 0
1679452178655 1.0 0
1679452182853 1.0 0
1679452187380 1.0 0
1679452205372 0.6611657303370787 0
1679452210359 0.9575140449438202 0
1679452215097 0.9950842696629213 0
1679452219821 0.9978932584269663 0
1679452224590 1.0 0
1679452229380 1.0 0
1679452234087 0.9992977528089888 0
1679452238934 1.0 0
1679452243930 1.0 0
1679452248591 0.9996488764044944 0
1679452266413 0.6552309782608695 0
1679452271378 0.9605978260869565 0
1679452276403 0.9949048913043478 0
1679452280850 0.9983016304347826 0
1679452285716 0.9996603260869565 0
1679452290431 1.0 0
1679452295183 0.9996603260869565 0
1679452300073 0.9996603260869565 0
1679452305023 1.0 0
1679452309909 1.0 0
1679452328427 0.6513671875 0
1679452333550 0.9622395833333334 0
1679452338575 0.994140625 0
1679452343770 0.99609375 0
1679452348870 0.9986979166666666 0
1679452353992 0.9996744791666666 0
1679452359092 0.9996744791666666 0
1679452364135 1.0 0
1679452367993 1.0 0
1679452373042 1.0 0
1679452390973 0.6647727272727273 0
1679452396343 0.9668560606060606 0
1679452401601 0.9952651515151515 0
1679452406763 1.0 0
1679452411894 1.0 0
1679452417092 1.0 0
1679452422021 0.9993686868686869 0
1679452426996 1.0 0
1679452432295 0.9996843434343434 0
1679452437449 1.0 0
1679452456406 0.6749387254901961 0
1679452461579 0.9708946078431373 0
1679452466605 0.9963235294117647 0
1679452471837 0.9993872549019608 0
1679452476704 0.9984681372549019 0
1679452481972 1.0 0
1679452487456 1.0 0
1679452492817 1.0 0
1679452498239 0.9996936274509803 0
1679452503547 1.0 0
1679452523116 0.6758928571428572 0
1679452528621 0.9726190476190476 0
1679452534019 0.9961309523809524 0
1679452539485 0.9991071428571429 0
1679452545040 0.999702380952381 0
1679452550216 0.999702380952381 0
1679452555639 1.0 0
1679452560917 0.999702380952381 0
1679452566685 1.0 0
1679452572144 1.0 0
1679452592206 0.6794724770642202 0
1679452597651 0.9784977064220184 0
1679452603418 0.9948394495412844 0
1679452609136 0.997993119266055 0
1679452614762 0.9985665137614679 0
1679452620251 1.0 0
1679452625953 1.0 0
1679452631684 1.0 0
1679452637441 0.9997133027522935 0
1679452643057 1.0 0
1679452662504 0.6978236607142857 0
1679452668480 0.9760044642857143 0
1679452674437 0.9972098214285714 0
1679452680248 0.9986049107142857 0
1679452685933 0.9991629464285714 0
1679452691613 0.9994419642857143 0
1679452697297 1.0 0
1679452702957 1.0 0
1679452708768 1.0 0
1679452714542 1.0 0
1679452735033 0.6929347826086957 0
1679452741143 0.9766304347826087 0
1679452747028 0.9942934782608696 0
1679452753152 0.9991847826086957 0
1679452759027 0.9994565217391305 0
1679452765043 0.9997282608695652 0
1679452771275 1.0 0
1679452776925 1.0 0
1679452782722 1.0 0
1679452788712 1.0 0
1679452810175 0.7108718487394958 0
1679452816060 0.9792542016806722 0
1679452821993 0.9960609243697479 0
1679452828126 0.9989495798319328 0
1679452834309 1.0 0
1679452840304 1.0 0
1679452846383 1.0 0
1679452852467 1.0 0
1679452858499 1.0 0
1679452864288 1.0 0
1679452885403 0.7241290983606558 0
1679452891660 0.9807889344262295 0
1679452898107 0.9969262295081968 0
1679452904094 0.9994877049180327 0
1679452910284 1.0 0
1679452916395 1.0 0
1679452922533 1.0 0
1679452928818 1.0 0
1679452934927 0.9997438524590164 0
1679452941166 0.9997438524590164 0
1679452964039 0.73125 0
1679452970396 0.986 0
1679452976757 0.9975 0
1679452983050 0.99875 0
1679452989310 0.99975 0
1679452995553 1.0 0
1679453001796 1.0 0
1679453008216 1.0 0
1679453014512 1.0 0
1679453020910 1.0 0
1679453044200 0.7313468992248062 0
1679453050755 0.9815891472868217 0
1679453056971 0.9963662790697675 0
1679453064168 0.999031007751938 0
1679453070962 0.9997577519379846 0
1679453078041 1.0 0
1679453084695 1.0 0
1679453091089 1.0 0
1679453097584 1.0 0
1679453103987 1.0 0
1679453126788 0.7292461832061069 0
1679453133396 0.9799618320610687 0
1679453139848 0.9971374045801527 0
1679453146418 0.9983301526717557 0
1679453153251 1.0 0
1679453159119 1.0 0
1679453165976 1.0 0
1679453172549 0.9997614503816794 0
1679453178966 1.0 0
1679453185795 1.0 0
1679453209391 0.7424812030075187 0
1679453216347 0.9830827067669173 0
1679453223249 0.9953007518796992 0
1679453230329 0.9988251879699248 0
1679453236881 1.0 0
1679453243584 0.9997650375939849 0
1679453250247 1.0 0
1679453257021 1.0 0
1679453263887 1.0 0
1679453270646 1.0 0
