1679451932393 3.54534132394474 0
1679451935880 3.3200019830837846 0
1679451939394 3.346591932931915 0
1679451942870 3.302157148020342 0
1679451946462 3.4164542749058455 0
1679451949886 3.2680461270501837 0
1679451953256 3.2073662399780005 0
1679451956776 3.346117444918491 0
1679451960223 3.281451133079827 0
1679451963857 3.457869990961626 0
1679451981261 4.081585414009169 0
1679451985093 3.6368995499797165 0
1679451989177 3.8942161420127377 0
1679451993236 3.84622973005753 0
1679451997271 3.832213287940249 0
1679452001367 3.8599542470183223 0
1679452005516 3.9305091679561883 0
1679452009779 4.05929428501986 0
1679452014226 4.240806741057895 0
1679452018449 4.023811943014152 0
1679452034958 4.072709425003268 0
1679452039115 3.9448325659614056 0
1679452043173 3.841483558062464 0
1679452047531 4.138106097001582 0
1679452051770 4.027422640938312 0
1679452056093 4.101408121990971 0
1679452060295 3.9977840180508792 0
1679452064424 3.9159255910199136 0
1679452068853 4.130890690954402 0
1679452073251 4.167769251973368 0
1679452089616 4.157508347998373 0
1679452094054 4.217505912994966 0
1679452098513 4.227686100988649 0
1679452103042 4.3033000089926645 0
1679452107334 4.069067173986696 0
1679452111674 4.106627194094472 0
1679452116215 4.306183126056567 0
1679452120510 4.0598541758954525 0
1679452125109 4.36695682501886 0
1679452129597 4.2567367809824646 0
1679452146996 4.230616475921124 0
1679452151470 4.239333583973348 0
1679452156057 4.354703352903016 0
1679452160696 4.4024763479828835 0
1679452165359 4.427119536092505 0
1679452169046 3.3804841031087562 0
1679452174011 4.6704347329214215 0
1679452178674 4.419281125999987 0
1679452182870 3.9487508890451863 0
1679452187399 4.295841217972338 0
1679452205392 4.479145337012596 0
1679452210377 4.74158183997497 0
1679452215122 4.464352861978114 0
1679452219848 4.462736132903956 0
1679452224607 4.518904816941358 0
1679452229403 4.550735686905682 0
1679452234104 4.4495724610751495 0
1679452238954 4.610027660964988 0
1679452243950 4.733668606961146 0
1679452248613 4.408478477969766 0
1679452266430 4.475744061055593 0
1679452271393 4.691362652927637 0
1679452276423 4.740297471056692 0
1679452280866 4.198341600014828 0
1679452285735 4.612131551024504 0
1679452290454 4.4583655500318855 0
1679452295207 4.486073004081845 0
1679452300094 4.630398200941272 0
1679452305045 4.682969985995442 0
1679452309928 4.6067852260312065 0
1679452328452 4.954107319004834 0
1679452333565 4.832900710054673 0
1679452338589 4.749868327053264 0
1679452343789 4.922621352947317 0
1679452348892 4.847121917991899 0
1679452354012 4.842179322964512 0
1679452359113 4.827503112028353 0
1679452364149 4.755690088029951 0
1679452368016 3.599693974945694 0
1679452373058 4.7796400469960645 0
1679452390994 4.603472459013574 0
1679452396358 5.0717250920133665 0
1679452401617 4.958836303907447 0
1679452406787 4.883870042976923 0
1679452411913 4.8510076409438625 0
1679452417104 4.9207340580178425 0
1679452422045 4.648555296007544 0
1679452427015 4.686146193998866 0
1679452432317 5.005010313005187 0
1679452437463 4.874671101919375 0
1679452456423 5.086790411034599 0
1679452461603 4.871819254010916 0
1679452466625 4.691351636080071 0
1679452471853 4.919212627923116 0
1679452476724 4.585516579914838 0
1679452481994 4.961931632016785 0
1679452487476 5.185715253930539 0
1679452492829 5.053577953949571 0
1679452498264 5.135070550022647 0
1679452503577 4.995277779060416 0
1679452523140 4.974995200056583 0
1679452528644 5.186862575937994 0
1679452534038 5.072242196998559 0
1679452539504 5.141927299904637 0
1679452545052 5.246975210960954 0
1679452550230 4.8739634189987555 0
1679452555661 5.1098296149866655 0
1679452560935 4.929216559976339 0
1679452566709 5.437187067000195 0
1679452572167 5.133280468988232 0
1679452592223 5.174046832951717 0
1679452597676 5.1213587269885466 0
1679452603448 5.43935026100371 0
1679452609163 5.383507821010426 0
1679452614776 5.284967434941791 0
1679452620277 5.183632649015635 0
1679452625978 5.381357639911585 0
1679452631700 5.401860101963393 0
1679452637466 5.439161482965574 0
1679452643074 5.294156330055557 0
1679452662526 4.2517150359926745 0
1679452668500 5.6534178430447355 0
1679452674464 5.5899043349782005 0
1679452680272 5.479405838996172 0
1679452685951 5.325624560005963 0
1679452691629 5.3376065590418875 0
1679452697316 5.369459085981362 0
1679452702974 5.331865462008864 0
1679452708784 5.468969401088543 0
1679452714560 5.443139981944114 0
1679452735054 5.465724666020833 0
1679452741164 5.765351208043285 0
1679452747048 5.540433752001263 0
1679452753170 5.773519553011283 0
1679452759050 5.464743243996054 0
1679452765072 5.652679234975949 0
1679452771295 5.87702924804762 0
1679452776952 5.3057463659206405 0
1679452782737 5.430888614966534 0
1679452788737 5.653963593998924 0
1679452810194 5.76753504096996 0
1679452816079 5.53576574800536 0
1679452822019 5.579198218998499 0
1679452828146 5.770055850967765 0
1679452834331 5.822301396983676 0
1679452840330 5.633226247038692 0
1679452846402 5.721478702966124 0
1679452852490 5.741821827017702 0
1679452858519 5.636145845986903 0
1679452864316 5.4087365119485185 0
1679452885429 5.712244350928813 0
1679452891692 5.882924717036076 0
1679452898135 6.0596497430233285 0
1679452904113 5.611200182000175 0
1679452910311 5.80882653396111 0
1679452916419 5.7444610260427 0
1679452922562 5.783347224001773 0
1679452928838 5.907778310938738 0
1679452934951 5.744387967977673 0
1679452941186 5.873285350971855 0
1679452964058 6.15585361502599 0
1679452970416 5.951597902108915 0
1679452976786 5.9777427919907495 0
1679452983069 5.9011916409945115 0
1679452989338 5.88489030895289 0
1679452995576 5.849299245979637 0
1679453001821 5.859432919998653 0
1679453008240 6.037771147093736 0
1679453014553 5.930278794025071 0
1679453020941 5.992166436975822 0
1679453044237 6.167896893923171 0
1679453050775 6.141525994054973 0
1679453056996 5.756239125970751 0
1679453064199 6.758034789003432 0
1679453070983 6.388234622078016 0
1679453078072 6.678678241907619 0
1679453084714 6.259621364995837 0
1679453091114 6.002798051922582 0
1679453097604 6.100802149972878 0
1679453104006 6.021826050011441 0
1679453126808 6.115601462079212 0
1679453133431 6.208465139963664 0
1679453139884 6.037900113966316 0
1679453146439 6.144702153978869 0
1679453153283 6.42127632710617 0
1679453159145 5.383597751962952 0
1679453166007 6.454559153993614 0
1679453172577 6.141427958966233 0
1679453178996 6.01265497400891 0
1679453185820 6.3445393909933046 0
1679453209427 6.508457881980576 0
1679453216375 6.535966434981674 0
1679453223282 6.4072508490644395 0
1679453230368 6.626187780988403 0
1679453236917 6.1172250310191885 0
1679453243605 6.275613371049985 0
1679453250273 6.2458260679850355 0
1679453257063 6.342183273984119 0
1679453263905 6.431529634050094 0
1679453270667 6.348848990979604 0
