1679441540298 0.41984124436146686 0
1679441542935 0.09804484131228593 0
1679441545600 0.04916206386923376 0
1679441549320 0.01971570252854791 0
1679441552039 0.014013701189671539 0
1679441554799 0.007717029533685289 0
1679441558569 0.00850470908658786 0
1679441561276 0.005721769611571088 0
1679441563998 0.006033914017381094 0
1679441567806 0.011106007822511149 0
1679441581850 0.6270578531755342 0
1679441586468 0.11830744317008389 0
1679441589897 0.06759360709951984 0
1679441593699 0.04635500158700678 0
1679441597242 0.037416801870697076 0
1679441600735 0.03322655506845978 0
1679441605184 0.028377088862988682 0
1679441608647 0.024287842876381343 0
1679441612208 0.023200576483375496 0
1679441616072 0.02678136746916506 0
1679441634950 1.0614321539799372 0
1679441639384 0.21398496329784394 0
1679441644069 0.12183521398239666 0
1679441648503 0.08717565822104613 0
1679441653282 0.0663241589234935 0
1679441657641 0.05844098437163565 0
1679441662420 0.04819109886884689 0
1679441666926 0.043442079880171354 0
1679441671822 0.03763016507857376 0
1679441676250 0.03536454401910305 0
1679441691829 1.5483635081185234 0
1679441697158 0.21222503872381315 0
1679441702388 0.13766885403957632 0
1679441708107 0.1038541316986084 0
1679441713822 0.07665836546156142 0
1679441719126 0.06127479382687145 0
1679441725277 0.05357387318379349 0
1679441731179 0.04795099298159281 0
1679441736919 0.04062877222895622 0
1679441742310 0.0376591548944513 0
1679441758973 1.5065620988607407 0
1679441765444 0.26440062680178217 0
1679441771626 0.15550660495128896 0
1679441777443 0.10650239036315018 0
1679441783528 0.07975715945164362 0
1679441789907 0.06446353308856487 0
1679441795698 0.05834378546310796 0
1679441801435 0.050946397748258376 0
1679441807831 0.04528358259962665 0
1679441813641 0.04134630022777452 0
1679441830330 1.3013790713416205 0
1679441837073 0.2096654070748223 0
1679441843784 0.12705746098524995 0
1679441850186 0.08763530912498634 0
1679441856830 0.07050274432533317 0
1679441863621 0.056206580541200105 0
1679441870300 0.04739291705191136 0
1679441876999 0.045011015029417144 0
1679441883514 0.04080248872439066 0
1679441890486 0.03791625098221832 0
1679441909919 1.3185583866304822 0
1679441917444 0.2575721809433566 0
1679441924463 0.1559636888404687 0
1679441931328 0.1096931709183587 0
1679441938880 0.07834371220734385 0
1679441946457 0.06444211531844404 0
1679441954097 0.05512211641503705 0
1679441961396 0.0517507105651829 0
1679441968474 0.05428891976674398 0
1679441976305 0.04914517249498102 0
1679441995260 1.1887696178423033 0
1679442003376 0.17381211436457103 0
1679442011896 0.10720115486118528 0
1679442020526 0.07855324082904391 0
1679442028556 0.06926155653264787 0
1679442036833 0.05815256631208791 0
1679442045008 0.0541515465411875 0
1679442053229 0.05195880230102274 0
1679442061305 0.048359092449148496 0
1679442069583 0.04345288852022754 0
1679442091169 1.2770314940147929 0
1679442100207 0.20582731283373304 0
1679442109207 0.12123035022781956 0
1679442118049 0.08952727624111706 0
1679442126328 0.06863075254691972 0
1679442135146 0.0638206465376748 0
1679442143914 0.05853586507340272 0
1679442152866 0.051266599653495684 0
1679442161742 0.04741212704943286 0
1679442170537 0.04557660710480478 0
1679442192892 1.12930328928762 0
1679442202428 0.2039071884420183 0
1679442212079 0.12507242725955114 0
1679442221419 0.09760308816201158 0
1679442230291 0.07964816830224461 0
1679442239807 0.0715699099832111 0
1679442249270 0.06704464732772775 0
1679442259026 0.0615087843603558 0
1679442268640 0.05711646059321033 0
1679442277928 0.05589971149133311 0
1679442301846 1.025391191823615 0
1679442312096 0.17052987615267437 0
1679442322314 0.11252541600002183 0
1679442331199 0.08252398798035251 0
1679442341705 0.0759295619610283 0
1679442351943 0.06369407773017884 0
1679442362264 0.054971014708280565 0
1679442372244 0.053094563053713906 0
1679442382541 0.05044901404115889 0
1679442392864 0.04766237011386289 0
1679442415389 1.0413301842080223 0
1679442425829 0.16893864216076004 0
1679442436376 0.10314464742938677 0
1679442447321 0.08128590873546071 0
1679442458201 0.07035125233232975 0
1679442469138 0.06020317400495211 0
1679442480155 0.05515612442460325 0
1679442490827 0.05168683450255129 0
1679442501713 0.051349986013438965 0
1679442512575 0.04723976196514235 0
1679442536842 1.070948121862279 0
1679442548529 0.20597815670900874 0
1679442560200 0.13294284525844785 0
1679442572196 0.09638907768660121 0
1679442583608 0.07792814924485153 0
1679442595121 0.07007877284453976 0
1679442606570 0.061410068306658 0
1679442618221 0.0568141827152835 0
1679442629130 0.05551395076844427 0
1679442640096 0.051954393171601825 0
1679442666904 1.0579319248596828 0
1679442679697 0.1723813344207075 0
1679442692214 0.10427472301655345 0
1679442704361 0.083665398756663 0
1679442716553 0.07508413613670402 0
1679442728316 0.06880848676794105 0
1679442739613 0.06768089342448447 0
1679442751685 0.061614941640032665 0
1679442763982 0.0570771178851525 0
1679442776477 0.052632717001769275 0
1679442804389 1.1723240296045938 0
1679442817276 0.22852302582727538 0
1679442830006 0.1537107794649071 0
1679442841674 0.11618618170420329 0
1679442854614 0.09527780802713501 0
1679442867388 0.07842908534738753 0
1679442880194 0.07539975067807568 0
1679442893141 0.0678575184610155 0
1679442906200 0.06515322807762358 0
1679442919466 0.06161520054770841 0
1679442946817 1.2065995105438763 0
1679442960114 0.23241145610809327 0
1679442973465 0.1591501803861724 0
1679442986882 0.11818929413954417 0
1679443000531 0.09271938643521732 0
1679443014100 0.07810455784201623 0
1679443027568 0.07319958048562208 0
1679443039889 0.07043851125571463 0
1679443053019 0.06535796233349377 0
1679443066665 0.061008583050635126 0
1679443095106 1.0070241851111252 0
1679443109052 0.17453161461485756 0
1679443123079 0.11431576642725202 0
1679443137086 0.0975132184724013 0
1679443149805 0.078252874314785 0
1679443163981 0.06942403953936364 0
1679443178043 0.06658820344342126 0
1679443192109 0.06404845764239629 0
1679443206629 0.061764373630285266 0
1679443220632 0.05961982409159342 0
1679443249848 0.8959935901065668 0
1679443264175 0.15913269652260675 0
1679443278923 0.11854160436325603 0
1679443293897 0.09237380714880096 0
1679443308825 0.07718191337254313 0
1679443323369 0.07268359822531541 0
1679443338283 0.06628838181495667 0
1679443351935 0.06306010865502887 0
1679443365999 0.061639545154240395 0
1679443380499 0.06331509939498371 0
1679443411584 0.9047218996617529 0
1679443426893 0.17372175852457683 0
1679443441915 0.11601134596599473 0
1679443456698 0.08711095568206575 0
1679443471184 0.07701284065842628 0
1679443486338 0.06918050696452459 0
1679443501719 0.06904655939175022 0
1679443517262 0.06333478022780684 0
1679443532167 0.060157715901732446 0
1679443547308 0.05895066323379675 0
1679443576826 0.9709293284349971 0
1679443592809 0.19121495948897468 0
1679443608785 0.11796724092629221 0
1679443624292 0.09704025073183907 0
1679443640493 0.0814408830470509 0
1679443656131 0.07668062208427323 0
1679443671294 0.07217203213108911 0
1679443685670 0.06704129576683045 0
1679443701840 0.0658943637791607 0
1679443718330 0.06127908242245515 0
