1679441540302 2.98878876096569 0
1679441542940 2.4870789980050176 0
1679441545607 2.504147391067818 0
1679441549328 3.5626086220145226 0
1679441552045 2.5629261629655957 0
1679441554804 2.603115342091769 0
1679441558575 3.611236174008809 0
1679441561284 2.5516875529428944 0
1679441564003 2.5525740809971467 0
1679441567812 3.6289708759868518 0
1679441581856 3.4928583620348945 0
1679441586473 4.460774037986994 0
1679441589902 3.2691456039901823 0
1679441593704 3.682773587992415 0
1679441597248 3.383314725011587 0
1679441600741 3.336226156097837 0
1679441605191 4.282700498006307 0
1679441608653 3.2942379219457507 0
1679441612214 3.4236276239389554 0
1679441616084 3.7174949570326135 0
1679441634956 5.0996993109583855 0
1679441639390 4.252581788925454 0
1679441644075 4.549574892036617 0
1679441648509 4.235782645992003 0
1679441653289 4.644900662009604 0
1679441657647 4.169828570913523 0
1679441662426 4.587998142000288 0
1679441666934 4.304144365945831 0
1679441671828 4.7093734870431945 0
1679441676258 4.245363770052791 0
1679441691835 5.076641323976219 0
1679441697165 5.141074858955108 0
1679441702395 5.050287766032852 0
1679441708114 5.520035404944792 0
1679441713829 5.506148476968519 0
1679441719132 5.1048461720347404 0
1679441725285 6.005626723985188 0
1679441731186 5.73628081404604 0
1679441736928 5.544768520980142 0
1679441742317 5.188906363910064 0
1679441758980 5.6543164839968085 0
1679441765455 6.287460749968886 0
1679441771630 5.998849193914793 0
1679441777450 5.673017203924246 0
1679441783535 5.896416243980639 0
1679441789914 6.18107032799162 0
1679441795709 5.642362377024256 0
1679441801442 5.550452605937608 0
1679441807838 6.1940256470115855 0
1679441813648 5.649148086085916 0
1679441830336 6.759197517996654 0
1679441837080 6.530512036988512 0
1679441843790 6.489034669939429 0
1679441850192 6.254116208059713 0
1679441856838 6.454179090913385 0
1679441863630 6.59724506305065 0
1679441870306 6.485074323019944 0
1679441877007 6.54667738894932 0
1679441883522 6.329056320013478 0
1679441890493 6.781273183063604 0
1679441909926 7.632937020040117 0
1679441917452 7.333732556900941 0
1679441924470 6.864671488991007 0
1679441931339 6.721739568049088 0
1679441938888 7.349236662965268 0
1679441946464 7.374057780019939 0
1679441954105 7.442727069952525 0
1679441961402 7.144606883986853 0
1679441968480 6.891397539991885 0
1679441976312 7.636416301946156 0
1679441995268 7.733464434044436 0
1679442003384 7.913732687011361 0
1679442011904 8.299541860003956 0
1679442020534 8.434442993951961 0
1679442028561 7.870660666958429 0
1679442036840 8.075040112016723 0
1679442045016 7.9774011470144615 0
1679442053238 8.015616737073287 0
1679442061312 7.870598664972931 0
1679442069592 8.111889566062018 0
1679442091177 8.938551095081493 0
1679442100213 8.81659637496341 0
1679442109215 8.798866461031139 0
1679442118058 8.613851367030293 0
1679442126335 8.11604182899464 0
1679442135153 8.622471702983603 0
1679442143923 8.568225053022616 0
1679442152874 8.728392057935707 0
1679442161752 8.657008629059419 0
1679442170544 8.575412924983539 0
1679442192901 9.404773319954984 0
1679442202438 9.31801753200125 0
1679442212087 9.490193862002343 0
1679442221425 9.150109766982496 0
1679442230298 8.69895799702499 0
1679442239816 9.323256731964648 0
1679442249279 9.261504668975249 0
1679442259034 9.60074840998277 0
1679442268653 9.466812040074728 0
1679442277934 9.11360219900962 0
1679442301852 10.111930346000008 0
1679442312102 9.988040392985567 0
1679442322321 10.012414935044944 0
1679442331212 8.712609381997027 0
1679442341712 10.295539860031568 0
1679442351958 10.067032905993983 0
1679442362273 10.088908939040266 0
1679442372250 9.771681854035705 0
1679442382550 10.105155620956793 0
1679442392870 10.130686284974217 0
1679442415395 10.469208177994005 0
1679442425836 10.284956368035637 0
1679442436385 10.323882078984752 0
1679442447331 10.73350444296375 0
1679442458210 10.676051072077826 0
1679442469147 10.731547743082047 0
1679442480166 10.851469364017248 0
1679442490836 10.46474525902886 0
1679442501725 10.67287521599792 0
1679442512584 10.652304204064421 0
1679442536848 10.909089564927854 0
1679442548539 11.48213398491498 0
1679442560210 11.457075123093091 0
1679442572203 11.826261009089649 0
1679442583618 11.194582762895152 0
1679442595134 11.299089412088506 0
1679442606577 11.278103110031225 0
1679442618231 11.432002652902156 0
1679442629137 10.742784428992309 0
1679442640106 10.736732549965382 0
1679442666914 11.911335800075904 0
1679442679709 12.551753835985437 0
1679442692225 12.299188376986422 0
1679442704371 11.941314242896624 0
1679442716560 12.02863062301185 0
1679442728323 11.607960300985724 0
1679442739620 11.131402484956197 0
1679442751695 11.863308120984584 0
1679442763992 12.081452670041472 0
1679442776488 12.264285843004473 0
1679442804403 13.099782103905454 0
1679442817287 12.656574515043758 0
1679442830026 12.567785472027026 0
1679442841682 11.47964288503863 0
1679442854625 12.701358094927855 0
1679442867395 12.553651513997465 0
1679442880201 12.593560445006005 0
1679442893153 12.727717842091806 0
1679442906210 12.82502648094669 0
1679442919474 13.053785254945979 0
1679442946829 12.333284030901268 0
1679442960126 13.07629824092146 0
1679442973476 13.122007230995223 0
1679442986889 13.246736588072963 0
1679443000542 13.431486796005629 0
1679443014111 13.394214372034185 0
1679443027579 13.237183718010783 0
1679443039900 12.150207631057128 0
1679443053026 12.916017176001333 0
1679443066673 13.418708372977562 0
1679443095122 13.607763663982041 0
1679443109060 13.788544276962057 0
1679443123091 13.797135532018729 0
1679443137094 13.848311758018099 0
1679443149817 12.541303447098471 0
1679443163993 13.960110155050643 0
1679443178053 13.836985416011885 0
1679443192117 13.830124816042371 0
1679443206640 14.291532796924002 0
1679443220646 13.809807370998897 0
1679443249856 13.110911948024295 0
1679443264191 14.159239590982907 0
1679443278938 14.520464115892537 0
1679443293909 14.734756703022867 0
1679443308836 14.698867700994015 0
1679443323383 14.324745272984728 0
1679443338295 14.684201669995673 0
1679443351943 13.478890920989215 0
1679443366011 13.813916690996848 0
1679443380511 14.274841221049428 0
1679443411596 15.283178321900778 0
1679443426904 15.07812959596049 0
1679443441923 14.851780191995203 0
1679443456707 14.601826242054813 0
1679443471197 14.234836581046693 0
1679443486350 14.905406759004109 0
1679443501729 15.068338613025844 0
1679443517274 15.308340257033706 0
1679443532179 14.68716420000419 0
1679443547324 14.962271395954303 0
1679443576839 14.696002125972882 0
1679443592818 15.72787576902192 0
1679443608794 15.749472408089787 0
1679443624309 15.330752094974741 0
1679443640506 15.933600634918548 0
1679443656145 15.394292454002425 0
1679443671309 14.96346606197767 0
1679443685682 14.125122249941342 0
1679443701855 15.908301606075838 0
1679443718342 16.24247941595968 0
