1678800627922 0.506769184680546 0
1678800633190 0.27156172327551187 0
1678800638259 0.25095320127758325 0
1678800643074 0.23484058269098693 0
1678800648278 0.22142573811259925 0
1678800653207 0.2066342288664743 0
1678800658264 0.19507141396695493 0
1678800663301 0.18526235281252393 0
1678800668252 0.1737735036249254 0
1678800673398 0.16329529209464205 0
1678800777634 0.2597149730941584 0
1678800786792 0.255875046689843 0
1678800795984 0.255441757655421 0
1678800805025 0.25523514569152234 0
1678800814333 0.2549986614044322 0
1678800823220 0.25480899743215984 0
1678800832491 0.25493874886008194 0
1678800841532 0.25518962238417114 0
1678800850577 0.2551523276366467 0
1678800859872 0.2548507593225601 0
1678800959531 0.2535974188964553 0
1678800972703 0.25273391690273833 0
1678800985659 0.25223031640052795 0
1678800998714 0.25210538653679837 0
1678801010686 0.25205359108163494 0
1678801023172 0.2516456904357353 0
1678801035711 0.25232616999021773 0
1678801048414 0.2519121795524786 0
1678801060856 0.2513394969603652 0
1678801073871 0.2516236444436964 0
1678801170128 0.24497659794319465 0
1678801183677 0.2437594792722264 0
1678801197224 0.243900562538711 0
1678801210785 0.2438973115343992 0
1678801223854 0.24370188489266406 0
1678801237338 0.24358623941584784 0
1678801250651 0.24318108043781977 0
1678801263849 0.24309183923882732 0
1678801276839 0.24297266096920356 0
1678801290362 0.24286429218744954 0
1678801385379 0.23710804116633152 0
1678801399096 0.23661969010700049 0
1678801412906 0.23605566973352246 0
1678801426480 0.2366688959445471 0
1678801439617 0.23631282226120914 0
1678801452650 0.23641367674105826 0
1678801465636 0.2360842428550646 0
1678801479131 0.23578330810663764 0
1678801492428 0.23551936146118296 0
1678801505876 0.23566611853323094 0
1678801600231 0.23282620832613934 0
1678801613563 0.23239513912785378 0
1678801627298 0.2321701145473621 0
1678801640812 0.23221953752439772 0
1678801654262 0.23238254898021193 0
1678801667247 0.2317644641789017 0
1678801680365 0.23227220054730366 0
1678801693902 0.23181683741191017 0
1678801707477 0.2324032640294806 0
1678801721279 0.23161288666817928 0
1678801815774 0.2272841267923052 0
1678801829128 0.22690334482941515 0
1678801842917 0.22732729620711747 0
1678801856284 0.22689918677012125 0
1678801870118 0.22748431973448097 0
1678801882818 0.22688735409300456 0
1678801896338 0.22682207302991733 0
1678801909770 0.22671387356150058 0
1678801922549 0.2261992371244024 0
1678801936110 0.2264392522069835 0
1678802031887 0.2222615506413371 0
1678802045302 0.22254743710044742 0
1678802058989 0.2221133226687594 0
1678802072753 0.22243440751881563 0
1678802086446 0.22205554018186968 0
1678802099430 0.2214310918320981 0
1678802113017 0.2217360077093738 0
1678802126502 0.22174396077098774 0
1678802139955 0.22168876352005226 0
1678802152875 0.22173910795949225 0
1678802248890 0.21986414006976193 0
1678802262472 0.21966038667416388 0
1678802275867 0.21964113882114722 0
1678802289550 0.2195793047778366 0
1678802303177 0.21939057186823482 0
1678802316894 0.21951580116915148 0
1678802330094 0.2196723849389904 0
1678802343248 0.2193571605770163 0
1678802356627 0.21931689215260883 0
1678802370454 0.21925145208604577 0
1678802469430 0.21833172671554624 0
1678802482674 0.21825807697551194 0
1678802496285 0.2182851381195608 0
1678802510172 0.21798550447290257 0
1678802523945 0.218186339262382 0
1678802537792 0.21805554125891174 0
1678802550655 0.2177704074239546 0
1678802564243 0.21811235020327013 0
1678802577674 0.21800016363461813 0
1678802591141 0.217913721651994 0
1678802690661 0.21430983820545998 0
1678802703718 0.21422179194044047 0
1678802716910 0.21411512421030943 0
1678802730209 0.2139418705544119 0
1678802743170 0.21406760666852795 0
1678802756340 0.2140389215273616 0
1678802769607 0.2137535673635015 0
1678802782922 0.2142102438304211 0
1678802796713 0.2139527387192277 0
1678802810602 0.21383236644332976 0
1678802904340 0.2134709213231061 0
1678802918210 0.21328823423753834 0
1678802932532 0.21338677417817722 0
1678802946271 0.21342025910105025 0
1678802959707 0.21327819229322972 0
1678802973493 0.21344009536573785 0
1678802986651 0.213150227392042 0
1678803000476 0.21318375995260408 0
1678803014282 0.21326491173399922 0
1678803027931 0.21322071333649537 0
1678803121535 0.21019542298113653 0
1678803135008 0.20996591333270997 0
1678803148939 0.2099708810217621 0
1678803162604 0.20997532693914664 0
1678803176083 0.20992771588092626 0
1678803189954 0.20983459996853687 0
1678803203205 0.2099031305821367 0
1678803216545 0.20992059156645176 0
1678803229955 0.20996737705413684 0
1678803243908 0.20981606506099998 0
1678803338194 0.20963099593131237 0
1678803351950 0.2096219960326854 0
1678803365639 0.20945843910388504 0
1678803379444 0.20938611916593602 0
1678803392876 0.20921458764195902 0
1678803406195 0.20924534145239237 0
1678803419755 0.20947829642581203 0
1678803433468 0.20943487599549607 0
1678803447149 0.2095189499578881 0
1678803461289 0.20917409462818307 0
1678803554509 0.20718615184458652 0
1678803567931 0.2068762469083764 0
1678803581638 0.2069717729969542 0
1678803595535 0.20685290816680404 0
1678803608773 0.20684677310461222 0
1678803622102 0.2066863256600476 0
1678803635639 0.20681139110594757 0
1678803648960 0.20673035778278528 0
1678803662489 0.20685682162757993 0
1678803676397 0.20681558462769487 0
1678803772453 0.20540848976144424 0
1678803786654 0.20508610915679198 0
1678803800666 0.2050149645942908 0
1678803814657 0.20527785300062254 0
1678803828127 0.20503265966589634 0
1678803841443 0.20515899698321635 0
1678803854799 0.2049985246016429 0
1678803868496 0.20494432965150247 0
1678803881913 0.2050406605578386 0
1678803895550 0.20506501856904763 0
1678803993115 0.20358532924076606 0
1678804006843 0.20359074561303603 0
1678804020739 0.20347488411770012 0
1678804034888 0.2034643429449235 0
1678804049082 0.2034649364792981 0
1678804062607 0.20356618667242626 0
1678804076456 0.2035935527976902 0
1678804089964 0.20335327796780744 0
1678804103810 0.20336200959152645 0
1678804117769 0.20349024989824185 0
1678804215170 0.20305973984874212 0
1678804228529 0.20306057878411732 0
1678804242540 0.20294503271579742 0
1678804256292 0.20298721503752928 0
1678804270726 0.20298902879540737 0
1678804283915 0.20285802426246496 0
1678804297510 0.20283270363624278 0
1678804311027 0.20284162014722823 0
1678804324532 0.20292364410482921 0
1678804338255 0.20299470246984408 0
1678804438717 0.20220858545959458 0
1678804452174 0.20230820359185683 0
1678804465983 0.20211164081512495 0
1678804479704 0.20217043253802514 0
1678804493804 0.2022164281486541 0
1678804507083 0.20209494839574016 0
1678804520390 0.2021533301634382 0
1678804534007 0.20201646369094997 0
1678804547256 0.20212378000566203 0
1678804560886 0.20213733012824095 0
1678804661825 0.20204955676277936 0
1678804675268 0.20209983350901767 0
1678804689054 0.2018414380678272 0
1678804703004 0.20184516078895992 0
1678804717142 0.20197099384448539 0
1678804731241 0.20183236708586244 0
1678804744855 0.20190911845685877 0
1678804758582 0.20193889714292182 0
1678804772045 0.20192866267143994 0
1678804785667 0.20176582512270902 0
