1678800627911 0.23161764705882354 0
1678800633177 0.4332107843137255 0
1678800638247 0.5600490196078431 0
1678800643069 0.6225490196078431 0
1678800648267 0.6580882352941176 0
1678800653198 0.6920955882352942 0
1678800658254 0.7086397058823529 0
1678800663292 0.7288602941176471 0
1678800668241 0.7374387254901961 0
1678800673388 0.7689950980392157 0
1678800777626 0.3711845930232558 0
1678800786780 0.3566497093023256 0
1678800795974 0.3581031976744186 0
1678800805014 0.35973837209302323 0
1678800814321 0.3613735465116279 0
1678800823208 0.3555595930232558 0
1678800832480 0.35319767441860467 0
1678800841519 0.3535610465116279 0
1678800850565 0.359375 0
1678800859859 0.35410610465116277 0
1678800959522 0.24099794238683128 0
1678800972691 0.23945473251028807 0
1678800985648 0.23752572016460904 0
1678800998702 0.24228395061728394 0
1678801010675 0.23842592592592593 0
1678801023162 0.23855452674897118 0
1678801035699 0.2404835390946502 0
1678801048404 0.23894032921810698 0
1678801060843 0.23765432098765432 0
1678801073856 0.23842592592592593 0
1678801170117 0.16999027237354086 0
1678801183666 0.16439688715953307 0
1678801197214 0.16743677042801555 0
1678801210773 0.16464007782101167 0
1678801223844 0.16804474708171208 0
1678801237328 0.16585603112840466 0
1678801250639 0.16536964980544747 0
1678801263838 0.16573443579766536 0
1678801276825 0.16719357976653695 0
1678801290351 0.16622081712062256 0
1678801385370 0.12816147859922178 0
1678801399084 0.1222033073929961 0
1678801412896 0.12317607003891051 0
1678801426468 0.12378404669260701 0
1678801439607 0.12390564202334631 0
1678801452641 0.1267023346303502 0
1678801465624 0.12317607003891051 0
1678801479119 0.1224464980544747 0
1678801492412 0.1246352140077821 0
1678801505867 0.1259727626459144 0
1678801600220 0.09703307392996109 0
1678801613549 0.0967898832684825 0
1678801627287 0.09788424124513619 0
1678801640797 0.09703307392996109 0
1678801654250 0.09691147859922179 0
1678801667234 0.09557392996108949 0
1678801680353 0.09861381322957198 0
1678801693890 0.0963035019455253 0
1678801707466 0.09557392996108949 0
1678801721265 0.09751945525291829 0
1678801815762 0.07945736434108527 0
1678801829115 0.07969961240310078 0
1678801842906 0.07921511627906977 0
1678801856274 0.07969961240310078 0
1678801870107 0.07897286821705427 0
1678801882807 0.0783672480620155 0
1678801896320 0.07703488372093023 0
1678801909760 0.07945736434108527 0
1678801922535 0.07873062015503876 0
1678801936098 0.07921511627906977 0
1678802031875 0.06746608527131782 0
1678802045291 0.06698158914728682 0
1678802058978 0.06492248062015504 0
1678802072741 0.06589147286821706 0
1678802086433 0.06601259689922481 0
1678802099418 0.06758720930232558 0
1678802113004 0.06577034883720931 0
1678802126493 0.06686046511627906 0
1678802139942 0.06613372093023256 0
1678802152865 0.06746608527131782 0
1678802248878 0.058987403100775194 0
1678802262457 0.0594718992248062 0
1678802275858 0.057412790697674417 0
1678802289533 0.056807170542635656 0
1678802303163 0.057291666666666664 0
1678802316884 0.056443798449612406 0
1678802330082 0.056807170542635656 0
1678802343231 0.057412790697674417 0
1678802356605 0.058987403100775194 0
1678802370442 0.057897286821705425 0
1678802469408 0.053052325581395346 0
1678802482662 0.05329457364341085 0
1678802496273 0.05329457364341085 0
1678802510162 0.054748062015503876 0
1678802523928 0.051962209302325583 0
1678802537774 0.053536821705426355 0
1678802550644 0.052931201550387594 0
1678802564231 0.05220445736434109 0
1678802577661 0.05232558139534884 0
1678802591127 0.053536821705426355 0
1678802690652 0.047422178988326846 0
1678802703704 0.04730058365758755 0
1678802716898 0.04730058365758755 0
1678802730197 0.04669260700389105 0
1678802743159 0.048516536964980546 0
1678802756327 0.04730058365758755 0
1678802769591 0.04669260700389105 0
1678802782911 0.04730058365758755 0
1678802796701 0.047786964980544744 0
1678802810590 0.04730058365758755 0
1678802904326 0.04367760617760618 0
1678802918198 0.04331563706563706 0
1678802932519 0.0423503861003861 0
1678802946263 0.04391891891891892 0
1678802959687 0.04247104247104247 0
1678802973481 0.04331563706563706 0
1678802986638 0.04355694980694981 0
1678803000462 0.04355694980694981 0
1678803014265 0.04379826254826255 0
1678803027913 0.04259169884169884 0
1678803121522 0.03984980620155039 0
1678803134996 0.039123062015503876 0
1678803148927 0.039123062015503876 0
1678803162592 0.039001937984496124 0
1678803176072 0.038517441860465115 0
1678803189941 0.03972868217054264 0
1678803203194 0.03972868217054264 0
1678803216529 0.039607558139534885 0
1678803229944 0.03863856589147287 0
1678803243893 0.039607558139534885 0
1678803338183 0.03595559845559845 0
1678803351935 0.036317567567567564 0
1678803365625 0.036076254826254824 0
1678803379429 0.03680019305019305 0
1678803392864 0.0353523166023166 0
1678803406182 0.036317567567567564 0
1678803419743 0.0353523166023166 0
1678803433455 0.03571428571428571 0
1678803447137 0.03523166023166023 0
1678803461276 0.03667953667953668 0
1678803554498 0.033187984496124034 0
1678803567920 0.03246124031007752 0
1678803581623 0.03246124031007752 0
1678803595522 0.03185562015503876 0
1678803608762 0.031492248062015504 0
1678803622087 0.033672480620155036 0
1678803635627 0.03185562015503876 0
1678803648949 0.03197674418604651 0
1678803662473 0.032582364341085274 0
1678803676386 0.033187984496124034 0
1678803772442 0.029086538461538462 0
1678803786644 0.030408653846153846 0
1678803800654 0.02956730769230769 0
1678803814644 0.02980769230769231 0
1678803828114 0.03028846153846154 0
1678803841432 0.030048076923076924 0
1678803854786 0.030408653846153846 0
1678803868483 0.03064903846153846 0
1678803881894 0.030408653846153846 0
1678803895534 0.03028846153846154 0
1678803993102 0.027298850574712645 0
1678804006829 0.028017241379310345 0
1678804020727 0.027658045977011495 0
1678804034876 0.027658045977011495 0
1678804049071 0.027418582375478926 0
1678804062589 0.02825670498084291 0
1678804076441 0.027658045977011495 0
1678804089952 0.02813697318007663 0
1678804103792 0.027777777777777776 0
1678804117758 0.02550287356321839 0
1678804215150 0.025 0
1678804228514 0.02608173076923077 0
1678804242526 0.025961538461538463 0
1678804256272 0.025961538461538463 0
1678804270715 0.025360576923076923 0
1678804283904 0.02487980769230769 0
1678804297495 0.025961538461538463 0
1678804311011 0.0265625 0
1678804324519 0.026442307692307692 0
1678804338242 0.02487980769230769 0
1678804438707 0.023376937984496124 0
1678804452165 0.02265019379844961 0
1678804465966 0.022771317829457363 0
1678804479691 0.022044573643410854 0
1678804493786 0.02265019379844961 0
1678804507073 0.02313468992248062 0
1678804520376 0.022165697674418606 0
1678804533996 0.023498062015503876 0
1678804547243 0.02252906976744186 0
1678804560873 0.022165697674418606 0
1678804661802 0.021671455938697317 0
1678804675247 0.022030651340996167 0
1678804689042 0.022629310344827586 0
1678804702991 0.021671455938697317 0
1678804717129 0.021551724137931036 0
1678804731228 0.022270114942528736 0
1678804744843 0.021910919540229886 0
1678804758570 0.021910919540229886 0
1678804772029 0.022030651340996167 0
1678804785656 0.022509578544061302 0
