1672687366677 0.35909482814809857 0
1672687488583 0.26276105015167023 0
1672687608237 0.16634954278063224 0
1672687734090 0.14289591317248573 0
1672687857720 0.14608290152673847 0
1672687983429 0.16084880223857717 0
1672688114472 0.1393605260280577 0
1672688245447 0.13991448789156605 0
1672688377670 0.13638861119397916 0
1672688512292 0.1346335423254589 0
1672688649158 0.119844910097321 0
1672688784817 0.12350796841625354 0
1672688925300 0.12962772935534414 0
1672689064637 0.10753265376225257 0
1672689207961 0.12918558314301926 0
1672689353636 0.11159559166781823 0
1672689505147 0.11479332415933734 0
1672689654330 0.11482095567152491 0
1672689808205 0.12017880316987901 0
1672689960159 0.12273931998056704 0
