1680097645848 73.14227616298012 0
1680097720373 74.01013946393505 0
1680097794557 73.64182063285261 0
1680097870399 75.30219962308183 0
1680097946355 75.41845290712081 0
1680098022103 75.20331738400273 0
1680098097611 74.97229198296554 0
1680098172079 73.91794216586277 0
1680098247052 74.43042729399167 0
1680098320843 73.25781868305057 0
1680098372188 9.524806483881548 0
1680098382318 9.871006899978966 0
1680098392590 10.007893037050962 0
1680098402603 9.74456547619775 0
1680098412701 9.828163158847019 0
1680098422680 9.712923076935112 0
1680098432269 9.365525586996228 0
1680098442532 9.998173695988953 0
1680098452581 9.783794414950535 0
1680098462761 9.908883523195982 0
1680098497082 9.922385876066983 0
1680098507259 9.903080102987587 0
1680098517426 9.893101308960468 0
1680098527436 9.745475248200819 0
1680098537781 10.072054523043334 0
1680098547995 9.932383538922295 0
1680098558230 9.954490802017972 0
1680098568403 9.90408346010372 0
1680098578585 9.909210198093206 0
1680098588535 9.675558691844344 0
1680098622783 9.859410365810618 0
1680098632953 9.900477921124548 0
1680098643319 10.092027925187722 0
1680098653465 9.881706377025694 0
1680098663390 9.64250846998766 0
1680098673446 9.791341218166053 0
1680098683794 10.07977520301938 0
1680098694221 10.148449891014025 0
1680098704204 9.722538613947108 0
1680098714596 10.118385575944558 0
1680098749912 10.233327529858798 0
1680098760145 9.947872912045568 0
1680098770511 10.104567694012076 0
1680098780688 9.903210210148245 0
1680098791051 10.08783355797641 0
1680098801046 9.726169778034091 0
1680098811163 9.846219219034538 0
1680098821093 9.692487327149138 0
1680098831238 9.89397279592231 0
1680098841446 9.934171205153689 0
1680098877108 9.991212985944003 0
1680098887105 9.733252864098176 0
1680098897410 10.024297981057316 0
1680098907463 9.76964964903891 0
1680098917599 9.851321253925562 0
1680098927818 9.94175509084016 0
1680098938181 10.088989505078644 0
1680098948481 10.024028695188463 0
1680098958641 9.85589625989087 0
1680098968958 10.028992451028898 0
1680099005118 9.831520040985197 0
1680099015575 10.186249923193827 0
1680099026047 10.19274090998806 0
1680099036348 10.024449320044369 0
1680099046482 9.854554856894538 0
1680099056900 10.149441421963274 0
1680099067028 9.839063196908683 0
1680099077381 10.068801240995526 0
1680099087818 10.160939911846071 0
1680099098047 9.924757119035348 0
1680099134687 9.512324297102168 0
1680099144922 9.940461880061775 0
1680099154847 9.655220387969166 0
1680099164754 9.629434969974682 0
1680099174915 9.87837669113651 0
1680099185248 10.05570306791924 0
1680099195371 9.831098282011226 0
1680099205403 9.74738507415168 0
1680099215762 10.07940834807232 0
1680099226054 10.005359964212403 0
1680099263948 10.14009170117788 0
1680099274045 9.804877436952665 0
1680099284105 9.775877222884446 0
1680099294081 9.692042356124148 0
1680099304382 10.035175631055608 0
1680099314347 9.675247511826456 0
1680099324498 9.863796761026606 0
1680099334612 9.836821774952114 0
1680099344993 10.100704509066418 0
1680099355073 9.789654011139646 0
1680099393495 9.74233985808678 0
1680099403652 9.870786108076572 0
1680099413675 9.744458149885759 0
1680099423886 9.92292049806565 0
1680099433987 9.841125512961298 0
1680099444258 9.971718739019707 0
1680099454612 10.065256223082542 0
1680099464439 9.549701294163242 0
1680099474789 10.061554824002087 0
1680099485109 10.035642012953758 0
1680099524365 9.952434908133 0
1680099534801 10.15258249011822 0
1680099545027 9.940516971051693 0
1680099555705 10.36509804893285 0
1680099566254 10.255151365883648 0
1680099576539 10.020172647899017 0
1680099586983 10.154788207961246 0
1680099597397 10.11896693892777 0
1680099607824 10.14027970097959 0
1680099618007 9.90656344499439 0
1680099658367 10.215250259963796 0
1680099668622 9.970285393064842 0
1680099678999 10.103057452011853 0
1680099689414 10.12715188995935 0
1680099700012 10.305179239949211 0
1680099710704 10.398308272939175 0
1680099721287 10.276565745007247 0
1680099731790 10.21376096806489 0
1680099742111 10.039440201828256 0
1680099752775 10.385496519040316 0
1680099793654 9.997440096922219 0
1680099804131 10.1748858820647 0
1680099814612 10.179033217951655 0
1680099824981 10.08266246295534 0
1680099835284 10.015895902179182 0
1680099845436 9.844892081804574 0
1680099855754 10.0209457189776 0
1680099866279 10.22893171897158 0
1680099876628 10.067360860994086 0
1680099887063 10.152508683968335 0
1680099929262 10.43644422898069 0
1680099939863 10.314722253941 0
1680099950244 10.093429852975532 0
1680099960738 10.230100515997037 0
1680099971598 10.553733879001811 0
1680099982193 10.311842376831919 0
1680099992884 10.369791197124869 0
1680100003605 10.43906146590598 0
1680100014215 10.317890899023041 0
1680100024766 10.262132626026869 0
1680100067664 10.175865901168436 0
1680100077841 9.897720796987414 0
1680100088265 10.140690922969952 0
1680100098662 10.102862583007663 0
1680100109207 10.260400949046016 0
1680100119799 10.30676851212047 0
1680100130025 9.944532019086182 0
1680100140666 10.356140780961141 0
1680100151018 10.05465228878893 0
1680100161447 10.088532513938844 0
1680100204988 10.126657363027334 0
1680100215508 10.213014636188745 0
1680100226178 10.374492023838684 0
1680100236731 10.245191126829013 0
1680100247482 10.456383432028815 0
1680100257884 10.105959386797622 0
1680100268537 10.368338711094111 0
1680100279232 10.354823544854298 0
1680100289804 10.311022409936413 0
1680100300110 10.0204310528934 0
1680100344888 10.220314441015944 0
1680100355234 10.061493192100897 0
1680100365664 10.130236577009782 0
1680100375979 10.021750388201326 0
1680100386443 10.165773106040433 0
1680100396794 10.028263449203223 0
1680100407253 10.134969368111342 0
1680100417662 10.107619177084416 0
1680100428069 10.114837490953505 0
1680100438639 10.248791105113924 0
1680100484252 10.370661102002487 0
1680100494996 10.435671398881823 0
1680100505590 10.299660348100588 0
1680100516391 10.492401929106563 0
1680100527197 10.503473211079836 0
1680100537622 10.14672365412116 0
1680100548298 10.372895863140002 0
1680100558967 10.376219985075295 0
1680100569829 10.570843691006303 0
1680100580766 10.624711748911068 0
1680100627353 10.374872465850785 0
1680100637823 10.174464504001662 0
1680100648523 10.38002252811566 0
1680100659019 10.213343604002148 0
1680100669338 9.98761641420424 0
1680100679852 10.190674372017384 0
1680100690390 10.242287600878626 0
1680100701042 10.344759691040963 0
1680100711883 10.533597317989916 0
1680100722375 10.191906091058627 0
1680100769485 10.235512695973739 0
1680100780222 10.429395979968831 0
1680100790685 10.142494049854577 0
1680100801342 10.362667863955721 0
1680100811932 10.289188286988065 0
1680100822593 10.366506880847737 0
1680100833045 10.153071891982108 0
1680100843234 9.863297002855688 0
1680100853759 10.19656395399943 0
1680100864299 10.217294536996633 0
