1680235126830 0.012540782861590133 0
1680235141338 3.6792148610209516e-05 0
1680235155583 7.590327856924001e-06 0
1680235170023 5.652056772729012e-06 0
1680235184013 4.405125964822861e-06 0
1680235197749 0.004581407275468305 0
1680235211761 2.6407720938130852e-05 0
1680235225972 8.002019189769293e-06 0
1680235240358 4.702314843694862e-06 0
1680235254381 1.0110325743424437e-05 0
1680235271200 0.003083143583750703 0
1680235287698 0.00033278774988645916 0
1680235304167 1.506625146064939e-06 0
1680235320982 0.002684946597804994 0
1680235337527 0.00018038023368584073 0
1680235354071 0.0026837735710943905 0
1680235370837 0.004936987515738819 0
1680235387213 2.0149904639994936e-05 0
1680235403961 9.817271159686784e-06 0
1680235420389 6.27385769404166e-06 0
1680235437447 0.0005944108060755183 0
1680235453615 0.0017773258680099263 0
1680235469710 3.33623046083669e-06 0
1680235486102 2.3438128410175664e-06 0
1680235502524 1.2208535579572493e-06 0
1680235518601 1.2980940103086842e-06 0
1680235535087 1.2208992616003842e-06 0
1680235551403 1.1305407065529025e-06 0
1680235567991 6.634898603509332e-07 0
1680235584416 6.204585898058918e-07 0
1680235601196 0.0014171257285524347 0
1680235617200 2.8128981460664163e-06 0
1680235632151 1.6383540045335466e-06 0
1680235647907 7.844043121475742e-07 0
1680235664192 1.4433954896398661e-06 0
1680235680067 6.653964253358544e-07 0
1680235696185 6.590832158551245e-07 0
1680235712229 6.247207712204205e-07 0
1680235728324 3.7770847012344676e-07 0
1680235744594 1.6126531091850092e-06 0
1680235760376 0.00833216345169463 0
1680235774687 0.0003252294270864504 0
1680235789124 2.034088677804157e-05 0
1680235803400 1.601347160422228e-05 0
1680235818047 8.15151889893043e-06 0
1680235832483 4.593176521734619e-06 0
1680235847019 4.491851882098269e-06 0
1680235861437 2.3940968788596664e-06 0
1680235876211 2.15628498107676e-06 0
1680235890657 1.5454669722808186e-06 0
1680235911900 0.03882713671370929 0
1680235931468 0.020834003788035075 0
1680235951104 0.008617936803609368 0
1680235970729 0.004304179707339611 0
1680235990080 0.004515201925880256 0
1680236009944 0.004577964097495668 0
1680236029152 0.004146799472603545 0
1680236048440 0.006562532294370615 0
1680236067888 0.005051372801836192 0
1680236087182 0.0022107194137908834 0
1680236102983 0.007464721554871669 0
1680236116688 0.0015465323450811095 0
1680236130344 0.004388994970626995 0
1680236143721 0.005872018342959391 0
1680236157269 0.002129649731956253 0
1680236170844 0.0004914896355115715 0
1680236184378 0.0001029622771722716 0
1680236198116 0.00511079848574985 0
1680236211269 3.7333286906440706e-05 0
1680236224513 3.178358483272413e-05 0
1680236233790 0.0484180531667138 0
1680236240326 0.016848461537518435 0
1680236246813 0.01587675954538087 0
1680236252297 0.007249665994343296 0
1680236259197 0.003060737187119149 0
1680236265560 0.0009965645722915522 0
1680236272307 0.000254991464476916 0
1680236278901 0.005581266368867363 0
1680236285352 0.0021586213402165514 0
1680236291889 0.009292739486104498 0
1680236310576 0.047402478871331616 0
1680236325877 0.014253386953262668 0
1680236341039 0.020283458363556547 0
1680236356849 0.003666135849208765 0
1680236372167 0.0004940471933568803 0
1680236387369 0.0017443048306858239 0
1680236402906 0.009876901997515593 0
1680236417938 0.007613410570799581 0
1680236433097 0.002100489966758293 0
1680236448345 0.0007888530996688464 0
1680236458617 0.024688201266229493 0
1680236465018 0.018531515920466483 0
1680236471453 0.00730423790088668 0
1680236478021 0.02843097940958195 0
1680236483523 0.02683747577633222 0
1680236489666 0.005040936131521994 0
1680236496188 0.003926304987343533 0
1680236502785 0.0036497867727232933 0
1680236509250 0.0007767739479397728 0
1680236515518 0.0005439389696119435 0
1680236525768 0.04097015612955338 0
1680236532094 0.02444670750022698 0
1680236538235 0.00830981698671273 0
1680236544578 0.02092755611100313 0
1680236550736 0.013765973973034206 0
1680236556999 0.005607818818257387 0
1680236563571 0.003025551025409687 0
1680236569830 0.0003304618055099157 0
1680236576054 0.00020251716981651866 0
1680236582564 0.00012403061932657013 0
1680236593522 0.10364420943651058 0
1680236599946 0.030430430025809457 0
1680236606302 0.028360748847939647 0
1680236612570 0.00891585888342462 0
1680236618830 0.034710157819373984 0
1680236625042 0.0069355863437424265 0
1680236631427 0.002436279886974516 0
1680236637766 0.0069961835574130615 0
1680236644146 0.0060603163839554365 0
1680236650466 0.005203351466127776 0
1680236660916 0.014031673835629177 0
1680236666967 0.028387846517050324 0
1680236673058 0.0029090397792840544 0
1680236679334 0.0007417858181334753 0
1680236685530 0.0002119610685211853 0
1680236691840 0.0017743770515722332 0
1680236697989 0.010956768110930356 0
1680236704208 0.01774321527971965 0
1680236710724 0.005135997084355602 0
1680236717054 0.003909410398513254 0
