1680110942335 74.14528699102812 0
1680111016336 73.48565082577989 0
1680111089962 73.0943268740084 0
1680111164475 73.96580412401818 0
1680111239986 74.95896837394685 0
1680111314744 74.22308123996481 0
1680111389086 73.80623693298548 0
1680111462097 72.47622964903712 0
1680111537639 75.01247316901572 0
1680111613698 75.5189955169335 0
1680111664993 9.91513524018228 0
1680111675023 9.758280358975753 0
1680111685200 9.925409797113389 0
1680111695228 9.79394624591805 0
1680111705439 9.951614127028733 0
1680111715569 9.863984585972503 0
1680111725538 9.723937649047002 0
1680111735374 9.593839426990598 0
1680111745559 9.909565541194752 0
1680111755538 9.704479145118967 0
1680111789849 9.897185076959431 0
1680111800079 9.971562038874254 0
1680111810009 9.677374359918758 0
1680111819911 9.621725739911199 0
1680111830046 9.867084530880675 0
1680111839756 9.428395788185298 0
1680111850027 10.00731447385624 0
1680111860116 9.8208347549662 0
1680111870388 9.989475459093228 0
1680111880561 9.914024874102324 0
1680111915027 10.013130872044712 0
1680111925132 9.84059726097621 0
1680111935469 10.05703522497788 0
1680111945368 9.614483071025461 0
1680111955532 9.898463708115742 0
1680111965762 9.975793614983559 0
1680111975707 9.668059925083071 0
1680111985748 9.769190549850464 0
1680111995914 9.88794203614816 0
1680112005614 9.42225269204937 0
1680112040586 9.983736753929406 0
1680112050759 9.910874554887414 0
1680112060923 9.886553219985217 0
1680112071004 9.807403387967497 0
1680112081216 9.933579009957612 0
1680112091236 9.750441429205239 0
1680112101572 10.061817485140637 0
1680112111554 9.702870037872344 0
1680112121526 9.678079464007169 0
1680112131667 9.86404532380402 0
1680112167090 9.670704416930676 0
1680112177265 9.876302476972342 0
1680112187261 9.730334738036618 0
1680112197157 9.621907904976979 0
1680112206968 9.5373391979374 0
1680112217069 9.823370064143091 0
1680112227319 9.954236543970183 0
1680112237139 9.550743811996654 0
1680112247306 9.88591107702814 0
1680112257138 9.549841418862343 0
1680112293532 10.022740095853806 0
1680112303738 9.930601093219593 0
1680112314047 10.045554558048025 0
1680112324219 9.87922541401349 0
1680112334726 10.224117131903768 0
1680112345003 10.0137093430385 0
1680112355230 9.950870261061937 0
1680112365686 10.185701800044626 0
1680112376144 10.184567980933934 0
1680112386654 10.24823671206832 0
1680112423962 10.080046080984175 0
1680112434393 10.153144610114396 0
1680112444704 10.016326506854966 0
1680112454835 9.846231403993443 0
1680112465050 9.951573301106691 0
1680112475248 9.935900491895154 0
1680112485449 9.909369077067822 0
1680112495517 9.782641384052113 0
1680112506057 10.243096466874704 0
1680112516242 9.895325760124251 0
1680112554328 10.123252609977499 0
1680112564470 9.85885528801009 0
1680112574648 9.882440156070516 0
1680112584783 9.844512227922678 0
1680112594806 9.730380297871307 0
1680112605002 9.901452271966264 0
1680112615123 9.8464406109415 0
1680112625216 9.818557316903025 0
1680112635560 10.04125970392488 0
1680112645531 9.683372335974127 0
1680112683946 9.755213228054345 0
1680112694115 9.90142390690744 0
1680112704218 9.828622587956488 0
1680112714339 9.842161692911759 0
1680112724576 9.982964473078027 0
1680112735106 10.251430677017197 0
1680112745385 9.998461826937273 0
1680112755574 9.900292062899098 0
1680112766001 10.13371131196618 0
1680112776232 9.947964132996276 0
1680112815956 10.3414130799938 0
1680112826127 9.878583844052628 0
1680112836604 10.197030655108392 0
1680112846954 10.059326821006835 0
1680112857282 10.044831173028797 0
1680112867698 10.141732899937779 0
1680112878115 10.144746182020754 0
1680112888491 10.067983765853569 0
1680112899078 10.30061717913486 0
1680112909581 10.220162739045918 0
1680112950265 10.286701072007418 0
1680112960557 9.9967534779571 0
1680112971068 10.223837155848742 0
1680112981465 10.11289859493263 0
1680112991927 10.172949549974874 0
1680113002544 10.325483903987333 0
1680113012810 9.993021850008518 0
1680113023368 10.260219112038612 0
1680113033756 10.10099424701184 0
1680113043950 9.93273102492094 0
1680113084788 10.114561184076592 0
1680113095165 10.103470312897116 0
1680113105558 10.116728083929047 0
1680113116046 10.188240593066439 0
1680113126152 9.802426900947466 0
1680113136490 10.049265791894868 0
1680113146812 10.025096067925915 0
1680113157153 10.046110432129353 0
1680113167513 10.074749067192897 0
1680113177943 10.150757773779333 0
1680113219867 10.067019289825112 0
1680113230333 10.161298039136454 0
1680113240994 10.3732741009444 0
1680113251534 10.229587425012141 0
1680113262143 10.330571537138894 0
1680113272631 10.183132909005508 0
1680113282780 9.863850099034607 0
1680113293411 10.345326886978 0
1680113303847 10.1517081100028 0
1680113314499 10.355901506962255 0
1680113356535 10.036494805011898 0
1680113366911 10.074456622125581 0
1680113377251 10.048394632991403 0
1680113387698 10.161954723997042 0
1680113398082 10.116379115963355 0
1680113408418 10.0478212821763 0
1680113418828 10.137586628086865 0
1680113429006 9.861631548963487 0
1680113439477 10.195767847122625 0
1680113449749 9.97102938988246 0
1680113493335 10.084475348005071 0
1680113503928 10.293778347084299 0
1680113514289 10.086490844143555 0
1680113524763 10.174745718948543 0
1680113535067 9.99365732492879 0
1680113545419 10.049247798975557 0
1680113555664 9.953133451985195 0
1680113565637 9.680267829215154 0
1680113575878 9.97802166105248 0
1680113586050 9.879022063920274 0
1680113630492 10.058671383187175 0
1680113640989 10.199807038996369 0
1680113651209 9.920971201965585 0
1680113661533 10.035084154922515 0
1680113672282 10.44279832392931 0
1680113682807 10.226041341898963 0
1680113693604 10.489944354863837 0
1680113704247 10.330470321001485 0
1680113714570 10.015340932179242 0
1680113724917 10.043767030816525 0
1680113770272 10.29403333319351 0
1680113781056 10.472569026984274 0
1680113791629 10.28563069109805 0
1680113802183 10.253855376970023 0
1680113813009 10.524163834983483 0
1680113823733 10.429286858066916 0
1680113834530 10.499034461099654 0
1680113845308 10.46135837608017 0
1680113855903 10.309718878939748 0
1680113866561 10.355361516121775 0
1680113912478 10.00529933301732 0
1680113922974 10.209856481058523 0
1680113933575 10.310682040872052 0
1680113944108 10.220709471032023 0
1680113954620 10.191672490909696 0
1680113965315 10.4023887750227 0
1680113975997 10.392148048849776 0
1680113986558 10.212133405031636 0
1680113997084 10.230627516983077 0
1680114007426 10.057122669182718 0
1680114054124 10.084747273940593 0
1680114064355 9.93376956996508 0
1680114074869 10.198211534880102 0
1680114085509 10.321533418027684 0
1680114095874 10.056644908851013 0
1680114106423 10.245411988114938 0
1680114117084 10.311148881912231 0
1680114127778 10.381961466977373 0
1680114138360 10.288767945952713 0
1680114148933 10.255837693111971 0
