1679736243465 0.04927784226486073 0
1679736306452 0.020048011770959048 0
1679736368999 0.011161315615973336 0
1679736432565 0.012478480543398989 0
1679736495042 0.008820053269210629 0
1679736559259 0.005584221812289943 0
1679736622910 0.005893648579693767 0
1679736687268 0.00446610692792791 0
1679736750862 0.0057493568094277294 0
1679736813713 0.0030662366289514846 0
1679736871656 0.4678154410232557 0
1679736910048 0.016517910554012635 0
1679736947864 0.01736678455431029 0
1679736985598 0.0074410619470214445 0
1679737023274 0.0052746338925610875 0
1679737061643 0.003769150388232538 0
1679737100706 0.006617339072525738 0
1679737138864 0.004855692312039992 0
1679737177705 0.005520714846729925 0
1679737215633 0.01064914064745053 0
1679737275896 0.6620129374322481 0
1679737314735 0.027620811783487444 0
1679737352885 0.021529701274854596 0
1679737391372 0.008623764031416067 0
1679737431109 0.011813314444009302 0
1679737469741 0.015570988455824409 0
1679737508693 0.009330535320821582 0
1679737547673 0.0019079928409344576 0
1679737586576 0.00410490063672205 0
1679737625472 0.009457853672584862 0
1679737686785 0.7359742640260607 0
1679737725692 0.051066943555185575 0
1679737764740 0.02342175864451565 0
1679737803750 0.020987036514870123 0
1679737842696 0.015271910851118446 0
1679737881252 0.018269769719126635 0
1679737920083 0.012913579498964463 0
1679737959067 0.008395444561821204 0
1679737996896 0.01097138630540503 0
1679738039396 0.014142476053697828 0
1679738103147 0.8966264675721526 0
1679738142567 0.07396222337894141 0
1679738181385 0.03566135529270396 0
1679738219789 0.028858279793267137 0
1679738258367 0.014089409652270842 0
1679738297188 0.020898451533852495 0
1679738336335 0.016672885986563052 0
1679738375299 0.010361977307335474 0
1679738414113 0.012866483317190432 0
1679738452450 0.02525997208319459 0
1679738517627 0.7842590960599483 0
1679738556982 0.04936165198870003 0
1679738596879 0.025012149299384327 0
1679738636045 0.014704512568359496 0
1679738674682 0.022382658749635447 0
1679738714129 0.014558182081757695 0
1679738752693 0.009510142349538364 0
1679738791584 0.013403141013519053 0
1679738829957 0.013099082039320274 0
1679738868954 0.008416365846747431 0
1679738935456 0.9535706516817212 0
1679738975217 0.09830020415931941 0
1679739014982 0.04559823659271933 0
1679739054028 0.029385723460349254 0
1679739094195 0.027451929220039164 0
1679739133367 0.025372216943572858 0
1679739172499 0.021586477068802925 0
1679739211044 0.02313955430657661 0
1679739249663 0.014758848005342589 0
1679739290008 0.015119406232349865 0
1679739358428 1.08394963606596 0
1679739397864 0.08864173212610185 0
1679739436716 0.045379965595155954 0
1679739475373 0.033076296411408114 0
1679739513645 0.028789932779187802 0
1679739553227 0.01677999320270028 0
1679739592636 0.02360906120502623 0
1679739631231 0.017057683759147766 0
1679739670009 0.02097959755001211 0
1679739708847 0.017580654941259127 0
1679739779228 1.2934668996542693 0
1679739818325 0.11353044295608998 0
1679739859003 0.05175796276936308 0
1679739897854 0.04016752989469096 0
1679739937684 0.039015654572146015 0
1679739976490 0.023709846563724567 0
1679740015886 0.024241876439127372 0
1679740056060 0.02441938722487539 0
1679740095738 0.025166131702935673 0
1679740135210 0.02181013841622189 0
1679740207368 1.337918226879835 0
1679740246852 0.11958279606178403 0
1679740286727 0.05136564706265927 0
1679740326192 0.041691550143482164 0
1679740365869 0.03277752308709314 0
1679740405004 0.020932393094652797 0
1679740444454 0.029242855234214223 0
1679740483540 0.022018350765362266 0
1679740522233 0.032814577763230775 0
1679740561081 0.01498431535405689 0
1679740634504 1.428340695798397 0
1679740673844 0.12940560770444573 0
1679740713152 0.06415343214990571 0
1679740753105 0.04434246393307112 0
1679740793064 0.02851319776128512 0
1679740832796 0.028813264843006618 0
1679740872632 0.023393000546266557 0
1679740911781 0.025686378576763674 0
1679740951917 0.024135233795447856 0
1679740991076 0.014972576471274078 0
1679741066283 1.387241169399023 0
1679741105051 0.14990823264494538 0
1679741145274 0.06554411533232778 0
1679741184886 0.03921791319809854 0
1679741224302 0.03347949082195992 0
1679741262965 0.02810053516633343 0
1679741302925 0.023877935337123925 0
1679741342381 0.020129200816503726 0
1679741381355 0.02657199251569109 0
1679741420093 0.018267073386348785 0
1679741497898 1.4570249389529228 0
1679741540597 0.2165014301136136 0
1679741579749 0.086896013539657 0
1679741618481 0.059959525913652036 0
1679741657970 0.05359622481749393 0
1679741697395 0.043390801083948466 0
1679741737461 0.039617029590532184 0
1679741777541 0.029256691350170876 0
1679741816890 0.03207267320248065 0
1679741856155 0.03037103597696405 0
1679741935508 1.5127127514123917 0
1679741974860 0.2065523433163762 0
1679742013893 0.09605695354156196 0
1679742052766 0.0703095794422552 0
1679742091789 0.04245833544870838 0
1679742131004 0.04316856799623929 0
1679742170287 0.04196530482559465 0
1679742209536 0.03509603787079686 0
1679742249451 0.03826123104081489 0
1679742287904 0.02329172312214214 0
1679742369727 1.6032614009380342 0
1679742409225 0.3244493914008141 0
1679742448827 0.1358693194448948 0
1679742487651 0.09664871223848313 0
1679742526757 0.060851334802992645 0
1679742565706 0.05636996383611113 0
1679742605573 0.0537145507838577 0
1679742645334 0.04661002112291753 0
1679742685045 0.03741966120386496 0
1679742725248 0.0403635103237466 0
1679742809943 1.697386978650093 0
1679742849599 0.3119157563388348 0
1679742888816 0.14813666628301145 0
1679742928825 0.09362141022458673 0
1679742968226 0.06783815510515123 0
1679743007162 0.05937190948044881 0
1679743046431 0.0650456078870222 0
1679743086222 0.05316855240417644 0
1679743125915 0.04557612853688188 0
1679743165447 0.03951675364933908 0
1679743252946 1.6419905052185058 0
1679743293076 0.33833457297086716 0
1679743332515 0.1516771312981844 0
1679743372691 0.0871396625958383 0
1679743411546 0.07835742241963745 0
1679743450388 0.056381375193968415 0
1679743490526 0.05996330204261467 0
1679743529581 0.043112231110828 0
1679743569877 0.043605754459928724 0
1679743609444 0.039554898772528393 0
1679743697274 1.7155103871822357 0
1679743737045 0.3971154257655144 0
1679743775757 0.17759954060614108 0
1679743815321 0.1061975266367197 0
1679743854920 0.08162139882296324 0
1679743894875 0.059792640808038415 0
1679743933989 0.06282732376903295 0
1679743972606 0.06715320174302906 0
1679744011494 0.04869705152092502 0
1679744051391 0.04516122797236312 0
1679744142697 1.9639502220630645 0
1679744182892 0.44761808490753174 0
1679744221825 0.1983376287549734 0
1679744261067 0.12115101368278265 0
1679744300309 0.08579155225194991 0
1679744338956 0.07396898286864162 0
1679744377846 0.06683511997759342 0
1679744417368 0.06745143228499219 0
1679744457385 0.04834757762793451 0
1679744497240 0.04686279817894101 0
1679744589988 1.9961576216697692 0
1679744629531 0.48775233235359194 0
1679744669964 0.21524842130839825 0
1679744710646 0.12116081398576498 0
1679744750623 0.09289519891142844 0
1679744789866 0.07933282364532351 0
1679744829228 0.07299896883796901 0
1679744869493 0.06158587305936963 0
1679744910122 0.05487877615853213 0
1679744950392 0.05478348217438907 0
