1679736243454 0.9848922833495618 0
1679736306441 0.9943250973709834 0
1679736368989 0.9970332278481012 0
1679736432548 0.9971092989289192 0
1679736495030 0.9977939386562804 0
1679736559244 0.9982960077896786 0
1679736622900 0.9982960077896786 0
1679736687255 0.9986611489776047 0
1679736750851 0.9984785783836416 0
1679736813702 0.9992088607594937 0
1679736871647 0.933 0
1679736910038 0.99545 0
1679736947852 0.9968 0
1679736985592 0.99795 0
1679737023267 0.9984 0
1679737061632 0.99895 0
1679737100693 0.99825 0
1679737138854 0.99865 0
1679737177694 0.99885 0
1679737215622 0.99765 0
1679737275885 0.9119 0
1679737314723 0.99165 0
1679737352873 0.99355 0
1679737391359 0.9972 0
1679737431098 0.99645 0
1679737469729 0.9953 0
1679737508681 0.9972 0
1679737547661 0.99945 0
1679737586565 0.999 0
1679737625454 0.99715 0
1679737686773 0.87475 0
1679737725681 0.9854 0
1679737764729 0.9931 0
1679737803738 0.9937 0
1679737842684 0.9951 0
1679737881241 0.99505 0
1679737920072 0.9964 0
1679737959055 0.9978 0
1679737996884 0.9962 0
1679738039385 0.99655 0
1679738103134 0.82195 0
1679738142555 0.9796 0
1679738181373 0.9892 0
1679738219777 0.991 0
1679738258354 0.9957 0
1679738297182 0.994 0
1679738336322 0.99535 0
1679738375288 0.99735 0
1679738414100 0.9962 0
1679738452444 0.99275 0
1679738517615 0.84785 0
1679738556971 0.9857 0
1679738596866 0.9922 0
1679738636033 0.9958 0
1679738674671 0.99295 0
1679738714117 0.99465 0
1679738752681 0.99745 0
1679738791572 0.99525 0
1679738829947 0.99565 0
1679738868941 0.9974 0
1679738935445 0.80065 0
1679738975205 0.97025 0
1679739014970 0.98625 0
1679739054015 0.99065 0
1679739094183 0.9916 0
1679739133354 0.99235 0
1679739172488 0.99305 0
1679739211035 0.9929 0
1679739249652 0.99545 0
1679739289996 0.99545 0
1679739358416 0.77485 0
1679739397851 0.9724 0
1679739436705 0.98555 0
1679739475362 0.98955 0
1679739513632 0.9913 0
1679739553213 0.9949 0
1679739592627 0.9932 0
1679739631220 0.99435 0
1679739669997 0.99295 0
1679739708835 0.99465 0
1679739779216 0.7326 0
1679739818312 0.96425 0
1679739858992 0.9831 0
1679739897842 0.9873 0
1679739937671 0.9868 0
1679739976479 0.992 0
1679740015876 0.99265 0
1679740056049 0.99255 0
1679740095724 0.9923 0
1679740135198 0.9941 0
1679740207353 0.72485 0
1679740246841 0.9611 0
1679740286714 0.9828 0
1679740326179 0.98675 0
1679740365856 0.98955 0
1679740404993 0.99365 0
1679740444439 0.99065 0
1679740483529 0.99335 0
1679740522222 0.98955 0
1679740561070 0.995 0
1679740634488 0.7203 0
1679740673832 0.95845 0
1679740713137 0.97825 0
1679740753093 0.98525 0
1679740793052 0.9908 0
1679740832785 0.99095 0
1679740872622 0.99225 0
1679740911771 0.99175 0
1679740951906 0.9929 0
1679740991064 0.995 0
1679741066272 0.7113 0
1679741105038 0.95345 0
1679741145262 0.9784 0
1679741184871 0.98645 0
1679741224290 0.98885 0
1679741262949 0.99065 0
1679741302914 0.9921 0
1679741342374 0.9937 0
1679741381345 0.99145 0
1679741420076 0.994 0
1679741497881 0.67105 0
1679741540586 0.9297 0
1679741579737 0.97155 0
1679741618461 0.9795 0
1679741657954 0.9825 0
1679741697382 0.98615 0
1679741737447 0.9864 0
1679741777529 0.9906 0
1679741816879 0.9892 0
1679741856144 0.99005 0
1679741935495 0.67995 0
1679741974848 0.9312 0
1679742013881 0.96845 0
1679742052754 0.97665 0
1679742091778 0.9851 0
1679742130992 0.9855 0
1679742170275 0.9856 0
1679742209525 0.98835 0
1679742249440 0.987 0
1679742287892 0.9921 0
1679742369711 0.603 0
1679742409208 0.8887 0
1679742448805 0.95305 0
1679742487639 0.9661 0
1679742526745 0.97865 0
1679742565694 0.9803 0
1679742605561 0.9816 0
1679742645320 0.9846 0
1679742685037 0.9885 0
1679742725237 0.98765 0
1679742809934 0.6083 0
1679742849586 0.89505 0
1679742888803 0.95145 0
1679742928814 0.96785 0
1679742968214 0.9773 0
1679743007150 0.9796 0
1679743046422 0.97765 0
1679743086203 0.9806 0
1679743125903 0.98435 0
1679743165435 0.9866 0
1679743252932 0.6074 0
1679743293065 0.88675 0
1679743332501 0.9477 0
1679743372679 0.96995 0
1679743411534 0.97295 0
1679743450376 0.98025 0
1679743490502 0.97875 0
1679743529569 0.98465 0
1679743569859 0.9863 0
1679743609433 0.9869 0
1679743697264 0.5737 0
1679743737033 0.8625 0
1679743775739 0.9403 0
1679743815303 0.96215 0
1679743854908 0.973 0
1679743894853 0.9806 0
1679743933976 0.97875 0
1679743972594 0.97725 0
1679744011482 0.9837 0
1679744051378 0.98515 0
1679744142684 0.52635 0
1679744182879 0.8474 0
1679744221810 0.93205 0
1679744261057 0.95845 0
1679744300297 0.97105 0
1679744338940 0.97455 0
1679744377834 0.97705 0
1679744417349 0.97685 0
1679744457374 0.984 0
1679744497225 0.98385 0
1679744589963 0.51695 0
1679744629519 0.8315 0
1679744669953 0.9275 0
1679744710633 0.9573 0
1679744750611 0.9675 0
1679744789856 0.9735 0
1679744829216 0.97525 0
1679744869479 0.97865 0
1679744910112 0.9814 0
1679744950378 0.98165 0
