1679405189420 3.9619725650409237 0
1679405193185 3.6335527939954773 0
1679405196893 3.5729810639750212 0
1679405200607 3.5666783570777625 0
1679405204437 3.69434841000475 0
1679405207835 3.231148728984408 0
1679405211886 3.9109710078919306 0
1679405215771 3.7310880380682647 0
1679405219546 3.6349637559615076 0
1679405222866 3.1925570690073073 0
1679405240293 6.474180537974462 0
1679405246760 6.34180504293181 0
1679405253321 6.438817374058999 0
1679405259794 6.34532244107686 0
1679405266511 6.5766769220354035 0
1679405272914 6.225236922036856 0
1679405279567 6.481825405033305 0
1679405286379 6.660453998949379 0
1679405292586 6.076253389939666 0
1679405299087 6.379224409000017 0
1679405319552 9.048841627896763 0
1679405328824 9.140760498936288 0
1679405337934 8.931330741965212 0
1679405347495 9.405434862012044 0
1679405356397 8.76114175398834 0
1679405365613 9.067527469014749 0
1679405374709 8.957624280941673 0
1679405383912 9.06056911603082 0
1679405393241 9.15166059997864 0
1679405402356 8.970337186940014 0
1679405424360 11.453619688050821 0
1679405436413 11.911636607022956 0
1679405448425 11.86929024697747 0
1679405460168 11.60868887603283 0
1679405471201 10.87157593597658 0
1679405484490 13.067182537983172 0
1679405496317 11.684954046970233 0
1679405508489 12.02876636502333 0
1679405520591 11.963186226901598 0
1679405532685 11.943765157018788 0
1679405556480 14.49958279391285 0
1679405571329 14.70019493799191 0
1679405585754 14.290085294051096 0
1679405600250 14.342100235982798 0
1679405613698 13.283172681927681 0
1679405627993 14.152412282070145 0
1679405642499 14.373523514019325 0
1679405656924 14.270809510024264 0
1679405671087 14.012401096057147 0
1679405685910 14.687735332990997 0
1679405715432 17.499466221081093 0
1679405732732 17.159723062068224 0
1679405748856 15.975732563994825 0
1679405765957 16.94373874098528 0
1679405783920 17.805680162040517 0
1679405802020 17.967813494964503 0
1679405819750 17.576521325972863 0
1679405838061 18.1359553670045 0
1679405855222 17.02557962096762 0
1679405872542 17.1737639590865 0
1679405904840 20.014784570084885 0
1679405925071 20.08905554492958 0
1679405945359 20.138528969953768 0
1679405965717 20.203148195054382 0
1679405985240 19.393543472979218 0
1679406005386 19.98752591002267 0
1679406025738 20.20780493109487 0
1679406046100 20.21553009597119 0
1679406065967 19.738803950021975 0
1679406086522 20.406983792898245 0
1679406121853 22.899068788974546 0
1679406144820 22.81221948401071 0
1679406167764 22.800964198075235 0
1679406190250 22.358015469042584 0
1679406213439 23.03825699398294 0
1679406236581 22.973083714023232 0
1679406259502 22.79251562594436 0
1679406282708 23.048898933106102 0
1679406305753 22.839327693916857 0
1679406329007 23.10686777892988 0
1679406367578 25.462610007962212 0
1679406392685 24.954122966970317 0
1679406418329 25.493709924048744 0
1679406444298 25.818356150994077 0
1679406470177 25.712645735009573 0
1679406495812 25.48387763800565 0
1679406521784 25.814802458975464 0
1679406547482 25.543868946959265 0
1679406573440 25.80943452194333 0
1679406598474 24.906520045013167 0
1679406640426 28.798783564940095 0
1679406668945 28.370871767983772 0
1679406697316 28.2020096500637 0
1679406725513 28.0410109909717 0
1679406753724 28.008664157940075 0
1679406782663 28.7817725839559 0
1679406811115 28.28493814205285 0
1679406839750 28.476968229049817 0
1679406868163 28.264720090897754 0
1679406896353 28.034598561935127 0
1679406941141 31.043739753076807 0
1679406971766 30.466801826027222 0
1679407003391 31.451907851966098 0
1679407034442 30.898152023903094 0
1679407065494 30.895220146048814 0
1679407097171 31.510772356996313 0
1679407128611 31.280357545008883 0
1679407159232 30.452489778981544 0
1679407190107 30.730061370995827 0
1679407221396 31.143310772953555 0
1679407269045 33.990628858911805 0
1679407302567 33.36079652199987 0
1679407336222 33.49833019997459 0
1679407370640 34.25344329606742 0
1679407404060 33.25963108893484 0
1679407437934 33.70487167208921 0
1679407472185 34.07966111495625 0
1679407505737 33.39570509805344 0
1679407539868 33.93654622498434 0
1679407573888 33.8596309509594 0
1679407624232 36.41230334399734 0
1679407660710 36.313663210952654 0
1679407696951 36.09080017998349 0
1679407733770 36.66285210195929 0
1679407765466 31.485294746002182 0
1679407790713 25.07125007896684 0
1679407814971 24.057536385953426 0
1679407840424 25.254312677076086 0
1679407865070 24.451804890995845 0
1679407889948 24.670356357004493 0
1679407927697 25.793824488995597 0
1679407958106 30.211925460025668 0
1679407985444 27.136300151934847 0
1679408012031 26.37433001201134 0
1679408038198 25.96733392693568 0
1679408065916 27.508634951896966 0
1679408092872 26.750737856025808 0
1679408118765 25.726758960983716 0
1679408148695 29.70482353004627 0
1679408174659 25.763662111014128 0
1679408214209 27.94434138503857 0
1679408243429 29.01012345298659 0
1679408270921 27.284974024049006 0
1679408300451 29.29738720296882 0
1679408332899 32.22846675408073 0
1679408361738 28.62917531398125 0
1679408390667 28.72311580297537 0
1679408420151 29.27748249808792 0
1679408449775 29.42490042303689 0
1679408477319 27.323465420980938 0
1679408525440 34.66692289803177 0
1679408556595 30.94767139898613 0
1679408586423 29.608283662004396 0
1679408616547 29.928070203051902 0
1679408646841 30.099380934028886 0
1679408676562 29.491791359963827 0
1679408710316 33.589131857967004 0
1679408741935 31.40630568994675 0
1679408772217 30.086611176026054 0
1679408802502 30.067792844958603 0
1679408846931 32.12805932597257 0
1679408878932 31.827911254018545 0
1679408915551 36.388125412981026 0
1679408946785 31.008983477018774 0
1679408979908 32.91295751591679 0
1679409011856 31.736552119953558 0
1679409043424 31.388606857974082 0
1679409074899 31.262500740936957 0
1679409108779 33.68684053805191 0
1679409143370 34.386765541974455 0
1679409189076 32.50177293398883 0
1679409223340 34.0485811480321 0
1679409257725 34.1613790509291 0
1679409293024 35.07177517807577 0
1679409332263 39.031341106048785 0
1679409366073 33.60707386501599 0
1679409399986 33.69804255897179 0
1679409433677 33.47695689892862 0
1679409467332 33.44756438105833 0
1679409501831 34.29850626294501 0
1679409565832 51.17849132104311 0
1679409619764 53.77794086490758 0
1679409673199 53.250352149945684 0
1679409726208 52.8425099120941 0
1679409779146 52.77652399695944 0
1679409831784 52.46290194208268 0
1679409884881 52.939180582994595 0
1679409937853 52.800241866963916 0
1679409990861 52.81444728502538 0
1679410043590 52.54962221800815 0
1679410114691 55.339882993954234 0
1679410169963 55.09911038004793 0
1679410226123 55.96066564496141 0
1679410282157 55.86160175304394 0
1679410338587 56.25401954201516 0
1679410394317 55.54887345992029 0
1679410450008 55.519494681968354 0
1679410505969 55.797200022032484 0
1679410561923 55.7793965509627 0
1679410617607 55.460691035026684 0
