1679405189402 0.8951388888888889 0
1679405193169 0.9677083333333333 0
1679405196876 0.9753472222222223 0
1679405200587 0.9809027777777778 0
1679405204421 0.9836805555555556 0
1679405207824 0.9868055555555556 0
1679405211877 0.9840277777777777 0
1679405215756 0.9881944444444445 0
1679405219527 0.9895833333333334 0
1679405222852 0.9819444444444444 0
1679405240278 0.9331837016574586 0
1679405246742 0.979799723756906 0
1679405253304 0.9815262430939227 0
1679405259775 0.9894682320441989 0
1679405266496 0.993957182320442 0
1679405272891 0.9906767955801105 0
1679405279550 0.9951657458563536 0
1679405286356 0.9880870165745856 0
1679405292569 0.9948204419889503 0
1679405299070 0.9915400552486188 0
1679405319535 0.9521448339483395 0
1679405328809 0.9863929889298892 0
1679405337917 0.9927352398523985 0
1679405347480 0.9927352398523985 0
1679405356376 0.9944649446494465 0
1679405365598 0.9946955719557196 0
1679405374685 0.994580258302583 0
1679405383892 0.9933118081180812 0
1679405393227 0.996309963099631 0
1679405402338 0.9975784132841329 0
1679405424336 0.9579592541436464 0
1679405436392 0.9822168508287292 0
1679405448407 0.9873100828729282 0
1679405460158 0.9892092541436464 0
1679405471188 0.9947341160220995 0
1679405484474 0.992489640883978 0
1679405496300 0.9899861878453039 0
1679405508473 0.9955110497237569 0
1679405520574 0.9981008287292817 0
1679405532667 0.998014502762431 0
1679405556463 0.9679203539823009 0
1679405571310 0.9909430309734514 0
1679405585735 0.9918418141592921 0
1679405600225 0.9959900442477876 0
1679405613680 0.9979258849557522 0
1679405627974 0.9926714601769911 0
1679405642482 0.9946764380530974 0
1679405656904 0.9958517699115044 0
1679405671075 0.9994469026548672 0
1679405685894 0.9978567477876106 0
1679405715406 0.9762891344383057 0
1679405732713 0.9951657458563536 0
1679405748833 0.9932665745856354 0
1679405765940 0.9938996316758748 0
1679405783898 0.9966045119705341 0
1679405802004 0.9987914364640884 0
1679405819732 0.9972951197053407 0
1679405838044 0.9947053406998159 0
1679405855205 0.9983885819521179 0
1679405872522 0.9968922651933702 0
1679405904817 0.9767969984202212 0
1679405925053 0.9920517377567141 0
1679405945331 0.9951125592417062 0
1679405965691 0.9957543443917851 0
1679405985226 0.9938289889415481 0
1679406005365 0.9955075039494471 0
1679406025722 0.9969391785150079 0
1679406046084 0.9969885466034755 0
1679406065950 0.9971860189573459 0
1679406086506 0.9972847551342812 0
1679406121827 0.97759841160221 0
1679406144793 0.9943024861878453 0
1679406167746 0.9940003453038674 0
1679406190234 0.9963311464088398 0
1679406213420 0.9958563535911602 0
1679406236556 0.9962448204419889 0
1679406259485 0.9959426795580111 0
1679406282682 0.9977986878453039 0
1679406305733 0.9960721685082873 0
1679406328991 0.9980576657458563 0
1679406367555 0.9783476658476659 0
1679406392667 0.9942797911547911 0
1679406418308 0.9955850737100738 0
1679406444277 0.996007371007371 0
1679406470157 0.9952395577395577 0
1679406495794 0.9967751842751843 0
1679406521766 0.996698402948403 0
1679406547462 0.9968135749385749 0
1679406573428 0.9986179361179361 0
1679406598460 0.9971207002457002 0
1679406640409 0.9818024861878453 0
1679406668918 0.9946477900552486 0
1679406697293 0.9951657458563536 0
1679406725495 0.9965124309392265 0
1679406753703 0.995407458563536 0
1679406782638 0.9956837016574586 0
1679406811085 0.9977209944751381 0
1679406839734 0.9962016574585635 0
1679406868140 0.9975138121546961 0
1679406896329 0.9976519337016575 0
1679406941119 0.977606783919598 0
1679406971741 0.994001256281407 0
1679407003368 0.994001256281407 0
1679407034423 0.9959798994974874 0
1679407065476 0.9956344221105528 0
1679407097143 0.9967964824120603 0
1679407128592 0.9972675879396985 0
1679407159201 0.9964510050251256 0
1679407190089 0.9978015075376885 0
1679407221377 0.996859296482412 0
1679407269028 0.9787925874769797 0
1679407302544 0.9932665745856354 0
1679407336192 0.9947916666666666 0
1679407370614 0.9954534990791897 0
1679407404033 0.996316758747698 0
1679407437909 0.99617288213628 0
1679407472154 0.9964318600368324 0
1679407505715 0.997122467771639 0
1679407539849 0.9970936924493554 0
1679407573868 0.9973814456721916 0
1679407624214 0.9781303146258503 0
1679407660680 0.9942867772108843 0
1679407696932 0.9953762755102041 0
1679407733747 0.9958014455782312 0
1679407765444 0.9969440901360545 0
1679407790687 0.99609375 0
1679407814949 0.9969175170068028 0
1679407840401 0.99734268707483 0
1679407865047 0.9974224064625851 0
1679407889926 0.9972629676870748 0
1679407927674 0.9834007498026835 0
1679407958086 0.9949684293606945 0
1679407985422 0.9961276637726914 0
1679408012007 0.9947217837411207 0
1679408038181 0.9966456195737964 0
1679408065892 0.997212904498816 0
1679408092853 0.9964976322020521 0
1679408118746 0.9979775059194949 0
1679408148672 0.9971635753749013 0
1679408174637 0.997336227308603 0
1679408214186 0.9761422254974208 0
1679408243409 0.99129513633014 0
1679408270896 0.9929532056005895 0
1679408300431 0.9942658437730287 0
1679408332875 0.9956015106853353 0
1679408361719 0.9962002579218865 0
1679408390644 0.9970523212969786 0
1679408420128 0.9968680913780398 0
1679408449755 0.996361459100958 0
1679408477296 0.9965456890198968 0
1679408525416 0.9774905041436464 0
1679408556576 0.9909789364640884 0
1679408586399 0.9937629488950276 0
1679408616523 0.9943888121546961 0
1679408646817 0.9960505870165746 0
1679408676538 0.99609375 0
1679408710293 0.9960074240331491 0
1679408741911 0.9970864986187845 0
1679408772193 0.9961800759668509 0
1679408802482 0.9978418508287292 0
1679408846907 0.9753492527615335 0
1679408878911 0.9892787524366472 0
1679408915526 0.9914920402859 0
1679408946760 0.9938068551007148 0
1679408979883 0.995004873294347 0
1679409011834 0.9960607537361923 0
1679409043387 0.9950454840805718 0
1679409074874 0.996243502274204 0
1679409108756 0.9969744964262508 0
1679409143351 0.9966902209226771 0
1679409189051 0.9840009208103131 0
1679409223317 0.9940531000613874 0
1679409257700 0.9948971761817066 0
1679409293003 0.9953959484346224 0
1679409332238 0.9973334868017188 0
1679409366047 0.9954918661755678 0
1679409399961 0.9961057397176182 0
1679409433651 0.9972183855125845 0
1679409467306 0.9963359422958871 0
1679409501808 0.996566144874156 0
1679409565808 0.9746911337209302 0
1679409619740 0.9918241279069767 0
1679409673173 0.9944040697674419 0
1679409726187 0.9948219476744186 0
1679409779118 0.9948946220930233 0
1679409831764 0.9969658430232559 0
1679409884862 0.9960392441860465 0
1679409937833 0.996984011627907 0
1679409990828 0.995875726744186 0
1679410043569 0.9967659883720931 0
1679410114672 0.977607044198895 0
1679410169946 0.9931975138121547 0
1679410226084 0.9943197513812154 0
1679410282137 0.9955455801104972 0
1679410338566 0.9959772099447514 0
1679410394282 0.9955801104972376 0
1679410449986 0.9961153314917127 0
1679410505948 0.9962534530386741 0
1679410561904 0.9959944751381216 0
1679410617584 0.9967196132596685 0
