1679405189414 0.34762437173889743 0
1679405193179 0.1169600090632836 0
1679405196886 0.0924208136378891 0
1679405200598 0.07055375089791292 0
1679405204432 0.05113516671505446 0
1679405207829 0.04648786418321025 0
1679405211881 0.05005947309546173 0
1679405215767 0.04108380919537417 0
1679405219539 0.03350977335196351 0
1679405222861 0.06395113206623743 0
1679405240288 0.2853862613835758 0
1679405246753 0.07221211296845824 0
1679405253315 0.05354874790340626 0
1679405259787 0.035452060217490595 0
1679405266506 0.02298455820460701 0
1679405272903 0.029011769735660192 0
1679405279561 0.015435773471635007 0
1679405286369 0.041404319182617166 0
1679405292575 0.019191471383880693 0
1679405299081 0.028472631823974828 0
1679405319546 0.2496092083874224 0
1679405328819 0.043013407236682094 0
1679405337927 0.021917581299300104 0
1679405347490 0.026266332050013042 0
1679405356388 0.020637656261675564 0
1679405365608 0.0210296368424068 0
1679405374700 0.019090927394751992 0
1679405383904 0.02278710888777417 0
1679405393234 0.01354685427711594 0
1679405402350 0.01119245875194769 0
1679405424348 0.218617058452669 0
1679405436405 0.06333682487283972 0
1679405448418 0.039332092841143286 0
1679405460163 0.03281443115545357 0
1679405471195 0.016695225732407445 0
1679405484484 0.024739206717303962 0
1679405496310 0.03424723090293453 0
1679405508483 0.01637507378606607 0
1679405520585 0.007338360425519467 0
1679405532678 0.008266944433711796 0
1679405556473 0.16633040003725266 0
1679405571322 0.031240756424018093 0
1679405585747 0.026912401118698227 0
1679405600240 0.01419107559487419 0
1679405613691 0.008461832963372716 0
1679405627985 0.023843470717231634 0
1679405642493 0.01572049203402852 0
1679405656916 0.016687705702486354 0
1679405671082 0.00397451596658743 0
1679405685902 0.008445632321708564 0
1679405715421 0.16268416649678466 0
1679405732724 0.020335559367752568 0
1679405748847 0.02301270621428289 0
1679405765951 0.020719551837573884 0
1679405783910 0.012057726988135694 0
1679405802015 0.005150100402627135 0
1679405819740 0.009998392510416705 0
1679405838054 0.018133925210220874 0
1679405855215 0.005933290444153973 0
1679405872533 0.012047136828873648 0
1679405904830 0.141999403672213 0
1679405925065 0.025754349665115545 0
1679405945348 0.014864282270569979 0
1679405965707 0.013563360775800956 0
1679405985232 0.02105667920510331 0
1679406005378 0.017285631219049045 0
1679406025733 0.011544778792433414 0
1679406046095 0.012766064500127499 0
1679406065961 0.010484230589757807 0
1679406086516 0.010945220394507621 0
1679406121837 0.14566687502467668 0
1679406144809 0.0171726982314302 0
1679406167757 0.020007399421685165 0
1679406190245 0.013166667247594244 0
1679406213432 0.01670464029894306 0
1679406236569 0.01200759069886455 0
1679406259496 0.013314413329339914 0
1679406282697 0.007921517270722359 0
1679406305745 0.013423361028038 0
1679406329001 0.007344712484923824 0
1679406367566 0.14274475816334262 0
1679406392679 0.021082097960917083 0
1679406418321 0.014869929995022188 0
1679406444290 0.014502629894159952 0
1679406470169 0.015949142337636876 0
1679406495806 0.011389324201518187 0
1679406521777 0.012829215758517233 0
1679406547474 0.011045004352126853 0
1679406573434 0.005320272981077024 0
1679406598468 0.010505704048606417 0
1679406640420 0.12386251315353915 0
1679406668933 0.017992107526596007 0
1679406697307 0.017152518477702182 0
1679406725506 0.01244227710662248 0
1679406753714 0.015120209948301978 0
1679406782651 0.014270978550501955 0
1679406811099 0.007872274250513775 0
1679406839744 0.013687581381940145 0
1679406868154 0.008754798960495032 0
1679406896344 0.0086836632918859 0
1679406941132 0.1535052701270213 0
1679406971754 0.02200739751098269 0
1679407003380 0.019079650616072627 0
1679407034436 0.013277335598512073 0
1679407065487 0.01563817662970439 0
1679407097157 0.01185915399646958 0
1679407128603 0.009838529440243356 0
1679407159220 0.011947562073588809 0
1679407190100 0.009033196781936467 0
1679407221388 0.012608732145194401 0
1679407269039 0.1326418307202081 0
1679407302558 0.023954385716431274 0
1679407336207 0.017207653501159433 0
1679407370626 0.017438198021966254 0
1679407404046 0.013136539411211835 0
1679407437920 0.01398874850685847 0
1679407472167 0.013586938432831923 0
1679407505727 0.009451616781571907 0
1679407539859 0.009571519879861507 0
1679407573881 0.008519297505913351 0
1679407624225 0.15197582409674476 0
1679407660699 0.019815943358200618 0
1679407696945 0.016070539691087463 0
1679407733761 0.014638531798729771 0
1679407765456 0.009555839663859415 0
1679407790702 0.014423596911532294 0
1679407814961 0.010251980351204977 0
1679407840414 0.009530733889435244 0
1679407865060 0.008493602696276623 0
1679407889939 0.008778186960505011 0
1679407927687 0.12989516280820024 0
1679407958099 0.0180026553067334 0
1679407985435 0.01315930368145612 0
1679408012021 0.018514022839696435 0
1679408038191 0.011674594411573638 0
1679408065906 0.010352421326501198 0
1679408092865 0.012355020557330615 0
1679408118758 0.007323369024632475 0
1679408148685 0.009253518590991142 0
1679408174649 0.009159098260876039 0
1679408214198 0.16456600731629834 0
1679408243422 0.030733671840561468 0
1679408270911 0.02608388388895089 0
1679408300442 0.020831669568279705 0
1679408332888 0.015722816016884227 0
1679408361730 0.01300322643882307 0
1679408390658 0.010174693341655635 0
1679408420141 0.011857004381031573 0
1679408449767 0.012645729377809558 0
1679408477309 0.011984821639894982 0
1679408525429 0.12991887814903055 0
1679408556587 0.029607831992168095 0
1679408586412 0.021304655449405432 0
1679408616536 0.01848748715233417 0
1679408646832 0.014012127013087423 0
1679408676551 0.013568831922605025 0
1679408710307 0.01311150609553423 0
1679408741925 0.009325190214399086 0
1679408772206 0.014006850302651693 0
1679408802494 0.007488215890445666 0
1679408846920 0.1415092859130483 0
1679408878924 0.03496741354157686 0
1679408915539 0.02763078447284996 0
1679408946773 0.020386361281828254 0
1679408979897 0.01726821738506865 0
1679409011845 0.01346296985203144 0
1679409043410 0.015295753990216966 0
1679409074888 0.012055497956039286 0
1679409108767 0.010262312620932978 0
1679409143362 0.011004546361657559 0
1679409189065 0.11840323093238804 0
1679409223331 0.02093847152732878 0
1679409257714 0.017880834945174614 0
1679409293015 0.015524729114215784 0
1679409332252 0.009152655297686116 0
1679409366061 0.014860568441706615 0
1679409399974 0.01236354201246911 0
1679409433665 0.008785482058364167 0
1679409467320 0.012699828256406037 0
1679409501820 0.01064306316323269 0
1679409565820 0.15134224089203155 0
1679409619755 0.028556550153970694 0
1679409673189 0.01965832347940662 0
1679409726200 0.016862794811813304 0
1679409779130 0.01737536729190038 0
1679409831775 0.010073420784597992 0
1679409884873 0.014179549498086025 0
1679409937844 0.01040624798173281 0
1679409990849 0.013787985231851698 0
1679410043581 0.010868599555794844 0
1679410114683 0.1485296319335077 0
1679410169954 0.024244803316779723 0
1679410226104 0.01925960333547408 0
1679410282148 0.01462164240986351 0
1679410338579 0.012942446180123168 0
1679410394301 0.014943175175902632 0
1679410449999 0.01310121717505057 0
1679410505960 0.011862805695912266 0
1679410561915 0.012509152270848777 0
1679410617598 0.010663705769587153 0
