1678820774190 0.8676470588235294 0
1678820783401 0.9485294117647058 0
1678820793215 0.9721200980392157 0
1678820802241 0.9767156862745098 0
1678820811784 0.9837622549019608 0
1678820821168 0.9917279411764706 0
1678820830617 0.9849877450980392 0
1678820840110 0.9957107843137255 0
1678820849159 0.9969362745098039 0
1678820858618 0.9926470588235294 0
1678820927668 0.9362623762376238 0
1678820937162 0.9860767326732673 0
1678820946598 0.9913366336633663 0
1678820956246 0.9959777227722773 0
1678820965581 0.9962871287128713 0
1678820975217 0.9882425742574258 0
1678820985078 0.9931930693069307 0
1678820994637 0.9962871287128713 0
1678821004126 0.999690594059406 0
1678821013718 0.9972153465346535 0
1678821083683 0.8641707920792079 0
1678821093322 0.9786509900990099 0
1678821102672 0.9879331683168316 0
1678821111940 0.9916460396039604 0
1678821121327 0.9842202970297029 0
1678821130814 0.994740099009901 0
1678821140360 0.9938118811881188 0
1678821150030 0.9956683168316832 0
1678821159431 0.9975247524752475 0
1678821168663 0.9975247524752475 0
1678821237446 0.7608292079207921 0
1678821246665 0.9600866336633663 0
1678821256382 0.9836014851485149 0
1678821265953 0.9931930693069307 0
1678821275256 0.9907178217821783 0
1678821284361 0.9953589108910891 0
1678821293707 0.9876237623762376 0
1678821303030 0.9888613861386139 0
1678821312455 0.994740099009901 0
1678821321784 0.9928836633663366 0
1678821392137 0.6568688118811881 0
1678821401357 0.9266707920792079 0
1678821410724 0.9696782178217822 0
1678821420339 0.9826732673267327 0
1678821429717 0.9882425742574258 0
1678821439276 0.9938118811881188 0
1678821448455 0.9935024752475248 0
1678821458204 0.9922648514851485 0
1678821467466 0.9863861386138614 0
1678821476869 0.9962871287128713 0
1678821547195 0.43873762376237624 0
1678821556644 0.8295173267326733 0
1678821566073 0.9381188118811881 0
1678821575603 0.9727722772277227 0
1678821584813 0.9774133663366337 0
1678821594335 0.9863861386138614 0
1678821604001 0.9842202970297029 0
1678821613358 0.9876237623762376 0
1678821622791 0.9885519801980198 0
1678821632335 0.9876237623762376 0
1678821702970 0.34777227722772275 0
1678821712419 0.7738242574257426 0
1678821721979 0.9016089108910891 0
1678821731390 0.9594678217821783 0
1678821740740 0.9730816831683168 0
1678821750259 0.9777227722772277 0
1678821759559 0.9832920792079208 0
1678821769190 0.9854579207920792 0
1678821778690 0.9845297029702971 0
1678821787939 0.9860767326732673 0
1678821858600 0.3010519801980198 0
1678821868263 0.6779084158415841 0
1678821877559 0.8997524752475248 0
1678821887053 0.9529702970297029 0
1678821896654 0.9644183168316832 0
1678821906392 0.9870049504950495 0
1678821915899 0.9836014851485149 0
1678821925178 0.9801980198019802 0
1678821934618 0.979269801980198 0
1678821944265 0.9820544554455446 0
1678822014951 0.25092821782178215 0
1678822024561 0.6178836633663366 0
1678822033733 0.8548886138613861 0
1678822043298 0.9331683168316832 0
1678822052579 0.9665841584158416 0
1678822061893 0.9706064356435643 0
1678822071150 0.9727722772277227 0
1678822080373 0.9811262376237624 0
1678822089809 0.9857673267326733 0
1678822099343 0.9863861386138614 0
1678822169912 0.26485148514851486 0
1678822179267 0.6850247524752475 0
1678822188860 0.8879950495049505 0
1678822198225 0.9458539603960396 0
1678822207740 0.9542079207920792 0
1678822217208 0.9622524752475248 0
1678822226848 0.9758663366336634 0
1678822236276 0.9879331683168316 0
1678822245811 0.9860767326732673 0
1678822255184 0.9820544554455446 0
1678822326351 0.24721534653465346 0
1678822335832 0.6522277227722773 0
1678822345752 0.8483910891089109 0
1678822355283 0.9266707920792079 0
1678822364758 0.9517326732673267 0
1678822374261 0.974009900990099 0
1678822383767 0.9764851485148515 0
1678822393184 0.9798886138613861 0
1678822403005 0.9795792079207921 0
1678822412239 0.9842202970297029 0
1678822483790 0.3245668316831683 0
1678822493057 0.7209158415841584 0
1678822502597 0.905940594059406 0
1678822512158 0.9600866336633663 0
1678822521540 0.9644183168316832 0
1678822531280 0.9712252475247525 0
1678822540997 0.979269801980198 0
1678822550452 0.9789603960396039 0
1678822559795 0.9780321782178217 0
1678822569118 0.9891707920792079 0
1678822640583 0.3415841584158416 0
1678822650202 0.8357054455445545 0
1678822659319 0.9464727722772277 0
1678822668977 0.9811262376237624 0
1678822678617 0.9839108910891089 0
1678822688130 0.9897896039603961 0
1678822697565 0.9953589108910891 0
1678822706943 0.989480198019802 0
1678822716252 0.9777227722772277 0
1678822725777 0.9712252475247525 0
1678822797415 0.27042079207920794 0
1678822806648 0.7255569306930693 0
1678822815800 0.9176980198019802 0
1678822825467 0.9628712871287128 0
1678822834845 0.974319306930693 0
1678822844387 0.9851485148514851 0
1678822854085 0.9866955445544554 0
1678822863497 0.9845297029702971 0
1678822872866 0.9857673267326733 0
1678822882269 0.9758663366336634 0
1678822954263 0.3573638613861386 0
1678822963926 0.8149752475247525 0
1678822973373 0.9396658415841584 0
1678822982564 0.9829826732673267 0
1678822992143 0.9854579207920792 0
1678823001670 0.9888613861386139 0
1678823010978 0.9826732673267327 0
1678823020378 0.9845297029702971 0
1678823029791 0.9904084158415841 0
1678823039202 0.9891707920792079 0
1678823111048 0.28589108910891087 0
1678823120692 0.7880569306930693 0
1678823130212 0.9393564356435643 0
1678823139565 0.973700495049505 0
1678823149081 0.9879331683168316 0
1678823158407 0.9891707920792079 0
1678823167960 0.9851485148514851 0
1678823177339 0.989480198019802 0
1678823186964 0.989480198019802 0
1678823196430 0.9870049504950495 0
1678823268787 0.3876856435643564 0
1678823278069 0.8044554455445545 0
1678823287520 0.9396658415841584 0
1678823296835 0.974009900990099 0
1678823306431 0.9885519801980198 0
1678823315866 0.9888613861386139 0
1678823325099 0.9879331683168316 0
1678823334667 0.9836014851485149 0
1678823344198 0.9829826732673267 0
1678823353555 0.9910272277227723 0
1678823425804 0.37933168316831684 0
1678823435216 0.8666460396039604 0
1678823444574 0.9662747524752475 0
1678823454086 0.9839108910891089 0
1678823463470 0.9919554455445545 0
1678823473021 0.9860767326732673 0
1678823482362 0.9811262376237624 0
1678823491907 0.9842202970297029 0
1678823501048 0.9922648514851485 0
1678823510255 0.9919554455445545 0
1678823582714 0.44214108910891087 0
1678823592121 0.8793316831683168 0
1678823601411 0.9579207920792079 0
1678823610970 0.9777227722772277 0
1678823620611 0.9913366336633663 0
1678823630017 0.9904084158415841 0
1678823639352 0.9916460396039604 0
1678823648707 0.9919554455445545 0
1678823658265 0.9981435643564357 0
1678823667638 0.9910272277227723 0
1678823740885 0.43409653465346537 0
1678823750259 0.8883044554455446 0
1678823759634 0.9724628712871287 0
1678823769430 0.9836014851485149 0
1678823779201 0.9938118811881188 0
1678823788700 0.9981435643564357 0
1678823798170 0.994740099009901 0
1678823807542 0.9891707920792079 0
1678823816972 0.9900990099009901 0
1678823826336 0.9928836633663366 0
