1678820774206 9.468556527001056 0
1678820783415 8.999349784000515 0
1678820793231 9.622376423998503 0
1678820802254 8.811302090998652 0
1678820811800 9.350524271001632 0
1678820821186 9.181513452000218 0
1678820830634 9.249704618003307 0
1678820840126 9.293440607001685 0
1678820849179 8.856731133000721 0
1678820858635 9.241854085998057 0
1678820927679 9.2424539249987 0
1678820937187 9.272033035002096 0
1678820946616 9.20214598000166 0
1678820956260 9.433798045000003 0
1678820965598 9.139954963000491 0
1678820975234 9.435032917001081 0
1678820985093 9.651325148999604 0
1678820994651 9.34374376499909 0
1678821004141 9.285549699001422 0
1678821013732 9.382769636999 0
1678821083694 9.311982133000129 0
1678821093339 9.44246442000076 0
1678821102689 9.143802767001034 0
1678821111958 9.061243894000654 0
1678821121345 9.18146741199962 0
1678821130846 9.254688697001257 0
1678821140376 9.322001298001851 0
1678821150049 9.474859072000982 0
1678821159445 9.180932241000846 0
1678821168681 9.038822292000987 0
1678821237456 9.274723078000534 0
1678821246679 9.006937201000255 0
1678821256401 9.506737794999935 0
1678821265972 9.369536291000259 0
1678821275272 9.090023052998731 0
1678821284381 8.88728608999736 0
1678821293724 9.14849128899732 0
1678821303047 9.109161107000546 0
1678821312471 9.215845053000521 0
1678821321802 9.12748851500146 0
1678821392151 9.034355815998424 0
1678821401373 8.999327355999412 0
1678821410743 9.162560135999229 0
1678821420354 9.392723437998939 0
1678821429734 9.153717928998958 0
1678821439295 9.356563773999369 0
1678821448468 8.965075923999393 0
1678821458221 9.536163455999485 0
1678821467482 9.043753174002632 0
1678821476891 9.187445936000586 0
1678821547212 9.426497901000403 0
1678821556677 9.22362513400003 0
1678821566098 9.201042946999223 0
1678821575619 9.311205761001474 0
1678821584839 8.993301467002311 0
1678821594354 9.29252329099836 0
1678821604018 9.43612906600174 0
1678821613387 9.130231299001025 0
1678821622808 9.198016254002141 0
1678821632354 9.342654563999531 0
1678821702992 9.324053395001101 0
1678821712437 9.237755722999282 0
1678821721999 9.340357654997206 0
1678821731410 9.193526896000549 0
1678821740759 9.143616883000504 0
1678821750277 9.313815510002314 0
1678821759591 9.07123958900047 0
1678821769210 9.405846279998514 0
1678821778717 9.293023080001149 0
1678821787953 9.020373744002427 0
1678821858612 9.304859519001184 0
1678821868280 9.455409235000843 0
1678821877578 9.076281372999802 0
1678821887083 9.266431066000223 0
1678821896670 9.367811390002316 0
1678821906426 9.518999519001227 0
1678821915917 9.265063251998072 0
1678821925192 9.057618357997853 0
1678821934638 9.245299959999102 0
1678821944295 9.409005555000476 0
1678822014962 9.193813092002529 0
1678822024599 9.383705189000466 0
1678822033748 8.928508236000198 0
1678822043317 9.362842553000519 0
1678822052597 9.074111317997449 0
1678822061926 9.084908470998926 0
1678822071167 9.02869812499921 0
1678822080391 9.019264307997219 0
1678822089825 9.221067337999557 0
1678822099369 9.298304234998795 0
1678822169924 9.175593756001035 0
1678822179282 9.143604580000101 0
1678822188878 9.37030815199978 0
1678822198244 9.161077772998397 0
1678822207756 9.292932964999636 0
1678822217240 9.244947955001408 0
1678822226864 9.409701975000644 0
1678822236295 9.18681273599941 0
1678822245829 9.324866824998026 0
1678822255198 9.152514561999851 0
1678822326376 9.221158086998912 0
1678822335848 9.254902903001494 0
1678822345772 9.71615889199893 0
1678822355300 9.317756145999738 0
1678822364778 9.271851721998246 0
1678822374282 9.300056079002388 0
1678822383787 9.264642865000496 0
1678822393204 9.209302653998748 0
1678822403022 9.605343732997426 0
1678822412256 9.019928013000026 0
1678822483803 9.365713671002595 0
1678822493081 9.053857201000937 0
1678822502618 9.316574093998497 0
1678822512177 9.350478700998792 0
1678822521559 9.154566960998636 0
1678822531297 9.51946368100107 0
1678822541015 9.491094960001647 0
1678822550466 9.230140866999136 0
1678822559826 9.094643265998457 0
1678822569137 9.101369886000612 0
1678822640612 9.464487691999238 0
1678822650218 9.391273534001812 0
1678822659337 8.894116890998703 0
1678822669010 9.435841294998681 0
1678822678635 9.41401821600084 0
1678822688146 9.295414909996907 0
1678822697586 9.232130751999648 0
1678822706962 9.151765980001073 0
1678822716280 9.069337237000582 0
1678822725802 9.285838182000589 0
1678822797434 9.205901235000056 0
1678822806666 9.004716555999039 0
1678822815819 8.941968458999327 0
1678822825489 9.4346795929996 0
1678822834864 9.159555543999886 0
1678822844420 9.317427271998895 0
1678822854108 9.450049749000755 0
1678822863528 9.181524627998442 0
1678822872883 9.13611207500071 0
1678822882289 9.19627946699984 0
1678822954295 9.33459902300092 0
1678822963960 9.420982948999153 0
1678822973397 9.232522493999568 0
1678822982584 8.977903168000921 0
1678822992163 9.339826445000654 0
1678823001689 9.297338770997158 0
1678823010995 9.087004416000127 0
1678823020400 9.169112970001152 0
1678823029817 9.159794341001543 0
1678823039220 9.18109116100095 0
1678823111069 9.063385343997652 0
1678823120713 9.408165844997711 0
1678823130232 9.300899896999908 0
1678823139598 9.130973924999125 0
1678823149102 9.275733549999131 0
1678823158426 9.10455707300207 0
1678823167980 9.347177436997299 0
1678823177373 9.149237096000434 0
1678823186982 9.4006097340025 0
1678823196471 9.234191482002643 0
1678823268808 9.316406699002982 0
1678823278089 9.068199164001271 0
1678823287556 9.226733120001882 0
1678823296855 9.074043976001121 0
1678823306449 9.377689329998248 0
1678823315887 9.209965868998552 0
1678823325120 8.994510443000763 0
1678823334703 9.335502265999821 0
1678823344217 9.28988835799828 0
1678823353589 9.110569592001411 0
1678823425824 8.94181022200064 0
1678823435259 9.184012755002186 0
1678823444592 9.113253444000293 0
1678823454122 9.283389429001545 0
1678823463492 9.158556873000634 0
1678823473039 9.322655847998249 0
1678823482382 9.140880161001405 0
1678823491941 9.312231645999418 0
1678823501069 8.8993937990017 0
1678823510272 8.98685592000038 0
1678823582733 9.173804256999574 0
1678823592140 9.18475710599887 0
1678823601430 9.057967263997853 0
1678823610989 9.310483330002171 0
1678823620631 9.409227811000164 0
1678823630049 9.179215253003349 0
1678823639370 9.098504544999741 0
1678823648726 9.135255171000608 0
1678823658290 9.31263478099936 0
1678823667674 9.125797371998488 0
1678823740902 9.568924970997614 0
1678823750279 9.15309733599861 0
1678823759655 9.160850134001521 0
1678823769451 9.561585021998326 0
1678823779222 9.564367880000646 0
1678823788740 9.266132618999109 0
1678823798190 9.226818949002336 0
1678823807564 9.17071616300018 0
1678823816994 9.214233301001514 0
1678823826359 9.153837138001109 0
