1678711509889 0.567807917192946 0
1678711514337 0.08834487336630724 0
1678711518699 0.024449444982582634 0
1678711523117 0.010820706461040242 0
1678711527588 0.00647903966952593 0
1678711532050 0.0037278318547190117 0
1678711536475 0.004432994903252777 0
1678711540907 0.003270636449113801 0
1678711545387 0.0021896257300407576 0
1678711549808 0.0022644838576377836 0
1678711618396 0.33981689809832477 0
1678711623826 0.02836844184245498 0
1678711629186 0.012073791131993883 0
1678711634444 0.007960061140593147 0
1678711639800 0.005558351094191958 0
1678711645102 0.004395647719962646 0
1678711650454 0.0033512992348344772 0
1678711655792 0.002955592159754778 0
1678711661157 0.0035670461962051306 0
1678711666430 0.013250354701023804 0
1678711735314 0.6686304672963461 0
1678711741024 0.051104808282601825 0
1678711746572 0.03041942622869231 0
1678711752238 0.018892882814040664 0
1678711757936 0.013900698262132782 0
1678711763531 0.011065048053446488 0
1678711769130 0.008634345066389087 0
1678711774959 0.00646669076153936 0
1678711780734 0.007664867143541887 0
1678711786389 0.010053015347982057 0
1678711856286 1.3578162501814044 0
1678711861849 0.19000666169305874 0
1678711867670 0.07137320301115255 0
1678711873358 0.03734350975757031 0
1678711879077 0.027951968128553065 0
1678711884916 0.028938925159500292 0
1678711890520 0.03861810243041373 0
1678711896246 0.0243389340022083 0
1678711902025 0.01824670976661767 0
1678711907594 0.02006931697755334 0
1678711978099 2.280435822126378 0
1678711984502 0.5125927021284027 0
1678711990959 0.22496686852810338 0
1678711997400 0.12095674979163953 0
1678712003758 0.07273971958061734 0
1678712010088 0.047165964242850945 0
1678712016732 0.036843849800485676 0
1678712023106 0.03947055444738024 0
1678712029875 0.039309024033059005 0
1678712036434 0.025328677895446114 0
1678712107284 2.931501674460658 0
1678712114426 0.6520370374939337 0
1678712121375 0.330122264982227 0
1678712128211 0.170887652777683 0
1678712135178 0.1006861687479673 0
1678712142495 0.06503018707386721 0
1678712149277 0.06685596733015213 0
1678712156327 0.04199425759020597 0
1678712163313 0.04214253579855996 0
1678712170261 0.04764155727834743 0
1678712242237 3.2265705730975447 0
1678712250034 0.8014067332637097 0
1678712257649 0.33128157477087267 0
1678712265456 0.15600320660935427 0
1678712273206 0.0796091979193496 0
1678712280773 0.07117744726189278 0
1678712288487 0.06675700297541202 0
1678712296243 0.09688482618786583 0
1678712303800 0.05780328277307502 0
1678712311316 0.0619319530458197 0
1678712383984 3.4524025439185224 0
1678712392114 0.8894262926456293 0
1678712400182 0.39648990232757464 0
1678712408384 0.18439060631838017 0
1678712417002 0.1157004278040433 0
1678712425549 0.09165930967039353 0
1678712433966 0.0704863507339732 0
1678712442327 0.06845457007886452 0
1678712450599 0.07114523222153389 0
1678712459075 0.07092546606741253 0
1678712532591 3.4943101960542102 0
1678712541495 0.7987499183309601 0
1678712550487 0.35294253182602636 0
1678712559375 0.1735798896573958 0
1678712568244 0.12358985029487717 0
1678712577185 0.09089241193870912 0
1678712585967 0.08410390602209598 0
1678712595020 0.09717354530018742 0
1678712604160 0.0958548873350015 0
1678712613378 0.08882392409997932 0
1678712688402 3.589408814649364 0
1678712697756 0.9000130082590482 0
1678712707590 0.40710750282952046 0
1678712717090 0.20563758166945223 0
1678712726632 0.1437518351088342 0
1678712736130 0.122239880314427 0
1678712745859 0.11069890298984757 0
1678712756118 0.11717593485812776 0
1678712765923 0.10058445334802667 0
1678712775722 0.09680676163899597 0
1678712851155 3.52032735481757 0
1678712861394 0.8179057935198712 0
1678712871733 0.3718904541406166 0
1678712881750 0.21803497491315826 0
1678712891817 0.1702230948773043 0
1678712902125 0.13243388529542496 0
1678712912333 0.12933600957633684 0
1678712922754 0.1119753075205595 0
1678712932791 0.11230744392949905 0
1678712942948 0.11053077821344266 0
1678713019658 3.5148875089690153 0
1678713031081 1.0340766833843162 0
1678713041796 0.4696969426363026 0
1678713052609 0.2519616883356237 0
1678713063451 0.17913496074594046 0
1678713074205 0.1597193914331574 0
1678713085022 0.14451091566742608 0
1678713096226 0.131087634926449 0
1678713107067 0.1275833624060173 0
1678713118379 0.13161409799518078 0
1678713195560 3.115175255954523 0
1678713206905 0.6113084805019112 0
1678713218453 0.2899898922023691 0
1678713229754 0.19049016438272723 0
1678713241232 0.17815352465504108 0
1678713252716 0.14749182978848605 0
1678713264574 0.16008278872953513 0
1678713276135 0.1538770702092864 0
1678713287387 0.13676722271343747 0
1678713299095 0.1423122111185603 0
1678713376928 3.3686286373002945 0
1678713389031 0.9979881367026618 0
1678713401162 0.4552818346053012 0
1678713413385 0.25935508648579025 0
1678713425705 0.21815666252628677 0
1678713437811 0.21603071240453972 0
1678713449776 0.18427950747591834 0
1678713461860 0.17301109655909216 0
1678713474122 0.18367018340324603 0
1678713486191 0.16523709821435978 0
1678713565243 3.243234134441986 0
1678713578068 0.8148287586255748 0
1678713590863 0.3730589753687566 0
1678713603816 0.25996704985876007 0
1678713617058 0.21632880211760042 0
1678713629754 0.2152299047473627 0
1678713641611 0.20323905663552147 0
1678713654311 0.19196388983225807 0
1678713666767 0.18082531960824894 0
1678713679516 0.18230058724972995 0
1678713759498 3.139176938473405 0
1678713772794 0.95835336566045 0
1678713786360 0.47287440322077223 0
1678713799621 0.3123655432790352 0
1678713813012 0.2557425896203982 0
1678713825379 0.24053289289824972 0
1678713838830 0.21931935891904825 0
1678713852415 0.2146914095478046 0
1678713865790 0.20647887463110182 0
1678713879467 0.19834558370306288 0
1678713959365 2.866429719901365 0
1678713973501 0.8615164080102036 0
1678713987771 0.46427328075576224 0
1678714002442 0.3308998852176678 0
1678714016540 0.28979814475962523 0
1678714030851 0.2573131433307867 0
1678714044992 0.25167761598567007 0
1678714059420 0.23894817855639397 0
1678714074023 0.2518369614746631 0
1678714088331 0.22263681288484147 0
1678714169453 2.748085186833434 0
1678714184229 0.8512585635830253 0
1678714198837 0.49495786711932555 0
1678714213642 0.3565799361618306 0
1678714228312 0.30349430322205306 0
1678714242935 0.28067956127599114 0
1678714257609 0.25652045839874005 0
1678714272095 0.26053827761720183 0
1678714286657 0.25303425808759883 0
1678714301222 0.25387254716291185 0
1678714383405 2.8847614870607448 0
1678714398761 0.8617983061712122 0
1678714414296 0.4802805241277882 0
1678714429595 0.3610807800823115 0
1678714445138 0.3223178068600443 0
1678714460768 0.29613844600262795 0
1678714476006 0.300419519682443 0
1678714491273 0.2924179454656793 0
1678714506623 0.2821524905120244 0
1678714521914 0.2663961966292515 0
1678714604367 3.2138453176391204 0
1678714620213 1.091205766717912 0
1678714635877 0.6051185505856991 0
1678714651665 0.44048194321237133 0
1678714667326 0.36786674164635963 0
1678714682992 0.3509825524759558 0
1678714698954 0.3336294060360141 0
1678714714906 0.31510728873758864 0
1678714730649 0.32334127582246097 0
1678714746411 0.2999272035771936 0
