1680180851837 0.9949280104712042 0
1680180864151 0.9985274869109948 0
1680180876417 0.9995091623036649 0
1680180888623 1.0 0
1680180900907 1.0 0
1680180913229 1.0 0
1680180925118 1.0 0
1680180937717 1.0 0
1680180950323 1.0 0
1680180962632 1.0 0
1680180987958 0.9993909866017052 0
1680181012995 1.0 0
1680181038369 1.0 0
1680181063316 1.0 0
1680181088280 1.0 0
1680181113789 1.0 0
1680181138927 1.0 0
1680181164611 1.0 0
1680181189853 1.0 0
1680181215008 1.0 0
1680181253545 0.9999501594896332 0
1680181291600 0.9994517543859649 0
1680181329397 0.9999750797448166 0
1680181366658 1.0 0
1680181403920 1.0 0
1680181442352 1.0 0
1680181480273 0.9999003189792663 0
1680181517235 1.0 0
1680181555386 1.0 0
1680181593624 1.0 0
1680181645096 0.999795508625818 0
1680181693175 1.0 0
1680181743663 1.0 0
1680181793331 1.0 0
1680181844829 1.0 0
1680181895408 1.0 0
1680181946210 0.9997583283759667 0
1680181994810 1.0 0
1680182045031 1.0 0
1680182093878 0.9999256395002974 0
1680182155138 0.9998478578383642 0
1680182216691 1.0 0
1680182277823 1.0 0
1680182339053 1.0 0
1680182400360 0.9998935004868549 0
1680182462135 1.0 0
1680182523706 1.0 0
1680182585379 1.0 0
1680182646101 0.9999391431353457 0
1680182706819 1.0 0
1680182786440 0.9974440586419753 0
1680182862593 0.9991319444444444 0
1680182939413 0.9993127893518519 0
1680183017396 0.9995539158950617 0
1680183094704 0.9996383101851852 0
1680183170547 0.9995900848765432 0
1680183245703 0.9997588734567902 0
1680183322094 0.9997468171296297 0
1680183399446 0.9997468171296297 0
1680183475337 0.9998673804012346 0
1680183562897 0.9994137960436562 0
1680183650556 0.999744201909959 0
1680183736701 0.9996802523874488 0
1680183824169 0.999744201909959 0
1680183911713 0.9997655184174625 0
1680183999074 0.9998614427012278 0
1680184087829 0.9998294679399727 0
1680184175140 0.9998827592087313 0
1680184263146 0.9997655184174625 0
1680184349531 0.9997974931787176 0
1680184442180 0.9996100164203613 0
1680184533337 0.9997947454844006 0
1680184623107 0.9999281609195402 0
1680184713778 0.9998255336617405 0
1680184803613 0.9997947454844006 0
1680184894706 0.9998871100164204 0
1680184982034 0.9997947454844006 0
1680185072510 0.9998460591133005 0
1680185161486 0.9999076354679803 0
1680185252387 0.9999076354679803 0
1680185358033 0.9970782520325203 0
1680185460245 0.9991016986062717 0
1680185562653 0.9996642711962834 0
1680185664537 0.999591681184669 0
1680185766617 0.9996279761904762 0
1680185868505 0.9997005662020906 0
1680185971147 0.9997187137049942 0
1680186073650 0.9998094512195121 0
1680186175437 0.9997550087108014 0
1680186275991 0.9997640824622532 0
1680186386671 0.9994546861806923 0
1680186491526 0.999700956937799 0
1680186595499 0.9997625246270757 0
1680186700141 0.9997713200112581 0
1680186805387 0.9997801153954404 0
1680186911216 0.999744933858711 0
1680187015686 0.999744933858711 0
1680187120274 0.9998065015479877 0
1680187225078 0.9998416830847171 0
1680187330847 0.999700956937799 0
1680187442662 0.9991029934390377 0
1680187551208 0.9995386823400766 0
1680187658937 0.9997095407326407 0
1680187766205 0.9996582832148715 0
1680187874655 0.9996924548933843 0
1680187981754 0.9996582832148715 0
1680188089044 0.9997009978130126 0
1680188184879 0.9997009978130126 0
1680188264123 0.9996582832148715 0
1680188343001 0.9997095407326407 0
1680188428520 0.9991861546638321 0
1680188509300 0.9993854637257508 0
1680188590493 0.9997010364071219 0
1680188670353 0.9996262955089025 0
1680188752568 0.9996678182301355 0
1680188833048 0.9996761227743821 0
1680188913131 0.9997591682168483 0
1680188995262 0.9997342545841085 0
1680189075631 0.9997508636726017 0
1680189156119 0.9996761227743821 0
1680189245126 0.9995879653567735 0
1680189327155 0.9997333893485005 0
1680189410325 0.999789943123061 0
1680189492541 0.9997010729058945 0
1680189576409 0.999692993795243 0
1680189659637 0.9997495475698035 0
1680189744207 0.9997172311271976 0
1680189827540 0.999789943123061 0
1680189910340 0.999741468459152 0
1680189993768 0.9997657057911065 0
