1680180851844 0.013803731417441744 0
1680180864162 0.00690405528228258 0
1680180876428 0.0017845775966160598 0
1680180888628 2.4241343312698986e-05 0
1680180900922 9.825116225506487e-06 0
1680180913241 7.676572951991932e-06 0
1680180925129 7.346815017646438e-06 0
1680180937730 3.935086285016067e-06 0
1680180950335 2.6864153371545745e-06 0
1680180962642 4.577157208560679e-06 0
1680180987975 0.003461825731895491 0
1680181013007 1.0243943504439533e-05 0
1680181038381 2.8233648754491313e-06 0
1680181063328 3.3064113011787125e-06 0
1680181088292 9.63256794541635e-07 0
1680181113801 6.183559952213954e-07 0
1680181138937 7.429873697396803e-07 0
1680181164622 6.461014390880184e-07 0
1680181189866 5.782624378291782e-07 0
1680181215020 4.4884509123426674e-07 0
1680181253556 0.00035526695028478334 0
1680181291612 0.004706781732870883 0
1680181329408 0.00011311013819909783 0
1680181366670 1.200866100137219e-05 0
1680181403932 3.584763808866978e-06 0
1680181442362 4.665053296313502e-06 0
1680181480284 0.0006926611300453443 0
1680181517246 3.872547363426617e-06 0
1680181555397 3.0150726316687737e-06 0
1680181593631 8.223874818421149e-07 0
1680181645112 0.0012726124816110913 0
1680181693189 6.291028577132296e-06 0
1680181743669 1.5687103214958296e-06 0
1680181793343 1.010056008952529e-06 0
1680181844841 9.453629855942209e-07 0
1680181895419 6.091703487680256e-07 0
1680181946222 0.0010093410425562235 0
1680181994821 5.165529403572255e-06 0
1680182045043 1.8649522056802014e-06 0
1680182093896 0.0002054503134437866 0
1680182155149 0.0005273844960158004 0
1680182216705 9.816339752203424e-07 0
1680182277843 6.239437181569975e-07 0
1680182339066 8.109094926839789e-07 0
1680182400371 0.00035451349868030184 0
1680182462148 1.448428520296245e-05 0
1680182523718 5.185865213657562e-07 0
1680182585390 7.005857460678671e-07 0
1680182646118 0.00021295646877715 0
1680182706835 4.961032069264819e-06 0
1680182786450 0.008958457992469271 0
1680182862607 0.0028552961042616915 0
1680182939425 0.002191911329324451 0
1680183017410 0.0014199002615595375 0
1680183094725 0.0012589580359377013 0
1680183170561 0.0012118168266271692 0
1680183245713 0.0007337636973158393 0
1680183322105 0.0008018622665857271 0
1680183399457 0.0009935467203012495 0
1680183475349 0.00044318434270104425 0
1680183562909 0.002282484669447406 0
1680183650572 0.0009266478557482322 0
1680183736713 0.0010974219887246914 0
1680183824184 0.0007821320040598683 0
1680183911729 0.0009109812324102372 0
1680183999089 0.0005392260387403087 0
1680184087842 0.0005719448162644605 0
1680184175151 0.00043974190421695457 0
1680184263165 0.0010454062036858657 0
1680184349553 0.000681729831785444 0
1680184442194 0.001457410357727838 0
1680184533348 0.0009319658973017119 0
1680184623118 0.0004140356685138706 0
1680184713789 0.0008964975504692918 0
1680184803624 0.0007009255942556886 0
1680184894721 0.0005871084554018672 0
1680184982043 0.0007812039400145858 0
1680185072521 0.000567190402831381 0
1680185161500 0.000446411293461727 0
1680185252397 0.0004514689311035072 0
1680185358045 0.014424005643134112 0
1680185460256 0.0032744330997796487 0
1680185562663 0.0016351838677606532 0
1680185664546 0.001975740528588874 0
1680185766632 0.0016015674442608602 0
1680185868517 0.0016047667967087236 0
1680185971163 0.0013722462280538045 0
1680186073662 0.0011770358278449882 0
1680186175448 0.0015384011808206091 0
1680186276003 0.0016006009353982504 0
1680186386683 0.002837941238647602 0
1680186491545 0.001585882794939234 0
1680186595510 0.001393229257894525 0
1680186700153 0.0012927576318690385 0
1680186805398 0.001310598688822951 0
1680186911230 0.0012348990465556838 0
1680187015698 0.0012715644893671605 0
1680187120287 0.001269848354153484 0
1680187225092 0.0010047363969242873 0
1680187330858 0.0015342168839334745 0
1680187442673 0.003430633316768091 0
1680187551220 0.0019090085517559706 0
1680187658954 0.0015245769667965993 0
1680187766219 0.0014543790915868798 0
1680187874666 0.0016958954657615155 0
1680187981767 0.0018529683313021398 0
1680188089062 0.0019711567825062386 0
1680188184897 0.001564315537527694 0
1680188264140 0.0017778405866436982 0
1680188343014 0.0014023811397062304 0
1680188428536 0.003685383351691342 0
1680188509314 0.0022016886737085263 0
1680188590506 0.0014981647289910962 0
1680188670366 0.0016435312641832488 0
1680188752584 0.0015127170494915712 0
1680188833064 0.0014574275527192398 0
1680188913146 0.001463202798133313 0
1680188995274 0.0013290346637865576 0
1680189075646 0.0014359058007103074 0
1680189156133 0.0015295878972695245 0
1680189245139 0.0021301875619556634 0
1680189327169 0.0013808800357368646 0
1680189410337 0.0014293876857423443 0
1680189492554 0.001453825140227536 0
1680189576423 0.0015530664416387578 0
1680189659650 0.0014232685776232924 0
1680189744221 0.0013442742405958919 0
1680189827553 0.001473906763502796 0
1680189910354 0.001309409219960064 0
1680189993779 0.0014121561621090427 0
