1680180851852 13.896070294999845 0
1680180864168 12.165401608000138 0
1680180876434 12.024370666999857 0
1680180888634 12.052757378000024 0
1680180900933 12.120444456999394 0
1680180913255 12.153030402000695 0
1680180925136 11.71967867300009 0
1680180937738 12.4445526720001 0
1680180950343 12.45005152200065 0
1680180962649 12.15403484000035 0
1680180987988 24.81392250799945 0
1680181013017 24.86980031300027 0
1680181038389 25.215053362000617 0
1680181063335 24.78538189200026 0
1680181088300 24.80888408299961 0
1680181113814 25.359775894999984 0
1680181138946 24.968146983000224 0
1680181164629 25.518355164999775 0
1680181189882 25.08309613399979 0
1680181215028 24.9798105889995 0
1680181253563 37.59079109300001 0
1680181291620 37.89774377899994 0
1680181329418 37.626233095000316 0
1680181366678 37.1049844879999 0
1680181403941 37.10853819000022 0
1680181442371 38.26689307200013 0
1680181480290 37.750591869000345 0
1680181517257 36.80574384100055 0
1680181555405 37.98928251899997 0
1680181593637 38.06933880700035 0
1680181645122 50.38438589599991 0
1680181693199 47.907087294999656 0
1680181743676 50.33352869999999 0
1680181793351 49.50014528600059 0
1680181844850 51.32245676900038 0
1680181895426 50.41342745400016 0
1680181946230 50.64445569600048 0
1680181994831 48.448364020000554 0
1680182045050 50.059210798000095 0
1680182093906 48.67970923099983 0
1680182155155 59.82511374900059 0
1680182216714 61.39603450599952 0
1680182277852 60.96032747699974 0
1680182339075 61.05922146100056 0
1680182400378 61.14868984700024 0
1680182462158 61.61012506999941 0
1680182523725 61.399025800000345 0
1680182585397 61.52038255400021 0
1680182646129 60.551366659999985 0
1680182706845 60.545559972000774 0
1680182786457 77.79379332400003 0
1680182862617 75.99988751899946 0
1680182939433 76.65698341799998 0
1680183017426 77.82114624599944 0
1680183094739 77.13785723599995 0
1680183170570 75.67780378499992 0
1680183245719 75.00146570300058 0
1680183322113 76.22358528600034 0
1680183399464 77.16460730299968 0
1680183475357 75.72465326100064 0
1680183562917 84.91605530000015 0
1680183650583 87.50297721100014 0
1680183736721 85.97310251199997 0
1680183824195 87.31132769000033 0
1680183911738 87.37097479099975 0
1680183999107 87.19537365100041 0
1680184087852 88.57627215299908 0
1680184175158 87.1451194300007 0
1680184263177 87.84641680099958 0
1680184349569 86.2143931319988 0
1680184442204 89.28562580299877 0
1680184533356 90.9937647709994 0
1680184623126 89.61346411500017 0
1680184713799 90.49702674000036 0
1680184803631 89.6654293929987 0
1680184894734 90.94209721200059 0
1680184982050 87.15467050799998 0
1680185072528 90.32488009199915 0
1680185161509 88.81727441700059 0
1680185252404 90.73810564999985 0
1680185358052 102.1803843180005 0
1680185460264 102.05288276200008 0
1680185562678 102.25367216199993 0
1680185664556 101.68310777099941 0
1680185766644 101.92206016599994 0
1680185868532 101.72331683700031 0
1680185971172 102.46797460800008 0
1680186073675 102.31122925399904 0
1680186175455 101.62450010999964 0
1680186276011 100.3906736429999 0
1680186386691 106.90036879699983 0
1680186491555 104.6896237259989 0
1680186595517 103.81641138499981 0
1680186700167 104.48198500800027 0
1680186805406 105.08281435999925 0
1680186911242 105.59448221100138 0
1680187015706 104.30293395599983 0
1680187120297 104.4220397049994 0
1680187225100 104.63565738600118 0
1680187330865 105.60015604300133 0
1680187442682 107.85020500700011 0
1680187551228 108.37091434000104 0
1680187658964 107.56681773799937 0
1680187766228 107.09104273100093 0
1680187874685 108.28114530099992 0
1680187981778 106.93115220999971 0
1680188089073 107.12709148700014 0
1680188184908 95.6331541290001 0
1680188264152 79.05504621800173 0
1680188343025 78.67817595199995 0
1680188428548 80.21101874600026 0
1680188509325 80.57840272700014 0
1680188590518 80.99384527099937 0
1680188670378 79.6558281130001 0
1680188752596 82.00954644500052 0
1680188833077 80.26830072700068 0
1680188913158 79.86984447000032 0
1680188995286 81.92428263700094 0
1680189075660 80.17863471599958 0
1680189156145 80.27403448599944 0
1680189245151 83.3271962150011 0
1680189327181 81.82750263800153 0
1680189410349 82.97124093300044 0
1680189492567 82.01658416899954 0
1680189576436 83.68575289900036 0
1680189659664 83.02987092699914 0
1680189744233 84.35438969300048 0
1680189827565 83.12797580199913 0
1680189910366 82.58938005099844 0
1680189993788 83.22233811000115 0
