1680251464977 27.960288185000536 0
1680251491870 26.531438279998838 0
1680251518514 26.298214476992143 0
1680251545496 26.61469846199907 0
1680251572383 26.53715673199622 0
1680251599685 26.950088958008564 0
1680251626732 26.69971319200704 0
1680251653703 26.6209832070017 0
1680251680369 26.313283541996498 0
1680251706990 26.263563344997237 0
1680251782092 74.40968320899992 0
1680251856816 74.38508035799896 0
1680251931578 74.44272068700229 0
1680252006103 74.20202017300471 0
1680252081055 74.62380104100157 0
1680252155713 74.33119478799927 0
1680252229993 73.93228492001072 0
1680252304550 74.2286339939892 0
1680252379069 74.17899751401274 0
1680252454746 75.3309125329979 0
1680252530074 74.36765377799748 0
1680252604907 74.50154480399215 0
1680252679582 74.34312044300896 0
1680252754946 75.0285143259971 0
1680252830384 75.10059758801071 0
1680252905084 74.3535545009945 0
1680252980430 75.00275876399246 0
1680253055769 74.98580221099837 0
1680253131056 74.94474643700232 0
1680253206741 75.35626985300041 0
1680253282033 74.01499288200284 0
1680253356536 74.15713295299793 0
1680253430837 73.9586510980007 0
1680253505429 74.24984158600273 0
1680253580362 74.5942094919883 0
1680253654872 74.16525814699708 0
1680253730580 75.35181078698952 0
1680253805822 74.89290239899128 0
1680253881860 75.69649012798618 0
1680253956949 74.73441080701014 0
1680254026052 67.54407259599247 0
1680254093637 67.24785877099202 0
1680254161626 67.64832132800075 0
1680254228725 66.76941911800532 0
1680254295671 66.62483738800802 0
1680254363203 67.22127159900265 0
1680254430975 67.42113338600029 0
1680254498513 67.2076622290042 0
1680254565392 66.54421077099687 0
1680254632402 66.6870105049893 0
1680254731550 97.26989060000051 0
1680254828701 96.77266188000795 0
1680254925048 95.97969842598832 0
1680255022947 97.54696669999976 0
1680255119308 95.98583798098844 0
1680255215696 96.03766767200432 0
1680255312471 96.42143929000304 0
1680255409443 96.6107413629943 0
1680255507103 97.31393818699871 0
1680255604638 97.17025844300224 0
1680255669952 62.71241765400919 0
1680255732830 62.55069078899396 0
1680255796016 62.857108886993956 0
1680255858624 62.283586290999665 0
1680255921245 62.29440405301284 0
1680255984208 62.61978352400183 0
1680256047297 62.75998762199015 0
1680256110582 62.93511494000268 0
1680256173751 62.83354648400564 0
1680256236958 62.87638424700708 0
1680256262660 22.70875003299443 0
1680256285472 22.524171701996238 0
1680256308418 22.649379547990975 0
1680256330963 22.267254241000046 0
1680256353807 22.546783605997916 0
1680256377074 22.984391613994376 0
1680256399945 22.594938718000776 0
1680256422816 22.576973239003564 0
1680256445677 22.584060804001638 0
1680256468783 22.773173788998974 0
1680256546644 74.64100021899503 0
1680256622042 75.05516558799718 0
1680256696257 73.87790990900248 0
1680256771748 75.14854542299872 0
1680256846167 74.09093789100007 0
1680256921146 74.64679022200289 0
1680256995795 74.2993344340066 0
1680257071050 74.91273580898996 0
1680257146087 74.70799989400257 0
1680257220302 73.89315242200973 0
1680257246025 22.00509896800213 0
1680257268525 22.20817224100756 0
1680257291287 22.471950305000064 0
1680257313869 22.27476281100826 0
1680257336600 22.420718927009148 0
1680257359099 22.206227860006038 0
1680257381588 22.203958271013107 0
1680257404358 22.480349122997723 0
1680257426812 22.183313825997175 0
1680257449364 22.256498774004285 0
1680257475233 21.95258534399909 0
1680257496829 21.312320180993993 0
1680257518509 21.406782585996552 0
1680257540675 21.871627056010766 0
1680257562420 21.462383577003493 0
1680257584202 21.492195914004697 0
1680257606167 21.675141219995567 0
1680257627874 21.435510758994496 0
1680257649881 21.723287934000837 0
1680257671805 21.628539965997334 0
1680257696071 20.0803503109928 0
1680257716680 20.272683019007673 0
1680257737584 20.559200003001024 0
1680257758409 20.485884977009846 0
1680257779208 20.472299286993803 0
1680257799715 20.16107534999901 0
1680257820350 20.300295132008614 0
1680257840689 19.995469938003225 0
1680257861085 20.06038397399243 0
1680257881543 20.12524391899933 0
1680257906301 20.42394041600346 0
1680257926992 20.358031002993812 0
1680257948080 20.68770080199465 0
1680257968781 20.341285501010134 0
1680257989465 20.34573072499188 0
1680258010372 20.556884631994762 0
1680258031055 20.328758764997474 0
1680258051911 20.513303564002854 0
1680258072884 20.608158012997592 0
1680258093198 19.979756476997864 0
