1680251464958 0.9929646596858639 0
1680251491845 0.9998363874345549 0
1680251518488 0.9997545811518325 0
1680251545471 0.9998363874345549 0
1680251572356 0.9995091623036649 0
1680251599660 0.9999181937172775 0
1680251626714 0.9992637434554974 0
1680251653672 1.0 0
1680251680340 1.0 0
1680251706960 1.0 0
1680251782064 1.0 0
1680251856791 1.0 0
1680251931562 1.0 0
1680252006091 1.0 0
1680252081037 1.0 0
1680252155688 1.0 0
1680252229960 1.0 0
1680252304526 1.0 0
1680252379032 1.0 0
1680252454715 1.0 0
1680252530051 1.0 0
1680252604887 1.0 0
1680252679559 1.0 0
1680252754927 1.0 0
1680252830365 1.0 0
1680252905060 1.0 0
1680252980411 1.0 0
1680253055741 1.0 0
1680253131028 1.0 0
1680253206720 1.0 0
1680253282014 0.9999266431924883 0
1680253356517 1.0 0
1680253430815 1.0 0
1680253505409 1.0 0
1680253580339 1.0 0
1680253654833 1.0 0
1680253730552 1.0 0
1680253805802 1.0 0
1680253881839 1.0 0
1680253956929 1.0 0
1680254026031 1.0 0
1680254093611 1.0 0
1680254161597 1.0 0
1680254228702 1.0 0
1680254295648 1.0 0
1680254363183 1.0 0
1680254430941 1.0 0
1680254498494 1.0 0
1680254565372 1.0 0
1680254632379 1.0 0
1680254731522 0.9950290697674419 0
1680254828675 0.9991860465116279 0
1680254925019 0.9996802325581395 0
1680255022916 0.9997674418604651 0
1680255119275 0.9997674418604651 0
1680255215674 0.9999418604651162 0
1680255312446 0.9999127906976745 0
1680255409412 0.9999127906976745 0
1680255507089 1.0 0
1680255604612 1.0 0
1680255669934 0.9981130338733432 0
1680255732812 0.9998619293078056 0
1680255795994 1.0 0
1680255858605 0.9999539764359352 0
1680255921224 0.9999539764359352 0
1680255984181 1.0 0
1680256047276 1.0 0
1680256110555 0.9999539764359352 0
1680256173720 1.0 0
1680256236930 1.0 0
1680256262631 0.9935011061946902 0
1680256285444 0.999308628318584 0
1680256308389 0.9995851769911505 0
1680256330949 1.0 0
1680256353775 1.0 0
1680256377048 1.0 0
1680256399921 1.0 0
1680256422794 1.0 0
1680256445658 1.0 0
1680256468743 1.0 0
1680256546625 0.9951441102756893 0
1680256622012 0.9998041979949874 0
1680256696237 0.9999608395989975 0
1680256771725 0.999921679197995 0
1680256846149 0.9999608395989975 0
1680256921126 0.999921679197995 0
1680256995758 1.0 0
1680257071031 1.0 0
1680257146072 0.9998041979949874 0
1680257220283 0.9999608395989975 0
1680257246002 0.9941227064220184 0
1680257268494 1.0 0
1680257291267 0.9995699541284404 0
1680257313848 1.0 0
1680257336572 1.0 0
1680257359081 1.0 0
1680257381567 1.0 0
1680257404328 1.0 0
1680257426796 1.0 0
1680257449335 1.0 0
1680257475200 0.9844497607655502 0
1680257496805 0.9986543062200957 0
1680257518489 0.9998504784688995 0
1680257540656 1.0 0
1680257562388 0.9998504784688995 0
1680257584173 1.0 0
1680257606140 1.0 0
1680257627854 1.0 0
1680257649861 1.0 0
1680257671785 0.9994019138755981 0
1680257696044 0.9762260765550239 0
1680257716645 0.9995514354066986 0
1680257737553 0.9992523923444976 0
1680257758386 0.9998504784688995 0
1680257779186 1.0 0
1680257799693 1.0 0
1680257820331 0.9988038277511961 0
1680257840666 1.0 0
1680257861065 1.0 0
1680257881519 0.9989533492822966 0
1680257906272 0.9974459134615384 0
1680257926962 0.9993990384615384 0
1680257948042 0.9987980769230769 0
1680257968743 0.9977463942307693 0
1680257989446 0.9948918269230769 0
1680258010350 0.9975961538461539 0
1680258031024 0.998046875 0
1680258051891 0.9990985576923077 0
1680258072850 1.0 0
1680258093177 0.9998497596153846 0
