1680118890606 0.7007462020602918 0
1680118895362 0.0882859354117705 0
1680118900172 0.024898145745898926 0
1680118904857 0.014693945837807991 0
1680118909615 0.02011806861452398 0
1680118914269 0.01189211592258465 0
1680118919077 0.0061836988240810895 0
1680118923818 0.0033433853428915983 0
1680118928586 0.0028549675264530967 0
1680118933416 0.0024896097855807674 0
1680118958057 0.9050377912579044 0
1680118963067 0.1422133248059019 0
1680118968124 0.05867704667992169 0
1680118973328 0.018191261705191385 0
1680118978502 0.010378043253665729 0
1680118983617 0.006999791028999513 0
1680118988752 0.0042610784838606995 0
1680118993825 0.004264195278782638 0
1680118998895 0.00417529258336271 0
1680119003955 0.0031127695082461522 0
1680119026190 1.1682285671272585 0
1680119031409 0.27016945892283994 0
1680119036578 0.09067361801862717 0
1680119041744 0.03875998855237999 0
1680119046921 0.017920744105903132 0
1680119052045 0.010225527258890291 0
1680119057262 0.008021701945953311 0
1680119062458 0.005393316820000989 0
1680119067620 0.004325673616896834 0
1680119072736 0.00404582392976379 0
1680119095889 1.192084165830766 0
1680119101230 0.29609285126770696 0
1680119106466 0.08028423993457709 0
1680119111759 0.030003839780786825 0
1680119116923 0.015660726108528193 0
1680119122142 0.011363124718979722 0
1680119127450 0.006867302194868605 0
1680119132611 0.007438023048903673 0
1680119137833 0.01152932096926135 0
1680119143071 0.007797675066432285 0
1680119166963 1.2505025757897286 0
1680119172355 0.28312062688412204 0
1680119177673 0.09502237082849588 0
1680119182943 0.049659861236690514 0
1680119188261 0.025737201588438643 0
1680119193601 0.01588918781283522 0
1680119198928 0.01013391897187478 0
1680119204327 0.00887750540935104 0
1680119209716 0.0055953163762516795 0
1680119214992 0.0048144358865571234 0
1680119239241 1.2446819630361372 0
1680119244610 0.32162279251121706 0
1680119250119 0.1214606596397296 0
1680119255556 0.04218776475998663 0
1680119260957 0.020119188758995262 0
1680119266257 0.017811959583101975 0
1680119271767 0.009087440347479235 0
1680119277150 0.0070428539653338736 0
1680119282594 0.005330844675265853 0
1680119287951 0.00409877575152824 0
1680119312709 1.3150037555925307 0
1680119318201 0.35501032118355075 0
1680119323717 0.10847548341318484 0
1680119329116 0.03262421014087816 0
1680119334610 0.021968211820949952 0
1680119340019 0.017564756003388714 0
1680119345447 0.012855638077692879 0
1680119350903 0.007433007291007427 0
1680119356301 0.00776132897871937 0
1680119361719 0.005998509273218411 0
1680119387191 1.3240757411526096 0
1680119392808 0.3410317052996928 0
1680119398377 0.1042663975949249 0
1680119403895 0.04137719066573247 0
1680119409435 0.025949375643845526 0
1680119414904 0.014131242886275774 0
1680119420386 0.011317642037606528 0
1680119425900 0.0072686278276265625 0
1680119431336 0.005515725139693748 0
1680119436813 0.005293905770691532 0
1680119462921 1.32659846592334 0
1680119468554 0.310774642373285 0
1680119474165 0.10591881088311633 0
1680119479723 0.037722467170697785 0
1680119485152 0.018032227642834187 0
1680119490810 0.013863529506770353 0
1680119496367 0.008327457024866054 0
1680119501937 0.007044967124989677 0
1680119507441 0.005625570339391068 0
1680119513167 0.007328009818710627 0
1680119539515 1.3331845710354466 0
1680119545167 0.32220872852110094 0
1680119550793 0.09528061290902476 0
1680119556412 0.03959771918673669 0
1680119561992 0.03233033860282552 0
1680119567663 0.014674030424606415 0
1680119573117 0.009023607265384447 0
1680119578682 0.007205017434898764 0
1680119584397 0.006102938471632379 0
1680119590027 0.004463697670988979 0
1680119617092 1.3425459780039326 0
1680119622731 0.3334093918242762 0
1680119628380 0.10121295835462309 0
1680119634203 0.052580644121213306 0
1680119640036 0.020517020741657864 0
1680119645659 0.016027914577974908 0
1680119651330 0.008707704152085728 0
1680119657046 0.006567750441571397 0
1680119662746 0.004577207763964731 0
1680119668315 0.004920995935061646 0
1680119695785 1.35856775651055 0
1680119701466 0.3148898008850313 0
1680119707304 0.10079011044675304 0
1680119713213 0.04745813615379795 0
1680119718832 0.025391674266316958 0
1680119724550 0.014144647040314252 0
1680119730359 0.010039525771243197 0
1680119736064 0.007209293538659451 0
1680119741799 0.005271076183435658 0
1680119747555 0.004989076396375294 0
1680119775780 1.3947563450182638 0
1680119781530 0.33482075410504497 0
1680119787380 0.11389015825285066 0
1680119793238 0.04505393901960023 0
1680119799043 0.024301262647514383 0
1680119804794 0.014160765060824492 0
1680119810726 0.009281586348679998 0
1680119816660 0.0056494563449955276 0
1680119822415 0.0058971666299077055 0
1680119828264 0.004806192659382378 0
1680119856922 1.347109063017753 0
1680119862832 0.31660108989284885 0
1680119868659 0.09715389715687882 0
1680119874504 0.04056003830215383 0
1680119880429 0.023357047894669157 0
1680119886410 0.013207323447380575 0
1680119892322 0.010660396081455532 0
1680119898161 0.008991016589495684 0
1680119904297 0.006264171527413231 0
1680119910254 0.004447944723294988 0
1680119939740 1.3363823544594549 0
1680119945642 0.31253360896821947 0
1680119951419 0.09513059799228946 0
1680119957337 0.04285986774090317 0
1680119963130 0.025423619145106886 0
1680119969110 0.01323666028122628 0
1680119975023 0.009686842639630119 0
1680119981030 0.00988068090819363 0
1680119986935 0.008308302243089965 0
1680119992882 0.007841164236813183 0
1680120022822 1.369767411101249 0
1680120028755 0.31793551615649657 0
1680120034569 0.09389713263860153 0
1680120040487 0.04305376325764002 0
1680120046411 0.02160476326131292 0
1680120052490 0.01769391521661272 0
1680120058473 0.008857369017336638 0
1680120064373 0.00807241513581586 0
1680120070338 0.008211822508113278 0
1680120076252 0.004911106470371446 0
1680120106617 1.3652005435958985 0
1680120112780 0.3248621889900777 0
1680120118992 0.09815597465081562 0
1680120124993 0.03678355711482225 0
1680120130883 0.021533772296782945 0
1680120136870 0.012326247881226722 0
1680120142899 0.008739264689445976 0
1680120148971 0.007752476568003336 0
1680120154938 0.006286681043885408 0
1680120160944 0.012056139964354975 0
1680120192284 1.367586306025905 0
1680120198526 0.3143304201864427 0
1680120204581 0.09692868010531511 0
1680120210646 0.04424241840118362 0
1680120216760 0.024127208064460465 0
1680120222891 0.014065846868400131 0
1680120228995 0.009097835022745835 0
1680120235063 0.01032479340210557 0
1680120241114 0.006089625718642867 0
1680120247036 0.0048539298004470766 0
1680120279274 1.3430903352076007 0
1680120285305 0.3381020445977488 0
1680120291407 0.10803618044742654 0
1680120297433 0.04364630873615463 0
1680120303711 0.02571192384517241 0
1680120309651 0.015742596426618197 0
1680120315853 0.011358080852416253 0
1680120321957 0.007631729248039905 0
1680120327982 0.0053293565964146 0
1680120334051 0.007876831641976511 0
1680120366682 1.3355018919514072 0
1680120372863 0.2916064954573108 0
1680120379017 0.09021701116956049 0
1680120385180 0.04131861538776467 0
1680120391349 0.019686357215827992 0
1680120397475 0.011592941039482193 0
1680120403531 0.01551275735630864 0
1680120409634 0.010912235935158547 0
1680120415932 0.008663118088377579 0
1680120422103 0.006887578260859535 0
