1679683042208 58.686716926051304 0
1679683101626 59.09048728097696 0
1679683161120 59.1476345739793 0
1679683220133 58.66932275192812 0
1679683278828 58.358087979024276 0
1679683338102 58.94561310799327 0
1679683400211 61.77789103705436 0
1679683459219 58.66646969795693 0
1679683518466 58.92057458299678 0
1679683577702 58.90945234592073 0
1679683679188 25.743272352032363 0
1679683706069 26.662352588027716 0
1679683732964 26.663119227974676 0
1679683759372 26.164284816011786 0
1679683786182 26.58370052394457 0
1679683812692 26.283243647078052 0
1679683839234 26.317624585004523 0
1679683865827 26.353670005919412 0
1679683892493 26.43246984097641 0
1679683919139 26.40679939999245 0
1679683988187 30.599981165956706 0
1679684019654 31.236855824943632 0
1679684050336 30.469575944007374 0
1679684082200 31.632907939027064 0
1679684113341 30.910992525983602 0
1679684144587 31.011307925917208 0
1679684175695 30.885654576006345 0
1679684205672 29.760413110954687 0
1679684237262 31.358873391058296 0
1679684268274 30.783795917988755 0
1679684343113 35.5994532359764 0
1679684378175 34.841869518044405 0
1679684413776 35.372872541076504 0
1679684449196 35.189491129945964 0
1679684484640 35.212603772990406 0
1679684519359 34.495638253050856 0
1679684555089 35.50667692499701 0
1679684590734 35.38580069295131 0
1679684626484 35.50792204705067 0
1679684661357 34.64407311589457 0
1679684742338 39.13135840499308 0
1679684781899 39.32543021894526 0
1679684821366 39.22555631492287 0
1679684860230 38.62704627495259 0
1679684899264 38.79394089290872 0
1679684938960 39.4634345859522 0
1679684978814 39.61044158192817 0
1679685018151 39.09126905200537 0
1679685058008 39.62368320906535 0
1679685097290 39.05334815103561 0
1679685182808 42.736424581031315 0
1679685226295 43.22898960998282 0
1679685268355 41.83546904602554 0
1679685311835 43.24562821700238 0
1679685354607 42.53097005200107 0
1679685397397 42.554108889074996 0
1679685440364 42.71231584297493 0
1679685484559 43.84618653205689 0
1679685528321 43.52295116905589 0
1679685571453 42.89769760298077 0
1679685663166 47.543874672963284 0
1679685709859 46.434568515978754 0
1679685757094 46.99904600298032 0
1679685803939 46.62451648700517 0
1679685851239 47.06630502210464 0
1679685898291 46.81535916496068 0
1679685945333 46.805698320036754 0
1679685993442 47.8692977540195 0
1679686040647 46.96788531099446 0
1679686086819 45.93406966002658 0
1679686185230 51.086006902041845 0
1679686236076 50.60543494601734 0
1679686286530 50.21299885492772 0
1679686337423 50.647597964969464 0
1679686387503 49.82083732099272 0
1679686438496 50.74784509697929 0
1679686489073 50.31936435389798 0
1679686538764 49.45982801599894 0
1679686589222 50.19923689006828 0
1679686640078 50.61264653597027 0
1679686742230 53.95653502596542 0
1679686796436 53.97350045409985 0
1679686850634 53.93536226998549 0
1679686905036 54.15169104898814 0
1679686959563 54.27746632299386 0
1679687013489 53.676189635065384 0
1679687067837 54.09924269292969 0
1679687122042 53.94174484105315 0
1679687177180 54.89163842203561 0
1679687230577 53.11687596095726 0
1679687338557 57.61081617802847 0
1679687397176 58.350692376028746 0
1679687454954 57.53052511299029 0
1679687512660 57.447185461060144 0
1679687570269 57.365814859978855 0
1679687628207 57.69244624301791 0
1679687686503 58.040539129055105 0
1679687744332 57.587538002990186 0
1679687802044 57.45683149807155 0
1679687860212 57.917237689951435 0
1679687974282 61.45981108909473 0
1679688036037 61.51218746800441 0
1679688097608 61.31891954794992 0
1679688159595 61.74012938095257 0
1679688222057 62.19645898998715 0
1679688284041 61.72554439504165 0
1679688346228 61.91078162600752 0
1679688407568 61.08748908597045 0
1679688468803 60.96861460292712 0
1679688530918 61.85424598597456 0
1679688650674 65.3640818130225 0
1679688715735 64.79167623096146 0
1679688780626 64.65034032403491 0
1679688846024 65.13000591902528 0
1679688910834 64.54726351599675 0
1679688976428 65.33664738701191 0
1679689041923 65.2334041679278 0
1679689107647 65.45947249000892 0
1679689172280 64.36718213604763 0
1679689237289 64.74557823792566 0
1679689361613 68.12310991599225 0
1679689430266 68.38216464209836 0
1679689498517 67.98309844301548 0
1679689567405 68.63053264096379 0
1679689636133 68.45753386302385 0
1679689705374 68.98321708093863 0
1679689774457 68.81246285198722 0
1679689842715 67.98817535093985 0
1679689910919 67.94055975601077 0
1679689980338 69.12612421810627 0
1679690110575 73.10474461596459 0
1679690181821 70.97495665599126 0
1679690254016 71.89511003403459 0
1679690325803 71.50933141505811 0
1679690398540 72.45845279400237 0
1679690469990 71.18367480195593 0
1679690542398 72.14044059405569 0
1679690613864 71.19415086391382 0
1679690686160 72.00806574290618 0
1679690758435 71.9911637030309 0
1679690892451 74.62047456996515 0
1679690967846 75.1236202250002 0
1679691042988 74.86708922998514 0
1679691118695 75.44745737500489 0
1679691194113 75.1511986249825 0
1679691269248 74.8705322429305 0
1679691344730 75.20777310000267 0
1679691420946 75.94398081395775 0
1679691497540 76.3189282399835 0
1679691573135 75.32441933499649 0
1679691713796 78.70891928509809 0
1679691795020 80.93027145601809 0
1679691875091 79.7635314000072 0
1679691954504 79.11175537109375 0
1679692035454 80.66602986399084 0
1679692115031 79.29056527791545 0
1679692194141 78.81502529093996 0
1679692273054 78.63496734993532 0
1679692352901 79.56821257795673 0
1679692432606 79.41278752998915 0
1679692578351 82.10862344806083 0
1679692660344 81.71344429894816 0
1679692743570 82.93847075907979 0
1679692825749 81.89820286305621 0
1679692909936 83.91313554008957 0
1679692992315 82.07244839100167 0
1679693076379 83.75825104000978 0
1679693160224 83.56427062104922 0
1679693242808 82.30097131396178 0
1679693325352 82.25623584294226 0
1679693477404 85.84156757092569 0
1679693563796 86.09833059099037 0
1679693650793 86.68207660608459 0
1679693738112 87.03780412499327 0
1679693824383 85.9709369209595 0
1679693910942 86.27195897698402 0
1679693997145 85.91142835293431 0
1679694084248 86.8110523330979 0
1679694170271 85.73081502795685 0
1679694257239 86.68063595797867 0
1679694416126 90.75790172803681 0
1679694506466 90.0612183510093 0
1679694596761 89.99368633807171 0
1679694686686 89.62863588891923 0
1679694776623 89.63659010606352 0
1679694866649 89.73412316909526 0
1679694956887 89.92819289292675 0
1679695047143 89.95175494498108 0
1679695137400 89.96790553198662 0
1679695226895 89.19743619102519 0
1679695390168 93.04263972502667 0
1679695484167 93.70340204192325 0
1679695577584 93.11185974103864 0
1679695672848 94.96707272098865 0
1679695766740 93.60157420893665 0
1679695860179 93.12077642197255 0
1679695953908 93.41163102595601 0
1679696046823 92.61694040196016 0
1679696140456 93.33679942798335 0
1679696233737 92.97879770898726 0
