1679722929901 58.621783943031915 0
1679722988116 57.87852839694824 0
1679723047041 58.587459873990156 0
1679723105395 58.01777774898801 0
1679723164284 58.55412308499217 0
1679723222648 58.04145783302374 0
1679723281501 58.52224701398518 0
1679723339759 57.91509945795406 0
1679723397940 57.85234027693514 0
1679723456788 58.53029127698392 0
1679723559825 25.938677293015644 0
1679723586014 25.952833771007136 0
1679723611846 25.586110864998773 0
1679723640827 28.76680203701835 0
1679723666731 25.683634634013288 0
1679723693009 26.059696011943743 0
1679723718857 25.617089419043623 0
1679723745183 26.100184340029955 0
1679723771021 25.605939512955956 0
1679723797233 25.988203973975033 0
1679723865920 30.925315443892032 0
1679723896949 30.806912916945294 0
1679723927247 30.070389035041444 0
1679723958995 31.529531749081798 0
1679723990510 31.293107285979204 0
1679724021695 30.952714642044157 0
1679724052290 30.341212497092783 0
1679724083105 30.59064698498696 0
1679724114900 31.56784475396853 0
1679724145807 30.67907567403745 0
1679724220377 35.042153557995334 0
1679724255730 35.125318755046465 0
1679724290533 34.5886817619903 0
1679724325659 34.88269304193091 0
1679724360720 34.83385550498497 0
1679724395615 34.677215647068806 0
1679724431266 35.425679167034104 0
1679724467018 35.516942956950516 0
1679724503056 35.808764235000126 0
1679724538485 35.21845005499199 0
1679724618567 38.88456178596243 0
1679724657617 38.82631156302523 0
1679724697358 39.524416145985015 0
1679724736336 38.75259153696243 0
1679724775501 38.934291023993865 0
1679724813901 38.17018635792192 0
1679724852427 38.3028577308869 0
1679724891643 38.98273306991905 0
1679724930518 38.637923452071846 0
1679724969512 38.758929157978855 0
1679725054405 41.98837871698197 0
1679725097355 42.720209080027416 0
1679725141036 43.45711819594726 0
1679725184106 42.833295205957256 0
1679725227354 43.008679984021 0
1679725270194 42.617982288007624 0
1679725312928 42.503333036089316 0
1679725356253 43.09157926996704 0
1679725399244 42.75943406007718 0
1679725441953 42.472166109946556 0
1679725532958 46.161734387045726 0
1679725580207 47.00510625797324 0
1679725627305 46.87672537192702 0
1679725673683 46.14499767497182 0
1679725720228 46.32567959302105 0
1679725767456 46.99595563393086 0
1679725814460 46.768328857957385 0
1679725861419 46.72865495097358 0
1679725907745 46.096641267999075 0
1679725954503 46.507782069034874 0
1679726051046 49.89143422699999 0
1679726102087 50.75586840102915 0
1679726153386 51.058656848967075 0
1679726203738 50.10415993502829 0
1679726255352 51.363754364079796 0
1679726305732 50.13901566597633 0
1679726356624 50.65115849208087 0
1679726407276 50.41018570691813 0
1679726457819 50.296171037014574 0
1679726508483 50.424714923021384 0
1679726610135 53.626818701974116 0
1679726664511 54.12190168397501 0
1679726718604 53.854509760974906 0
1679726773436 54.592952775070444 0
1679726827351 53.69575384201016 0
1679726881683 54.07991446298547 0
1679726936378 54.44807965995278 0
1679726990555 53.93117735395208 0
1679727045361 54.5605504529085 0
1679727099800 54.194832290988415 0
1679727207852 58.160099547938444 0
1679727265866 57.74604721495416 0
1679727323589 57.47952764399815 0
1679727381683 57.84986831899732 0
1679727439971 58.039315451984294 0
1679727498399 58.179718093946576 0
1679727555923 57.27514194196556 0
1679727612957 56.789365926990286 0
1679727670400 57.19313427596353 0
1679727728241 57.58917408704292 0
1679727841361 61.0654591799248 0
1679727902639 61.00902002991643 0
1679727964557 61.66605728806462 0
1679728026954 62.13633577793371 0
1679728088299 61.07508693705313 0
1679728150169 61.5933205159381 0
1679728211965 61.53147229494061 0
1679728272930 60.69209528202191 0
1679728334758 61.56294864299707 0
1679728396665 61.64130674803164 0
1679728515599 65.03197868994903 0
1679728580681 64.81668876402546 0
1679728646385 65.45073650591075 0
1679728711581 64.94084626797121 0
1679728777030 65.18737279600464 0
1679728842072 64.7844737060368 0
1679728906697 64.37819361302536 0
1679728971311 64.35804913099855 0
1679729036144 64.57866996701341 0
1679729101160 64.76413833105471 0
1679729224461 68.103668079013 0
1679729294164 69.44060349208303 0
1679729362805 68.36409134697169 0
1679729431445 68.37748028093483 0
1679729499108 67.39238182501867 0
1679729567775 68.39868125109933 0
1679729637129 69.08966463699471 0
1679729705264 67.85933606803883 0
1679729773682 68.16769255010877 0
1679729842377 68.42878553108312 0
1679729972205 72.12271663895808 0
1679730044402 71.92696834693197 0
1679730116951 72.26969553495292 0
1679730189534 72.31077169207856 0
1679730262712 72.9149950959254 0
1679730334615 71.62203795800451 0
1679730406773 71.88375383696984 0
1679730479514 72.45727391098626 0
1679730552215 72.43521678203251 0
1679730625321 72.84020645590499 0
1679730760921 75.56529324897565 0
1679730837227 76.04735610599164 0
1679730912133 74.62419666606002 0
1679730987974 75.55738852499053 0
1679731063594 75.33040857093874 0
1679731139393 75.53594256401993 0
1679731215589 75.93462347693276 0
1679731291305 75.41265970596578 0
1679731367134 75.56209155602846 0
1679731442389 74.98196319793351 0
1679731583423 79.62485286104493 0
1679731662649 78.94685106293764 0
1679731741848 78.92789203498978 0
1679731820839 78.70716039498802 0
1679731901092 79.979084201972 0
1679731980709 79.3398407510249 0
1679732059671 78.68509895703755 0
1679732138830 78.87249438697472 0
1679732217459 78.35851512104273 0
1679732296770 79.03949419793207 0
1679732443160 82.92596765293274 0
1679732526509 83.07306511397474 0
1679732609327 82.52736323000863 0
1679732692785 83.17664871702436 0
1679732775970 82.90667421801481 0
1679732859601 83.34065032901708 0
1679732943124 83.24381442496087 0
1679733025806 82.41949023597408 0
1679733109479 83.38992630003486 0
1679733191889 82.12850769492798 0
1679733343232 85.64671247801743 0
1679733429503 85.97693432494998 0
1679733515963 86.1773587729549 0
1679733602184 85.94000067794695 0
1679733688726 86.2426521810703 0
1679733775687 86.67469546699431 0
1679733862677 86.70858052093536 0
1679733949916 86.95988197205588 0
1679734036692 86.4676921319915 0
1679734124105 87.13605899596587 0
1679734281287 89.85445422702469 0
1679734372118 90.54226736002602 0
1679734462645 90.24053448194172 0
1679734552674 89.74747726193164 0
1679734643039 90.08152331202291 0
1679734733711 90.39151035191026 0
1679734825253 91.25265755003784 0
1679734915630 90.07783278997522 0
1679735006202 90.27597836102359 0
1679735097409 90.90348132699728 0
1679735261571 94.12545280810446 0
1679735356422 94.53306110203266 0
1679735450427 93.70293858193327 0
1679735543713 92.97957518696785 0
1679735637327 93.32703754201066 0
1679735730799 93.17383999295998 0
1679735824843 93.75045727496035 0
1679735919958 94.83167857804801 0
1679736014120 93.87671538500581 0
1679736108326 93.86617246596143 0
