1679722929895 0.07615127337632042 0
1679722988106 0.007223447522149142 0
1679723047033 0.0016193397815817893 0
1679723105386 0.0020685688444271578 0
1679723164275 0.0010243515816126334 0
1679723222640 0.0007622340834312706 0
1679723281494 0.0004723164407338842 0
1679723339752 0.0003032925178636287 0
1679723397935 0.0003957154500999524 0
1679723456781 0.0003592503522645463 0
1679723559820 0.30412369415014984 0
1679723586004 0.04444747658148408 0
1679723611831 0.024237384548038244 0
1679723640820 0.01428701355420053 0
1679723666721 0.010019163443893194 0
1679723693003 0.008490435233712196 0
1679723718851 0.006390312542021275 0
1679723745178 0.006443929170444607 0
1679723771016 0.006005248855426908 0
1679723797227 0.004989257470145822 0
1679723865911 0.6810808989942074 0
1679723896942 0.09166943178325891 0
1679723927240 0.04420349551662803 0
1679723958990 0.02730763427838683 0
1679723990502 0.020210357946902513 0
1679724021689 0.017002150220423937 0
1679724052274 0.012982165376096965 0
1679724083096 0.011654526410251855 0
1679724114893 0.010496037232130766 0
1679724145798 0.009707379428297282 0
1679724220371 0.8455157763540745 0
1679724255724 0.08656132021993398 0
1679724290528 0.04043671754747629 0
1679724325652 0.02373507766723633 0
1679724360713 0.020497316667437555 0
1679724395606 0.016815761698782444 0
1679724431256 0.015243251539766788 0
1679724467011 0.018203747372329236 0
1679724503046 0.013623970726132393 0
1679724538476 0.012481151834130287 0
1679724618559 0.840999693197012 0
1679724657611 0.09154292023777962 0
1679724697349 0.05478365053832531 0
1679724736327 0.047653778955340384 0
1679724775494 0.03630805222988129 0
1679724813893 0.02962534177005291 0
1679724852421 0.02932063988149166 0
1679724891633 0.026540612721443178 0
1679724930512 0.023670590905845165 0
1679724969503 0.023900699242949484 0
1679725054399 0.8488036960482598 0
1679725097348 0.12138455734848975 0
1679725141030 0.08161899346113205 0
1679725184092 0.06915916082859039 0
1679725227345 0.059205350643396375 0
1679725270183 0.05332803455591202 0
1679725312920 0.05190918193459511 0
1679725356246 0.04867167849540711 0
1679725399234 0.04415279903411865 0
1679725441946 0.04101432935595512 0
1679725532948 0.9240352247714997 0
1679725580200 0.24528621631860734 0
1679725627298 0.1632088087797165 0
1679725673672 0.14142925633192063 0
1679725720222 0.11428388158082962 0
1679725767446 0.10795599691867828 0
1679725814448 0.10017026914358139 0
1679725861411 0.09287050290107728 0
1679725907736 0.08951419161558151 0
1679725954490 0.08607588144540787 0
1679726051039 0.9801386714458465 0
1679726102079 0.28124027841091154 0
1679726153376 0.20748417971134187 0
1679726203725 0.18534358851909638 0
1679726255342 0.16915993285179137 0
1679726305725 0.1601733645439148 0
1679726356615 0.1489274564385414 0
1679726407267 0.14220657048225402 0
1679726457809 0.14581387079954147 0
1679726508475 0.14739288812875748 0
1679726610120 1.1540620223522187 0
1679726664503 0.4479971541404724 0
1679726718596 0.3640285008430481 0
1679726773428 0.3158318714618683 0
1679726827344 0.29656402504444124 0
1679726881670 0.2645306503534317 0
1679726936370 0.25220867283344267 0
1679726990547 0.24077869157791137 0
1679727045352 0.23975093710422515 0
1679727099793 0.21787350261211394 0
1679727207843 1.1461969384670259 0
1679727265859 0.48168852090835573 0
1679727323582 0.39178193192481997 0
1679727381674 0.3554410224914551 0
1679727439960 0.33976965012550353 0
1679727498386 0.30491497960090636 0
1679727555916 0.28904126224517823 0
1679727612950 0.29464201345443725 0
1679727670393 0.28069726812839507 0
1679727728234 0.25987586278915403 0
1679727841350 1.4517586143493653 0
1679727902630 0.7752148072242737 0
1679727964548 0.6674896186828613 0
1679728026945 0.6153937670707703 0
1679728088288 0.5879992808818817 0
1679728150151 0.584311898612976 0
1679728211956 0.5547987458229064 0
1679728272919 0.5698195952892303 0
1679728334750 0.528133775472641 0
1679728396647 0.49216368985176084 0
1679728515591 1.735803577709198 0
1679728580673 0.9791846106529236 0
1679728646377 0.8787352245330811 0
1679728711567 0.8143337542533875 0
1679728777016 0.8236225275993347 0
1679728842064 0.7927580953598022 0
1679728906690 0.7959255244255066 0
1679728971303 0.7958922366142273 0
1679729036136 0.8111699340820312 0
1679729101143 0.7759837244987488 0
1679729224449 2.289433909988403 0
1679729294155 1.7024166847229003 0
1679729362797 1.5807041530609132 0
1679729431437 1.577623025894165 0
1679729499095 1.5711162097930909 0
1679729567766 1.5261480401992797 0
1679729637112 1.5314343309402465 0
1679729705251 1.534842813873291 0
1679729773674 1.441070698928833 0
1679729842364 1.4628526954650878 0
1679729972189 3.019571701812744 0
1679730044385 2.381947884559631 0
1679730116937 2.332294235801697 0
1679730189518 2.2900894298553465 0
1679730262701 2.2805799837112426 0
1679730334603 2.279510796356201 0
1679730406755 2.3051545864105223 0
1679730479506 2.2252438608169554 0
1679730552198 2.2135527671813966 0
1679730625311 2.196038882446289 0
1679730760902 4.2255736904144285 0
1679730837211 3.9183211055755613 0
1679730912120 3.8978032958984374 0
1679730987957 3.9244625717163086 0
1679731063583 3.934716535949707 0
1679731139384 3.9188116603851317 0
1679731215580 3.911896482467651 0
1679731291296 3.9241166538238526 0
1679731367125 3.902434652328491 0
1679731442381 3.8968958518981935 0
1679731583414 5.625586489868164 0
1679731662639 5.399969647979736 0
1679731741839 5.38239747467041 0
1679731820831 5.397544310760498 0
1679731901083 5.4010623222351075 0
1679731980700 5.397983474731445 0
1679732059663 5.366591355895996 0
1679732138819 5.387822944641114 0
1679732217451 5.371786392974854 0
1679732296762 5.363842365264893 0
1679732443146 7.02826382598877 0
1679732526500 6.851332794189453 0
1679732609317 6.804635968780517 0
1679732692767 6.804991095733643 0
1679732775959 6.779562909698487 0
1679732859588 6.793441468048096 0
1679732943113 6.767821131134033 0
1679733025796 6.773557538604736 0
1679733109462 6.779591854095459 0
1679733191880 6.739035977935791 0
1679733343213 8.813640420532227 0
1679733429487 8.692558193206787 0
1679733515953 8.701736758422852 0
1679733602169 8.708943748474121 0
1679733688712 8.708111067199708 0
1679733775674 8.64467984085083 0
1679733862668 8.605036182403564 0
1679733949907 8.55865548324585 0
1679734036680 8.510749425506592 0
1679734124096 8.477758338165284 0
1679734281270 10.416601879882812 0
1679734372102 10.236272813415527 0
1679734462635 10.253594969177247 0
1679734552665 10.222468112182618 0
1679734643030 10.184532391357422 0
1679734733701 10.173149308776855 0
1679734825243 10.109810890197753 0
1679734915613 10.068446240234374 0
1679735006192 10.028437281799317 0
1679735097399 10.026614866638184 0
1679735261562 11.21837878112793 0
1679735356407 11.105012774658203 0
1679735450415 11.098415301513672 0
1679735543693 11.076029431152344 0
1679735637317 11.083920140075683 0
1679735730779 11.084221508789062 0
1679735824834 11.079581275939942 0
1679735919948 11.09136130065918 0
1679736014111 11.071522264099121 0
1679736108316 11.067999711608886 0
