1679274771708 0.5688530035024765 0
1679274774678 0.09185320951555874 0
1679274777583 0.028562058717487196 0
1679274780782 0.014226884918981324 0
1679274783745 0.007312825662951332 0
1679274786739 0.003949962719571868 0
1679274790537 0.0044191484750412844 0
1679274793628 0.003816845146573934 0
1679274796582 0.0023182611689930234 0
1679274800225 0.002228820258203675 0
1679274814298 1.0535189532766156 0
1679274818735 0.15088393486232735 0
1679274822653 0.06643207247971612 0
1679274826437 0.030348992217149512 0
1679274831779 0.014333053622120881 0
1679274837092 0.010866455740624052 0
1679274841774 0.009032207756878479 0
1679274845576 0.006991045595164977 0
1679274849600 0.007437971027399066 0
1679274853601 0.00402921327565541 0
1679274869361 1.9379284120365685 0
1679274874073 0.3691326648581262 0
1679274878647 0.14706423416660697 0
1679274883493 0.07724305577393548 0
1679274888196 0.038741282315230836 0
1679274893252 0.03244808437211402 0
1679274897786 0.01837205064629077 0
1679274902698 0.015009074106666387 0
1679274907350 0.012060165825281657 0
1679274912284 0.00917688144973534 0
1679274929439 2.388184192718244 0
1679274935156 0.5245831405707434 0
1679274941310 0.22760594092017294 0
1679274947495 0.09672079007049986 0
1679274953446 0.04869071539381847 0
1679274958978 0.031674242651491775 0
1679274964892 0.022833795063015 0
1679274970921 0.01750489479095182 0
1679274976426 0.014284089326347206 0
1679274982530 0.01366865750877004 0
1679275000977 2.5488563548116123 0
1679275007307 0.6150246887814765 0
1679275013522 0.2537154724054477 0
1679275020288 0.11043745209919471 0
1679275026612 0.059120723375064486 0
1679275032765 0.036155945594039035 0
1679275039496 0.03082659370357207 0
1679275045742 0.020854302572415155 0
1679275052851 0.017141092997774773 0
1679275059924 0.014327220093714548 0
1679275078178 2.5983170732563616 0
1679275085178 0.4841739411155383 0
1679275092639 0.18619203381240368 0
1679275100110 0.08752532462205957 0
1679275107410 0.05203623176716706 0
1679275114604 0.03732740493746949 0
1679275122501 0.02534645760212751 0
1679275129917 0.01999665690841628 0
1679275137112 0.0177342426762277 0
1679275144358 0.015657340477713767 0
1679275164221 2.6198667749470355 0
1679275172162 0.45434625914283827 0
1679275180501 0.1574824617481699 0
1679275188469 0.07059185298196241 0
1679275196438 0.045053211259929574 0
1679275204260 0.032978323242608826 0
1679275212128 0.02586242789402604 0
1679275220397 0.01984112221272845 0
1679275228610 0.019719729254789212 0
1679275236814 0.01790028622410461 0
1679275258164 2.377766608899715 0
1679275266836 0.42168351817949146 0
1679275275665 0.16583534647874973 0
1679275284532 0.08474737508039848 0
1679275294002 0.046692067647681516 0
1679275303089 0.03585638014563158 0
1679275312251 0.030223765748315583 0
1679275321228 0.026610848630833274 0
1679275330126 0.022051122651307608 0
1679275338954 0.020668488251520137 0
1679275361454 2.2643694915607866 0
1679275371182 0.40061738422396137 0
1679275380222 0.15951110835314966 0
1679275390083 0.07890484956841842 0
1679275399810 0.050649155661755915 0
1679275409607 0.035233865711180604 0
1679275419354 0.030164114053488945 0
1679275428957 0.02754564386080293 0
1679275438670 0.025939364369739506 0
1679275448400 0.023659434553016636 0
1679275471438 2.05006525387951 0
1679275481700 0.2914598351161854 0
1679275491325 0.12169915905185774 0
1679275501742 0.0805278436518183 0
1679275512178 0.05020632006812329 0
1679275522864 0.03802259027154422 0
1679275533338 0.03367635368497348 0
1679275543441 0.02926566090215655 0
1679275553942 0.028726849741503305 0
1679275564391 0.02493727093964231 0
1679275588602 1.957612850210246 0
1679275598849 0.28823603434013384 0
1679275609647 0.12728792764976912 0
1679275621121 0.07642766553908587 0
1679275632430 0.0537275874293318 0
1679275643760 0.049260969072872515 0
1679275654742 0.03926868227255695 0
1679275666110 0.03440543950772753 0
1679275677575 0.03139847405620065 0
1679275688811 0.028562690131366253 0
1679275712650 1.7365957334929822 0
1679275725021 0.23680105045729993 0
1679275736921 0.1215256551536275 0
1679275748978 0.07251899483084094 0
1679275760622 0.05201893319905389 0
1679275772491 0.04517097157590529 0
1679275784714 0.03768212262394966 0
1679275796939 0.03753787916445849 0
1679275808896 0.031473396108577065 0
1679275819582 0.030343408641569754 0
1679275844967 1.8887528590127534 0
1679275857717 0.31630244164490234 0
1679275870511 0.1484782241430937 0
1679275882831 0.07632167191774238 0
1679275895778 0.05673488678739352 0
1679275908361 0.03956060308743926 0
1679275920773 0.04038334080912903 0
1679275932759 0.036946788795438466 0
1679275945611 0.03529004652199207 0
1679275958637 0.0318448387049869 0
1679275984532 1.8553233856663984 0
1679275998079 0.2964305693612379 0
1679276011857 0.12062273265830442 0
1679276025354 0.07341867612273086 0
1679276037315 0.05995690004498351 0
1679276050696 0.05142589658498764 0
1679276064136 0.04355464669346225 0
1679276077993 0.04090540253502481 0
1679276091624 0.039959331207415634 0
1679276105263 0.037965122993816346 0
1679276132224 2.0268999338150024 0
1679276144817 0.44507261248780233 0
1679276158520 0.18413318503721088 0
1679276173015 0.10167519740906417 0
1679276187511 0.06350644378393304 0
1679276201565 0.05252091535458378 0
1679276215791 0.05024795442381326 0
1679276230052 0.05023765132999888 0
1679276244164 0.042709546455857804 0
1679276256987 0.042180127957287955 0
1679276286691 1.8833473625720716 0
1679276301647 0.32841438843923454 0
1679276316565 0.1511047654146073 0
1679276331548 0.09125627745308128 0
1679276346310 0.06251742756542038 0
1679276360446 0.055504733806147295 0
1679276373945 0.0509111628885947 0
1679276389160 0.04647438060127053 0
1679276404171 0.043465307530234844 0
1679276419340 0.042205900026887073 0
1679276449305 1.7612036300056122 0
1679276465183 0.28173776379987303 0
1679276479188 0.13989462981037065 0
1679276494287 0.08807781360605184 0
1679276510012 0.06935843847253743 0
1679276525475 0.056522122091230226 0
1679276541028 0.058129786276349835 0
1679276556815 0.0495380583931418 0
1679276572562 0.04594029307219328 0
1679276587156 0.04363298025347438 0
1679276620172 1.6605617520855922 0
1679276636267 0.2684811066616984 0
1679276652420 0.14168823094052427 0
1679276668648 0.09244758825676114 0
1679276684719 0.07516597397625446 0
1679276700225 0.06538438460990495 0
1679276714258 0.057527903650029036 0
1679276729875 0.05492335459326997 0
1679276746166 0.05365481505206987 0
1679276762934 0.047612672306451144 0
1679276794565 1.6560706180684708 0
1679276811737 0.3206777607693392 0
1679276827159 0.14624824765704425 0
1679276844078 0.09330261600952522 0
1679276861152 0.06949860029214737 0
1679276878343 0.06559893050614525 0
1679276895444 0.06545237627099543 0
1679276912347 0.056732976553486844 0
1679276928627 0.053064102781753913 0
1679276944600 0.05007734441874074 0
1679276977598 1.7980639925774407 0
1679276995202 0.32472483346275255 0
1679277012736 0.16905718260243827 0
1679277029964 0.10646514262200571 0
1679277046167 0.09234649070775976 0
1679277063611 0.07390215335523381 0
1679277080415 0.06944391306708841 0
1679277098216 0.06358251278745193 0
1679277115729 0.05644416703166915 0
1679277133077 0.05703187423447768 0
