1679274771714 2.9432479959796183 0
1679274774684 2.8035168329952285 0
1679274777587 2.799589377013035 0
1679274780788 3.038558831962291 0
1679274783753 2.7947994980495423 0
1679274786745 2.834102905006148 0
1679274790543 3.647475724981632 0
1679274793635 2.9230036009685136 0
1679274796588 2.7972750600310974 0
1679274800232 3.4735365500091575 0
1679274814305 3.6085599309881218 0
1679274818744 4.276420991984196 0
1679274822659 3.7603869599988684 0
1679274826443 3.6449595169979148 0
1679274831786 5.201113936025649 0
1679274837103 5.19289776898222 0
1679274841781 4.5124613649677485 0
1679274845586 3.6418676219764166 0
1679274849605 3.898789539001882 0
1679274853608 3.8385048249620013 0
1679274869367 4.522010138025507 0
1679274874082 4.5593794109881856 0
1679274878657 4.44434760598233 0
1679274883500 4.661212637962308 0
1679274888203 4.52687621396035 0
1679274893259 4.88431584200589 0
1679274897794 4.375030670023989 0
1679274902705 4.7511772030266 0
1679274907358 4.447743477008771 0
1679274912295 4.762334685015958 0
1679274929447 5.659353547962382 0
1679274935165 5.5482211370253935 0
1679274941318 6.0244922889978625 0
1679274947504 6.057756526977755 0
1679274953453 5.7886202879599296 0
1679274958985 5.369865325978026 0
1679274964899 5.731105379003566 0
1679274970929 5.871792181977071 0
1679274976436 5.3315591819700785 0
1679274982539 5.941185575036798 0
1679275000985 6.534127286984585 0
1679275007315 6.199148538988084 0
1679275013529 6.0328275169595145 0
1679275020296 6.592063144955318 0
1679275026623 6.180697111994959 0
1679275032773 5.962964351987466 0
1679275039504 6.571465513959993 0
1679275045751 6.123756924003828 0
1679275052859 6.962889076967258 0
1679275059933 6.9321698090061545 0
1679275078185 6.937351341010071 0
1679275085186 6.821549560991116 0
1679275092647 7.275260123016778 0
1679275100118 7.280039679957554 0
1679275107420 7.157284006010741 0
1679275114615 7.013262332009617 0
1679275122509 7.69532518601045 0
1679275129925 7.203692127019167 0
1679275137120 7.0078518250375055 0
1679275144366 6.9810275950003415 0
1679275164228 8.116262294002809 0
1679275172170 7.763410139014013 0
1679275180511 8.137210338027216 0
1679275188479 7.779051563993562 0
1679275196449 7.780375578964595 0
1679275204265 7.69601444498403 0
1679275212137 7.685855915013235 0
1679275220406 8.069878021022305 0
1679275228618 8.03321279695956 0
1679275236822 8.014321074006148 0
1679275258173 8.703079672006425 0
1679275266843 8.531816713977605 0
1679275275677 8.686366542999167 0
1679275284541 8.667512605024967 0
1679275294011 9.27201255800901 0
1679275303098 8.880666244018357 0
1679275312260 8.970940508006606 0
1679275321240 8.791928528051358 0
1679275330134 8.701161085977219 0
1679275338963 8.632768251001835 0
1679275361464 9.61030934395967 0
1679275371191 9.539278604963329 0
1679275380229 8.902714702009689 0
1679275390092 9.676807556010317 0
1679275399822 9.530995105043985 0
1679275409619 9.609137877007015 0
1679275419364 9.566468048957177 0
1679275428966 9.405543940025382 0
1679275438682 9.514517588017043 0
1679275448410 9.540696604002733 0
1679275471450 10.416193314013071 0
1679275481708 10.125047319976147 0
1679275491335 9.473806980007794 0
1679275501752 10.203772904002108 0
1679275512186 10.253622571006417 0
1679275522871 10.54643914900953 0
1679275533348 10.339948151027784 0
1679275543453 9.911108800035436 0
1679275553952 10.296728639979847 0
1679275564401 10.26136443001451 0
1679275588612 10.89916735899169 0
1679275598862 10.092704829992726 0
1679275609660 10.583788402029313 0
1679275621131 11.282962806988508 0
1679275632443 11.114894439990167 0
1679275643773 11.189889285014942 0
1679275654752 10.7923227440333 0
1679275666118 11.167079970007762 0
1679275677585 11.255253884010017 0
1679275688823 11.037854992959183 0
1679275712661 11.01399136701366 0
1679275725028 12.18990344699705 0
1679275736934 11.707389315008186 0
1679275748988 11.867230977048166 0
1679275760640 11.47778171102982 0
1679275772501 11.682832971040625 0
1679275784724 12.03279761801241 0
1679275796950 12.046779461961705 0
1679275808905 11.801905856002122 0
1679275819594 10.537338987982366 0
1679275844975 12.372821136028506 0
1679275857728 12.561638941988349 0
1679275870529 12.634406156023033 0
1679275882842 12.089227035990916 0
1679275895789 12.735700886987615 0
1679275908375 12.434174033987802 0
1679275920786 12.255806271976326 0
1679275932767 11.82693822303554 0
1679275945622 12.669584149029106 0
1679275958652 12.816576262004673 0
1679275984544 12.90377020003507 0
1679275998088 13.294501862023026 0
1679276011866 13.562259476981126 0
1679276025365 13.304662468028255 0
1679276037324 11.797690048988443 0
1679276050707 13.183091337035876 0
1679276064150 13.234774160955567 0
1679276078007 13.654812481021509 0
1679276091635 13.428642839018721 0
1679276105274 13.434067445981782 0
1679276132233 13.691863317973912 0
1679276144832 12.434993948962074 0
1679276158531 13.506328287010547 0
1679276173026 14.280615887022577 0
1679276187522 14.284855942009017 0
1679276201576 13.844084422977176 0
1679276215803 14.025379302038345 0
1679276230063 14.049848496040795 0
1679276244173 13.900216397014447 0
1679276257001 12.66751346498495 0
1679276286703 14.676013354037423 0
1679276301655 14.803658963995986 0
1679276316576 14.700507714995183 0
1679276331563 14.782692868029699 0
1679276346322 14.545278263045475 0
1679276360455 13.982363046030514 0
1679276373953 13.343561138026416 0
1679276389175 15.013251014053822 0
1679276404181 14.805156255024485 0
1679276419352 14.951881625980604 0
1679276449313 15.60092335002264 0
1679276465195 15.673408065980766 0
1679276479202 13.838470032962505 0
1679276494302 14.927011590974871 0
1679276510024 15.516183839004952 0
1679276525487 15.254000302986242 0
1679276541041 15.342074132990092 0
1679276556824 15.59994042001199 0
1679276572583 15.581584914994892 0
1679276587172 14.430626412038691 0
1679276620185 15.879091217997484 0
1679276636285 15.925507582956925 0
1679276652430 15.928624218970072 0
1679276668663 16.030617209966294 0
1679276684738 15.910871551022865 0
1679276700233 15.343744492041878 0
1679276714266 13.886552860029042 0
1679276729889 15.423815039976034 0
1679276746181 16.059298911015503 0
1679276762946 16.5483687230153 0
1679276794578 16.621532124991063 0
1679276811755 16.97679700801382 0
1679276827167 15.259152102982625 0
1679276844091 16.704651009000372 0
1679276861168 16.862587530980818 0
1679276878353 17.032143863034435 0
1679276895458 16.876638619985897 0
1679276912360 16.683380384987686 0
1679276928636 16.1204694659682 0
1679276944613 15.764421430008952 0
1679276977611 17.858525300980546 0
1679276995218 17.377949028043076 0
1679277012746 17.324310724972747 0
1679277029981 17.02437395596644 0
1679277046177 16.03860882599838 0
1679277063620 17.223385778954253 0
1679277080425 16.640302133047953 0
1679277098227 17.57725561998086 0
1679277115739 17.30887879699003 0
1679277133086 17.159342154976912 0
