1679445766565 0.32814451863782274 0
1679445775237 0.12604406304243537 0
1679445783887 0.10068188379259987 0
1679445792407 0.06358735980660034 0
1679445801007 0.07260291665895946 0
1679445809662 0.09213454525581458 0
1679445818169 0.07598991270384027 0
1679445826715 0.040978213732402465 0
1679445835587 0.01811955882294569 0
1679445844356 0.022642003849452724 0
1679445866473 0.462656814387689 0
1679445875174 0.0792059655378883 0
1679445883989 0.026035171447114813 0
1679445892906 0.039157412871201 0
1679445901839 0.03229091175987075 0
1679445910636 0.04499687534343037 0
1679445919099 0.017913993352299762 0
1679445927857 0.0064609560520491665 0
1679445936648 0.010602637693389422 0
1679445946047 0.01727507410622719 0
1679445967059 0.6013355817749269 0
1679445976054 0.04963978966180649 0
1679445985214 0.036595665865267316 0
1679445994282 0.016041269287880924 0
1679446003448 0.03979231145543357 0
1679446012398 0.02146309852703578 0
1679446021651 0.01902669986140811 0
1679446030407 0.014968125654074052 0
1679446039698 0.017661694413982333 0
1679446048625 0.013007202581502498 0
1679446069011 0.8428825776092708 0
1679446077875 0.11762622683309018 0
1679446086591 0.06786523946923101 0
1679446095406 0.03951403175273703 0
1679446104268 0.06066969376988709 0
1679446113360 0.03875666549946699 0
1679446122311 0.03946331301186648 0
1679446131248 0.028841814952385095 0
1679446140166 0.011531704576272103 0
1679446149404 0.010361624152089159 0
1679446170829 0.740160542809301 0
1679446179627 0.12185585262874762 0
1679446188703 0.09475084195534388 0
1679446197802 0.059430109440452523 0
1679446206654 0.04440114941034052 0
1679446215781 0.04439852626787292 0
1679446224741 0.026826626264179747 0
1679446233729 0.016363291362197035 0
1679446242628 0.029607062662641206 0
1679446251340 0.04937768032153447 0
1679446273309 0.7354873821760217 0
1679446282326 0.07706607893730204 0
1679446291269 0.0772676215817531 0
1679446300061 0.04874631939455867 0
1679446308896 0.039536645925707284 0
1679446317895 0.050458206800330016 0
1679446326820 0.02781447527360999 0
1679446335776 0.019994339070075917 0
1679446344644 0.015582560998801556 0
1679446353505 0.017965561860344478 0
1679446375579 1.0827616326096985 0
1679446384820 0.17553051977107922 0
1679446393918 0.09166476071501771 0
1679446402983 0.07013035351410508 0
1679446412167 0.049017658255373436 0
1679446421053 0.05303905339290698 0
1679446430280 0.043439553181330366 0
1679446439149 0.022644745817201006 0
1679446448189 0.017874418835466106 0
1679446457327 0.011062236280283994 0
1679446479837 0.774290726851258 0
1679446488876 0.09797713020816445 0
1679446498308 0.06308975331743973 0
1679446507896 0.043226737081487145 0
1679446517312 0.04278946718097561 0
1679446526273 0.030848247229328586 0
1679446535339 0.021545682661235334 0
1679446544338 0.02870661473263883 0
1679446553231 0.030682143330987958 0
1679446562292 0.029669504462637834 0
1679446584886 0.6032993033062667 0
1679446593881 0.040516728962150715 0
1679446602827 0.033205876664982904 0
1679446611742 0.02925149662575374 0
1679446620765 0.022098105242993268 0
1679446629919 0.023483910377965204 0
1679446639112 0.016033265543066794 0
1679446648253 0.01552607078726093 0
1679446657633 0.006014470067910022 0
1679446666703 0.007953473692759871 0
1679446689642 1.153177587274048 0
1679446698762 0.15659059233342607 0
1679446708105 0.11814249124791887 0
1679446717193 0.06278956586805483 0
1679446725960 0.0447736755065206 0
1679446735099 0.040354577896909584 0
1679446744129 0.02770272894348535 0
1679446753055 0.024699271413394147 0
1679446762181 0.038866991611818474 0
1679446771201 0.010515284812491801 0
1679446794383 1.0623483260783055 0
1679446803562 0.1213143528232144 0
1679446812552 0.052701851627272034 0
1679446821608 0.04247736720264786 0
1679446830594 0.025315876982899176 0
1679446839378 0.029361605716662274 0
1679446848463 0.015443890893624888 0
1679446857434 0.00901408621834384 0
1679446866776 0.012661348955912723 0
1679446875796 0.01931891058985558 0
1679446899673 0.8792496131008698 0
1679446908872 0.06681844232500428 0
1679446918028 0.03888644178449693 0
1679446927158 0.0246873995108116 0
1679446936438 0.016960257271097765 0
1679446945591 0.01445371385715488 0
1679446954564 0.01817890655818499 0
1679446963875 0.009051376736412447 0
1679446973163 0.004846840807133251 0
1679446982309 0.004127535544749763 0
1679447005798 0.8842657489081224 0
1679447014564 0.04763575817147891 0
1679447023652 0.021292214255986944 0
1679447032637 0.03055895815292994 0
1679447041586 0.014114838372915984 0
1679447050645 0.012389631264118685 0
1679447059858 0.008517163314132227 0
1679447068927 0.006935268267989158 0
1679447078154 0.01721964847917358 0
1679447087268 0.009384244561402334 0
1679447110216 1.0754266334904565 0
1679447119223 0.24314794842567708 0
1679447128066 0.1274194110184908 0
1679447137206 0.06104568297353884 0
1679447146173 0.055853702252109845 0
1679447155151 0.0604892552519838 0
1679447164165 0.04657994569796655 0
1679447173281 0.037489386120190225 0
1679447182528 0.03539279471151531 0
1679447191660 0.024252432512326373 0
1679447216114 0.965428384931551 0
1679447225487 0.07873858965726363 0
1679447234657 0.04567894644052204 0
1679447243858 0.04157245884545975 0
1679447252949 0.020527350038496983 0
1679447262342 0.011483295763739281 0
1679447271376 0.009183606138038966 0
1679447280422 0.009101700042891833 0
1679447289513 0.021110382220811314 0
1679447298599 0.024805654719885852 0
1679447322262 0.7759937029124961 0
1679447331383 0.11951479313688146 0
1679447340386 0.06339211821452612 0
1679447349444 0.04791225438109702 0
1679447358573 0.0321150008123368 0
1679447367516 0.030667850095778704 0
1679447376395 0.026728725598918066 0
1679447385466 0.022629465292104415 0
1679447394657 0.01166439367354744 0
1679447403601 0.01069683858917819 0
1679447428515 1.046846401717307 0
1679447437530 0.09280248638759885 0
1679447446820 0.0699763116064585 0
1679447456012 0.046316764664111866 0
1679447465297 0.041664518291751544 0
1679447474304 0.024556625065290265 0
1679447483438 0.017744487368812165 0
1679447492531 0.025574575493940047 0
1679447501502 0.017709595984261896 0
1679447510575 0.011432396196242835 0
1679447536007 0.9079388153221872 0
1679447544848 0.09891828873401715 0
1679447553836 0.047710381644881436 0
1679447563067 0.04871943015605211 0
1679447572086 0.03340155392781728 0
1679447581262 0.02238585464656353 0
1679447590515 0.040650846902281046 0
1679447599698 0.028963982536354 0
1679447608882 0.022490244871005417 0
1679447618099 0.015242723147902223 0
1679447643482 0.8416033188191553 0
1679447652791 0.1407376194372773 0
1679447661832 0.08197556522467898 0
1679447670994 0.06593451021860043 0
1679447680169 0.039116570953693655 0
1679447689524 0.05372173390868637 0
1679447698693 0.028750401254122458 0
1679447707837 0.01628902402913405 0
1679447717128 0.023130690528907708 0
1679447726478 0.013000798468581504 0
1679447752311 0.6133951691703664 0
1679447761671 0.13117569205351173 0
1679447771055 0.09518424212001264 0
1679447780065 0.07639864386680226 0
1679447789221 0.0683966664933703 0
1679447798478 0.047673183128548166 0
1679447807856 0.04334160241350118 0
1679447816941 0.029361681919544934 0
1679447826057 0.012997146628590094 0
1679447835279 0.0115351727594518 0
