1680272687045 0.9475806451612904 0
1680272692079 0.998991935483871 0
1680272697036 0.998991935483871 0
1680272702053 1.0 0
1680272707160 1.0 0
1680272712135 0.9984879032258065 0
1680272717073 1.0 0
1680272721988 1.0 0
1680272726921 1.0 0
1680272731870 1.0 0
1680272737232 0.9692540322580645 0
1680272742288 0.9994959677419355 0
1680272747404 1.0 0
1680272752456 0.9994959677419355 0
1680272757483 0.9994959677419355 0
1680272762712 1.0 0
1680272767882 1.0 0
1680272773068 1.0 0
1680272778360 1.0 0
1680272783622 1.0 0
1680272789802 0.952116935483871 0
1680272795208 0.9984879032258065 0
1680272800631 0.9984879032258065 0
1680272805929 1.0 0
1680272811199 1.0 0
1680272816594 1.0 0
1680272821929 1.0 0
1680272827430 1.0 0
1680272832904 1.0 0
1680272838363 1.0 0
1680272844952 0.9536290322580645 0
1680272850465 0.9979838709677419 0
1680272855898 1.0 0
1680272861514 1.0 0
1680272866964 1.0 0
1680272872463 1.0 0
1680272877952 1.0 0
1680272883505 1.0 0
1680272889097 0.9994959677419355 0
1680272894868 1.0 0
1680272901927 0.953125 0
1680272907463 1.0 0
1680272913127 0.9994959677419355 0
1680272918834 1.0 0
1680272924323 1.0 0
1680272930125 1.0 0
1680272935934 1.0 0
1680272941663 1.0 0
1680272947438 1.0 0
1680272953031 1.0 0
1680272960534 0.9314516129032258 0
1680272966380 0.9949596774193549 0
1680272972404 0.998991935483871 0
1680272978427 1.0 0
1680272984269 0.9994959677419355 0
1680272990293 1.0 0
1680272996214 1.0 0
1680273002185 1.0 0
1680273008112 1.0 0
1680273014084 1.0 0
1680273022322 0.9329637096774194 0
1680273028444 0.9949596774193549 0
1680273034431 0.9984879032258065 0
1680273040693 0.9994959677419355 0
1680273046683 0.9994959677419355 0
1680273052749 1.0 0
1680273058966 1.0 0
1680273065007 1.0 0
1680273071004 1.0 0
1680273077186 1.0 0
1680273086124 0.9193548387096774 0
1680273092123 0.9929435483870968 0
1680273098416 0.9949596774193549 0
1680273104622 0.9974798387096774 0
1680273110860 0.998991935483871 0
1680273117048 1.0 0
1680273123300 1.0 0
1680273129397 0.9994959677419355 0
1680273135511 0.9979838709677419 0
1680273141874 0.9994959677419355 0
1680273151185 0.9243951612903226 0
1680273157474 0.9909274193548387 0
1680273163942 0.9949596774193549 0
1680273170361 1.0 0
1680273176734 0.9994959677419355 0
1680273183075 1.0 0
1680273189433 1.0 0
1680273195868 1.0 0
1680273202242 1.0 0
1680273208570 1.0 0
1680273218549 0.9102822580645161 0
1680273224923 0.9889112903225806 0
1680273231274 0.9904233870967742 0
1680273237741 0.9969758064516129 0
1680273244209 0.9994959677419355 0
1680273250649 0.998991935483871 0
1680273257030 0.998991935483871 0
1680273263373 1.0 0
1680273269776 1.0 0
1680273276120 1.0 0
1680273286417 0.9188508064516129 0
1680273292962 0.984375 0
1680273299261 0.9889112903225806 0
1680273305893 0.9979838709677419 0
1680273312311 0.9984879032258065 0
1680273318649 0.9994959677419355 0
1680273324955 0.9994959677419355 0
1680273331438 0.9984879032258065 0
1680273337934 0.998991935483871 0
1680273344469 1.0 0
1680273354786 0.9143145161290323 0
1680273361256 0.9848790322580645 0
1680273367681 0.9889112903225806 0
1680273374100 0.9969758064516129 0
1680273380588 0.9969758064516129 0
1680273387038 0.9979838709677419 0
1680273393474 0.998991935483871 0
1680273399940 1.0 0
1680273406511 0.9994959677419355 0
1680273413006 1.0 0
1680273423602 0.9102822580645161 0
1680273430180 0.983366935483871 0
1680273436575 0.9929435483870968 0
1680273443218 0.998991935483871 0
1680273449722 0.9979838709677419 0
1680273456230 1.0 0
1680273462615 0.998991935483871 0
1680273469009 1.0 0
1680273475560 1.0 0
1680273482059 1.0 0
