1678655197720 4.096611340995878 0
1678655201731 3.8900141469202936 0
1678655205702 3.8500057701021433 0
1678655209539 3.7323507820256054 0
1678655213371 3.7191651510074735 0
1678655217238 3.7392596965655684 0
1678655221078 3.708145745098591 0
1678655225038 3.847141474019736 0
1678655228994 3.841667405795306 0
1678655232945 3.8526660706847906 0
1678655294886 3.196358853019774 0
1678655298650 3.643596813082695 0
1678655302603 3.8301822002977133 0
1678655306522 3.805532797239721 0
1678655310303 3.6625394951552153 0
1678655314063 3.647148379124701 0
1678655317846 3.665712451096624 0
1678655321773 3.8178018629550934 0
1678655325709 3.8235968719236553 0
1678655329645 3.810831810347736 0
1678655386081 4.313022863585502 0
1678655390369 4.118557747919112 0
1678655394739 4.204743477050215 0
1678655399047 4.132931860629469 0
1678655403548 4.292268018703908 0
1678655407872 4.13723418302834 0
1678655412575 4.530130564700812 0
1678655417124 4.376960098277777 0
1678655421655 4.346265356056392 0
1678655426180 4.364890948869288 0
1678655486384 4.255626341328025 0
1678655490872 4.296852918807417 0
1678655495387 4.2886768081225455 0
1678655499804 4.257262884173542 0
1678655504214 4.253060026094317 0
1678655508675 4.301912183873355 0
1678655513354 4.493672421202064 0
1678655517848 4.322832111734897 0
1678655522517 4.487006367184222 0
1678655527032 4.353878584690392 0
1678655586996 4.090895445086062 0
1678655591267 4.118333081249148 0
1678655595495 4.063027465250343 0
1678655599889 4.243740929756314 0
1678655604248 4.1907064989209175 0
1678655608549 4.159031467977911 0
1678655613228 4.507410323712975 0
1678655617718 4.310977942775935 0
1678655622404 4.509174212813377 0
1678655627052 4.459392366930842 0
1678655687843 4.230644854716957 0
1678655692271 4.278174897190183 0
1678655696610 4.1972679030150175 0
1678655700974 4.1804333329200745 0
1678655705300 4.166698197834194 0
1678655709568 4.133678766898811 0
1678655713950 4.207155312877148 0
1678655718359 4.216909951064736 0
1678655722987 4.438201261218637 0
1678655727873 4.7239954699762166 0
1678655787854 4.112553553190082 0
1678655792038 4.032335062045604 0
1678655796574 4.366347084753215 0
1678655801101 4.2861112342216074 0
1678655805476 4.235853618010879 0
1678655809922 4.292990542948246 0
1678655814640 4.537888969294727 0
1678655819238 4.44480598391965 0
1678655823886 4.476245453115553 0
1678655828405 4.335152089130133 0
1678655888611 4.113523129373789 0
1678655892978 4.207460846751928 0
1678655897460 4.3026193818077445 0
1678655901801 4.209668322931975 0
1678655906230 4.26315257512033 0
1678655910552 4.1574069312773645 0
1678655915258 4.526396309025586 0
1678655919874 4.446773723233491 0
1678655924570 4.499379747081548 0
1678655929214 4.453297161962837 0
1678655989356 4.140426229219884 0
1678655993790 4.2615938116796315 0
1678655998143 4.222864248324186 0
1678656002615 4.291962132789195 0
1678656006992 4.137768618296832 0
1678656011358 4.187446424737573 0
1678656016009 4.4729749471880496 0
1678656020743 4.5344175598584116 0
1678656025267 4.336203967221081 0
1678656029791 4.319955344777554 0
1678656090881 4.22731091408059 0
1678656095387 4.3236625380814075 0
1678656099806 4.238952841144055 0
1678656104137 4.160770155955106 0
1678656108502 4.187927853316069 0
1678656112906 4.2443447867408395 0
1678656117692 4.6113594407215714 0
1678656122331 4.47382410382852 0
1678656126963 4.4382268586196005 0
1678656131728 4.555375244002789 0
1678656193764 4.294123412109911 0
1678656198142 4.22517141001299 0
1678656202431 4.138993955682963 0
1678656206785 4.18875189172104 0
1678656211199 4.238557884003967 0
1678656215586 4.248115722090006 0
1678656220228 4.455929558258504 0
1678656224942 4.5468068132176995 0
1678656229623 4.507173120975494 0
1678656234158 4.3795846570283175 0
1678656294679 3.9964116071350873 0
1678656299134 4.275442541111261 0
1678656303601 4.294777287170291 0
1678656307867 4.071736913174391 0
1678656312183 4.144274921156466 0
1678656316655 4.312748990952969 0
1678656321468 4.608639701269567 0
1678656326021 4.392186755780131 0
1678656330727 4.531543038785458 0
1678656335495 4.5819279458373785 0
1678656396726 4.289568058215082 0
1678656401074 4.145736179314554 0
1678656405627 4.371168961748481 0
1678656410027 4.233614598400891 0
1678656414522 4.3049815110862255 0
1678656418985 4.216604665853083 0
1678656423633 4.462969656102359 0
1678656428324 4.5009637787006795 0
1678656432884 4.360819567926228 0
1678656437747 4.699788528960198 0
1678656499279 4.3444841438904405 0
1678656503574 4.158294087741524 0
1678656507805 4.082368358038366 0
1678656512319 4.235522537026554 0
1678656516820 4.32304298505187 0
1678656521211 4.252260943874717 0
1678656525811 4.412483141291887 0
1678656530445 4.442561043892056 0
1678656535174 4.529073983896524 0
1678656539856 4.479720128700137 0
1678656601828 4.240550905931741 0
1678656606156 4.157327738124877 0
1678656610549 4.219061083160341 0
1678656614927 4.197425588965416 0
1678656619173 4.066292020957917 0
1678656623612 4.278385519981384 0
1678656628134 4.3298869570717216 0
1678656632842 4.517528173979372 0
1678656637379 4.334786726161838 0
1678656641884 4.310155852232128 0
1678656703415 4.341417195275426 0
1678656707914 4.255478259176016 0
1678656712352 4.272002276964486 0
1678656716767 4.1715116100385785 0
1678656721225 4.302773432340473 0
1678656725689 4.20890035899356 0
1678656730316 4.431018776725978 0
1678656734983 4.456740231718868 0
1678656739630 4.458879857789725 0
1678656744380 4.548840613104403 0
1678656807505 4.40655822167173 0
1678656812014 4.254631177987903 0
1678656816515 4.255879748146981 0
1678656821066 4.321957224048674 0
1678656825611 4.343758204951882 0
1678656829912 4.163158897776157 0
1678656834582 4.466833951883018 0
1678656839247 4.475602998863906 0
1678656843897 4.468950450886041 0
1678656848777 4.677915350068361 0
1678656910361 4.252355174161494 0
1678656914853 4.249134141020477 0
1678656919261 4.159924688749015 0
1678656923762 4.26033740490675 0
1678656928310 4.36752044595778 0
1678656932632 4.1449054051190615 0
1678656937244 4.405926025938243 0
1678656941963 4.509727747179568 0
1678656946696 4.558328407816589 0
1678656951434 4.5405012257397175 0
1678657013947 4.364429800771177 0
1678657018293 4.165430748835206 0
1678657022814 4.261883942876011 0
1678657027492 4.4944940293207765 0
1678657031973 4.297870330978185 0
1678657036138 3.9654860203154385 0
1678657040819 4.4702808652073145 0
1678657045405 4.387839979957789 0
1678657050189 4.572680575307459 0
1678657054869 4.486258728895336 0
1678657117361 4.433113321196288 0
1678657122000 4.415198865812272 0
1678657126483 4.310291889123619 0
1678657131016 4.367254443932325 0
1678657135437 4.244639794807881 0
1678657139968 4.357155586592853 0
1678657144503 4.359532325062901 0
1678657149248 4.549079262185842 0
1678657153850 4.404536026995629 0
1678657158478 4.44100783392787 0
