1678655197706 0.8674992385013707 0
1678655201712 0.9436491014316174 0
1678655205681 0.9725860493451112 0
1678655209522 0.9829424307036247 0
1678655213351 0.9859884252208346 0
1678655217222 0.9926896131586963 0
1678655221060 0.9902528175449284 0
1678655225018 0.9853792263173926 0
1678655228978 0.9920804142552544 0
1678655232936 0.9939080109655802 0
1678655294864 0.9129092032118592 0
1678655298629 0.9749845583693638 0
1678655302582 0.9956763434218654 0
1678655306504 0.9975293390982087 0
1678655310283 0.9993823347745522 0
1678655314044 0.9879555281037677 0
1678655317826 0.990117356392835 0
1678655321760 0.9907350216182829 0
1678655325688 0.9978381717109327 0
1678655329628 0.990426189005559 0
1678655386060 0.8980852378011118 0
1678655390353 0.9851760345892526 0
1678655394724 0.9907350216182829 0
1678655399028 0.9978381717109327 0
1678655403530 0.9959851760345892 0
1678655407853 0.9966028412600371 0
1678655412564 0.9928968499073502 0
1678655417107 0.9956763434218654 0
1678655421628 0.9956763434218654 0
1678655426162 0.9833230389129092 0
1678655486362 0.7084620135886349 0
1678655490863 0.9527486102532428 0
1678655495371 0.9765287214329833 0
1678655499787 0.9894996911673872 0
1678655504190 0.9907350216182829 0
1678655508662 0.9879555281037677 0
1678655513335 0.9947498455836936 0
1678655517828 0.9870290302655961 0
1678655522501 0.9990735021618283 0
1678655527015 0.9981470043236566 0
1678655586975 0.6636812847436689 0
1678655591249 0.9150710315009265 0
1678655595479 0.9592340951204448 0
1678655599868 0.9780728844966028 0
1678655604226 0.9885731933292156 0
1678655608534 0.9802347127856702 0
1678655613212 0.9910438542310068 0
1678655617698 0.9969116738727609 0
1678655622385 0.9851760345892526 0
1678655627033 0.9956763434218654 0
1678655687821 0.4669549104385423 0
1678655692253 0.8428042001235331 0
1678655696594 0.9351451513279803 0
1678655700947 0.9672637430512662 0
1678655705282 0.9718962322421247 0
1678655709556 0.9771463866584311 0
1678655713933 0.9675725756639901 0
1678655718338 0.983940704138357 0
1678655722964 0.9830142063001853 0
1678655727854 0.9823965410747375 0
1678655787833 0.39067325509573814 0
1678655792018 0.8004941321803583 0
1678655796554 0.9150710315009265 0
1678655801079 0.9558369363804817 0
1678655805459 0.9617047560222359 0
1678655809903 0.9731315626930204 0
1678655814617 0.9833230389129092 0
1678655819222 0.9854848672019765 0
1678655823868 0.9688079061148858 0
1678655828380 0.9762198888202595 0
1678655888595 0.3582458307597282 0
1678655892957 0.7560222359481161 0
1678655897430 0.907041383570105 0
1678655901790 0.9515132798023471 0
1678655906212 0.968190240889438 0
1678655910535 0.9675725756639901 0
1678655915241 0.9789993823347746 0
1678655919857 0.9740580605311921 0
1678655924534 0.9870290302655961 0
1678655929195 0.9777640518838789 0
1678655989343 0.3372452130945028 0
1678655993765 0.7711550339715874 0
1678655998132 0.923100679431748 0
1678656002604 0.9542927733168622 0
1678656006977 0.9728227300802965 0
1678656011334 0.9851760345892526 0
1678656015988 0.9796170475602224 0
1678656020724 0.9888820259419395 0
1678656025236 0.9830142063001853 0
1678656029772 0.9780728844966028 0
1678656090863 0.2936998147004324 0
1678656095369 0.6849907350216183 0
1678656099785 0.887893761581223 0
1678656104114 0.9456454601605929 0
1678656108478 0.9626312538604077 0
1678656112892 0.9823965410747375 0
1678656117672 0.9891908585546634 0
1678656122313 0.9907350216182829 0
1678656126944 0.9632489190858554 0
1678656131699 0.9558369363804817 0
1678656193746 0.2986411365040148 0
1678656198129 0.7606547251389747 0
1678656202413 0.9215565163681285 0
1678656206760 0.955219271155034 0
1678656211179 0.9756022235948116 0
1678656215573 0.9879555281037677 0
1678656220206 0.9746757257566399 0
1678656224921 0.983940704138357 0
1678656229603 0.9666460778258185 0
1678656234140 0.990426189005559 0
1678656294658 0.3035824583075973 0
1678656299106 0.6868437306979617 0
1678656303581 0.8523780111179741 0
1678656307840 0.9268066707844348 0
1678656312150 0.958616429894997 0
1678656316632 0.9654107473749228 0
1678656321443 0.9703520691785052 0
1678656326003 0.9833230389129092 0
1678656330699 0.9780728844966028 0
1678656335476 0.9814700432365658 0
1678656396703 0.23502161828289067 0
1678656401039 0.6902408894379246 0
1678656405608 0.9033353922174182 0
1678656410009 0.9490426189005559 0
1678656414492 0.9737492279184682 0
1678656418959 0.9796170475602224 0
1678656423615 0.974366893143916 0
1678656428296 0.9907350216182829 0
1678656432860 0.990117356392835 0
1678656437730 0.9805435453983941 0
1678656499265 0.2652872143298332 0
1678656503560 0.6355775169857937 0
1678656507782 0.8792464484249537 0
1678656512287 0.9518221124150711 0
1678656516791 0.964793082149475 0
1678656521196 0.9833230389129092 0
1678656525793 0.9851760345892526 0
1678656530419 0.9888820259419395 0
1678656535153 0.9888820259419395 0
1678656539830 0.9796170475602224 0
1678656601808 0.24984558369363805 0
1678656606131 0.6460778258184064 0
1678656610529 0.8764669549104386 0
1678656614899 0.9533662754786906 0
1678656619153 0.9684990735021618 0
1678656623596 0.9811612106238419 0
1678656628115 0.983940704138357 0
1678656632823 0.9762198888202595 0
1678656637357 0.984249536751081 0
1678656641865 0.9771463866584311 0
1678656703395 0.317171093267449 0
1678656707895 0.7405806053119209 0
1678656712331 0.8977764051883879 0
1678656716751 0.955219271155034 0
1678656721207 0.9691167387276096 0
1678656725672 0.9796170475602224 0
1678656730297 0.9830142063001853 0
1678656734960 0.9688079061148858 0
1678656739606 0.9799258801729462 0
1678656744356 0.9799258801729462 0
1678656807484 0.36226065472513896 0
1678656811994 0.8004941321803583 0
1678656816491 0.942557134033354 0
1678656821047 0.9613959234095121 0
1678656825588 0.9805435453983941 0
1678656829893 0.9864113650401483 0
1678656834558 0.9888820259419395 0
1678656839216 0.983940704138357 0
1678656843878 0.9854848672019765 0
1678656848751 0.9864113650401483 0
1678656910331 0.4175416924027177 0
1678656914831 0.8196417541692402 0
1678656919241 0.9410129709697344 0
1678656923742 0.9718962322421247 0
1678656928283 0.9820877084620135 0
1678656932616 0.9922791846819025 0
1678656937214 0.9817788758492897 0
1678656941943 0.9731315626930204 0
1678656946676 0.9891908585546634 0
1678656951413 0.9953675108091414 0
1678657013914 0.3715256331068561 0
1678657018272 0.8116121062384187 0
1678657022795 0.9271155033971588 0
1678657027454 0.9601605929586164 0
1678657031954 0.9833230389129092 0
1678657036110 0.9969116738727609 0
1678657040798 0.9873378628783199 0
1678657045384 0.9932056825200741 0
1678657050161 0.9907350216182829 0
1678657054841 0.9932056825200741 0
1678657117340 0.3634959851760346 0
1678657121976 0.8248919085855466 0
1678657126464 0.948424953675108 0
1678657130986 0.9762198888202595 0
1678657135416 0.9811612106238419 0
1678657139951 0.980852378011118 0
1678657144482 0.9749845583693638 0
1678657149227 0.9861025324274243 0
1678657153829 0.990117356392835 0
1678657158458 0.9888820259419395 0
