1678669187429 0.8437404812671337 0
1678669194043 0.931465123362778 0
1678669200687 0.9734998477002741 0
1678669207532 0.9476088943039902 0
1678669214188 0.9847700274139507 0
1678669220664 0.9948218093207433 0
1678669227168 0.9960402071276272 0
1678669233617 0.8949131891562595 0
1678669240228 0.9600974718245507 0
1678669246618 0.9820286323484618 0
1678669318718 0.9539007092198581 0
1678669336358 0.9969164353993216 0
1678669354182 0.9987665741597287 0
1678669372248 0.9979956830095591 0
1678669389682 0.9995374653098983 0
1678669406938 0.9998458217699661 0
1678669424572 1.0 0
1678669442023 0.9998458217699661 0
1678669459692 1.0 0
1678669477419 1.0 0
1678669547803 0.9247610237434474 0
1678669565837 0.9952204748689485 0
1678669583426 0.9983040394696269 0
1678669600876 0.9987665741597287 0
1678669618960 0.9993832870798643 0
1678669636856 0.9995374653098983 0
1678669654409 0.9998458217699661 0
1678669672301 0.9998458217699661 0
1678669690064 1.0 0
1678669707489 1.0 0
1678669781577 0.8401171754548258 0
1678669799457 0.982886216466235 0
1678669817477 0.9947579401788468 0
1678669835377 0.9972247918593895 0
1678669853521 0.9995374653098983 0
1678669871579 0.9992291088498304 0
1678669889580 1.0 0
1678669907366 0.9996916435399321 0
1678669925418 1.0 0
1678669943178 0.9998458217699661 0
1678670014686 0.7281837804502004 0
1678670032960 0.950354609929078 0
1678670051305 0.9841196423065063 0
1678670069493 0.9966080789392537 0
1678670087977 0.9978415047795252 0
1678670106231 0.9993832870798643 0
1678670124605 0.9993832870798643 0
1678670143089 1.0 0
1678670161499 0.9993832870798643 0
1678670180089 0.9995374653098983 0
1678670256855 0.6113166820844896 0
1678670275391 0.9048720320690719 0
1678670293947 0.9674683934628431 0
1678670312637 0.9901325932778292 0
1678670331081 0.9972247918593895 0
1678670349703 0.9989207523897625 0
1678670368411 0.9993832870798643 0
1678670387041 0.9993832870798643 0
1678670405474 0.9989207523897625 0
1678670423953 0.9996916435399321 0
1678670496346 0.6085414739438791 0
1678670515045 0.9119642306506321 0
1678670533560 0.9762565525747764 0
1678670552205 0.9927536231884058 0
1678670570648 0.9970706136293556 0
1678670589258 0.9990749306197965 0
1678670608348 0.9998458217699661 0
1678670627280 0.9996916435399321 0
1678670646249 0.9996916435399321 0
1678670665045 0.9996916435399321 0
1678670740374 0.5888066604995374 0
1678670759445 0.9136601911810053 0
1678670778661 0.9814986123959297 0
1678670797354 0.9964539007092199 0
1678670816438 0.9987665741597287 0
1678670835299 0.9987665741597287 0
1678670854137 0.9983040394696269 0
1678670873249 0.9993832870798643 0
1678670892174 0.9996916435399321 0
1678670911298 0.9995374653098983 0
1678670983913 0.5695343817452976 0
1678671003235 0.8956213382670367 0
1678671022506 0.975331483194573 0
1678671041553 0.992445266728338 0
1678671060762 0.9984582176996608 0
1678671080092 0.9996916435399321 0
1678671099580 1.0 0
1678671118910 1.0 0
1678671138387 0.9983040394696269 0
1678671157955 0.9987665741597287 0
1678671233050 0.5888066604995374 0
1678671252757 0.9105766265803269 0
1678671272068 0.9814986123959297 0
1678671291606 0.9953746530989824 0
1678671311394 0.9989207523897625 0
1678671330843 0.9993832870798643 0
1678671350164 0.9996916435399321 0
1678671369760 1.0 0
1678671389247 0.9996916435399321 0
1678671408658 0.9998458217699661 0
1678671481812 0.5374653098982424 0
1678671501793 0.8731113166820845 0
1678671521654 0.9648473635522664 0
1678671541727 0.9925994449583718 0
1678671561550 0.9969164353993216 0
1678671581135 0.9987665741597287 0
1678671600719 0.9992291088498304 0
1678671620188 0.9998458217699661 0
1678671639933 0.9996916435399321 0
1678671659624 1.0 0
1678671738764 0.5653715695343817 0
1678671758632 0.9036386062288005 0
1678671778462 0.9793401171754548 0
1678671798294 0.9941412272587111 0
1678671818451 0.9986123959296948 0
1678671838502 0.9989207523897625 0
1678671858727 0.9993832870798643 0
1678671878628 0.9995374653098983 0
1678671898435 0.9989207523897625 0
1678671918575 1.0 0
1678671992971 0.5444033302497687 0
1678672013004 0.8933086648165279 0
1678672033521 0.9739438791242676 0
1678672053553 0.9953746530989824 0
1678672073486 0.9987665741597287 0
1678672093662 0.9996916435399321 0
1678672114032 0.9990749306197965 0
1678672134112 0.9996916435399321 0
1678672154516 0.9984582176996608 0
1678672175005 0.9990749306197965 0
1678672250169 0.5262102991057662 0
1678672271024 0.8820536540240518 0
1678672291405 0.9725562750539624 0
1678672311611 0.9935245143385754 0
1678672332481 0.9986123959296948 0
1678672352523 0.9993832870798643 0
1678672373169 0.9987665741597287 0
1678672393809 0.9993832870798643 0
1678672414400 0.9993832870798643 0
1678672434733 0.9993832870798643 0
1678672509941 0.4959913660191181 0
1678672530289 0.84736355226642 0
1678672550857 0.9611470860314524 0
1678672571252 0.9895158803576934 0
1678672591960 0.996299722479186 0
1678672612568 0.9973789700894233 0
1678672633211 0.9990749306197965 0
1678672653855 0.9998458217699661 0
1678672674266 1.0 0
1678672695057 1.0 0
1678672771324 0.5242059821153253 0
1678672792318 0.8724946037619488 0
1678672813338 0.961917977181622 0
1678672834303 0.992445266728338 0
1678672855409 0.9978415047795252 0
1678672876244 0.9986123959296948 0
1678672897403 0.9989207523897625 0
1678672918114 0.9993832870798643 0
1678672938862 0.9990749306197965 0
1678672959469 0.9996916435399321 0
1678673035063 0.4975331483194573 0
1678673056049 0.8439716312056738 0
1678673077508 0.9576009867406722 0
1678673098259 0.9892075238976257 0
1678673119454 0.9964539007092199 0
1678673140425 0.9978415047795252 0
1678673161148 0.9987665741597287 0
1678673182004 0.9992291088498304 0
1678673202731 0.9996916435399321 0
1678673223978 0.9996916435399321 0
1678673300133 0.469472710453284 0
1678673321703 0.8046561825470243 0
1678673343266 0.9327782917052112 0
1678673365013 0.9821153253160654 0
1678673386184 0.9941412272587111 0
1678673407853 0.9969164353993216 0
1678673429303 0.9973789700894233 0
1678673450961 0.9989207523897625 0
1678673472344 0.9986123959296948 0
1678673493460 0.9989207523897625 0
1678673569105 0.4559050262102991 0
1678673590568 0.7946345975948196 0
1678673612110 0.9264569842738205 0
1678673633734 0.9830403946962689 0
1678673655428 0.9936786925686093 0
1678673676814 0.9970706136293556 0
1678673697994 0.9973789700894233 0
1678673719427 0.9979956830095591 0
1678673740588 0.9987665741597287 0
1678673762044 0.9992291088498304 0
1678673839448 0.4597594819611471 0
1678673861229 0.7847671908726488 0
1678673883181 0.9249152019734813 0
1678673905114 0.9791859389454209 0
1678673926733 0.9912118408880666 0
1678673948592 0.9964539007092199 0
1678673970462 0.9976873265494912 0
1678673992666 0.9989207523897625 0
1678674014817 0.9996916435399321 0
1678674036774 0.9996916435399321 0
