1679258623110 0.4120069216279423 0
1679258628642 0.2851045087856405 0
1679258634071 0.26309383543683035 0
1679258639559 0.24499512405372134 0
1679258644984 0.23042767684833676 0
1679258650360 0.216526665085671 0
1679258655738 0.20369297967237585 0
1679258660781 0.19104830029548384 0
1679258666173 0.18006546970675974 0
1679258671500 0.17047971209474638 0
1679258716184 0.2607507295906544 0
1679258726316 0.25756349321454763 0
1679258736039 0.25753758949312294 0
1679258745545 0.2575218597088348 0
1679258755238 0.2573170993815769 0
1679258764926 0.2569510441442782 0
1679258774783 0.2574040291153572 0
1679258784380 0.25704449974000454 0
1679258794129 0.2572260176424276 0
1679258803740 0.2567040872844783 0
1679258847311 0.24960260340559337 0
1679258860476 0.24877802038241012 0
1679258873208 0.2483440652670648 0
1679258886726 0.24877658812140646 0
1679258900256 0.24827747445116158 0
1679258913062 0.24870458685676097 0
1679258926153 0.24860613289390981 0
1679258938988 0.2486408965187034 0
1679258951908 0.24804310259307444 0
1679258964897 0.24866279694232862 0
1679259002660 0.24144947702108427 0
1679259016087 0.2416663948417634 0
1679259029437 0.2411359680253406 0
1679259043126 0.2410719435113345 0
1679259056853 0.24130963597648827 0
1679259070001 0.2407342192045478 0
1679259083903 0.24067856677511865 0
1679259097513 0.2407855952894965 0
1679259111323 0.24106206473454025 0
1679259124936 0.2412021335705306 0
1679259160653 0.23478494925323382 0
1679259174289 0.23438845205214598 0
1679259187931 0.23400997572629026 0
1679259201547 0.2337660856487215 0
1679259214932 0.23419095061777173 0
1679259228449 0.23331717459499374 0
1679259242105 0.23397297943516296 0
1679259255443 0.2338352591492409 0
1679259269389 0.233589681659558 0
1679259283131 0.2337810255067293 0
1679259317776 0.2296899906540102 0
1679259331800 0.22964654175579086 0
1679259345098 0.22901882855005043 0
1679259359100 0.22909534306720244 0
1679259372886 0.22942125312117642 0
1679259386235 0.22920539905858595 0
1679259399852 0.22879248141318329 0
1679259413592 0.22883677800265392 0
1679259427596 0.2291747476587924 0
1679259441498 0.22883816288654193 0
1679259476372 0.2251474923812426 0
1679259490133 0.22477044973235863 0
1679259503601 0.22497400022470035 0
1679259517346 0.2249388669545834 0
1679259530857 0.22470718094935785 0
1679259544622 0.2249886366037222 0
1679259558448 0.22484206671898183 0
1679259572201 0.22449441288526242 0
1679259585680 0.22475751460744783 0
1679259599431 0.2249908373906062 0
1679259634272 0.22179434809547205 0
1679259647562 0.2214259211260539 0
1679259661350 0.2214622329060848 0
1679259675190 0.2213905141903804 0
1679259688888 0.22130719188314218 0
1679259702619 0.22126400132591909 0
1679259716394 0.22083126054360316 0
1679259730230 0.22123246101232674 0
1679259744082 0.22131884917616845 0
1679259757489 0.22077802201876273 0
1679259792009 0.2196653646345322 0
1679259805808 0.21935064867138862 0
1679259819350 0.2197692086490301 0
1679259833032 0.21954782490546887 0
1679259846641 0.21943957519072751 0
1679259860669 0.21931037610540025 0
1679259874356 0.21949221113553413 0
1679259888726 0.2193673158494326 0
1679259902215 0.2189829082443164 0
1679259916013 0.21913964713995274 0
1679259951297 0.21754549099848822 0
1679259965194 0.21734193013264583 0
1679259978852 0.2174608633495294 0
1679259992815 0.21765552415297582 0
1679260006713 0.21725808324722143 0
1679260020254 0.21726225540041924 0
1679260034085 0.21708189730460828 0
1679260047828 0.21719305681494566 0
1679260061537 0.21713892897734274 0
1679260075213 0.2169391295657708 0
1679260110636 0.21379746046177175 0
1679260124155 0.21382691191379413 0
1679260137955 0.21403270896322044 0
1679260151270 0.21423564776200657 0
1679260164588 0.2138953389700993 0
1679260177890 0.21370486325995866 0
1679260191447 0.21388369798660278 0
1679260205623 0.21383293689221375 0
1679260219358 0.21370815156504167 0
1679260232870 0.2139095696945523 0
1679260269267 0.2113836208788248 0
1679260282727 0.2113981867638918 0
1679260296482 0.21158352488508592 0
1679260309991 0.21130600594557247 0
1679260323771 0.21160762006273637 0
1679260337638 0.2113498874581777 0
1679260351433 0.21118092061235355 0
1679260365048 0.21118890173160113 0
1679260378596 0.21084028591330234 0
1679260392069 0.21118649954979235 0
1679260428046 0.2089584733431156 0
1679260441859 0.20883756841604526 0
1679260455789 0.208543006502665 0
1679260469441 0.2087254995910021 0
1679260483232 0.20838631093502044 0
1679260496838 0.20856785436089223 0
1679260510375 0.2086282389668318 0
1679260524115 0.20857696905732154 0
1679260537836 0.20839058768290739 0
1679260551855 0.20860174160737258 0
1679260588090 0.2072777615653144 0
1679260602012 0.20717030586639126 0
1679260615655 0.20708972209943208 0
1679260629517 0.20725343767482202 0
1679260643445 0.20708876031797052 0
1679260657092 0.20722974437178324 0
1679260671197 0.20714472502584202 0
1679260684669 0.20709635933925366 0
1679260698566 0.20710542347010982 0
1679260712551 0.2070453309693099 0
1679260749330 0.20617087236963785 0
1679260763139 0.20612759194695032 0
1679260776736 0.2060326776252343 0
1679260790558 0.2060652904212475 0
1679260804220 0.2059775340442474 0
1679260818243 0.20614504476006215 0
1679260832434 0.20596942133628404 0
1679260846046 0.2058933886197897 0
1679260859749 0.2060774302826478 0
1679260873960 0.20585076350432177 0
1679260910825 0.2043444909355193 0
1679260924730 0.2045329074407446 0
1679260938761 0.20421452597640027 0
1679260952434 0.20425912823485232 0
1679260965939 0.20431373442498205 0
1679260979413 0.20422830469763598 0
1679260993432 0.20438450375050876 0
1679261007266 0.20427920894832904 0
1679261020905 0.2040503543455482 0
1679261034360 0.20412781474919156 0
1679261072098 0.20315126483222 0
1679261086438 0.2030293135015109 0
1679261100100 0.20310174309797868 0
1679261113926 0.20308558529114906 0
1679261127746 0.20310973973219631 0
1679261141870 0.20303083307870473 0
1679261156072 0.20312374170499903 0
1679261170407 0.20311423180667498 0
1679261184375 0.20288689531215276 0
1679261198150 0.20284623163574525 0
1679261235915 0.201235080701638 0
1679261249936 0.20116760304832823 0
1679261263563 0.2010667803072838 0
1679261276874 0.20114901125202692 0
1679261290455 0.20123856300595164 0
1679261304291 0.20113771942611855 0
1679261317983 0.20099077879012317 0
1679261331687 0.20115508561618484 0
1679261345907 0.20106204139546874 0
1679261359529 0.20100726181519898 0
1679261398186 0.1995987250827826 0
1679261412139 0.1995913938834117 0
1679261425791 0.19982517218360535 0
1679261439646 0.19980784029914783 0
1679261453389 0.1997436322271824 0
1679261467279 0.1996653641645725 0
1679261480924 0.19968373500383818 0
1679261494613 0.1997838349869618 0
1679261508354 0.19963909616837136 0
1679261522088 0.19960613869703733 0
1679261561270 0.19950555879196138 0
1679261575051 0.1995361575302277 0
1679261589542 0.1995345966051553 0
1679261603211 0.19961437321346226 0
1679261617177 0.1994431231540578 0
1679261630666 0.1994012772809458 0
1679261644217 0.19938553517101376 0
1679261658015 0.19938961973854605 0
1679261671787 0.19937923607480434 0
1679261685247 0.19934865394393905 0
