1679258623098 0.17401960784313725 0
1679258628630 0.3893995098039216 0
1679258634065 0.5526960784313726 0
1679258639545 0.6130514705882353 0
1679258644973 0.6534926470588235 0
1679258650353 0.6801470588235294 0
1679258655732 0.7043504901960784 0
1679258660772 0.7218137254901961 0
1679258666159 0.7411151960784313 0
1679258671492 0.7591911764705882 0
1679258716179 0.31498579545454547 0
1679258726304 0.32066761363636365 0
1679258736028 0.3233309659090909 0
1679258745533 0.32368607954545453 0
1679258755227 0.3254616477272727 0
1679258764915 0.3252840909090909 0
1679258774771 0.3233309659090909 0
1679258784371 0.3215553977272727 0
1679258794121 0.3259943181818182 0
1679258803730 0.3224431818181818 0
1679258847300 0.21546052631578946 0
1679258860465 0.21444838056680163 0
1679258873195 0.2158400809716599 0
1679258886710 0.21368927125506074 0
1679258900245 0.21394230769230768 0
1679258913052 0.21356275303643724 0
1679258926143 0.21571356275303644 0
1679258938978 0.21723178137651822 0
1679258951897 0.21495445344129555 0
1679258964892 0.211664979757085 0
1679259002649 0.14607558139534885 0
1679259016076 0.14680232558139536 0
1679259029426 0.14583333333333334 0
1679259043113 0.14462209302325582 0
1679259056834 0.14583333333333334 0
1679259069988 0.1469234496124031 0
1679259083890 0.1461967054263566 0
1679259097501 0.14728682170542637 0
1679259111311 0.1466812015503876 0
1679259124926 0.14607558139534885 0
1679259160643 0.10792151162790697 0
1679259174277 0.1096172480620155 0
1679259187919 0.10889050387596899 0
1679259201535 0.10780038759689922 0
1679259214918 0.10889050387596899 0
1679259228436 0.10985949612403101 0
1679259242092 0.1091327519379845 0
1679259255433 0.10973837209302326 0
1679259269377 0.11022286821705427 0
1679259283120 0.10780038759689922 0
1679259317763 0.0872093023255814 0
1679259331789 0.0869670542635659 0
1679259345087 0.08587693798449612 0
1679259359088 0.08817829457364341 0
1679259372869 0.08829941860465117 0
1679259386221 0.08599806201550388 0
1679259399838 0.08781492248062016 0
1679259413580 0.08636143410852713 0
1679259427585 0.08793604651162791 0
1679259441492 0.08708817829457365 0
1679259476362 0.07283653846153847 0
1679259490124 0.07295673076923077 0
1679259503588 0.07247596153846154 0
1679259517334 0.07247596153846154 0
1679259530845 0.07415865384615385 0
1679259544609 0.07211538461538461 0
1679259558436 0.0734375 0
1679259572188 0.07211538461538461 0
1679259585666 0.07247596153846154 0
1679259599418 0.07439903846153846 0
1679259634251 0.062259615384615385 0
1679259647547 0.0625 0
1679259661338 0.06213942307692308 0
1679259675177 0.06117788461538461 0
1679259688876 0.06274038461538461 0
1679259702607 0.06141826923076923 0
1679259716383 0.0609375 0
1679259730209 0.06117788461538461 0
1679259744070 0.06346153846153846 0
1679259757478 0.06334134615384615 0
1679259791999 0.05432692307692308 0
1679259805795 0.054086538461538464 0
1679259819338 0.05348557692307692 0
1679259833020 0.054447115384615385 0
1679259846629 0.053125 0
1679259860658 0.05420673076923077 0
1679259874344 0.053966346153846156 0
1679259888717 0.054086538461538464 0
1679259902203 0.05432692307692308 0
1679259916001 0.05432692307692308 0
1679259951287 0.04795673076923077 0
1679259965183 0.04807692307692308 0
1679259978837 0.04783653846153846 0
1679259992802 0.04699519230769231 0
1679260006700 0.04771634615384615 0
1679260020235 0.04819711538461539 0
1679260034077 0.04927884615384615 0
1679260047818 0.048317307692307694 0
1679260061513 0.04819711538461539 0
1679260075202 0.04723557692307692 0
1679260110625 0.043362403100775194 0
1679260124144 0.04433139534883721 0
1679260137942 0.04239341085271318 0
1679260151256 0.04299903100775194 0
1679260164576 0.04251453488372093 0
1679260177879 0.04263565891472868 0
1679260191435 0.04215116279069767 0
1679260205609 0.0436046511627907 0
1679260219343 0.04215116279069767 0
1679260232856 0.0438468992248062 0
1679260269254 0.03858173076923077 0
1679260282717 0.03990384615384615 0
1679260296470 0.03942307692307692 0
1679260309976 0.03798076923076923 0
1679260323761 0.03894230769230769 0
1679260337626 0.03810096153846154 0
1679260351419 0.03918269230769231 0
1679260365038 0.03954326923076923 0
1679260378585 0.03918269230769231 0
1679260392054 0.039663461538461536 0
1679260428030 0.0359375 0
1679260441846 0.03581730769230769 0
1679260455776 0.03545673076923077 0
1679260469430 0.036298076923076926 0
1679260483221 0.035576923076923075 0
1679260496825 0.03581730769230769 0
1679260510364 0.035096153846153846 0
1679260524104 0.03689903846153846 0
1679260537824 0.03461538461538462 0
1679260551843 0.03581730769230769 0
1679260588078 0.03292624521072797 0
1679260601998 0.0319683908045977 0
1679260615643 0.033764367816091954 0
1679260629492 0.032806513409961685 0
1679260643434 0.03244731800766284 0
1679260657079 0.032567049808429116 0
1679260671179 0.03292624521072797 0
1679260684658 0.032567049808429116 0
1679260698551 0.033045977011494254 0
1679260712540 0.033524904214559385 0
1679260749311 0.02920673076923077 0
1679260763125 0.03028846153846154 0
1679260776721 0.03064903846153846 0
1679260790548 0.03076923076923077 0
1679260804198 0.030408653846153846 0
1679260818220 0.030889423076923078 0
1679260832423 0.031009615384615385 0
1679260846035 0.03076923076923077 0
1679260859739 0.030889423076923078 0
1679260873945 0.03016826923076923 0
1679260910811 0.028975095785440615 0
1679260924716 0.02861590038314176 0
1679260938749 0.02813697318007663 0
1679260952419 0.02849616858237548 0
1679260965929 0.02861590038314176 0
1679260979400 0.02849616858237548 0
1679260993419 0.028376436781609195 0
1679261007255 0.02813697318007663 0
1679261020888 0.028376436781609195 0
1679261034348 0.029094827586206896 0
1679261072090 0.02719465648854962 0
1679261086426 0.026598282442748093 0
1679261100089 0.02612118320610687 0
1679261113910 0.02635973282442748 0
1679261127735 0.026598282442748093 0
1679261141852 0.027075381679389315 0
1679261156061 0.027075381679389315 0
1679261170393 0.026717557251908396 0
1679261184364 0.026479007633587785 0
1679261198138 0.026240458015267174 0
1679261235902 0.02478448275862069 0
1679261249924 0.025981800766283526 0
1679261263548 0.025023946360153256 0
1679261276861 0.02478448275862069 0
1679261290444 0.025263409961685825 0
1679261304280 0.024664750957854406 0
1679261317971 0.02490421455938697 0
1679261331676 0.025023946360153256 0
1679261345894 0.02490421455938697 0
1679261359518 0.02454501915708812 0
1679261398176 0.02295673076923077 0
1679261412127 0.023557692307692307 0
1679261425773 0.02295673076923077 0
1679261439622 0.02295673076923077 0
1679261453369 0.0234375 0
1679261467267 0.023557692307692307 0
1679261480908 0.023317307692307693 0
1679261494601 0.023677884615384615 0
1679261508340 0.0234375 0
1679261522068 0.023317307692307693 0
1679261561258 0.021350190839694656 0
1679261575040 0.021588740458015267 0
1679261589531 0.021350190839694656 0
1679261603200 0.021588740458015267 0
1679261617165 0.021350190839694656 0
1679261630654 0.021827290076335878 0
1679261644201 0.02206583969465649 0
1679261658003 0.021588740458015267 0
1679261671775 0.021588740458015267 0
1679261685235 0.021708015267175574 0
