1679258623118 5.500141711032484 0
1679258628648 5.369249743991531 0
1679258634075 5.274573141010478 0
1679258639570 5.325117758999113 0
1679258644989 5.2671990459784865 0
1679258650365 5.210546594986226 0
1679258655742 5.208145843993407 0
1679258660789 4.887672076991294 0
1679258666180 5.239783262019046 0
1679258671506 5.158394572965335 0
1679258716189 9.539897731970996 0
1679258726324 9.950817044009455 0
1679258736045 9.54778779001208 0
1679258745554 9.326073003001511 0
1679258755244 9.511033193964977 0
1679258764932 9.501870168023743 0
1679258774793 9.681829296052456 0
1679258784386 9.426349790999666 0
1679258794134 9.56354919099249 0
1679258803745 9.437801103980746 0
1679258847319 13.171794577967376 0
1679258860483 12.983284551010001 0
1679258873216 12.543182647961657 0
1679258886740 13.324368399975356 0
1679258900261 13.337148522026837 0
1679258913069 12.61971794598503 0
1679258926158 12.898326908994932 0
1679258938994 12.651138900022488 0
1679258951917 12.739320032007527 0
1679258964902 12.801705539983232 0
1679259002666 13.37856861599721 0
1679259016094 13.245466499996837 0
1679259029444 13.161938592034858 0
1679259043134 13.506050859985407 0
1679259056865 13.532016993965954 0
1679259070010 12.95748729299521 0
1679259083912 13.717433074023575 0
1679259097521 13.437064915022347 0
1679259111330 13.604850837029517 0
1679259124942 13.410016698995605 0
1679259160659 13.372062986018136 0
1679259174297 13.446364095027093 0
1679259187940 13.446914108004421 0
1679259201555 13.420547521032859 0
1679259214945 13.203861791989766 0
1679259228461 13.325327042024583 0
1679259242113 13.468250020989217 0
1679259255448 13.161869033006951 0
1679259269396 13.75889278203249 0
1679259283137 13.55936015403131 0
1679259317791 13.36026463995222 0
1679259331808 13.835014016018249 0
1679259345104 13.117403665033635 0
1679259359111 13.822356963006314 0
1679259372895 13.587714419001713 0
1679259386245 13.151210209005512 0
1679259399861 13.426158762944397 0
1679259413599 13.545925776008517 0
1679259427607 13.814397533016745 0
1679259441504 13.712348889966961 0
1679259476378 13.726572201005183 0
1679259490139 13.582242712960579 0
1679259503608 13.2791286240099 0
1679259517355 13.557570955017582 0
1679259530870 13.32719801197527 0
1679259544631 13.58056807500543 0
1679259558456 13.637102934997529 0
1679259572209 13.562724020972382 0
1679259585690 13.281580899958499 0
1679259599440 13.550747561967 0
1679259634284 13.514292511972599 0
1679259647569 13.090283753001131 0
1679259661362 13.596364434983116 0
1679259675197 13.642368228989653 0
1679259688896 13.49824772705324 0
1679259702626 13.546386361005716 0
1679259716401 13.594976843043696 0
1679259730239 13.633892899029888 0
1679259744096 13.66044475894887 0
1679259757499 13.205687480978668 0
1679259792016 13.255225658998825 0
1679259805816 13.602424370998051 0
1679259819358 13.352773576043546 0
1679259833040 13.492977207002696 0
1679259846657 13.42611493403092 0
1679259860675 13.827749444986694 0
1679259874365 13.491255071014166 0
1679259888735 14.127726482052822 0
1679259902223 13.292526002973318 0
1679259916024 13.607029094011523 0
1679259951304 13.715802619990427 0
1679259965201 13.704876590985805 0
1679259978861 13.464006057998631 0
1679259992827 13.775093572970945 0
1679260006722 13.698022352007683 0
1679260020271 13.327016382012516 0
1679260034092 13.636042302998248 0
1679260047835 13.555523424001876 0
1679260061550 13.514036355016287 0
1679260075220 13.466554585029371 0
1679260110644 13.330150788999163 0
1679260124162 13.327109268982895 0
1679260137963 13.599761452991515 0
1679260151281 13.126463737047743 0
1679260164596 13.136426398996264 0
1679260177897 13.112849370983895 0
1679260191454 13.382234804041218 0
1679260205632 13.972637921979185 0
1679260219366 13.543064797006082 0
1679260232880 13.307823035982437 0
1679260269281 13.774174529011361 0
1679260282736 13.243218515010085 0
1679260296490 13.559672978997696 0
1679260310000 13.325135775026865 0
1679260323778 13.590837988012936 0
1679260337647 13.68653455999447 0
1679260351443 13.596203743014485 0
1679260365055 13.419140377023723 0
1679260378603 13.366007842996623 0
1679260392080 13.277034097991418 0
1679260428061 13.690609099983703 0
1679260441867 13.603874342981726 0
1679260455796 13.737946078996174 0
1679260469449 13.442327940021642 0
1679260483247 13.592277735006064 0
1679260496848 13.400565973017365 0
1679260510386 13.35851847101003 0
1679260524122 13.541037983028218 0
1679260537843 13.529030814010184 0
1679260551862 13.841420379991177 0
1679260588097 13.72015928896144 0
1679260602021 13.723123788018711 0
1679260615663 13.44491088896757 0
1679260629531 13.662593214015942 0
1679260643453 13.718677566968836 0
1679260657100 13.453762985998765 0
1679260671206 13.901458631968126 0
1679260684676 13.286298569990322 0
1679260698576 13.692358692991547 0
1679260712559 13.784171609964687 0
1679260749342 13.850195729988627 0
1679260763155 13.61258287198143 0
1679260776754 13.380943025986198 0
1679260790566 13.61689403100172 0
1679260804234 13.461084429000039 0
1679260818256 13.801347021013498 0
1679260832442 13.980052638973575 0
1679260846058 13.412971281970385 0
1679260859756 13.496201992034912 0
1679260873973 14.010581187030766 0
1679260910834 13.577586905972566 0
1679260924739 13.703542278963141 0
1679260938773 13.762580287992023 0
1679260952444 13.464866415015422 0
1679260965948 13.311158162017819 0
1679260979428 13.233258872991428 0
1679260993440 13.812235285993665 0
1679261007277 13.640026580018457 0
1679261020922 13.427429008996114 0
1679261034369 13.238250950002111 0
1679261072106 13.895154079014901 0
1679261086446 14.129154721973464 0
1679261100107 13.448937912005931 0
1679261113945 13.62591344898101 0
1679261127754 13.604708456958178 0
1679261141881 13.899382509989664 0
1679261156080 13.988985046977177 0
1679261170416 14.123860085965134 0
1679261184384 13.756876401021145 0
1679261198162 13.57149451598525 0
1679261235925 13.32305039302446 0
1679261249944 13.808651228959206 0
1679261263576 13.428369939967524 0
1679261276895 13.109298096038401 0
1679261290463 13.36069627496181 0
1679261304299 13.633295206003822 0
1679261317991 13.504061061015818 0
1679261331696 13.50006382202264 0
1679261345915 14.014208517037332 0
1679261359538 13.405270226998255 0
1679261398204 13.882917604991235 0
1679261412147 13.738425486953929 0
1679261425802 13.43031529802829 0
1679261439659 13.627529568970203 0
1679261453406 13.521007722010836 0
1679261467288 13.692890617996454 0
1679261480937 13.459933684964199 0
1679261494626 13.4900410650298 0
1679261508364 13.538388977991417 0
1679261522102 13.521078102989122 0
1679261561279 13.715315431996714 0
1679261575060 13.58846546697896 0
1679261589551 14.278271225979552 0
1679261603221 13.467473412980326 0
1679261617186 13.764961713983212 0
1679261630675 13.27883990202099 0
1679261644227 13.341578121006023 0
1679261658024 13.593848036951385 0
1679261671796 13.565181335026864 0
1679261685256 13.260802513977978 0
