1680231856472 0.9949280104712042 0
1680231870837 0.9985274869109948 0
1680231885454 0.9995091623036649 0
1680231899865 1.0 0
1680231914173 1.0 0
1680231928117 1.0 0
1680231942166 1.0 0
1680231956404 1.0 0
1680231970285 1.0 0
1680231984383 1.0 0
1680232001224 0.9989421940140626 0
1680232017633 1.0 0
1680232034294 1.0 0
1680232051016 1.0 0
1680232067728 1.0 0
1680232084124 1.0 0
1680232100508 1.0 0
1680232116873 1.0 0
1680232132740 1.0 0
1680232149197 1.0 0
1680232166232 0.9996846619576185 0
1680232182135 1.0 0
1680232198327 1.0 0
1680232215032 1.0 0
1680232231560 0.9991801210898082 0
1680232247840 0.9997477295660948 0
1680232263929 1.0 0
1680232280191 1.0 0
1680232296195 1.0 0
1680232312394 1.0 0
1680232329481 0.9992325402916347 0
1680232345282 1.0 0
1680232361586 1.0 0
1680232377345 1.0 0
1680232392976 1.0 0
1680232409332 1.0 0
1680232425409 1.0 0
1680232441517 1.0 0
1680232457780 1.0 0
1680232473995 1.0 0
1680232490192 0.9982789530297598 0
1680232504662 1.0 0
1680232519289 1.0 0
1680232534041 1.0 0
1680232548701 1.0 0
1680232563110 1.0 0
1680232577620 1.0 0
1680232592009 1.0 0
1680232606516 1.0 0
1680232621262 0.9994980279670133 0
1680232642178 0.9895394223263075 0
1680232661569 0.9969294821753838 0
1680232680962 0.9973978662503252 0
1680232700478 0.9979182930002602 0
1680232719769 0.9984387197501952 0
1680232738965 0.9983346344002082 0
1680232758540 0.999895914650013 0
1680232778202 0.999895914650013 0
1680232797401 0.99463960447567 0
1680232816940 0.9990111891751235 0
1680232832539 0.997592606973674 0
1680232846163 0.9980585540110274 0
1680232859837 0.9992234216044109 0
1680232873342 0.9998446843208821 0
1680232886785 0.9988351324066165 0
1680232900026 0.9989127902461753 0
1680232913581 0.9999223421604411 0
1680232927304 0.9996117108022055 0
1680232940749 0.9993010794439698 0
1680232954053 1.0 0
1680232963281 0.9893333333333333 0
1680232969661 0.9984 0
1680232976273 0.9978666666666667 0
1680232982705 0.9984 0
1680232989479 0.9978666666666667 0
1680232996098 0.9984 0
1680233002474 0.9991111111111111 0
1680233009199 0.9969777777777777 0
1680233015967 0.9998222222222222 0
1680233022516 0.9989333333333333 0
1680233040741 0.9903904716789605 0
1680233056066 0.9963456723286188 0
1680233071310 0.9967517087365501 0
1680233086354 0.9985788725722407 0
1680233101774 0.9989172362455166 0
1680233117265 0.9995939635920688 0
1680233132370 0.998714218041551 0
1680233147786 0.9959396359206876 0
1680233163456 0.9985111998375854 0
1680233179023 0.9993232726534479 0
1680233189226 0.9896118097320941 0
1680233195657 0.9974485146710407 0
1680233201939 0.9967195188627666 0
1680233208291 0.9987242573355203 0
1680233214697 0.9885183160196829 0
1680233220691 0.9969017678148351 0
1680233227301 0.9987242573355203 0
1680233233686 0.9970840167669036 0
1680233240162 0.9990887552396573 0
1680233246558 0.9998177510479315 0
1680233256813 0.9940220437138053 0
1680233263098 0.9936484214459181 0
1680233269239 0.9925275546422567 0
1680233275651 0.9983186997945077 0
1680233282032 0.997758266392677 0
1680233288465 0.9994395665981692 0
1680233294884 1.0 0
1680233301318 0.9996263777321128 0
1680233307486 0.9998131888660564 0
1680233313735 1.0 0
1680233324646 0.985230884277435 0
1680233331028 0.9942045242101327 0
1680233337455 0.998130491680688 0
1680233343766 0.9957001308655824 0
1680233349823 0.9992521966722752 0
1680233356250 0.9979435408487568 0
1680233362605 0.9985043933445504 0
1680233369138 0.9998130491680688 0
1680233375540 0.9964479341933071 0
1680233381864 0.9979435408487568 0
1680233392969 0.9973743435858965 0
1680233399378 0.9986871717929482 0
1680233405624 0.9983120780195048 0
1680233411825 0.9983120780195048 0
1680233418379 0.9984996249062266 0
1680233424327 0.9973743435858965 0
1680233430571 0.9939984996249063 0
1680233436833 0.9971867966991748 0
1680233442999 0.9996249062265566 0
1680233449412 1.0 0
