1679267860268 0.3665675573124021 0
1679267869425 0.12564302731634064 0
1679267878737 0.07526211248820319 0
1679267888107 0.05678771550575381 0
1679267897590 0.058839505187386426 0
1679267906506 0.015405771299258192 0
1679267915772 0.026922708212605714 0
1679267924690 0.033642545076658925 0
1679267933954 0.03910373452890781 0
1679267942969 0.03804220576007627 0
1679267968903 0.6238451779400017 0
1679267978458 0.09839381900269027 0
1679267987882 0.051087179709700684 0
1679267997391 0.052134143738715236 0
1679268006928 0.01859916688636968 0
1679268016510 0.022842211881652474 0
1679268026110 0.018158772624755168 0
1679268035613 0.02090613060749556 0
1679268045069 0.013091192389016642 0
1679268054433 0.03209037696212238 0
1679268077141 1.0793039902095116 0
1679268086647 0.13964628992492661 0
1679268096318 0.0560292642125312 0
1679268105704 0.05541664817114817 0
1679268115020 0.03933450877301249 0
1679268124477 0.02863197229510429 0
1679268134046 0.021127050299672226 0
1679268143505 0.017211277932659082 0
1679268152845 0.03412200284519178 0
1679268162459 0.046735227039522105 0
1679268186336 1.356984561126606 0
1679268195940 0.2624740730240649 0
1679268205597 0.12363771939942357 0
1679268215175 0.06675529714637235 0
1679268224452 0.05426530318115564 0
1679268234062 0.03763659680079596 0
1679268243636 0.049803524113753266 0
1679268253076 0.03402314709462956 0
1679268262719 0.024445620812840907 0
1679268272547 0.013692825854591587 0
1679268295833 1.693400709944613 0
1679268305501 0.19067251508799837 0
1679268314911 0.07428223452549063 0
1679268324359 0.04176239198639843 0
1679268333886 0.03377291342407903 0
1679268343558 0.05782142202552481 0
1679268353001 0.04647994886937679 0
1679268362367 0.013148879988447708 0
1679268371894 0.011751868844251423 0
1679268381395 0.01629995551033347 0
1679268403629 1.516496343063373 0
1679268413384 0.23718275706849845 0
1679268423178 0.10589979063975168 0
1679268432606 0.0784389142987921 0
1679268442097 0.05486048879467097 0
1679268451777 0.03565420350059867 0
1679268461047 0.03591353034454526 0
1679268470315 0.048476973630707056 0
1679268480056 0.023403994611227046 0
1679268489389 0.04150832822436795 0
1679268511908 1.4827544319571233 0
1679268521289 0.18110355766782282 0
1679268530403 0.09695568383105245 0
1679268539993 0.07308844204845966 0
1679268549374 0.04512408089038788 0
1679268559171 0.04949438912501814 0
1679268568708 0.02976451493690119 0
1679268578297 0.01876113820346255 0
1679268587863 0.030835179411167025 0
1679268597074 0.013626738241417151 0
1679268619462 1.6091066631031972 0
1679268629029 0.24534501924234278 0
1679268638573 0.11090451723658572 0
1679268647962 0.07862842952211697 0
1679268657642 0.045134456061265045 0
1679268667211 0.05324894826238354 0
1679268676652 0.042378605425576955 0
1679268685980 0.02885180436001689 0
1679268695562 0.04937953090149106 0
1679268705373 0.0208394373127935 0
1679268728433 2.039563793177698 0
1679268738016 0.2460372244537461 0
1679268747359 0.11089968665813406 0
1679268757190 0.07349574916503009 0
1679268766698 0.048907694680725824 0
1679268776473 0.0388639819461341 0
1679268786155 0.0298053525643898 0
1679268795545 0.04286096536317 0
1679268805010 0.048237370317984446 0
1679268814418 0.03710386237385226 0
1679268837327 2.110211974849888 0
1679268846869 0.40245021309922724 0
1679268856488 0.14776096405351863 0
1679268866183 0.11245883458896595 0
1679268875599 0.06908469207073543 0
1679268885135 0.037281200116244605 0
1679268894967 0.0746847546257663 0
1679268904495 0.06484223799049563 0
1679268914109 0.05310412577590814 0
1679268923866 0.044451567928726766 0
1679268947869 1.7114170561818516 0
1679268957290 0.27549911600848037 0
1679268966831 0.12826774510390618 0
1679268976223 0.08730418268846822 0
1679268985823 0.05674559891443042 0
1679268995281 0.059553041223290505 0
1679269005118 0.026399775371685915 0
1679269014592 0.02811330807048316 0
1679269024402 0.02288270890530126 0
1679269033543 0.020296131972880924 0
1679269056643 1.8832600768290313 0
1679269066299 0.30151628502005456 0
1679269075947 0.1307826202143641 0
1679269085462 0.0657945075711491 0
1679269094863 0.047243421075536925 0
1679269104233 0.03242015924450813 0
1679269113589 0.021491976883992844 0
1679269123091 0.023884592550423217 0
1679269132919 0.05130060881778013 0
1679269142645 0.11757673818946761 0
1679269166510 1.9701749068849228 0
1679269176289 0.4265914072885233 0
1679269186048 0.19506662627499477 0
1679269195548 0.08241676287177731 0
1679269205329 0.054442513487575686 0
1679269214811 0.05294441295714647 0
1679269224468 0.09328509638925978 0
1679269234291 0.030913845827693447 0
1679269243819 0.031280183132883964 0
1679269253302 0.03694523238193463 0
1679269277146 2.380470785440183 0
1679269286828 0.4380791803785399 0
1679269296552 0.1618485284202239 0
1679269305927 0.07993512019953307 0
1679269315462 0.06727557542606019 0
1679269325244 0.03771077644299058 0
1679269334715 0.03462053620822582 0
1679269344839 0.05046083283263678 0
1679269354380 0.04847320016729189 0
1679269363843 0.019205352337117874 0
1679269388988 2.153617995626786 0
1679269398486 0.3783436083764422 0
1679269408125 0.1605474798593159 0
1679269417567 0.08766492758421045 0
1679269427236 0.049384703795772554 0
1679269436930 0.06210476286964966 0
1679269446470 0.04377111412730871 0
1679269456116 0.033012246128683 0
1679269465761 0.02372514376161145 0
1679269475492 0.05584647761219565 0
1679269500784 1.9823171867459428 0
1679269510594 0.25633567213719965 0
1679269520501 0.11791286097985565 0
1679269530016 0.06145359361179027 0
1679269539898 0.06101487093952065 0
1679269549818 0.046038398354807324 0
1679269559760 0.04977955720296093 0
1679269569707 0.033059389996981506 0
1679269579494 0.03250789435069058 0
1679269589103 0.027158222763853913 0
1679269614178 2.261836109792485 0
1679269623732 0.34851010750029604 0
1679269633316 0.13565815282145552 0
1679269642870 0.07640305771401115 0
1679269652626 0.05755927151653404 0
1679269662262 0.08624124694067765 0
1679269672007 0.033514644083220003 0
1679269681876 0.029148544942704486 0
1679269691579 0.025365259160525074 0
1679269701632 0.030149617570214997 0
1679269726234 2.071723808260525 0
1679269735978 0.3486170749015668 0
1679269745763 0.13381600569860608 0
1679269755414 0.07201820244903073 0
1679269764875 0.05472027832715243 0
1679269774453 0.047524461130082025 0
1679269784082 0.02457922650501132 0
1679269793929 0.03627284757756427 0
1679269803834 0.023306870148243272 0
1679269813472 0.024796756176168427 0
1679269838965 2.265661644877172 0
1679269848702 0.3469509651117465 0
1679269858435 0.15033745473506405 0
1679269868175 0.07686880936700047 0
1679269877804 0.0651637581998811 0
1679269887620 0.058012039354984085 0
1679269897750 0.05021526837977124 0
1679269907999 0.032771016516741 0
1679269918146 0.03295225884728864 0
1679269928054 0.04442545639204921 0
1679269954568 2.171443116431143 0
1679269964484 0.3191288589116405 0
1679269974152 0.11528579229671582 0
1679269984207 0.06466757815659922 0
1679269994135 0.044014856894957086 0
1679270003806 0.046157479989251085 0
1679270013950 0.029549095916616565 0
1679270023544 0.02784870999554793 0
1679270033206 0.055121368335961714 0
1679270043236 0.03865347278541794 0
