1679267860255 0.8725490196078431 0
1679267869410 0.9583333333333334 0
1679267878726 0.9748774509803921 0
1679267888097 0.9813112745098039 0
1679267897581 0.9828431372549019 0
1679267906492 0.9960171568627451 0
1679267915766 0.992953431372549 0
1679267924679 0.9911151960784313 0
1679267933944 0.9862132352941176 0
1679267942958 0.9889705882352942 0
1679267968892 0.8780637254901961 0
1679267978447 0.9699754901960784 0
1679267987872 0.9865196078431373 0
1679267997381 0.9859068627450981 0
1679268006917 0.9960171568627451 0
1679268016495 0.9941789215686274 0
1679268026098 0.9960171568627451 0
1679268035604 0.9957107843137255 0
1679268045063 0.9984681372549019 0
1679268054422 0.9911151960784313 0
1679268077131 0.7693014705882353 0
1679268086636 0.9577205882352942 0
1679268096306 0.9834558823529411 0
1679268105693 0.984375 0
1679268115011 0.9898897058823529 0
1679268124465 0.9917279411764706 0
1679268134036 0.9960171568627451 0
1679268143494 0.9975490196078431 0
1679268152834 0.9905024509803921 0
1679268162447 0.9874387254901961 0
1679268186323 0.6850490196078431 0
1679268195930 0.921875 0
1679268205588 0.9662990196078431 0
1679268215164 0.9813112745098039 0
1679268224441 0.984375 0
1679268234051 0.9901960784313726 0
1679268243624 0.9868259803921569 0
1679268253065 0.9911151960784313 0
1679268262708 0.9947916666666666 0
1679268272537 0.9990808823529411 0
1679268295825 0.6216299019607843 0
1679268305487 0.9497549019607843 0
1679268314899 0.9810049019607843 0
1679268324349 0.9892769607843137 0
1679268333874 0.9920343137254902 0
1679268343542 0.984375 0
1679268352993 0.9901960784313726 0
1679268362356 0.9984681372549019 0
1679268371883 0.9987745098039216 0
1679268381384 0.9969362745098039 0
1679268403622 0.6571691176470589 0
1679268413372 0.9332107843137255 0
1679268423170 0.9681372549019608 0
1679268432594 0.975796568627451 0
1679268442082 0.9849877450980392 0
1679268451765 0.9908088235294118 0
1679268461036 0.991421568627451 0
1679268470304 0.9883578431372549 0
1679268480043 0.9935661764705882 0
1679268489377 0.9905024509803921 0
1679268511901 0.6844362745098039 0
1679268521274 0.9473039215686274 0
1679268530392 0.9736519607843137 0
1679268539981 0.9779411764705882 0
1679268549359 0.9901960784313726 0
1679268559160 0.9865196078431373 0
1679268568697 0.9941789215686274 0
1679268578286 0.9969362745098039 0
1679268587853 0.9941789215686274 0
1679268597063 0.9981617647058824 0
1679268619451 0.6139705882352942 0
1679268629018 0.930453431372549 0
1679268638561 0.9666053921568627 0
1679268647952 0.975796568627451 0
1679268657631 0.9895833333333334 0
1679268667203 0.9849877450980392 0
1679268676640 0.9889705882352942 0
1679268685968 0.9938725490196079 0
1679268695548 0.9898897058823529 0
1679268705362 0.9969362745098039 0
1679268728419 0.6121323529411765 0
1679268738004 0.9310661764705882 0
1679268747347 0.9718137254901961 0
1679268757177 0.9794730392156863 0
1679268766685 0.9883578431372549 0
1679268776462 0.9911151960784313 0
1679268786144 0.9935661764705882 0
1679268795529 0.9908088235294118 0
1679268804999 0.9898897058823529 0
1679268814405 0.9923406862745098 0
1679268837316 0.49142156862745096 0
1679268846857 0.8792892156862745 0
1679268856477 0.9574142156862745 0
1679268866173 0.96875 0
1679268875587 0.9813112745098039 0
1679268885123 0.9926470588235294 0
1679268894956 0.9800857843137255 0
1679268904483 0.9831495098039216 0
1679268914089 0.9862132352941176 0
1679268923855 0.9895833333333334 0
1679268947858 0.5998774509803921 0
1679268957279 0.9194240196078431 0
1679268966818 0.9635416666666666 0
1679268976211 0.9745710784313726 0
1679268985810 0.9865196078431373 0
1679268995264 0.9865196078431373 0
1679269005108 0.9954044117647058 0
1679269014580 0.9950980392156863 0
1679269024391 0.9978553921568627 0
1679269033531 0.9978553921568627 0
1679269056630 0.6204044117647058 0
1679269066286 0.9181985294117647 0
1679269075924 0.960171568627451 0
1679269085452 0.9806985294117647 0
1679269094850 0.9892769607843137 0
1679269104221 0.9926470588235294 0
1679269113576 0.9963235294117647 0
1679269123079 0.9954044117647058 0
1679269132909 0.9886642156862745 0
1679269142633 0.9721200980392157 0
1679269166496 0.5306372549019608 0
1679269176278 0.8722426470588235 0
1679269186031 0.9414828431372549 0
1679269195532 0.9751838235294118 0
1679269205315 0.9886642156862745 0
1679269214800 0.9868259803921569 0
1679269224456 0.9761029411764706 0
1679269234259 0.9944852941176471 0
1679269243805 0.9938725490196079 0
1679269253290 0.9923406862745098 0
1679269277137 0.4990808823529412 0
1679269286816 0.8688725490196079 0
1679269296538 0.9568014705882353 0
1679269305916 0.9782475490196079 0
1679269315444 0.9816176470588235 0
1679269325233 0.9941789215686274 0
1679269334699 0.992953431372549 0
1679269344827 0.9892769607843137 0
1679269354361 0.9905024509803921 0
1679269363833 0.9975490196078431 0
1679269388971 0.5428921568627451 0
1679269398474 0.8774509803921569 0
1679269408112 0.9561887254901961 0
1679269417557 0.9748774509803921 0
1679269427221 0.9892769607843137 0
1679269436919 0.9837622549019608 0
1679269446458 0.9889705882352942 0
1679269456104 0.9935661764705882 0
1679269465747 0.9954044117647058 0
1679269475480 0.984375 0
1679269500769 0.5790441176470589 0
1679269510583 0.9267769607843137 0
1679269520489 0.9623161764705882 0
1679269530004 0.9846813725490197 0
1679269539878 0.9834558823529411 0
1679269549804 0.9877450980392157 0
1679269559744 0.9871323529411765 0
1679269569695 0.9938725490196079 0
1679269579479 0.9935661764705882 0
1679269589091 0.9944852941176471 0
1679269614167 0.5459558823529411 0
1679269623720 0.8985906862745098 0
1679269633303 0.9604779411764706 0
1679269642858 0.9800857843137255 0
1679269652614 0.9856004901960784 0
1679269662254 0.9730392156862745 0
1679269671995 0.9938725490196079 0
1679269681864 0.9954044117647058 0
1679269691568 0.9960171568627451 0
1679269701620 0.9926470588235294 0
1679269726222 0.5303308823529411 0
1679269735965 0.8930759803921569 0
1679269745752 0.9626225490196079 0
1679269755400 0.9803921568627451 0
1679269764862 0.9840686274509803 0
1679269774442 0.9883578431372549 0
1679269784070 0.9957107843137255 0
1679269793917 0.992953431372549 0
1679269803822 0.9960171568627451 0
1679269813451 0.9963235294117647 0
1679269838954 0.5343137254901961 0
1679269848689 0.8912377450980392 0
1679269858419 0.9543504901960784 0
1679269868163 0.9800857843137255 0
1679269877787 0.9828431372549019 0
1679269887608 0.9840686274509803 0
1679269897738 0.9895833333333334 0
1679269907986 0.9932598039215687 0
1679269918131 0.9947916666666666 0
1679269928038 0.9898897058823529 0
1679269954556 0.5208333333333334 0
1679269964470 0.897671568627451 0
1679269974141 0.9613970588235294 0
1679269984193 0.9831495098039216 0
1679269994121 0.9877450980392157 0
1679270003787 0.9895833333333334 0
1679270013939 0.9944852941176471 0
1679270023532 0.9941789215686274 0
1679270033196 0.9852941176470589 0
1679270043224 0.991421568627451 0
