1679267860276 9.486858264019247 0
1679267869429 8.942594937980175 0
1679267878744 9.113108011020813 0
1679267888112 9.160763124993537 0
1679267897596 9.266554707020987 0
1679267906515 8.729626012034714 0
1679267915778 9.033351927006152 0
1679267924694 8.711261064978316 0
1679267933958 9.057721913035493 0
1679267942975 8.815403388987761 0
1679267968908 9.479346074978821 0
1679267978464 9.31927945499774 0
1679267987890 9.189888412016444 0
1679267997395 9.294155807001516 0
1679268006934 9.315126801957376 0
1679268016518 9.360285655944608 0
1679268026117 9.366475576010998 0
1679268035618 9.283093828009441 0
1679268045074 9.235491115017794 0
1679268054439 9.143078686029185 0
1679268077149 9.429094238963444 0
1679268086652 9.293441549991257 0
1679268096331 9.427089734002948 0
1679268105709 9.169586265983526 0
1679268115025 9.09919663000619 0
1679268124482 9.24953174899565 0
1679268134055 9.334911392012145 0
1679268143512 9.213486052001826 0
1679268152850 9.127743701974396 0
1679268162466 9.369651052984409 0
1679268186346 9.260084543027915 0
1679268195946 9.378822253958788 0
1679268205603 9.426658864016645 0
1679268215180 9.357886031968519 0
1679268224458 9.05016575299669 0
1679268234069 9.394468894985039 0
1679268243643 9.323534975992516 0
1679268253083 9.21408602700103 0
1679268262726 9.420587758009788 0
1679268272552 9.609701306966599 0
1679268295841 9.814557469973806 0
1679268305510 9.418512672011275 0
1679268314919 9.17710829997668 0
1679268324365 9.223476351995487 0
1679268333894 9.292239354981575 0
1679268343570 9.403384535980877 0
1679268353007 9.200451823999174 0
1679268362372 9.135854477004614 0
1679268371900 9.307532029983122 0
1679268381401 9.276599792006891 0
1679268403635 9.192509658052586 0
1679268413392 9.50614301400492 0
1679268423184 9.495238120958675 0
1679268432611 9.216817968001124 0
1679268442106 9.247542970988434 0
1679268451784 9.442400517000351 0
1679268461060 9.024918240029365 0
1679268470321 9.03870893799467 0
1679268480063 9.504147619009018 0
1679268489400 9.09646332002012 0
1679268511914 9.387234895024449 0
1679268521299 9.13783202500781 0
1679268530408 8.896623066975735 0
1679268539999 9.360424736980349 0
1679268549384 9.136983642994892 0
1679268559177 9.555095051997341 0
1679268568719 9.298299652989954 0
1679268578305 9.357552271976601 0
1679268587871 9.329412658000365 0
1679268597083 8.959732135990635 0
1679268619469 8.975852145988028 0
1679268629036 9.335389458981808 0
1679268638583 9.31284763396252 0
1679268647969 9.14339458302129 0
1679268657648 9.446723914006725 0
1679268667228 9.29795117804315 0
1679268676658 9.19113178999396 0
1679268685987 9.102980499039404 0
1679268695571 9.341341015009675 0
1679268705380 9.580086851026863 0
1679268728440 9.346893654961605 0
1679268738024 9.341716456052382 0
1679268747368 9.078344020992517 0
1679268757204 9.586194913019426 0
1679268766706 9.243492290959693 0
1679268776480 9.524441598041449 0
1679268786162 9.446709939045832 0
1679268795554 9.147573281952646 0
1679268805017 9.238242466002703 0
1679268814429 9.16350818797946 0
1679268837336 9.164396495965775 0
1679268846886 9.272879377997015 0
1679268856495 9.35133086697897 0
1679268866190 9.480117262981366 0
1679268875606 9.17082424502587 0
1679268885141 9.309325081994757 0
1679268894973 9.60501480102539 0
1679268904503 9.291776565019973 0
1679268914118 9.35965037200367 0
1679268923872 9.521445307007525 0
1679268947877 9.374714770994615 0
1679268957297 9.177797880023718 0
1679268966841 9.264536389964633 0
1679268976237 9.129024039022624 0
1679268985831 9.304112204001285 0
1679268995294 9.203813546977472 0
1679269005127 9.489199138013646 0
1679269014599 9.230094418977387 0
1679269024410 9.548973511962686 0
1679269033551 8.880572855006903 0
1679269056655 9.036578235973138 0
1679269066307 9.391684396017808 0
1679269075959 9.373263588000555 0
1679269085471 9.263226832030341 0
1679269094873 9.140705005964264 0
1679269104248 9.123796388041228 0
1679269113598 9.106142919976264 0
1679269123099 9.263664630998392 0
1679269132925 9.609791061026044 0
1679269142656 9.486090966966003 0
1679269166523 9.385392494034022 0
1679269176305 9.533765693951864 0
1679269186059 9.497918935026973 0
1679269195560 9.234607769001741 0
1679269205338 9.522023508965503 0
1679269214819 9.245672914024908 0
1679269224476 9.422947130049579 0
1679269234306 9.561871772981249 0
1679269243828 9.273768060025759 0
1679269253310 9.217957702989224 0
1679269277154 9.146637594036292 0
1679269286835 9.445440740964841 0
1679269296561 9.474889471021015 0
1679269305935 9.128499454003759 0
1679269315474 9.27476437704172 0
1679269325252 9.532896765973419 0
1679269334727 9.192159773956519 0
1679269344847 9.860084161977284 0
1679269354391 9.27448237099452 0
1679269363850 9.212437287031207 0
1679269388999 9.674209872027859 0
1679269398494 9.245290418970399 0
1679269408133 9.401333593996242 0
1679269417575 9.183649445010815 0
1679269427245 9.418964241980575 0
1679269436938 9.428236772015225 0
1679269446478 9.3103109060321 0
1679269456124 9.394035058969166 0
1679269465774 9.40947720798431 0
1679269475499 9.495610948011745 0
1679269500797 9.720232816005591 0
1679269510602 9.558871051995084 0
1679269520509 9.655470849014819 0
1679269530024 9.246101867000107 0
1679269539909 9.592626883997582 0
1679269549828 9.65584200999001 0
1679269559772 9.678314919990953 0
1679269569716 9.707561802002601 0
1679269579507 9.535917845962103 0
1679269589111 9.361283022968564 0
1679269614186 9.433152187964879 0
1679269623739 9.326845125993714 0
1679269633325 9.327508226037025 0
1679269642879 9.291684985975735 0
1679269652634 9.529978612961713 0
1679269662270 9.412953724968247 0
1679269672016 9.496713061991613 0
1679269681885 9.632096879999153 0
1679269691587 9.442134025041014 0
1679269701641 9.793375162000302 0
1679269726252 9.22394165204605 0
1679269735987 9.477304757048842 0
1679269745772 9.541293237998616 0
1679269755422 9.406989014998544 0
1679269764890 9.217854899994563 0
1679269774461 9.314090710016899 0
1679269784094 9.36857923300704 0
1679269793937 9.592720910033677 0
1679269803842 9.660964528971817 0
1679269813483 9.374101917026564 0
1679269838973 9.331491547054611 0
1679269848716 9.487607044982724 0
1679269858446 9.458930495020468 0
1679269868184 9.490186133014504 0
1679269877814 9.34347256901674 0
1679269887629 9.549636987037957 0
1679269897761 9.851708440983202 0
1679269908009 9.954050672007725 0
1679269918156 9.875452875974588 0
1679269928064 9.641950982972048 0
1679269954577 9.519161650037859 0
1679269964494 9.636489445983898 0
1679269974165 9.418264832987916 0
1679269984216 9.763747117016464 0
1679269994143 9.647339073009789 0
1679270003816 9.412495875032619 0
1679270013959 9.869957828021143 0
1679270023553 9.32484801200917 0
1679270033215 9.399768619972747 0
1679270043245 9.69165873300517 0
