1679450564780 3.8329065080033615 0
1679450568284 3.3211942890193313 0
1679450572150 3.6906059290049598 0
1679450575772 3.449955475050956 0
1679450579294 3.3585688750026748 0
1679450582690 3.221388429054059 0
1679450586346 3.495848844991997 0
1679450589923 3.395912054926157 0
1679450593649 3.5636514170328155 0
1679450597070 3.2430176379857585 0
1679450615974 4.242155169020407 0
1679450620118 3.9461523320060223 0
1679450624094 3.7773889750242233 0
1679450628297 3.977384416037239 0
1679450632451 3.9441433849278837 0
1679450635979 3.26404715096578 0
1679450640383 4.178338467027061 0
1679450644767 4.162555299000815 0
1679450648869 3.850075924070552 0
1679450653265 4.19831534801051 0
1679450669921 4.1571582009783015 0
1679450674313 4.168497791979462 0
1679450678434 3.915940322098322 0
1679450682664 4.0107228179695085 0
1679450686947 4.092934727901593 0
1679450691288 4.11612503696233 0
1679450695539 4.034128871047869 0
1679450699808 4.052664321963675 0
1679450704117 4.085669138003141 0
1679450708329 4.006952694035135 0
1679450724069 3.096364021068439 0
1679450728759 4.429243182996288 0
1679450733292 4.292544867959805 0
1679450737212 3.704655796987936 0
1679450741598 4.164845551014878 0
1679450746038 4.212462740950286 0
1679450750350 4.079917693976313 0
1679450754772 4.192613425897434 0
1679450759111 4.123230931931175 0
1679450763472 4.131849608966149 0
1679450780950 4.404841759940609 0
1679450785495 4.2987077239668 0
1679450789886 4.154819051967934 0
1679450794322 4.202163862995803 0
1679450799203 4.638561488944106 0
1679450803798 4.348750259028748 0
1679450808210 4.181022670934908 0
1679450811845 3.3563407469773665 0
1679450816568 4.480099281063303 0
1679450821386 4.570669239968993 0
1679450839171 4.463620832073502 0
1679450843978 4.546559215057641 0
1679450848627 4.401905180071481 0
1679450853594 4.706708792946301 0
1679450858666 4.815715007018298 0
1679450863585 4.674846971989609 0
1679450868450 4.6028212290257215 0
1679450873206 4.50790829595644 0
1679450877915 4.461332423961721 0
1679450882743 4.572435452020727 0
1679450899421 3.69005002907943 0
1679450904581 4.892680824035779 0
1679450909653 4.742189651005901 0
1679450913885 3.990162445930764 0
1679450918792 4.624631749931723 0
1679450923704 4.637301065959036 0
1679450928368 4.409119613002986 0
1679450933164 4.532293605967425 0
1679450938036 4.599369639065117 0
1679450942894 4.606181978015229 0
1679450961431 5.10034431098029 0
1679450966611 4.884771267068572 0
1679450971827 4.8628568860003725 0
1679450976829 4.713837847928517 0
1679450981924 4.8135112300515175 0
1679450986941 4.7465364059899 0
1679450990731 3.5313048999523744 0
1679450995705 4.692036368069239 0
1679451000770 4.77828773309011 0
1679451005499 4.451405081083067 0
1679451024867 5.031832514912821 0
1679451029861 4.70806952402927 0
1679451035124 4.977435935055837 0
1679451040112 4.715046904049814 0
1679451045331 4.910880959942006 0
1679451050688 5.059336040983908 0
1679451055928 4.9674192239763215 0
1679451061150 4.924871249939315 0
1679451066538 5.087735470035113 0
1679451071623 4.7900860629742965 0
1679451088446 5.103588877012953 0
1679451093249 4.517881021951325 0
1679451098645 5.0920412469422445 0
1679451104099 5.143679000088014 0
1679451109419 5.02621819707565 0
1679451114660 4.934346714988351 0
1679451119905 4.937171414960176 0
1679451125687 5.472897580941208 0
1679451130960 4.97836265899241 0
1679451136374 5.027452828944661 0
1679451156745 5.240570541936904 0
1679451162514 5.440399711020291 0
1679451167454 4.576506454963237 0
1679451173398 5.605744870030321 0
1679451179206 5.482652531005442 0
1679451184060 4.536001502070576 0
1679451189485 5.110259474022314 0
1679451195176 5.367593543953262 0
1679451200525 5.025241501047276 0
1679451205940 5.113489246927202 0
1679451226207 5.330395222990774 0
1679451231937 5.405313755967654 0
1679451237555 5.289957138011232 0
1679451243131 5.256701717968099 0
1679451248618 5.152236219961196 0
1679451254394 5.436648806906305 0
1679451259116 4.337821554974653 0
1679451265012 5.584790065069683 0
1679451270743 5.379328527022153 0
1679451276432 5.373117598937824 0
1679451296119 5.445454027038068 0
1679451302206 5.748788230936043 0
1679451308126 5.583270504954271 0
1679451314073 5.614287688978948 0
1679451320002 5.593781543080695 0
1679451325929 5.592624688055366 0
1679451331859 5.581971847102977 0
1679451337398 5.180768195074052 0
1679451343225 5.48757822602056 0
1679451348949 5.393142948974855 0
1679451370102 5.675242472090758 0
1679451376073 5.629000351997092 0
1679451381942 5.518846231978387 0
1679451387753 5.447054321994074 0
1679451393670 5.569638823973946 0
1679451399545 5.519954064977355 0
1679451405519 5.626070371014066 0
1679451411458 5.602724130032584 0
1679451417798 5.996967768995091 0
1679451423794 5.639762506005354 0
1679451445187 5.477363661979325 0
1679451451371 5.803920472972095 0
1679451457577 5.848446071962826 0
1679451463589 5.650814778055064 0
1679451469717 5.754311672993936 0
1679451475794 5.7092456829268485 0
1679451481808 5.660502229002304 0
1679451488018 5.841189070022665 0
1679451494089 5.718014252954163 0
1679451500197 5.732083450071514 0
1679451521237 5.726220387034118 0
1679451527382 5.774162526009604 0
1679451533745 5.9665532120270655 0
1679451540291 6.134524121996947 0
1679451546607 5.941922795958817 0
1679451552837 5.848147996002808 0
1679451559095 5.882090104045346 0
1679451565312 5.843415905954316 0
1679451571385 5.690844989963807 0
1679451577631 5.8831398009788245 0
1679451600441 6.106133542954922 0
1679451606696 5.870004594908096 0
1679451613190 6.113048398983665 0
1679451619483 5.882914342917502 0
1679451625816 5.971391756902449 0
1679451632267 6.0784648429835215 0
1679451638667 6.006666591973044 0
1679451645114 6.061659798026085 0
1679451651538 5.994785194052383 0
1679451657792 5.876705617061816 0
1679451680756 6.221964871976525 0
1679451686762 5.5813537939684466 0
1679451693283 6.109050938044675 0
1679451699732 6.034708266961388 0
1679451706077 5.971331942011602 0
1679451712555 6.044757685973309 0
1679451718883 5.9290258679538965 0
1679451725437 6.167921905987896 0
1679451732081 6.238742646994069 0
1679451738670 6.193160761031322 0
1679451762027 6.23062816192396 0
1679451768709 6.274719604989514 0
1679451775372 6.242110885097645 0
1679451781465 5.685003185993992 0
1679451788517 6.641065589967184 0
1679451795376 6.443536424078047 0
1679451802106 6.318877795012668 0
1679451808678 6.174237694009207 0
1679451815173 6.087758504902013 0
1679451821619 6.033334439038299 0
1679451845205 6.2645830269902945 0
1679451851847 6.21361292200163 0
1679451858681 6.418678088928573 0
1679451865191 6.04907147702761 0
1679451871662 6.039507835987024 0
1679451878183 6.107315770001151 0
1679451885051 6.4560893250163645 0
1679451891786 6.3115672540152445 0
1679451898523 6.324775264016353 0
1679451905486 6.55194663698785 0
