1678651414525 0.8187633262260128 0
1678651418601 0.9728906487968322 0
1678651422781 0.9932988120621383 0
1678651425788 0.9987816021931161 0
1678651429560 0.999390801096558 0
1678651433542 1.0 0
1678651437203 1.0 0
1678651440962 0.999390801096558 0
1678651444753 1.0 0
1678651448603 1.0 0
1678651512220 0.7686843730697962 0
1678651516721 0.8026559604694256 0
1678651521111 0.8162445954292773 0
1678651525673 0.8307597282273008 0
1678651529450 0.8292155651636813 0
1678651533729 0.8267449042618901 0
1678651537924 0.8323038912909203 0
1678651542312 0.8375540457072267 0
1678651546555 0.8415688696726374 0
1678651550769 0.8440395305744287 0
1678651611809 0.676034589252625 0
1678651616118 0.7893761581222977 0
1678651620473 0.8276714021000617 0
1678651624734 0.8316862260654725 0
1678651628621 0.8424953675108091 0
1678651632845 0.8406423718344658 0
1678651637232 0.8597899938233478 0
1678651641473 0.855775169857937 0
1678651645871 0.8644224830142063 0
1678651650191 0.8665843113032736 0
1678651711319 0.6355775169857937 0
1678651715847 0.8279802347127857 0
1678651720369 0.8520691785052501 0
1678651724793 0.8610253242742434 0
1678651728787 0.8841877702285361 0
1678651733146 0.8906732550957381 0
1678651737379 0.900555898702903 0
1678651741844 0.8993205682520075 0
1678651746100 0.9116738727609636 0
1678651750545 0.9147621988882026 0
1678651811982 0.5750463248919085 0
1678651816439 0.7865966646077825 0
1678651820849 0.8276714021000617 0
1678651825173 0.8539221741815936 0
1678651829498 0.849598517603459 0
1678651833855 0.8705991352686844 0
1678651838136 0.8702903026559605 0
1678651842429 0.8804817788758493 0
1678651846664 0.8962322421247684 0
1678651851032 0.8789376158122297 0
1678651912591 0.3999382334774552 0
1678651916732 0.6747992588017294 0
1678651921067 0.7424336009882644 0
1678651925671 0.7662137121680049 0
1678651930036 0.7822730080296479 0
1678651934058 0.8165534280420013 0
1678651938251 0.8017294626312539 0
1678651942482 0.8211859172328598 0
1678651946673 0.8369363804817789 0
1678651950885 0.8313773934527486 0
1678652011080 0.31562693020382954 0
1678652015543 0.592958616429895 0
1678652020013 0.6513279802347128 0
1678652024470 0.695799876466955 0
1678652028774 0.7232859789993823 0
1678652033043 0.7288449660284126 0
1678652037342 0.7424336009882644 0
1678652041590 0.7603458925262507 0
1678652045904 0.7643607164916615 0
1678652050227 0.7736256948733786 0
1678652111630 0.22359481161210623 0
1678652116186 0.46973440395305743 0
1678652120621 0.5654725138974676 0
1678652124891 0.6108709079678815 0
1678652129231 0.644224830142063 0
1678652133427 0.6624459542927733 0
1678652138065 0.6639901173563928 0
1678652142526 0.6630636195182211 0
1678652146863 0.6757257566399012 0
1678652151245 0.6772699197035207 0
1678652211006 0.26930203829524396 0
1678652215262 0.4928968499073502 0
1678652219661 0.5552810376775787 0
1678652223920 0.6006794317479925 0
1678652228395 0.5997529339098209 0
1678652232567 0.6263125386040765 0
1678652236386 0.6411365040148239 0
1678652240596 0.6386658431130328 0
1678652244905 0.6470043236565781 0
1678652249135 0.6488573193329216 0
1678652309590 0.21834465719579987 0
1678652314117 0.4379246448424954 0
1678652318635 0.5006176652254478 0
1678652323049 0.5531192093885114 0
1678652327503 0.5790611488573193 0
1678652332072 0.5911056207535516 0
1678652335994 0.5991352686843731 0
1678652340393 0.5904879555281037 0
1678652344658 0.6192093885114268 0
1678652349001 0.6207535515750463 0
1678652409381 0.20568252007411983 0
1678652413563 0.41815935762816553 0
1678652417807 0.509882643607165 0
1678652422215 0.5469425571340334 0
1678652426692 0.5540457072266831 0
1678652430959 0.5654725138974676 0
1678652435059 0.5818406423718344 0
1678652439655 0.5809141445336627 0
1678652444106 0.5809141445336627 0
1678652448535 0.5873996294008648 0
1678652508875 0.19641754169240272 0
1678652513108 0.4314391599752934 0
1678652517520 0.5120444718962323 0
1678652521965 0.5389129092032119 0
1678652526482 0.5602223594811612 0
1678652530918 0.557442865966646 0
1678652535450 0.5688696726374305 0
1678652539826 0.5836936380481779 0
1678652544308 0.5963557751698579 0
1678652548706 0.5812229771463867 0
1678652609492 0.1439159975293391 0
1678652613993 0.39530574428659665 0
1678652618517 0.49845583693638046 0
1678652623076 0.5126621371216801 0
1678652627367 0.5407659048795552 0
1678652631750 0.5367510809141446 0
1678652636249 0.5506485484867202 0
1678652639987 0.551266213712168 0
1678652644149 0.5460160592958616 0
1678652648532 0.5719579987646696 0
1678652709218 0.20877084620135886 0
1678652713579 0.4410129709697344 0
1678652718136 0.5135886349598517 0
1678652722551 0.5407659048795552 0
1678652727056 0.5537368746139593 0
1678652731325 0.5731933292155652 0
1678652735847 0.577208153180976 0
1678652740119 0.5945027794935145 0
1678652744630 0.5941939468807906 0
1678652749007 0.5901791229153799 0
1678652809792 0.1531809759110562 0
1678652814243 0.40086473131562694 0
1678652818801 0.5006176652254478 0
1678652823107 0.5404570722668314 0
1678652827519 0.5475602223594812 0
1678652832128 0.560840024706609 0
1678652836704 0.5682520074119827 0
1678652841018 0.5747374922791847 0
1678652845216 0.5806053119209389 0
1678652849572 0.5836936380481779 0
1678652909626 0.1868437306979617 0
1678652914198 0.4221741815935763 0
1678652918626 0.5 0
1678652923023 0.5339715873996294 0
1678652927631 0.5401482396541075 0
1678652932113 0.5497220506485485 0
1678652936591 0.561148857319333 0
1678652941007 0.5614576899320568 0
1678652944779 0.5713403335392218 0
1678652949029 0.5710315009264978 0
1678653009634 0.20877084620135886 0
1678653014093 0.4508956145768993 0
1678653018378 0.5129709697344039 0
1678653022807 0.5339715873996294 0
1678653027332 0.5546633724521309 0
1678653031794 0.5793699814700433 0
1678653036363 0.5898702903026559 0
1678653040975 0.6000617665225447 0
1678653044978 0.6003705991352687 0
1678653049527 0.612415071031501 0
1678653109915 0.3091414453366276 0
1678653114290 0.5206917850525016 0
1678653118801 0.5589870290302656 0
1678653123273 0.5861642989499691 0
1678653127660 0.6198270537368746 0
1678653132249 0.6161210623841877 0
1678653136964 0.6207535515750463 0
1678653141566 0.6256948733786288 0
1678653145995 0.6256948733786288 0
1678653150299 0.6417541692402717 0
1678653211013 0.22297714638665844 0
1678653215867 0.4493514515132798 0
1678653220650 0.5135886349598517 0
1678653225045 0.5518838789376158 0
1678653230068 0.5630018529956763 0
1678653234937 0.5914144533662755 0
1678653239958 0.5972822730080296 0
1678653244762 0.5898702903026559 0
1678653249526 0.6133415688696726 0
1678653254363 0.612415071031501 0
1678653319965 0.144224830142063 0
1678653324744 0.35237801111797407 0
1678653329715 0.4576899320568252 0
1678653334430 0.5163681284743669 0
1678653339227 0.5373687461395923 0
1678653344081 0.5589870290302656 0
1678653348858 0.5642371834465719 0
1678653353791 0.5707226683137739 0
1678653358638 0.5849289684990735 0
1678653363467 0.5793699814700433 0
