1678651414532 0.5644295419538816 0
1678651418611 0.09399531832508949 0
1678651422793 0.0373495847470162 0
1678651425798 0.015355541426694106 0
1678651429571 0.010795910928671838 0
1678651433553 0.005343257044188104 0
1678651437216 0.0038256982997845047 0
1678651440976 0.004106653701701802 0
1678651444764 0.0031450339319241726 0
1678651448614 0.003522098231652171 0
1678651512228 1.1235698519701425 0
1678651516732 0.8608765272242997 0
1678651521121 0.7694687161863845 0
1678651525684 0.7399150417350265 0
1678651529461 0.7374110637144073 0
1678651533741 0.745916239047507 0
1678651537936 0.7182311335045883 0
1678651542324 0.7023010558740381 0
1678651546565 0.6922958828623903 0
1678651550775 0.6862429530624993 0
1678651611817 1.668702268247033 0
1678651616127 1.210609601558617 0
1678651620483 1.1402649181061426 0
1678651624749 1.1035871300305606 0
1678651628632 1.0938243811479538 0
1678651632856 1.0939383895548866 0
1678651637243 1.0809924280739185 0
1678651641483 1.0801435147928116 0
1678651645882 1.062747354563406 0
1678651650202 1.0624932027142897 0
1678651711330 2.3074345463510646 0
1678651715858 1.5853670197110474 0
1678651720380 1.4955089230681733 0
1678651724806 1.4627814388628577 0
1678651728794 1.43012367876464 0
1678651733151 1.4064443441288497 0
1678651737390 1.398602176257458 0
1678651741858 1.3974691840732 0
1678651746110 1.386400484758958 0
1678651750557 1.375471782728505 0
1678651811990 2.577371565775786 0
1678651816450 1.7182748512105488 0
1678651820860 1.6067161926743128 0
1678651825184 1.5668078403991266 0
1678651829505 1.5366581205676706 0
1678651833867 1.5093260712650103 0
1678651838149 1.5050365040521698 0
1678651842445 1.4874993479494845 0
1678651846675 1.47677158116558 0
1678651851043 1.4794541416969322 0
1678651912601 2.922028164203849 0
1678651916744 1.9084149979749825 0
1678651921086 1.7292496727306657 0
1678651925689 1.6535169664468936 0
1678651930047 1.6123568513939748 0
1678651934071 1.5687271635645772 0
1678651938264 1.5567954004068592 0
1678651942494 1.5341728156992798 0
1678651946687 1.5255364429221763 0
1678651950897 1.5141632596676258 0
1678652011093 3.043193497283728 0
1678652015558 2.0074424396111983 0
1678652020025 1.8117575068176346 0
1678652024482 1.704502424684257 0
1678652028787 1.6495965347384287 0
1678652033050 1.612101386843676 0
1678652037354 1.5743503683949047 0
1678652041603 1.5533226184303044 0
1678652045916 1.54330715203889 0
1678652050246 1.5326335399220061 0
1678652111640 3.373523292164511 0
1678652116195 2.2108725252675745 0
1678652120632 1.9303721100404867 0
1678652124901 1.7882967387694795 0
1678652129246 1.7010254641975275 0
1678652133435 1.6491666521975992 0
1678652138074 1.629026048782801 0
1678652142542 1.6096641465128756 0
1678652146884 1.5923121897359922 0
1678652151257 1.577571821183316 0
1678652211018 3.4271215270374054 0
1678652215279 2.175437255285639 0
1678652219674 1.9041031208061892 0
1678652223934 1.7728492188704021 0
1678652228407 1.7192978857475125 0
1678652232581 1.6454193215814912 0
1678652236397 1.6210090665628765 0
1678652240607 1.6068559466062173 0
1678652244916 1.591192999911058 0
1678652249147 1.5845606947033548 0
1678652309601 3.568436258585826 0
1678652314129 2.269479321432084 0
1678652318650 1.9842000687983832 0
1678652323062 1.8141336448403182 0
1678652327515 1.735953923284897 0
1678652332085 1.6859495006570704 0
1678652336008 1.6489246077122255 0
1678652340404 1.6319001087662317 0
1678652344671 1.6048613236670586 0
1678652349014 1.5964035647676784 0
1678652409391 3.6780699957587824 0
1678652413575 2.289772323799251 0
1678652417819 1.983241536280047 0
1678652422227 1.8227382795246683 0
1678652426703 1.733431433880307 0
1678652430976 1.6900409325322228 0
1678652435068 1.6601747594695535 0
1678652439664 1.6379130374067281 0
1678652444118 1.616366756337892 0
1678652448548 1.6024148394989335 0
1678652508887 3.7144678506385844 0
1678652513120 2.2411721773247724 0
1678652517533 1.9626535568213743 0
1678652521977 1.8133031006136229 0
1678652526494 1.7417059442450633 0
1678652530930 1.6987259501362377 0
1678652535465 1.665710487507095 0
1678652539838 1.6377427549992467 0
1678652544320 1.6203913487645856 0
1678652548717 1.6084420164107098 0
1678652609504 3.783957215869331 0
1678652614009 2.33207426769193 0
1678652618527 1.981856713993009 0
1678652623088 1.8233119899509422 0
1678652627383 1.742660070216678 0
1678652631761 1.6928223251486503 0
1678652636263 1.6722189932417324 0
1678652639998 1.6367719248535457 0
1678652644160 1.6253478141240385 0
1678652648543 1.5984458335761011 0
1678652709233 3.745538226611236 0
1678652713590 2.288016747515315 0
1678652718148 1.9778199322507881 0
1678652722563 1.8432536759886056 0
1678652727070 1.7553304999312036 0
1678652731336 1.692804960795138 0
1678652735859 1.6587074017951782 0
1678652740131 1.6393147309375737 0
1678652744646 1.615730713884944 0
1678652749019 1.613365878876232 0
1678652809804 3.7730277067647444 0
1678652814252 2.3034101631112716 0
1678652818820 1.9916824321087088 0
1678652823120 1.8036578600608397 0
1678652827533 1.7349135126133919 0
1678652832142 1.6880252356879721 0
1678652836722 1.6726492121309466 0
1678652841035 1.6331964186343828 0
1678652845228 1.6155102683704086 0
1678652849585 1.6026247091835262 0
1678652909637 3.6716238636525786 0
1678652914211 2.233460474927312 0
1678652918638 1.9386304362899658 0
1678652923035 1.8067203160050918 0
1678652927642 1.7160320442498944 0
1678652932124 1.6864317388281254 0
1678652936602 1.6458149730901501 0
1678652941019 1.6316312303360485 0
1678652944791 1.6091505060084004 0
1678652949042 1.5923499613356045 0
1678653009650 3.5961825283608957 0
1678653014105 2.149325648968127 0
1678653018396 1.8954721497046203 0
1678653022818 1.767560166293563 0
1678653027343 1.699062325911731 0
1678653031811 1.6530704461475298 0
1678653036374 1.618144791828695 0
1678653040989 1.6010710885305328 0
1678653044990 1.5843468864734265 0
1678653049538 1.565160773064046 0
1678653109926 3.3836177666294787 0
1678653114310 2.0652105376777863 0
1678653118812 1.8520459374798308 0
1678653123285 1.7502253861100383 0
1678653127674 1.6789974966043304 0
1678653132267 1.6532329142719526 0
1678653136974 1.613471545136365 0
1678653141586 1.5986248960901441 0
1678653146007 1.5886094740984835 0
1678653150315 1.578394472783108 0
1678653211027 3.45195156530954 0
1678653215879 2.195300612794241 0
1678653220667 1.9500426210835806 0
1678653225058 1.8216533251497906 0
1678653230079 1.737252446293021 0
1678653234948 1.6767649710951504 0
1678653239971 1.639268695903163 0
1678653244774 1.6275873696678873 0
1678653249541 1.5985545447905023 0
1678653254374 1.5930907951600026 0
1678653319977 3.694471272367839 0
1678653324756 2.3863117094022246 0
1678653329726 2.056577007736668 0
1678653334448 1.8705069469477822 0
1678653339239 1.7657905533550844 0
1678653344098 1.703537956294342 0
1678653348869 1.6692106988858557 0
1678653353803 1.6328677154750717 0
1678653358651 1.6161932668397279 0
1678653363485 1.602144807705988 0
