1678651414538 4.039785403292626 0
1678651418617 3.9426755267195404 0
1678651422799 4.041144927032292 0
1678651425803 2.907650788780302 0
1678651429578 3.6484756702557206 0
1678651433560 3.845012802630663 0
1678651437226 3.5345541797578335 0
1678651440985 3.6200207700021565 0
1678651444771 3.6633822196163237 0
1678651448619 3.735123885795474 0
1678651512234 4.279312825761735 0
1678651516739 4.367918094154447 0
1678651521133 4.244586484041065 0
1678651525691 4.426746051758528 0
1678651529469 3.642273898702115 0
1678651533749 4.1431610537692904 0
1678651537943 4.064695436041802 0
1678651542332 4.2520363768562675 0
1678651546571 4.103793662041426 0
1678651550780 4.071425153873861 0
1678651611827 4.3844979661516845 0
1678651616134 4.166101972106844 0
1678651620489 4.209334387909621 0
1678651624758 4.108813113067299 0
1678651628639 3.7493771500885487 0
1678651632865 4.095145949162543 0
1678651637248 4.161637922283262 0
1678651641489 4.100142397917807 0
1678651645888 4.2442385400645435 0
1678651650208 4.173165751155466 0
1678651711337 4.532405435107648 0
1678651715865 4.388015733100474 0
1678651720387 4.366200090851635 0
1678651724816 4.284287661779672 0
1678651728800 3.829633907880634 0
1678651733156 4.223664117977023 0
1678651737396 4.102196353022009 0
1678651741867 4.319677829742432 0
1678651746116 4.108420072123408 0
1678651750568 4.301332588773221 0
1678651812001 4.317456773947924 0
1678651816457 4.3140989588573575 0
1678651820867 4.279470214620233 0
1678651825190 4.17821153299883 0
1678651829512 4.16357752121985 0
1678651833875 4.226821147836745 0
1678651838156 4.136379397939891 0
1678651842456 4.160616921726614 0
1678651846679 4.091700215358287 0
1678651851048 4.23479104693979 0
1678651912612 4.220005519222468 0
1678651916752 3.997332099825144 0
1678651921096 4.178736736066639 0
1678651925700 4.445291477255523 0
1678651930053 4.193802942056209 0
1678651934081 3.889459377154708 0
1678651938272 4.063154486939311 0
1678651942504 4.096015755087137 0
1678651946696 4.053647289983928 0
1678651950904 4.076375732198358 0
1678652011101 4.12262377794832 0
1678652015568 4.313201724085957 0
1678652020034 4.326344398781657 0
1678652024492 4.307894355151802 0
1678652028796 4.1477256789803505 0
1678652033058 4.090578197967261 0
1678652037366 4.159834953024983 0
1678652041609 4.090488423127681 0
1678652045922 4.169513738248497 0
1678652050261 4.173099829349667 0
1678652111646 4.391104126814753 0
1678652116204 4.397085485048592 0
1678652120637 4.282071867957711 0
1678652124908 4.134410743135959 0
1678652129258 4.197818670421839 0
1678652133443 4.031409959774464 0
1678652138080 4.48892974993214 0
1678652142551 4.318267934024334 0
1678652146897 4.185925114899874 0
1678652151268 4.230488270986825 0
1678652211026 4.1416166801936924 0
1678652215289 4.109165370929986 0
1678652219682 4.240854050964117 0
1678652223946 4.112908232025802 0
1678652228416 4.325410583987832 0
1678652232591 4.0371097000315785 0
1678652236403 3.679944412317127 0
1678652240614 4.063557883258909 0
1678652244924 4.169262410141528 0
1678652249154 4.094483210705221 0
1678652309612 4.2677221219055355 0
1678652314138 4.3788616000674665 0
1678652318663 4.368169083725661 0
1678652323071 4.260650225915015 0
1678652327523 4.293223820161074 0
1678652332095 4.416995009407401 0
1678652336016 3.7855450063943863 0
1678652340416 4.259515520185232 0
1678652344684 4.127018643543124 0
1678652349026 4.193203492090106 0
1678652409399 4.304537433665246 0
1678652413588 4.023836626205593 0
1678652417826 4.083340815268457 0
1678652422235 4.253775193821639 0
1678652426710 4.326424826867878 0
1678652430988 4.119390548206866 0
1678652435077 3.9316653520800173 0
1678652439672 4.441557127982378 0
1678652444126 4.3024673499166965 0
1678652448556 4.281959048938006 0
1678652508896 4.425190228037536 0
1678652513127 4.069129381328821 0
1678652517542 4.260519467759877 0
1678652521991 4.293688866775483 0
1678652526504 4.35140425292775 0
1678652530938 4.270484255626798 0
1678652535476 4.325591346248984 0
1678652539847 4.229900906793773 0
1678652544329 4.32291705859825 0
1678652548725 4.247461571823806 0
1678652609511 4.312694956082851 0
1678652614020 4.339577658101916 0
1678652618533 4.359270718879998 0
1678652623096 4.406402685679495 0
1678652627394 4.133018320892006 0
1678652631767 4.227543585933745 0
1678652636275 4.351695535238832 0
1678652640005 3.5989139517769217 0
1678652644167 4.034676450304687 0
1678652648549 4.245385218877345 0
1678652709243 4.381002623587847 0
1678652713598 4.221605360973626 0
1678652718157 4.403926383703947 0
1678652722570 4.2629125020466745 0
1678652727078 4.357248082756996 0
1678652731344 4.110540062189102 0
1678652735871 4.372371367178857 0
1678652740139 4.090240099001676 0
1678652744659 4.363628990016878 0
1678652749027 4.224373089615256 0
1678652809812 4.195000499021262 0
1678652814272 4.304943672847003 0
1678652818832 4.377373369876295 0
1678652823135 4.150179909076542 0
1678652827541 4.236684361007065 0
1678652832151 4.452295681927353 0
1678652836733 4.403751529287547 0
1678652841049 4.162232984788716 0
1678652845238 4.036742568016052 0
1678652849595 4.202751483768225 0
1678652909645 4.323022750671953 0
1678652914219 4.428130642976612 0
1678652918646 4.269460590090603 0
1678652923042 4.239175557158887 0
1678652927653 4.45437018526718 0
1678652932132 4.321039873175323 0
1678652936609 4.320070070680231 0
1678652941032 4.27185609890148 0
1678652944805 3.6226019603200257 0
1678652949062 4.0947778769768775 0
1678653009661 4.35952676506713 0
1678653014115 4.300975186750293 0
1678653018408 4.132670774124563 0
1678653022827 4.254652458243072 0
1678653027350 4.371884424239397 0
1678653031821 4.323125209193677 0
1678653036382 4.40183738199994 0
1678653040998 4.439343092031777 0
1678653045001 3.8286048877052963 0
1678653049547 4.389559920877218 0
1678653109934 4.1984798717312515 0
1678653114321 4.2237130086869 0
1678653118827 4.336868928745389 0
1678653123294 4.298070429358631 0
1678653127687 4.2320158262737095 0
1678653132282 4.414434075821191 0
1678653136982 4.536228673066944 0
1678653141601 4.436438601929694 0
1678653146019 4.268954048864543 0
1678653150325 4.1557337790727615 0
1678653211036 4.438654001802206 0
1678653215887 4.662683226168156 0
1678653220681 4.580870799254626 0
1678653225067 4.193421053234488 0
1678653230088 4.826714450959116 0
1678653234965 4.704012907110155 0
1678653239980 4.815158138982952 0
1678653244783 4.60814450122416 0
1678653249550 4.549743918702006 0
1678653254382 4.645905056037009 0
1678653319986 4.375386625993997 0
1678653324764 4.597965057939291 0
1678653329735 4.755647771991789 0
1678653334464 4.533860684838146 0
1678653339249 4.613953006919473 0
1678653344109 4.656100694090128 0
1678653348892 4.572126660030335 0
1678653353812 4.729465392883867 0
1678653358659 4.6415401408448815 0
1678653363496 4.607791766989976 0
