1671654091077 0.9105022831050228 0
1671654095477 0.9792998477929985 0
1671654100476 0.9846270928462709 0
1671654104832 0.9931506849315068 0
1671654109633 0.9901065449010654 0
1671654146195 0.9687806243875122 0
1671654151221 0.9888002239955201 0
1671654156210 0.9889402211955761 0
1671654161271 0.996080078398432 0
1671654166219 0.9953800923981521 0
1671654203865 0.9774604507909842 0
1671654208976 0.990060198796024 0
1671654214424 0.9910401791964161 0
1671654219784 0.994960100797984 0
1671654224662 0.9939801203975921 0
1671654263247 0.9753604927901443 0
1671654268675 0.995520089598208 0
1671654273907 0.995520089598208 0
1671654279125 0.996080078398432 0
1671654284638 0.9953800923981521 0
1671654323387 0.9752204955900882 0
1671654328643 0.994960100797984 0
1671654333607 0.998740025199496 0
1671654338772 0.994260114797704 0
1671654343832 0.997060058798824 0
1671654402983 0.9706005879882402 0
1671654408068 0.99580008399832 0
1671654413056 0.996220075598488 0
1671654418267 0.998180036399272 0
1671654423500 0.99930001399972 0
1671654485298 0.9673806523869523 0
1671654490363 0.995520089598208 0
1671654495832 0.999440011199776 0
1671654500687 0.999160016799664 0
1671654506058 0.9934201315973681 0
1671654568481 0.9683606327873443 0
1671654573863 0.994260114797704 0
1671654579143 0.996360072798544 0
1671654584593 0.998740025199496 0
1671654590215 0.998880022399552 0
1671654695209 0.9675206495870082 0
1671654700456 0.9977600447991041 0
1671654705646 0.995660086798264 0
1671654711039 0.99860002799944 0
1671654716697 0.999580008399832 0
1671654821142 0.9708805823883523 0
1671654827107 0.99790004199916 0
1671654832528 0.996640067198656 0
1671654838055 0.998880022399552 0
1671654843255 0.997340053198936 0
