1671654091097 4.731302376996609 0
1671654095496 4.196929432000616 0
1671654100496 4.777567803001148 0
1671654104839 4.145431277007447 0
1671654109653 4.610332077005296 0
1671654146215 4.698734321995289 0
1671654151242 4.804158563987585 0
1671654156230 4.755926293000812 0
1671654161291 4.847681099010515 0
1671654166227 4.718319193998468 0
1671654203885 5.0399705360032385 0
1671654208996 4.860835247003706 0
1671654214444 5.210760775997187 0
1671654219792 5.092683651993866 0
1671654224683 4.667814853004529 0
1671654263267 5.208106361998944 0
1671654268684 5.147112172999186 0
1671654273916 4.980487810986233 0
1671654279133 4.957147146007628 0
1671654284647 5.279359799998929 0
1671654323408 4.722713087001466 0
1671654328663 5.016193036004552 0
1671654333619 4.709425690001808 0
1671654338781 4.893169369999669 0
1671654343842 4.801572709999164 0
1671654402992 4.876784735999536 0
1671654408078 4.837663393002003 0
1671654413077 4.762915297003929 0
1671654418288 4.943825712005491 0
1671654423509 4.992936003996874 0
1671654485308 5.191059773991583 0
1671654490385 4.816595108000911 0
1671654495842 5.213525757993921 0
1671654500708 4.607722209999338 0
1671654506068 5.102565371998935 0
1671654568492 4.997862486008671 0
1671654573874 5.137135131997638 0
1671654579154 5.013395503992797 0
1671654584602 5.19452698699024 0
1671654590237 5.358281655004248 0
1671654695220 5.352795828002854 0
1671654700467 4.99546490899229 0
1671654705656 4.9370902859955095 0
1671654711049 5.121453704996384 0
1671654716719 5.3875848919997225 0
1671654821164 5.466758470996865 0
1671654827130 5.664433368991013 0
1671654832551 5.147005630002241 0
1671654838077 5.230219521996332 0
1671654843267 4.931072628998663 0
