1679239866411 0.4915079086473802 0
1679239873008 0.14082584949437438 0
1679239879539 0.053686329437328914 0
1679239886292 0.04545308767630514 0
1679239892954 0.04856990566391998 0
1679239899457 0.02006509163581607 0
1679239905928 0.00908112516846769 0
1679239912678 0.005649229837865455 0
1679239919186 0.004315711713286696 0
1679239925544 0.003051311717398476 0
1679239957802 0.5016489296242959 0
1679239975549 0.05641216476016292 0
1679239993041 0.02183164246266753 0
1679240010958 0.01082495909110393 0
1679240028368 0.006382727900395033 0
1679240046265 0.005029249332118325 0
1679240063792 0.0035581952916378745 0
1679240081627 0.0024229124864199904 0
1679240099194 0.002691539327568579 0
1679240116063 0.0021918148872096138 0
1679240147072 1.099149647137014 0
1679240165368 0.15253132333661 0
1679240183631 0.04994186799655237 0
1679240201961 0.018277623145500334 0
1679240220068 0.010461950779710783 0
1679240238588 0.006655115263661506 0
1679240256895 0.005115097610098197 0
1679240275263 0.004347517229787006 0
1679240293269 0.0036635223178408767 0
1679240311338 0.003549456528654867 0
1679240342144 1.322169389957335 0
1679240360838 0.20568548428212724 0
1679240379405 0.061345159612232594 0
1679240398153 0.02390937938059612 0
1679240416624 0.011508734736069129 0
1679240435164 0.009183257360511073 0
1679240453591 0.005734379686665063 0
1679240472182 0.006114507366323889 0
1679240491065 0.005236790920664534 0
1679240509474 0.003524401556507389 0
1679240540846 1.4909337949462054 0
1679240559700 0.23682602698483118 0
1679240578105 0.07780692317500347 0
1679240596842 0.028523977050875744 0
1679240615400 0.013442793560055335 0
1679240634131 0.01139648804588743 0
1679240652893 0.011434993084815399 0
1679240671417 0.007768502081290069 0
1679240690200 0.004709805737294984 0
1679240708961 0.004315633927443541 0
1679240740928 1.6361861779922393 0
1679240760087 0.26227276379742276 0
1679240778714 0.07187318204924828 0
1679240797526 0.02621358173967498 0
1679240816485 0.016944965026227804 0
1679240835129 0.009644461951286692 0
1679240854208 0.007014376952926196 0
1679240873072 0.00531118484696646 0
1679240891861 0.004055296634210319 0
1679240910716 0.0032867756530233637 0
1679240942555 1.7599517553317838 0
1679240961772 0.26921601019254543 0
1679240981107 0.07610600124135977 0
1679241000037 0.028752945470282943 0
1679241019091 0.0171418994494782 0
1679241038099 0.009108762534494262 0
1679241057384 0.0072026257283940185 0
1679241076187 0.0050507363318124925 0
1679241095074 0.004195478155345815 0
1679241113756 0.003960374865124411 0
1679241146296 1.7054924336875357 0
1679241165161 0.29636095355196695 0
1679241184305 0.0923266549299403 0
1679241203487 0.039671350234165424 0
1679241222533 0.01578516582163369 0
1679241241763 0.013520055938875529 0
1679241260692 0.011097567553472956 0
1679241279855 0.006464862961481075 0
1679241299333 0.004929862819930039 0
1679241318530 0.004423285383878776 0
1679241350894 1.8182434698430503 0
1679241370172 0.3003031771902631 0
1679241389668 0.07576786820754046 0
1679241409356 0.03023696736682479 0
1679241429044 0.015354465725036655 0
1679241448608 0.014165158058721117 0
1679241468130 0.0068375566497263385 0
1679241487632 0.006361156586762063 0
1679241507136 0.006375582191934128 0
1679241526259 0.004264633338500905 0
1679241559980 1.98404980868828 0
1679241579567 0.3786847052777686 0
1679241599642 0.10260164900342139 0
1679241619564 0.03362479116767645 0
1679241639500 0.019347041386474924 0
1679241659330 0.012356598230601265 0
1679241679518 0.00868597580574271 0
1679241699457 0.007408275395609075 0
1679241719026 0.006081477992759063 0
1679241739282 0.0073161705158560015 0
1679241772954 2.0364449567911103 0
1679241792564 0.3881696864235692 0
1679241812891 0.10644835981472237 0
1679241832967 0.03727024707080024 0
1679241852935 0.017617368371021458 0
1679241872852 0.011939562728810237 0
1679241892506 0.008410503268355459 0
1679241912221 0.007002948646479082 0
1679241932067 0.005718213644889524 0
1679241952306 0.004652338745015696 0
1679241985886 2.1600700006252382 0
1679242006093 0.48362593120191155 0
1679242026549 0.13486516442059016 0
1679242046726 0.04444319881589674 0
1679242067115 0.023218800586352988 0
1679242087347 0.015232435742211415 0
1679242107409 0.011179074514430107 0
1679242127594 0.008397603176943049 0
1679242147840 0.006552475959448734 0
1679242168373 0.005307702049499423 0
1679242203031 2.2295306441260547 0
1679242223302 0.48586270220395994 0
1679242243632 0.13634616022066373 0
1679242264036 0.04735497882271685 0
1679242284369 0.025701873354250337 0
1679242304994 0.012612061561426012 0
1679242325431 0.011528718437454323 0
1679242346024 0.008657494839280844 0
1679242366781 0.007315183738700864 0
1679242387051 0.007507369988711506 0
1679242422520 2.1606775891490098 0
1679242443086 0.5078474727345677 0
1679242463792 0.15828880377840704 0
1679242484514 0.05480024637881575 0
1679242505276 0.027003500524272278 0
1679242525837 0.017644439262860433 0
1679242546567 0.01513287980200314 0
1679242567092 0.07593524267658501 0
1679242587580 0.021576270742750748 0
1679242607914 0.011451638849429423 0
1679242643181 2.317124250167754 0
1679242664064 0.6070990267323284 0
1679242684923 0.19605404271221744 0
1679242705745 0.08093745598524082 0
1679242726422 0.033696308636629 0
1679242747311 0.018132120386765496 0
1679242768150 0.012911071619246064 0
1679242788857 0.009311760042044448 0
1679242809414 0.008748686186424116 0
1679242830390 0.0070640185183459304 0
1679242866349 2.140447400255901 0
1679242887508 0.4450846256279364 0
1679242908688 0.1250563557827618 0
1679242930009 0.04583298076035046 0
1679242951330 0.024439577731054003 0
1679242972486 0.01649621042150368 0
1679242993414 0.011913656482541161 0
1679243014792 0.00852761849045481 0
1679243035735 0.006858675894554613 0
1679243056810 0.006252003179454222 0
1679243092693 2.370239327012039 0
1679243114041 0.614479862626006 0
1679243135118 0.19643275352512918 0
1679243156287 0.06902251268578012 0
1679243177615 0.03594837059016998 0
1679243199122 0.01982925817165978 0
1679243220938 0.014771170702921908 0
1679243242352 0.011697255484986959 0
1679243264020 0.010407826455491709 0
1679243285397 0.006658740513163006 0
1679243322480 2.2860494174608372 0
1679243344316 0.576264243518434 0
1679243365710 0.19528154583602417 0
1679243387415 0.06759662915293764 0
1679243409383 0.030071523294943135 0
1679243430837 0.01813138023745723 0
1679243452690 0.014698292345671755 0
1679243474359 0.011014698126080741 0
1679243495670 0.008951501037198595 0
1679243517489 0.00692596171993944 0
1679243554675 2.509419145235201 0
1679243576716 0.6748930005038657 0
1679243598694 0.2299458057233473 0
1679243620360 0.07854073258434854 0
1679243642618 0.03497694344827678 0
1679243664578 0.021865864961249072 0
1679243686501 0.01403135546801112 0
1679243708549 0.010019437171427942 0
1679243730406 0.00913338893172672 0
1679243752143 0.00807179781983084 0
1679243789888 2.5699032370637105 0
1679243812034 0.796754468068844 0
1679243834282 0.27300861735896365 0
1679243856696 0.09007819778308636 0
1679243878710 0.046483440329207155 0
1679243900908 0.026884504048744352 0
1679243922841 0.016204249095625994 0
1679243944783 0.0137968969679006 0
1679243967113 0.010227041439971 0
1679243989045 0.007906076373964004 0
