1679239866417 6.633513113018125 0
1679239873015 6.461988709983416 0
1679239879546 6.3962224120041355 0
1679239886298 6.628506820008624 0
1679239892960 6.5299292189884 0
1679239899462 6.372397745028138 0
1679239905936 6.3339606240042485 0
1679239912686 6.606388811022043 0
1679239919194 6.379507757956162 0
1679239925553 6.2300880800466985 0
1679239957807 17.4964797560242 0
1679239975557 17.612965448002797 0
1679239993048 17.323107644042466 0
1679240010968 17.781895615975372 0
1679240028373 17.23035331995925 0
1679240046270 17.76469249103684 0
1679240063798 17.391090682009235 0
1679240081633 17.70257904200116 0
1679240099200 17.422015992051456 0
1679240116071 16.733116707997397 0
1679240147079 18.080160984012764 0
1679240165376 18.156070172961336 0
1679240183643 18.118213757988997 0
1679240201968 18.17618005600525 0
1679240220077 17.959403129003476 0
1679240238597 18.37599458999466 0
1679240256901 18.160312866966706 0
1679240275271 18.22296374599682 0
1679240293275 17.860089821973816 0
1679240311346 17.926836950995494 0
1679240342151 18.009075233945623 0
1679240360848 18.55227083299542 0
1679240379412 18.421651870012283 0
1679240398162 18.608501643990166 0
1679240416633 18.3209431169671 0
1679240435170 18.400876297964714 0
1679240453599 18.28403773799073 0
1679240472191 18.462197981018107 0
1679240491071 18.730507166008465 0
1679240509483 18.266808399988804 0
1679240540854 18.47450300102355 0
1679240559713 18.703469800995663 0
1679240578113 18.257365329016466 0
1679240596850 18.600808535004035 0
1679240615412 18.412887548969593 0
1679240634138 18.585406221973244 0
1679240652898 18.611426336981822 0
1679240671428 18.378622552962042 0
1679240690211 18.640924271021504 0
1679240708969 18.61329485999886 0
1679240740933 18.623188005993143 0
1679240760093 19.000617637997493 0
1679240778723 18.48187111702282 0
1679240797534 18.665180562995374 0
1679240816497 18.799208024982363 0
1679240835136 18.501519193989225 0
1679240854216 18.934283262991812 0
1679240873078 18.715175087971147 0
1679240891868 18.645329834951553 0
1679240910725 18.69463819201337 0
1679240942562 18.780762079986744 0
1679240961781 19.0753923280281 0
1679240981117 19.187149327015504 0
1679241000052 18.767723680997733 0
1679241019097 18.891134520003106 0
1679241038108 18.864006338000763 0
1679241057392 19.129782891017385 0
1679241076192 18.66421920096036 0
1679241095086 18.738749354030006 0
1679241113768 18.532679596042726 0
1679241146304 18.77910432300996 0
1679241165171 18.71566630603047 0
1679241184314 18.992094827990513 0
1679241203496 19.030811909004115 0
1679241222540 18.882595405040774 0
1679241241769 19.08578507899074 0
1679241260701 18.783725921995938 0
1679241279861 19.027975197008345 0
1679241299340 19.328802028030623 0
1679241318537 19.056526014988776 0
1679241350911 19.079283986007795 0
1679241370179 19.119794872007333 0
1679241389676 19.35443328000838 0
1679241409365 19.53653411200503 0
1679241429051 19.536051582021173 0
1679241448618 19.423292942985427 0
1679241468138 19.364669404982124 0
1679241487642 19.356979955045972 0
1679241507143 19.33875325700501 0
1679241526274 18.965236787043978 0
1679241559986 19.706108117999975 0
1679241579575 19.436460628989153 0
1679241599652 19.915835958963726 0
1679241619575 19.760163008992095 0
1679241639509 19.781266547972336 0
1679241659340 19.68405454902677 0
1679241679526 20.03842016402632 0
1679241699463 19.798959726991598 0
1679241719036 19.428733254026156 0
1679241739291 20.099249574006535 0
1679241772962 19.83044194401009 0
1679241792571 19.456490517011844 0
1679241812901 20.18014262797078 0
1679241832974 19.922879348974675 0
1679241852944 19.820229867997114 0
1679241872860 19.76671480195364 0
1679241892517 19.503712592006195 0
1679241912228 19.568790029967204 0
1679241932076 19.698917225992773 0
1679241952314 20.08876001997851 0
1679241985894 19.86471386498306 0
1679242006102 20.063115470984485 0
1679242026563 20.29640064999694 0
1679242046735 20.02130045800004 0
1679242067124 20.237071946030483 0
1679242087356 20.07567032496445 0
1679242107422 19.915944815962575 0
1679242127601 20.030898512981366 0
1679242147850 20.098351590975653 0
1679242168382 20.378741156018805 0
1679242203042 20.58084189298097 0
1679242223321 20.10566803801339 0
1679242243644 20.160333049017936 0
1679242264052 20.25395501300227 0
1679242284377 20.17243456299184 0
1679242305002 20.465093667968176 0
1679242325438 20.288461615040433 0
1679242346033 20.445542928006034 0
1679242366791 20.545125771022867 0
1679242387058 20.1189491560217 0
1679242422534 20.717192579992115 0
1679242443094 20.416963271040004 0
1679242463801 20.554332019994035 0
1679242484523 20.560186852992047 0
1679242505285 20.613690672966186 0
1679242525846 20.40559413196752 0
1679242546575 20.581958114984445 0
1679242567101 20.373352031980176 0
1679242587587 20.33910255000228 0
1679242607921 20.182922992971726 0
1679242643190 20.846413182967808 0
1679242664073 20.723071726970375 0
1679242684934 20.70395760703832 0
1679242705753 20.65325319801923 0
1679242726435 20.519187862984836 0
1679242747320 20.709611725003924 0
1679242768162 20.688738781027496 0
1679242788877 20.552125187998172 0
1679242809427 20.3852925709798 0
1679242830410 20.81219093198888 0
1679242866357 20.912987150950357 0
1679242887516 21.0126911639818 0
1679242908696 21.018010714033153 0
1679242930017 21.172777786036022 0
1679242951341 21.167999404948205 0
1679242972496 21.00046895100968 0
1679242993426 20.763766117976047 0
1679243014803 21.201323683024384 0
1679243035748 20.799942581972573 0
1679243056818 20.914634789980482 0
1679243092702 21.272940157039557 0
1679243114058 21.197206073033158 0
1679243135129 20.910490687005222 0
1679243156298 21.004516682995018 0
1679243177623 21.16901437600609 0
1679243199144 21.347753019013908 0
1679243220946 21.646003571979236 0
1679243242363 21.264265035046265 0
1679243264031 21.499887540005147 0
1679243285406 21.221846344007645 0
1679243322488 21.50034215900814 0
1679243344328 21.675474593997933 0
1679243365719 21.23302472702926 0
1679243387424 21.54271723201964 0
1679243409393 21.804459492967 0
1679243430848 21.288345664041117 0
1679243452699 21.688415929034818 0
1679243474380 21.50540050404379 0
1679243495678 21.136501440952998 0
1679243517506 21.661313933029305 0
1679243554686 21.562074801011477 0
1679243576724 21.872000101022422 0
1679243598702 21.82002944604028 0
1679243620370 21.501879493007436 0
1679243642627 22.09517985302955 0
1679243664587 21.794421750993934 0
1679243686515 21.75836341001559 0
1679243708562 21.878888888983056 0
1679243730415 21.698500966012944 0
1679243752152 21.58061068103416 0
1679243789899 21.82786937401397 0
1679243812043 21.99472522898577 0
1679243834291 22.091915536031593 0
1679243856706 22.257574934978038 0
1679243878720 21.842246121028438 0
1679243900923 22.038348053989466 0
1679243922850 21.769096876028925 0
1679243944792 21.77734131400939 0
1679243967123 22.168310366978403 0
1679243989056 21.773566298012156 0
