1679239866400 0.8439024390243902 0
1679239872996 0.948780487804878 0
1679239879528 0.9853658536585366 0
1679239886286 0.9844512195121952 0
1679239892943 0.9850609756097561 0
1679239899446 0.9954268292682927 0
1679239905915 0.9990853658536586 0
1679239912666 0.999390243902439 0
1679239919175 0.999390243902439 0
1679239925531 0.9996951219512196 0
1679239957789 0.8923780487804878 0
1679239975537 0.9852134146341464 0
1679239993029 0.994359756097561 0
1679240010946 0.9980182926829269 0
1679240028364 0.999390243902439 0
1679240046254 0.9989329268292683 0
1679240063780 0.9995426829268292 0
1679240081616 0.9998475609756098 0
1679240099182 0.9998475609756098 0
1679240116051 0.9996951219512196 0
1679240147060 0.7673780487804878 0
1679240165358 0.9594512195121951 0
1679240183617 0.9905487804878049 0
1679240201949 0.9975609756097561 0
1679240220055 0.998780487804878 0
1679240238575 0.9996951219512196 0
1679240256884 0.9996951219512196 0
1679240275251 0.9995426829268292 0
1679240293259 0.9998475609756098 0
1679240311326 0.9996951219512196 0
1679240342134 0.7022865853658536 0
1679240360822 0.9434451219512195 0
1679240379393 0.988109756097561 0
1679240398142 0.9964939024390244 0
1679240416611 0.9996951219512196 0
1679240435152 0.9996951219512196 0
1679240453580 0.9998475609756098 0
1679240472171 0.999390243902439 0
1679240491054 0.9995426829268292 0
1679240509464 0.9995426829268292 0
1679240540834 0.6908536585365853 0
1679240559688 0.9396341463414634 0
1679240578093 0.9824695121951219 0
1679240596831 0.9966463414634147 0
1679240615382 0.9996951219512196 0
1679240634121 0.9990853658536586 0
1679240652880 0.9983231707317073 0
1679240671401 0.999390243902439 0
1679240690188 0.9998475609756098 0
1679240708951 0.9998475609756098 0
1679240740917 0.6582317073170731 0
1679240760075 0.9332317073170732 0
1679240778700 0.9878048780487805 0
1679240797515 0.9980182926829269 0
1679240816469 0.9981707317073171 0
1679240835116 0.9995426829268292 0
1679240854196 0.9998475609756098 0
1679240873063 0.9998475609756098 0
1679240891850 1.0 0
1679240910702 1.0 0
1679240942547 0.6535060975609757 0
1679240961760 0.931859756097561 0
1679240981092 0.9850609756097561 0
1679241000017 0.9978658536585366 0
1679241019081 0.9992378048780488 0
1679241038088 0.9996951219512196 0
1679241057372 0.9998475609756098 0
1679241076178 1.0 0
1679241095052 0.9998475609756098 0
1679241113745 0.9998475609756098 0
1679241146285 0.6414634146341464 0
1679241165144 0.9193597560975609 0
1679241184293 0.9818597560975609 0
1679241203476 0.9948170731707318 0
1679241222523 0.9990853658536586 0
1679241241751 0.9984756097560976 0
1679241260678 0.9992378048780488 0
1679241279844 1.0 0
1679241299323 1.0 0
1679241318519 0.9996951219512196 0
1679241350882 0.6289634146341463 0
1679241370160 0.9219512195121952 0
1679241389657 0.9885670731707317 0
1679241409341 0.9972560975609757 0
1679241429033 0.998780487804878 0
1679241448598 0.9983231707317073 0
1679241468118 1.0 0
1679241487621 1.0 0
1679241507125 0.9995426829268292 0
1679241526244 1.0 0
1679241559968 0.5946646341463414 0
1679241579555 0.8966463414634146 0
1679241599627 0.980640243902439 0
1679241619541 0.9967987804878049 0
1679241639485 0.9989329268292683 0
1679241659315 0.9992378048780488 0
1679241679504 0.9996951219512196 0
1679241699448 0.9995426829268292 0
1679241719012 0.9995426829268292 0
1679241739271 0.999390243902439 0
1679241772943 0.5849085365853659 0
1679241792552 0.8911585365853658 0
1679241812877 0.9804878048780488 0
1679241832955 0.9963414634146341 0
1679241852923 0.9992378048780488 0
1679241872839 0.9995426829268292 0
1679241892491 0.9998475609756098 0
1679241912210 0.9998475609756098 0
1679241932055 1.0 0
1679241952297 1.0 0
1679241985872 0.5547256097560975 0
1679242006081 0.8692073170731708 0
1679242026535 0.975 0
1679242046711 0.9957317073170732 0
1679242067103 0.998780487804878 0
1679242087333 0.9992378048780488 0
1679242107398 0.9996951219512196 0
1679242127583 0.9996951219512196 0
1679242147827 0.9998475609756098 0
1679242168357 0.9996951219512196 0
1679242203015 0.5286585365853659 0
1679242223284 0.8675304878048781 0
1679242243617 0.9746951219512195 0
1679242264023 0.9945121951219512 0
1679242284356 0.9986280487804878 0
1679242304980 0.9998475609756098 0
1679242325420 0.9992378048780488 0
1679242346010 0.9995426829268292 0
1679242366769 0.9995426829268292 0
1679242387039 0.9995426829268292 0
1679242422506 0.5390243902439025 0
1679242443074 0.8606707317073171 0
1679242463778 0.9647865853658537 0
1679242484502 0.9935975609756098 0
1679242505263 0.9978658536585366 0
1679242525821 0.9983231707317073 0
1679242546553 0.9984756097560976 0
1679242567080 0.9835365853658536 0
1679242587569 0.9975609756097561 0
1679242607902 0.9992378048780488 0
1679242643166 0.48628048780487804 0
1679242664053 0.8221036585365854 0
1679242684910 0.9506097560975609 0
1679242705733 0.9832317073170732 0
1679242726406 0.995579268292683 0
1679242747297 0.998780487804878 0
1679242768142 0.9992378048780488 0
1679242788846 0.999390243902439 0
1679242809399 0.9996951219512196 0
1679242830377 0.999390243902439 0
1679242866338 0.5602134146341463 0
1679242887497 0.8751524390243902 0
1679242908675 0.9739329268292682 0
1679242929997 0.9934451219512195 0
1679242951316 0.9978658536585366 0
1679242972471 0.998780487804878 0
1679242993396 0.9995426829268292 0
1679243014768 0.9996951219512196 0
1679243035722 0.9998475609756098 0
1679243056799 0.9996951219512196 0
1679243092678 0.49100609756097563 0
1679243114028 0.8216463414634146 0
1679243135100 0.9542682926829268 0
1679243156269 0.9897865853658536 0
1679243177603 0.995579268292683 0
1679243199102 0.998780487804878 0
1679243220927 0.9990853658536586 0
1679243242336 0.9995426829268292 0
1679243264003 0.9995426829268292 0
1679243285382 1.0 0
1679243322470 0.5160060975609756 0
1679243344301 0.8367378048780488 0
1679243365698 0.9542682926829268 0
1679243387404 0.9908536585365854 0
1679243409370 0.9983231707317073 0
1679243430818 0.9986280487804878 0
1679243452680 0.999390243902439 0
1679243474337 0.9996951219512196 0
1679243495658 0.9998475609756098 0
1679243517476 0.9998475609756098 0
1679243554657 0.4454268292682927 0
1679243576702 0.8109756097560976 0
1679243598682 0.9446646341463415 0
1679243620344 0.9891768292682926 0
1679243642607 0.9967987804878049 0
1679243664564 0.9989329268292683 0
1679243686484 0.9998475609756098 0
1679243708526 1.0 0
1679243730392 0.9996951219512196 0
1679243752132 0.9998475609756098 0
1679243789867 0.4342987804878049 0
1679243812024 0.7611280487804878 0
1679243834270 0.9301829268292683 0
1679243856684 0.9853658536585366 0
1679243878694 0.993140243902439 0
1679243900893 0.9978658536585366 0
1679243922832 0.9992378048780488 0
1679243944772 0.9992378048780488 0
1679243967102 0.999390243902439 0
1679243989028 0.9998475609756098 0
