1672492333331 3.704996281012427 0
1672492337038 3.5165325819980353 0
1672492340816 3.6105555899994215 0
1672492344650 3.6671405119996052 0
1672492348689 3.8695594320015516 0
1672492383804 4.245706268004142 0
1672492387989 3.988035536996904 0
1672492392278 4.096179273008602 0
1672492396318 3.8417413380084326 0
1672492401102 4.592309002997354 0
1672492436363 4.080673476011725 0
1672492440791 4.228168568995898 0
1672492444911 3.917190556996502 0
1672492449173 4.055268212003284 0
1672492453469 4.102834541001357 0
1672492489353 3.8986033969995333 0
1672492493961 4.418807840003865 0
1672492498298 4.128400151996175 0
1672492503073 4.582116837002104 0
1672492507261 3.9849315080064116 0
1672492562989 4.072878883001977 0
1672492567516 4.322318601000006 0
1672492571829 4.081883147999179 0
1672492576795 4.760736832002294 0
1672492581363 4.372282312993775 0
1672492637391 4.313904096008628 0
1672492642474 4.879731170003652 0
1672492647008 4.320076053001685 0
1672492651580 4.346773376004421 0
1672492656419 4.619537089994992 0
1672492716229 4.3987473099987255 0
1672492721009 4.55694661999587 0
1672492725817 4.5948645239986945 0
1672492730625 4.571059010006138 0
1672492735626 4.773530014004791 0
1672492839767 4.783258775991271 0
1672492844666 4.667213913999149 0
1672492849611 4.693892332012183 0
1672492854515 4.686412328999722 0
1672492859544 4.789494793993072 0
1672492963234 4.69028272399737 0
1672492968203 4.742075317000854 0
1672492973117 4.67547728100908 0
1672492978226 4.888471116006258 0
1672492982933 4.466923929998302 0
