1672492333327 0.2535286997999185 0
1672492337034 0.06398106795116193 0
1672492340812 0.05217207957575129 0
1672492344646 0.020241450049518925 0
1672492348685 0.03621482005389974 0
1672492383800 0.16891747303088014 0
1672492387985 0.041119880087104675 0
1672492392274 0.04529758448757249 0
1672492396314 0.01359969912868462 0
1672492401098 0.01611006027596061 0
1672492436359 0.0918269000875105 0
1672492440787 0.030677140059595504 0
1672492444907 0.028765144181896345 0
1672492449169 0.020498206815203195 0
1672492453465 0.019905173314463315 0
1672492489349 0.1043431819541098 0
1672492493957 0.015412337684853415 0
1672492498294 0.017509933494135214 0
1672492503068 0.01365393823519963 0
1672492507257 0.013587444146228398 0
1672492562985 0.13831847433058692 0
1672492567511 0.021572810458306217 0
1672492571825 0.006322124765680125 0
1672492576790 0.021818901587309075 0
1672492581359 0.016172075247006517 0
1672492637387 0.13446571977398888 0
1672492642469 0.010117550900183936 0
1672492647004 0.023050617998392395 0
1672492651575 0.006759063225290136 0
1672492656415 0.0012314798596327994 0
1672492716225 0.1962948850480297 0
1672492721001 0.008807050040799399 0
1672492725812 0.01402489082727496 0
1672492730620 0.013157677469298142 0
1672492735621 0.006919917883188467 0
1672492839762 0.164198324137478 0
1672492844661 0.006599937025445723 0
1672492849606 0.0022553677527269423 0
1672492854510 0.0007149775478278855 0
1672492859539 0.016260494445687574 0
1672492963229 0.21859360409017334 0
1672492968197 0.019664635653514322 0
1672492973112 0.010784613214432932 0
1672492978221 0.003737327319255631 0
1672492982928 0.0028024246489432793 0
