1680226729682 0.9947643979057592 0
1680226744291 1.0 0
1680226758680 1.0 0
1680226773050 1.0 0
1680226787694 1.0 0
1680226801849 1.0 0
1680226816242 1.0 0
1680226830571 1.0 0
1680226844880 1.0 0
1680226859008 1.0 0
1680226888885 0.9993593394077449 0
1680226917020 1.0 0
1680226946868 1.0 0
1680226976144 1.0 0
1680227005260 1.0 0
1680227035670 1.0 0
1680227064541 1.0 0
1680227093355 1.0 0
1680227122450 1.0 0
1680227151435 1.0 0
1680227182290 0.999133949191686 0
1680227211388 1.0 0
1680227240247 1.0 0
1680227269203 1.0 0
1680227297454 1.0 0
1680227326992 1.0 0
1680227355083 1.0 0
1680227383653 1.0 0
1680227413121 1.0 0
1680227442321 1.0 0
1680227472747 0.9989730046948356 0
1680227500807 1.0 0
1680227528830 1.0 0
1680227557246 1.0 0
1680227585525 1.0 0
1680227614478 1.0 0
1680227642815 1.0 0
1680227671552 1.0 0
1680227699850 1.0 0
1680227728545 1.0 0
1680227756167 0.9999162198391421 0
1680227781264 1.0 0
1680227806491 0.9994973190348525 0
1680227831528 1.0 0
1680227856533 1.0 0
1680227882121 1.0 0
1680227906978 1.0 0
1680227932884 1.0 0
1680227958798 1.0 0
1680227984796 1.0 0
1680228021671 0.9853933891992551 0
1680228056990 0.992725791433892 0
1680228092789 0.9934241154562383 0
1680228127871 0.9954027001862198 0
1680228163068 0.9947625698324022 0
1680228198794 0.9990689013035382 0
1680228233744 0.9925512104283054 0
1680228269237 0.996101024208566 0
1680228304845 0.9983705772811918 0
1680228340335 0.9967411545623837 0
1680228366430 0.9969579646017699 0
1680228389737 0.9985250737463127 0
1680228413121 0.998801622418879 0
1680228436861 1.0 0
1680228459916 1.0 0
1680228482588 1.0 0
1680228505778 1.0 0
1680228529509 1.0 0
1680228552464 1.0 0
1680228575441 1.0 0
1680228588398 0.9726216814159292 0
1680228597790 0.9917035398230089 0
1680228606898 0.9975110619469026 0
1680228616339 0.9975110619469026 0
1680228625702 0.9980641592920354 0
1680228634948 0.9994469026548672 0
1680228644297 0.9975110619469026 0
1680228653580 0.9972345132743363 0
1680228663053 1.0 0
1680228672533 0.9969579646017699 0
1680228703732 0.9898182957393483 0
1680228730693 0.9963189223057645 0
1680228757710 0.9944392230576441 0
1680228784461 0.9975720551378446 0
1680228811384 0.9977286967418546 0
1680228838323 0.9983552631578947 0
1680228865247 0.9993734335839599 0
1680228892217 0.9989035087719298 0
1680228919059 0.9998433583959899 0
1680228946130 0.9989035087719298 0
1680228959603 0.9719036697247706 0
1680228968739 0.9988532110091743 0
1680228977801 1.0 0
1680228985804 1.0 0
1680228995078 1.0 0
1680229004285 1.0 0
1680229013293 0.9997133027522935 0
1680229022424 1.0 0
1680229031723 0.9988532110091743 0
1680229040526 0.9977064220183486 0
1680229054624 0.9624399038461539 0
1680229063358 0.9984975961538461 0
1680229071815 0.9969951923076923 0
1680229080600 0.9990985576923077 0
1680229089349 1.0 0
1680229098094 1.0 0
1680229106880 1.0 0
1680229115580 1.0 0
1680229124646 1.0 0
1680229133315 1.0 0
1680229146721 0.9654447115384616 0
1680229155750 0.9930889423076923 0
1680229164530 0.9945913461538461 0
1680229173513 0.9993990384615384 0
1680229182384 0.9990985576923077 0
1680229191175 1.0 0
1680229200191 0.9975961538461539 0
1680229209143 0.9930889423076923 0
1680229217997 0.9990985576923077 0
1680229227037 0.9993990384615384 0
1680229240732 0.9951923076923077 0
1680229249403 0.9984975961538461 0
1680229258155 0.9987980769230769 0
1680229266660 1.0 0
1680229275428 0.9981971153846154 0
1680229284466 0.99609375 0
1680229293233 1.0 0
1680229302194 0.9996995192307693 0
1680229311201 0.9969951923076923 0
1680229320014 1.0 0
