1680226729698 15.849903053996968 0
1680226744309 14.326566964002268 0
1680226758699 14.096947999001713 0
1680226773068 14.072193513005914 0
1680226787717 14.34665490500629 0
1680226801867 13.858041585997853 0
1680226816268 14.099070416996256 0
1680226830589 14.01798966199567 0
1680226844896 14.00867307500448 0
1680226859030 13.842462374996103 0
1680226888907 28.714142305994756 0
1680226917040 27.82240621699748 0
1680226946884 29.52714162000484 0
1680226976163 28.981029624999792 0
1680227005279 28.812276238997583 0
1680227035685 30.09872298999835 0
1680227064576 28.571917008004675 0
1680227093371 28.493565556003887 0
1680227122470 28.79237674899923 0
1680227151456 28.702702459995635 0
1680227182313 29.233872449003684 0
1680227211410 28.795321826000873 0
1680227240265 28.548064280999824 0
1680227269227 28.666685614000016 0
1680227297482 27.931735553996987 0
1680227327011 29.225912715999584 0
1680227355101 27.794081974003348 0
1680227383670 28.258861299000273 0
1680227413138 29.162992361998477 0
1680227442339 28.893666312003916 0
1680227472769 28.53099605099851 0
1680227500826 27.741511938002077 0
1680227528851 27.723836536002636 0
1680227557265 28.107095835999644 0
1680227585543 27.986462813998514 0
1680227614498 28.649975317006465 0
1680227642829 28.027450572000816 0
1680227671578 28.427199913996446 0
1680227699872 27.987622681001085 0
1680227728573 28.39240523099579 0
1680227756186 25.296325729999808 0
1680227781283 24.79369414899702 0
1680227806515 24.932060086001 0
1680227831555 24.733716714996262 0
1680227856554 24.68366719700134 0
1680227882134 25.290587941999547 0
1680227907000 24.563334874997963 0
1680227932907 25.590866505997838 0
1680227958823 25.609668306999083 0
1680227984818 25.702830700996856 0
1680228021692 34.483952087000944 0
1680228057009 34.97949083599815 0
1680228092807 35.49054139699729 0
1680228127886 34.767880606006656 0
1680228163094 34.87918867499684 0
1680228198821 35.38601502399979 0
1680228233764 34.62563000500086 0
1680228269259 35.168190146003326 0
1680228304862 35.27301227799762 0
1680228340356 35.167247550001775 0
1680228366467 22.924104299003375 0
1680228389761 22.99300363400107 0
1680228413145 23.084874654996383 0
1680228436892 23.449659960002464 0
1680228459930 22.753364181000507 0
1680228482610 22.37355276299786 0
1680228505796 22.89387583200005 0
1680228529529 23.42408683800022 0
1680228552484 22.65714081600163 0
1680228575462 22.66814903500199 0
1680228588418 9.339786403004837 0
1680228597809 9.128331501000503 0
1680228606925 8.859646072000032 0
1680228616365 9.151564540996333 0
1680228625721 9.09442176000448 0
1680228634972 8.988020673998108 0
1680228644311 9.091571011995256 0
1680228653615 9.017210860998603 0
1680228663074 9.186795552996045 0
1680228672566 9.200889796004049 0
1680228703752 26.946839593998448 0
1680228730723 26.652193563000765 0
1680228757726 26.70669219899719 0
1680228784502 26.454832855997665 0
1680228811404 26.590567850995285 0
1680228838346 26.621270579002157 0
1680228865273 26.614688460998877 0
1680228892248 26.670242481995956 0
1680228919074 26.524854949995643 0
1680228946148 26.77706570400187 0
1680228959621 9.137984702996619 0
1680228968761 8.886121213996375 0
1680228977829 8.784385373000987 0
1680228985823 7.6200870479951845 0
1680228995096 9.010396512006992 0
1680229004303 8.941457447996072 0
1680229013313 8.752551518999098 0
1680229022444 8.850805338995997 0
1680229031749 9.023607549002918 0
1680229040555 8.52057028299896 0
1680229054645 8.532253838006 0
1680229063387 8.487281435001933 0
1680229071839 8.185543655999936 0
1680229080622 8.50693953299924 0
1680229089370 8.488625213001797 0
1680229098130 8.478103897003166 0
1680229106906 8.471410660000402 0
1680229115599 8.449820467998507 0
1680229124672 8.796031878002395 0
1680229133344 8.405026495005586 0
1680229146752 8.554078446999483 0
1680229155771 8.725762276997557 0
1680229164550 8.516222119993472 0
1680229173539 8.719582999001432 0
1680229182406 8.606796581996605 0
1680229191192 8.524261352002213 0
1680229200211 8.738201685999229 0
1680229209168 8.677741343999514 0
1680229218018 8.587019643004169 0
1680229227056 8.775153741997201 0
1680229240752 8.835635132003517 0
1680229249424 8.403004863001115 0
1680229258175 8.479751071005012 0
1680229266687 8.220707488006155 0
1680229275454 8.513687878999917 0
1680229284487 8.765352317001089 0
1680229293263 8.506729664994054 0
1680229302214 8.68974549700215 0
1680229311221 8.727647787003662 0
1680229320038 8.55237837900495 0
