1680213128434 0.9888743455497382 0
1680213141788 1.0 0
1680213155133 0.9995909685863874 0
1680213168723 1.0 0
1680213182196 1.0 0
1680213195968 1.0 0
1680213209198 1.0 0
1680213222727 1.0 0
1680213236214 1.0 0
1680213249529 1.0 0
1680213279957 0.9994305239179955 0
1680213300247 1.0 0
1680213320021 0.9999288154897494 0
1680213339988 1.0 0
1680213359589 1.0 0
1680213379916 1.0 0
1680213400232 1.0 0
1680213419247 1.0 0
1680213439108 1.0 0
1680213459826 1.0 0
1680213495947 0.999133949191686 0
1680213518860 1.0 0
1680213542067 1.0 0
1680213564778 1.0 0
1680213587652 1.0 0
1680213608655 1.0 0
1680213631950 1.0 0
1680213654764 1.0 0
1680213677418 1.0 0
1680213700599 1.0 0
1680213739229 0.9994131455399061 0
1680213764968 1.0 0
1680213790452 1.0 0
1680213815938 1.0 0
1680213841499 1.0 0
1680213866905 1.0 0
1680213892325 0.9999266431924883 0
1680213917613 1.0 0
1680213942758 1.0 0
1680213968362 1.0 0
1680214007224 0.9999162198391421 0
1680214031891 1.0 0
1680214056621 1.0 0
1680214081952 0.9999162198391421 0
1680214107160 1.0 0
1680214131948 1.0 0
1680214157264 1.0 0
1680214182163 1.0 0
1680214206579 1.0 0
1680214231417 1.0 0
1680214281679 0.9871391992551211 0
1680214319697 0.9969739292364991 0
1680214357311 0.9994762569832403 0
1680214395432 0.9998836126629422 0
1680214433533 1.0 0
1680214471480 1.0 0
1680214509359 0.9999418063314711 0
1680214547396 1.0 0
1680214585952 1.0 0
1680214624657 1.0 0
1680214668657 0.9965892330383481 0
1680214695796 0.9996312684365781 0
1680214722922 0.9997234513274337 0
1680214749408 0.9998156342182891 0
1680214776804 0.9999078171091446 0
1680214803817 0.9998156342182891 0
1680214830776 1.0 0
1680214857531 1.0 0
1680214884408 1.0 0
1680214911562 1.0 0
1680214935390 0.964325221238938 0
1680214946636 0.9944690265486725 0
1680214958056 0.9972345132743363 0
1680214969339 0.9991703539823009 0
1680214980438 1.0 0
1680214991953 0.9997234513274337 0
1680215003233 1.0 0
1680215014914 0.9977876106194691 0
1680215026424 1.0 0
1680215037736 0.9997234513274337 0
1680215079868 0.9900532581453634 0
1680215116474 0.9993734335839599 0
1680215152888 0.9995300751879699 0
1680215189233 1.0 0
1680215225513 1.0 0
1680215261595 1.0 0
1680215297904 0.999921679197995 0
1680215333809 1.0 0
1680215370340 1.0 0
1680215406510 1.0 0
1680215433727 0.9716169724770642 0
1680215446203 0.9997133027522935 0
1680215458546 0.9997133027522935 0
1680215470848 1.0 0
1680215483271 1.0 0
1680215495709 1.0 0
1680215508081 1.0 0
1680215520644 1.0 0
1680215532936 1.0 0
1680215545347 1.0 0
1680215564594 0.98828125 0
1680215577199 0.9990985576923077 0
1680215589565 0.9996995192307693 0
1680215602212 1.0 0
1680215614556 1.0 0
1680215627122 1.0 0
1680215639338 1.0 0
1680215652067 1.0 0
1680215664515 1.0 0
1680215676802 1.0 0
1680215697649 0.9696514423076923 0
1680215710590 0.9975961538461539 0
1680215723653 0.9993990384615384 0
1680215736717 1.0 0
1680215749922 0.9993990384615384 0
1680215762959 0.9990985576923077 0
1680215775781 1.0 0
1680215788963 1.0 0
1680215802083 1.0 0
1680215814792 1.0 0
1680215835263 0.9954927884615384 0
1680215849138 0.9984975961538461 0
1680215862638 0.9984975961538461 0
1680215876208 1.0 0
1680215889717 1.0 0
1680215903179 1.0 0
1680215916918 1.0 0
1680215930621 1.0 0
1680215944177 1.0 0
1680215958088 1.0 0
