1680213128454 15.002859298998374 0
1680213141819 13.036891381001624 0
1680213155152 13.016195051000977 0
1680213168747 13.277787986997282 0
1680213182213 13.14988268900197 0
1680213195989 13.459775306997471 0
1680213209217 12.924379653995857 0
1680213222744 13.219436872001097 0
1680213236230 13.172867327004496 0
1680213249554 12.99716225899465 0
1680213279981 19.465011291998962 0
1680213300265 19.975617557000078 0
1680213320040 19.44362011799967 0
1680213340007 19.652842235002026 0
1680213359601 19.28427112499776 0
1680213379936 20.00576297599764 0
1680213400262 20.007354161003605 0
1680213419270 18.69412778900005 0
1680213439131 19.538123808997625 0
1680213459844 20.395243541002856 0
1680213495966 22.558212754993292 0
1680213518883 22.59222303199931 0
1680213542087 22.90463572600129 0
1680213564796 22.412934276995657 0
1680213587675 22.562957473004644 0
1680213608674 20.686936301994137 0
1680213631979 22.978436336001323 0
1680213654783 22.47895193399745 0
1680213677438 22.340978180000093 0
1680213700617 22.860112287002266 0
1680213739250 25.379995686002076 0
1680213764985 25.427234089002013 0
1680213790472 25.178202263996354 0
1680213815965 25.16555657400022 0
1680213841523 25.229738428002747 0
1680213866930 25.093822495000495 0
1680213892349 25.112954494994483 0
1680213917643 24.987548896999215 0
1680213942781 24.82656407399918 0
1680213968381 25.279838890994142 0
1680214007247 25.04820782999741 0
1680214031918 24.369247927999822 0
1680214056647 24.381482838994998 0
1680214081968 25.012759485005517 0
1680214107179 24.919296526000835 0
1680214131970 24.504377033998026 0
1680214157293 24.97811722800543 0
1680214182183 24.592221191000135 0
1680214206605 24.111708992997592 0
1680214231436 24.53226605799864 0
1680214281697 37.78910170999734 0
1680214319726 37.67735698699835 0
1680214357331 37.2613256859986 0
1680214395450 37.794985658998485 0
1680214433554 37.76809868399869 0
1680214471502 37.61061422200146 0
1680214509383 37.53289644399774 0
1680214547414 37.689100532996235 0
1680214585987 38.2336878510032 0
1680214624675 38.358590379000816 0
1680214668683 26.222711889000493 0
1680214695822 26.818145983997965 0
1680214722942 26.816305606997048 0
1680214749430 26.073010808999243 0
1680214776818 27.09279993599921 0
1680214803835 26.6934840219983 0
1680214830808 26.661999537005613 0
1680214857550 26.439091947002453 0
1680214884430 26.590649124002084 0
1680214911589 26.854522558001918 0
1680214935420 11.099653974997636 0
1680214946665 10.940585560005275 0
1680214958079 11.133652999000333 0
1680214969364 11.021657845994923 0
1680214980461 10.829323972000566 0
1680214991973 11.244788001997222 0
1680215003268 10.997424998997303 0
1680215014933 11.404813669003488 0
1680215026457 11.23262138300197 0
1680215037755 11.03708459399786 0
1680215079897 35.492152596998494 0
1680215116503 36.302944302005926 0
1680215152913 36.0977933450049 0
1680215189259 36.03049442300107 0
1680215225544 35.95862284099712 0
1680215261619 35.75768854200578 0
1680215297933 35.979313065996394 0
1680215333835 35.59074545799376 0
1680215370365 36.21866515000147 0
1680215406529 35.86633712400362 0
1680215433747 12.084291886996652 0
1680215446221 12.19581407399528 0
1680215458566 12.077981055001146 0
1680215470870 12.036146015001577 0
1680215483292 12.162468053000339 0
1680215495735 12.178449639999599 0
1680215508099 12.093273252998188 0
1680215520668 12.293702385999495 0
1680215532957 12.017488365003373 0
1680215545376 12.148897710998426 0
1680215564614 12.244249729003059 0
1680215577232 12.330057480001415 0
1680215589600 12.039895891000924 0
1680215602237 12.365750676006428 0
1680215614583 12.069253467001545 0
1680215627144 12.299856801000715 0
1680215639359 11.947176308996859 0
1680215652086 12.459373824000068 0
1680215664533 12.185384058000636 0
1680215676824 12.026993200001016 0
1680215697677 13.327189388000988 0
1680215710610 12.676071317997412 0
1680215723681 12.791767877999519 0
1680215736745 12.772171326003445 0
1680215749945 12.903958255999896 0
1680215762975 12.766373651000322 0
1680215775805 12.568250752003223 0
1680215788990 12.9017649219968 0
1680215802102 12.813966233996325 0
1680215814813 12.450206313995295 0
1680215835283 12.98922106599639 0
1680215849165 13.60788587499701 0
1680215862671 13.223815486999229 0
1680215876242 13.272262812002737 0
1680215889737 13.219147267001972 0
1680215903199 13.186964118001924 0
1680215916946 13.47412595100468 0
1680215930640 13.424989945997368 0
1680215944196 13.297360708005726 0
1680215958131 13.635482650002814 0
