1680213128446 0.028860572361431806 0
1680213141803 0.0012270708914040266 0
1680213155145 0.0011568708207707926 0
1680213168738 0.00048649158122473433 0
1680213182206 0.00035928617821976555 0
1680213195978 0.0002121116775739039 0
1680213209210 0.00018011220422117706 0
1680213222738 0.00016511210715679898 0
1680213236223 0.00013955829010576235 0
1680213249541 8.911574733694712e-05 0
1680213279970 0.001980818895729505 0
1680213300258 0.0001682589374031978 0
1680213320033 0.0002471494363298875 0
1680213340000 6.898695729497026e-05 0
1680213359595 6.248969990417844e-05 0
1680213379928 4.496220136867301e-05 0
1680213400250 6.225451602740722e-05 0
1680213419261 3.537677037377644e-05 0
1680213439122 6.675133832261473e-05 0
1680213459837 5.537252729535481e-05 0
1680213495958 0.00540319362865661 0
1680213518873 0.00010417831891923635 0
1680213542079 9.148690867750365e-05 0
1680213564790 6.441862773332466e-05 0
1680213587664 2.9744838939243977e-05 0
1680213608667 3.348116460256594e-05 0
1680213631962 2.556980947196276e-05 0
1680213654776 5.582532078375891e-05 0
1680213677429 1.8125205062589915e-05 0
1680213700610 2.022278098008783e-05 0
1680213739239 0.0029199234826276705 0
1680213764979 0.00016077757462952503 0
1680213790464 0.00010157600412530072 0
1680213815954 5.3685993356031734e-05 0
1680213841513 5.1837361622972634e-05 0
1680213866918 0.00013193439079920178 0
1680213892338 0.00036695255098367934 0
1680213917626 5.6568128978333416e-05 0
1680213942771 8.893785934160277e-05 0
1680213968372 1.6034494588928948e-05 0
1680214007238 0.0005989169898574906 0
1680214031902 7.972316529013483e-05 0
1680214056636 3.511500625761826e-05 0
1680214081961 0.00010522407254958532 0
1680214107172 3.729726288097469e-05 0
1680214131961 2.4073687793570475e-05 0
1680214157278 3.503320051998005e-05 0
1680214182173 1.8422241444522172e-05 0
1680214206592 2.8068303696905524e-05 0
1680214231428 1.4911414538116014e-05 0
1680214281690 0.045117944519961636 0
1680214319712 0.008349945872711368 0
1680214357323 0.002258406131090216 0
1680214395443 0.0007685141464179053 0
1680214433545 0.0002669489761211993 0
1680214471492 0.00021950011455670288 0
1680214509374 0.0002883644364529866 0
1680214547407 0.00019500229674161191 0
1680214585972 0.00012707767231644933 0
1680214624669 0.0001387144964252981 0
1680214668672 0.012553449387655544 0
1680214695812 0.0014040697715567132 0
1680214722934 0.0007262978771776404 0
1680214749420 0.00040811044438728364 0
1680214776812 0.0005795514946982023 0
1680214803828 0.00045957804767484555 0
1680214830793 0.00020990011676358093 0
1680214857542 9.009060961576206e-05 0
1680214884420 9.58245311674889e-05 0
1680214911577 8.082318782031496e-05 0
1680214935406 0.16826352739877395 0
1680214946655 0.013878211897318313 0
1680214958072 0.005732286248240976 0
1680214969354 0.0031953881069025193 0
1680214980449 0.0008313639286946221 0
1680214991965 0.0008511968531112179 0
1680215003255 0.0006646759508590243 0
1680215014926 0.0056096851934917865 0
1680215026440 0.0004568331982372267 0
1680215037747 0.0017618168858783958 0
1680215079883 0.04289252022600775 0
1680215116487 0.002606621908876207 0
1680215152902 0.002425061648374279 0
1680215189248 0.000503133902840321 0
1680215225532 0.00035409256801321955 0
1680215261609 0.00039002953740134414 0
1680215297921 0.0003946982122803653 0
1680215333824 0.00025607769111729226 0
1680215370356 0.0002712887204293031 0
1680215406522 0.00026250504460425015 0
1680215433739 0.1693259524280278 0
1680215446214 0.0013431447348237003 0
1680215458558 0.0011489783611827863 0
1680215470862 0.0005291380861842441 0
1680215483283 0.0004298792885768082 0
1680215495720 0.0003641308863367458 0
1680215508092 0.00033197962837037417 0
1680215520658 0.00037012951688332604 0
1680215532949 0.00044853583756842815 0
1680215545360 0.00037120809469376307 0
1680215564605 0.054123151654493995 0
1680215577220 0.00330720561396447 0
1680215589589 0.0015309615589033526 0
1680215602227 0.0009213126406673557 0
1680215614572 0.0008283626915587005 0
1680215627133 0.0005499037383392883 0
1680215639352 0.0005941219572447992 0
1680215652078 0.0007741431386071221 0
1680215664526 0.00040702562350466347 0
1680215676816 0.00038156653625684645 0
1680215697664 0.1087439414723821 0
1680215710602 0.008969054206458028 0
1680215723670 0.005117027925734874 0
1680215736734 0.0015249399005439885 0
1680215749936 0.0021353922893467825 0
1680215762967 0.002512260077380163 0
1680215775792 0.0009565141103499067 0
1680215788975 0.0008060766807690156 0
1680215802093 0.000893691294130314 0
1680215814804 0.0005222669091241327 0
1680215835275 0.015234820453490382 0
1680215849149 0.004584270519374583 0
1680215862656 0.004504742187866493 0
1680215876230 0.0006829251136738234 0
1680215889729 0.0006569476413110701 0
1680215903191 0.0006385114997661171 0
1680215916935 0.0006002214571568542 0
1680215930631 0.0006843514476293841 0
1680215944188 0.0005275708549911192 0
1680215958109 0.00042826392214360216 0
