1680104296644 0.8599696635410922 0
1680104371425 0.9527199393270822 0
1680104446866 0.9569429123000551 0
1680104522895 0.9630102040816326 0
1680104596628 0.9709735245449531 0
1680104671360 0.9756963596249311 0
1680104743696 0.9793332873690016 0
1680104816997 0.9822979867622724 0
1680104891879 0.9846938775510204 0
1680104965763 0.9875206839492554 0
1680105017398 0.3091376582278481 0
1680105027412 0.3235759493670886 0
1680105037610 0.32674050632911394 0
1680105047586 0.32496044303797467 0
1680105057591 0.33247626582278483 0
1680105067596 0.3275316455696203 0
1680105077742 0.32852056962025317 0
1680105087581 0.3326740506329114 0
1680105097323 0.3303006329113924 0
1680105107186 0.3344541139240506 0
1680105141389 0.15150316455696203 0
1680105151523 0.15684335443037975 0
1680105161056 0.15565664556962025 0
1680105171126 0.15981012658227847 0
1680105181353 0.16000791139240506 0
1680105191147 0.15565664556962025 0
1680105201262 0.16119462025316456 0
1680105211143 0.16119462025316456 0
1680105220768 0.16020569620253164 0
1680105230837 0.16159018987341772 0
1680105265140 0.10344145569620253 0
1680105275138 0.10621044303797468 0
1680105285419 0.10284810126582279 0
1680105295277 0.10284810126582279 0
1680105305463 0.10265031645569621 0
1680105315647 0.1038370253164557 0
1680105325902 0.10561708860759493 0
1680105335899 0.10581487341772151 0
1680105345995 0.10522151898734178 0
1680105356281 0.10363924050632911 0
1680105390892 0.07772943037974683 0
1680105401204 0.07911392405063292 0
1680105411372 0.07733386075949367 0
1680105421725 0.07733386075949367 0
1680105431901 0.07990506329113924 0
1680105442211 0.0793117088607595 0
1680105452140 0.07792721518987342 0
1680105462292 0.078125 0
1680105472489 0.07852056962025317 0
1680105482509 0.07674050632911393 0
1680105518268 0.06230221518987342 0
1680105528441 0.06329113924050633 0
1680105538669 0.06408227848101265 0
1680105548810 0.0646756329113924 0
1680105558892 0.06447784810126582 0
1680105568851 0.0636867088607595 0
1680105578762 0.06151107594936709 0
1680105589088 0.06329113924050633 0
1680105599222 0.06309335443037975 0
1680105609165 0.06388449367088607 0
1680105645511 0.05227987421383648 0
1680105655584 0.052476415094339625 0
1680105665888 0.052476415094339625 0
1680105676014 0.0532625786163522 0
1680105686182 0.0532625786163522 0
1680105696691 0.052476415094339625 0
1680105706926 0.0514937106918239 0
1680105717352 0.052869496855345914 0
1680105727582 0.052476415094339625 0
1680105737765 0.0532625786163522 0
1680105774939 0.04588607594936709 0
1680105785340 0.0446993670886076 0
1680105795668 0.04509493670886076 0
1680105805773 0.044501582278481014 0
1680105816130 0.046083860759493674 0
1680105826549 0.0446993670886076 0
1680105836799 0.04509493670886076 0
1680105846957 0.04410601265822785 0
1680105857200 0.04489715189873418 0
1680105867266 0.04410601265822785 0
1680105905164 0.03916139240506329 0
1680105915295 0.03817246835443038 0
1680105925515 0.037776898734177215 0
1680105935626 0.03955696202531646 0
1680105945808 0.03856803797468354 0
1680105955533 0.038765822784810125 0
1680105965456 0.038765822784810125 0
1680105975595 0.039359177215189875 0
1680105985691 0.039359177215189875 0
1680105996092 0.039359177215189875 0
1680106034501 0.03481012658227848 0
1680106044876 0.0334256329113924 0
1680106055270 0.0334256329113924 0
1680106065570 0.03401898734177215 0
1680106075567 0.03382120253164557 0
1680106085784 0.034612341772151896 0
1680106095717 0.034216772151898736 0
1680106106097 0.03382120253164557 0
1680106116290 0.034612341772151896 0
1680106126523 0.03382120253164557 0
1680106166220 0.030078125 0
1680106176427 0.0294921875 0
1680106186866 0.029296875 0
1680106197324 0.030078125 0
1680106207769 0.0291015625 0
1680106218377 0.03046875 0
1680106228967 0.030078125 0
1680106239211 0.029296875 0
1680106249640 0.0298828125 0
1680106260290 0.03046875 0
1680106300363 0.02578125 0
1680106310823 0.025390625 0
1680106321081 0.026171875 0
1680106331445 0.025 0
1680106341693 0.025390625 0
1680106352046 0.0251953125 0
1680106362506 0.0248046875 0
1680106372920 0.025 0
1680106383157 0.0259765625 0
1680106393669 0.0255859375 0
1680106434873 0.0220125786163522 0
1680106445172 0.021816037735849055 0
1680106455226 0.021816037735849055 0
1680106465591 0.02161949685534591 0
1680106475987 0.022602201257861634 0
1680106486139 0.02240566037735849 0
1680106496454 0.02240566037735849 0
1680106506998 0.021816037735849055 0
1680106517317 0.0220125786163522 0
1680106527440 0.021422955974842766 0
1680106569630 0.019604037267080744 0
1680106580192 0.01999223602484472 0
1680106591005 0.020186335403726708 0
1680106601797 0.019798136645962732 0
1680106612503 0.019215838509316772 0
1680106623164 0.020186335403726708 0
1680106633636 0.01999223602484472 0
1680106644354 0.02096273291925466 0
1680106654804 0.019409937888198756 0
1680106665171 0.019798136645962732 0
1680106707958 0.01819620253164557 0
1680106718565 0.01720727848101266 0
1680106728999 0.01661392405063291 0
1680106739440 0.017998417721518986 0
1680106749759 0.01819620253164557 0
1680106760154 0.01740506329113924 0
1680106770330 0.016811708860759493 0
1680106780726 0.01740506329113924 0
1680106791343 0.01720727848101266 0
1680106801701 0.01720727848101266 0
1680106845053 0.01641613924050633 0
1680106855362 0.01641613924050633 0
1680106865717 0.016218354430379747 0
1680106876238 0.016020569620253163 0
1680106886745 0.01661392405063291 0
1680106896980 0.016218354430379747 0
1680106907334 0.016811708860759493 0
1680106917680 0.01661392405063291 0
1680106928123 0.016811708860759493 0
1680106938475 0.01661392405063291 0
1680106982650 0.015031645569620253 0
1680106993103 0.015229430379746835 0
1680107003492 0.01483386075949367 0
1680107013809 0.015031645569620253 0
1680107024308 0.015427215189873418 0
1680107034694 0.015229430379746835 0
1680107045162 0.01483386075949367 0
1680107055546 0.015822784810126583 0
1680107065825 0.015031645569620253 0
1680107076025 0.01483386075949367 0
1680107121570 0.014853395061728395 0
1680107132078 0.014660493827160493 0
1680107142645 0.01427469135802469 0
1680107153227 0.015239197530864198 0
1680107163932 0.015046296296296295 0
1680107174434 0.014467592592592593 0
1680107184916 0.014853395061728395 0
1680107195494 0.015046296296296295 0
1680107206083 0.015046296296296295 0
1680107216732 0.01408179012345679 0
1680107263334 0.013392857142857142 0
1680107273713 0.014751552795031056 0
1680107284293 0.013392857142857142 0
1680107294841 0.01358695652173913 0
1680107305305 0.014169254658385094 0
1680107315911 0.013975155279503106 0
1680107326536 0.013004658385093168 0
1680107337115 0.013392857142857142 0
1680107347808 0.013392857142857142 0
1680107358476 0.014169254658385094 0
1680107405589 0.012578616352201259 0
1680107416137 0.012971698113207548 0
1680107426617 0.012382075471698114 0
1680107437019 0.011988993710691825 0
1680107447358 0.012578616352201259 0
1680107457704 0.012775157232704403 0
1680107467990 0.012775157232704403 0
1680107478487 0.01179245283018868 0
1680107488838 0.01218553459119497 0
1680107499537 0.012382075471698114 0
