1680104296655 0.10260520959237023 0
1680104371439 0.03727261358779591 0
1680104446880 0.029527418091441146 0
1680104522908 0.024621364687529883 0
1680104596644 0.020292997175942688 0
1680104671372 0.017454509659371325 0
1680104743710 0.015388065251039924 0
1680104817013 0.013797156691405577 0
1680104891894 0.012419474819117475 0
1680104965774 0.011066029361211344 0
1680105017413 0.07518812840733724 0
1680105027430 0.06536542979080844 0
1680105037618 0.06418934080726173 0
1680105047598 0.06295147061913828 0
1680105057608 0.061553801574944694 0
1680105067613 0.061897314177189446 0
1680105077759 0.06128035510501152 0
1680105087599 0.06146361017481813 0
1680105097335 0.060961740221120886 0
1680105107204 0.0602639647601526 0
1680105141407 0.050043585751488616 0
1680105151539 0.03966777163404453 0
1680105161067 0.038323463830813954 0
1680105171143 0.03758481294771397 0
1680105181373 0.0368210560895644 0
1680105191165 0.03637378959315298 0
1680105201276 0.03549014355492177 0
1680105211160 0.03533972291971404 0
1680105220786 0.034869781483106224 0
1680105230849 0.03442569789506165 0
1680105265159 0.0400762758600891 0
1680105275158 0.03344345635062532 0
1680105285430 0.03307864093221724 0
1680105295289 0.032269504955745765 0
1680105305478 0.031081961824476152 0
1680105315666 0.029674324472257985 0
1680105325914 0.030340262052096143 0
1680105335917 0.029418307733780975 0
1680105346014 0.02935842051512644 0
1680105356293 0.029061942717909246 0
1680105390908 0.03093142154968426 0
1680105401216 0.029602782930471475 0
1680105411390 0.029937049892695643 0
1680105421739 0.029176471413030654 0
1680105431913 0.02920519482474067 0
1680105442230 0.027957532938003918 0
1680105452159 0.0282784508971521 0
1680105462311 0.028761476069052196 0
1680105472508 0.02819791396997303 0
1680105482528 0.028151501839556083 0
1680105518282 0.028865603753660297 0
1680105528461 0.02831332380824451 0
1680105538679 0.02757025622067195 0
1680105548830 0.027816689375764394 0
1680105558908 0.027865159967796333 0
1680105568872 0.027723362483673648 0
1680105578768 0.027431866973402757 0
1680105589106 0.027826680943275554 0
1680105599242 0.028271912933103268 0
1680105609174 0.02778945330978383 0
1680105645523 0.027406283528339 0
1680105655604 0.026746848636195534 0
1680105665899 0.026848501124589134 0
1680105676026 0.02676030140627855 0
1680105686194 0.026624764160563547 0
1680105696703 0.026767250736179592 0
1680105706940 0.02661980543016169 0
1680105717371 0.02648705755120272 0
1680105727601 0.026591970175270388 0
1680105737777 0.026290662730194675 0
1680105774952 0.02283781825541224 0
1680105785353 0.022788330420403728 0
1680105795682 0.023116194448563495 0
1680105805784 0.022711927928855714 0
1680105816149 0.023087439777129154 0
1680105826560 0.022450784012038684 0
1680105836804 0.022647859634760813 0
1680105846977 0.02261269761579512 0
1680105857212 0.022578452976090433 0
1680105867278 0.022467726134235345 0
1680105905175 0.023197654454933502 0
1680105915306 0.023276991750219765 0
1680105925537 0.02339507311087432 0
1680105935639 0.023296728627048905 0
1680105945819 0.02311371482873359 0
1680105955555 0.023274218878720568 0
1680105965469 0.02267006533279355 0
1680105975606 0.02314203583246356 0
1680105985714 0.023355032122823634 0
1680105996102 0.023015352113384614 0
1680106034518 0.021144805708900094 0
1680106044889 0.02156564624555692 0
1680106055293 0.021120990924183514 0
1680106065582 0.021263341006787517 0
1680106075580 0.02116593936328552 0
1680106085805 0.020980126973052945 0
1680106095725 0.021240824974979026 0
1680106106110 0.020753581401054995 0
1680106116302 0.021109372415709534 0
1680106126536 0.021013141500681072 0
1680106166232 0.02030560279090423 0
1680106176446 0.020282308879541234 0
1680106186873 0.02028876171389129 0
1680106197335 0.020202449965290727 0
1680106207779 0.020018663386872505 0
1680106218400 0.020335171825718135 0
1680106228979 0.02013264985580463 0
1680106239225 0.02044503818906378 0
1680106249661 0.02027101189014502 0
1680106260306 0.020098285435233267 0
1680106300375 0.02038806675118394 0
1680106310836 0.02051181165588787 0
1680106321094 0.02060763218032662 0
1680106331456 0.02031665555841755 0
1680106341706 0.020347988547291605 0
1680106352059 0.02057439814816462 0
1680106362520 0.020466382543963844 0
1680106372942 0.020376037395908497 0
1680106383169 0.02026584366976749 0
1680106393681 0.02023612174380105 0
1680106434885 0.019434356997551035 0
1680106445184 0.019758738408966352 0
1680106455238 0.019036705019948242 0
1680106465604 0.01953603570062503 0
1680106475994 0.01919078353042685 0
1680106486151 0.019215823057453212 0
1680106496464 0.01910621237812224 0
1680106507010 0.019076503303675156 0
1680106517328 0.019125121462586447 0
1680106527453 0.01886200478575749 0
1680106569638 0.018232852081704585 0
1680106580215 0.017724103237912986 0
1680106591027 0.01820075381200136 0
1680106601820 0.01759634692487972 0
1680106612514 0.017624816718447654 0
1680106623175 0.01789921867915701 0
1680106633646 0.017790182330211776 0
1680106644367 0.01788578033071266 0
1680106654815 0.017991228127470296 0
1680106665179 0.017954749614868013 0
1680106707966 0.01715724145156579 0
1680106718588 0.016745011227889153 0
1680106729011 0.016771853247162283 0
1680106739452 0.016853156710291115 0
1680106749771 0.016972541151851227 0
1680106760162 0.01701399302139548 0
1680106770342 0.01696521381087177 0
1680106780741 0.01649556487144407 0
1680106791355 0.016822927152513985 0
1680106801708 0.017117232978756575 0
1680106845066 0.018672088094798353 0
1680106855374 0.018893462985966215 0
1680106865736 0.01835054701748245 0
1680106876250 0.01855417697607905 0
1680106886753 0.018301222557378816 0
1680106896992 0.018370816277788034 0
1680106907356 0.018304060593459615 0
1680106917694 0.01822231644086681 0
1680106928145 0.018350685632764065 0
1680106938486 0.018321252657878626 0
1680106982673 0.01957066862584575 0
1680106993126 0.01927035754175173 0
1680107003504 0.019228265793180637 0
1680107013821 0.01920468898053882 0
1680107024322 0.018928896149478947 0
1680107034706 0.019140334216335528 0
1680107045179 0.01925764360193965 0
1680107055557 0.01900929311891617 0
1680107065836 0.01862413861163998 0
1680107076036 0.01873801046793785 0
1680107121580 0.019176298772548266 0
1680107132087 0.01919526990537566 0
1680107142671 0.019571044401806077 0
1680107153239 0.018893483574904592 0
1680107163945 0.01919578214428951 0
1680107174447 0.01896050487598979 0
1680107184928 0.019229052390006406 0
1680107195506 0.0190468038558776 0
1680107206095 0.019008662781597657 0
1680107216746 0.018863421284168222 0
1680107263346 0.017967743596628956 0
1680107273727 0.017998313748202523 0
1680107284308 0.01764267645429195 0
1680107294854 0.01795825710005318 0
1680107305316 0.018199421255704687 0
1680107315923 0.017976671894028875 0
1680107326547 0.01789391236032666 0
1680107337139 0.01771398386281701 0
1680107347816 0.017656000400459546 0
1680107358494 0.018018277778481105 0
1680107405601 0.01949492657451697 0
1680107416146 0.01960393541592097 0
1680107426632 0.019129780062573886 0
1680107437031 0.01919084554245262 0
1680107447382 0.01916013629931324 0
1680107457717 0.01950124681651967 0
1680107468001 0.019139472597261082 0
1680107478499 0.018884480186978227 0
1680107488851 0.01914232938239972 0
1680107499549 0.01909957629622622 0
