1679868205643 0.07968303457621544 0
1679868263426 0.03013055896407068 0
1679868323948 0.021683687330389004 0
1679868382289 0.01899048634344299 0
1679868440292 0.016236180236333136 0
1679868498827 0.011056819949741057 0
1679868556981 0.011505061247776286 0
1679868615849 0.009445576841691384 0
1679868673756 0.008775985421193289 0
1679868731678 0.008203501496860171 0
1679868752554 0.9378522589743844 0
1679868758201 0.05511450894073889 0
1679868763986 0.016287006945772606 0
1679868769523 0.023804866362514027 0
1679868775104 0.013487457241628342 0
1679868780942 0.007090432751898952 0
1679868786930 0.015043801891575144 0
1679868792619 0.008239449670500575 0
1679868798352 0.001994556548044439 0
1679868804259 0.003159726324261478 0
1679868825282 0.7326346615881553 0
1679868831069 0.08476129942904907 0
1679868836815 0.039272149755774075 0
1679868842663 0.01985082554340127 0
1679868848585 0.023378021272291383 0
1679868854491 0.02617089277507899 0
1679868860498 0.06393977096985304 0
1679868866163 0.01320290063837315 0
1679868871891 0.005652808135809292 0
1679868877780 0.002233048372008385 0
1679868899122 0.9640699834774586 0
1679868905089 0.17503912239447797 0
1679868911078 0.06474637507673496 0
1679868916752 0.03965593123577974 0
1679868922590 0.03224843949044161 0
1679868928340 0.045751676949962954 0
1679868934099 0.01415600157322597 0
1679868939888 0.04205976725644706 0
1679868945723 0.023275239313939735 0
1679868951364 0.019173293083417496 0
1679868973449 0.73833607281503 0
1679868979156 0.16126247557991813 0
1679868984869 0.03388420313489973 0
1679868990625 0.022859307758789877 0
1679868996495 0.04454816328757351 0
1679869002334 0.012818435625276223 0
1679869008149 0.007968319733369462 0
1679869014111 0.013952635370264853 0
1679869019914 0.01155118625532843 0
1679869025792 0.0343560983084525 0
1679869048907 0.6833074065006297 0
1679869054653 0.14831605853490795 0
1679869060626 0.031106993148983145 0
1679869066588 0.01123907064918701 0
1679869072453 0.016400798642547735 0
1679869078439 0.03792093686737385 0
1679869084123 0.017379077148564865 0
1679869090086 0.010542423056018458 0
1679869095764 0.006178316386241011 0
1679869101776 0.010115428880434998 0
1679869124575 0.6988648932976608 0
1679869130517 0.257934404579063 0
1679869136184 0.09064129390449993 0
1679869142160 0.04361792490440143 0
1679869148063 0.024895134257110697 0
1679869154137 0.018988821276759278 0
1679869160215 0.01740042687665867 0
1679869166139 0.08968477411278125 0
1679869171957 0.03017806125909367 0
1679869177781 0.021692748960938354 0
1679869201774 0.873146612071142 0
1679869207520 0.2712401427262261 0
1679869213432 0.07738008600992217 0
1679869219332 0.028088724278659733 0
1679869225168 0.030755115784594143 0
1679869231163 0.018357172951993624 0
1679869236901 0.025575803826691106 0
1679869242832 0.015412879271150528 0
1679869248588 0.019690757301939112 0
1679869254411 0.04826428311426491 0
1679869278937 0.5219966780350143 0
1679869284825 0.1097705003695025 0
1679869290740 0.031770471897778714 0
1679869296688 0.024632955997355887 0
1679869302638 0.021759907227734715 0
1679869308724 0.022318269405790087 0
1679869314665 0.02700852775470475 0
1679869320565 0.02654187705441656 0
1679869326341 0.03996861155615133 0
1679869332260 0.009577205370922513 0
1679869357658 0.7224839429885515 0
1679869363544 0.1862402370869053 0
1679869369572 0.09163528269679003 0
1679869375477 0.06690202091742099 0
1679869381399 0.03264491301600351 0
1679869387305 0.018545451733482925 0
1679869393108 0.06299388307684751 0
1679869399013 0.025504675465122237 0
1679869405053 0.014739850970900616 0
1679869410890 0.03312730547699881 0
1679869435901 0.5307441809873572 0
1679869441578 0.12543584800034527 0
1679869447236 0.03763793971603037 0
1679869453038 0.020519389548677613 0
1679869459023 0.019287042114506346 0
1679869464824 0.03746750606361983 0
1679869470829 0.018903586291754065 0
1679869476773 0.0062795614891598345 0
1679869482491 0.01639863927050295 0
1679869488409 0.011647381418864997 0
1679869514587 0.40720385771449064 0
1679869520514 0.0920608470289421 0
1679869526692 0.01925376560136359 0
1679869532851 0.005846502917376066 0
1679869539177 0.0047721427706606525 0
1679869545507 0.005223954390335635 0
1679869551988 0.007033421033194981 0
1679869558258 0.045359399515841 0
1679869563727 0.04083950956064716 0
1679869569733 0.05713026700767708 0
1679869596897 0.8804565439220468 0
1679869603000 0.27209432930438554 0
1679869608959 0.08471773965955252 0
1679869614894 0.04773145072937885 0
1679869620795 0.023574229438220663 0
1679869626672 0.026539725368187682 0
1679869632467 0.027851945946622797 0
1679869638270 0.022545203613375423 0
1679869644078 0.04205264680836754 0
1679869649983 0.046925475189693845 0
1679869678182 0.6511052882471847 0
1679869684265 0.1740557513776912 0
1679869690477 0.04805019770646171 0
1679869696259 0.021210851201724508 0
1679869702274 0.011150253551018292 0
1679869708159 0.015866638289531738 0
1679869713977 0.009211460215374894 0
1679869719934 0.006122029322926929 0
1679869726050 0.010785097727474768 0
1679869732033 0.025467129712998835 0
1679869759747 0.5347583858848279 0
1679869765770 0.1396812351742278 0
1679869771661 0.027846407467018216 0
1679869777638 0.014537902278119031 0
1679869783417 0.009467034877640026 0
1679869789366 0.005232624952145778 0
1679869795190 0.0065722982244364155 0
1679869801041 0.0064699285628126305 0
1679869807170 0.028704678595652577 0
1679869813206 0.035014887878903014 0
1679869841007 0.5226456187768636 0
1679869846897 0.12498164801535028 0
1679869852851 0.02379564641934334 0
1679869858971 0.01112160284006123 0
1679869865187 0.0078307940658508 0
1679869870960 0.006365130626585341 0
1679869876865 0.005759739944848124 0
1679869883096 0.018235670508202864 0
1679869888852 0.06531230132164532 0
1679869894916 0.02829742842889552 0
1679869923963 0.7988903299504118 0
1679869929826 0.2403584373268214 0
1679869935938 0.04773555619885092 0
1679869942013 0.03786143843091936 0
1679869947851 0.015290477852937084 0
1679869953893 0.01649207586548871 0
1679869959821 0.011791737493621774 0
1679869965921 0.01959037871381614 0
1679869971810 0.04179448649975593 0
1679869977743 0.022986859066702663 0
1679870008911 0.7928613418162423 0
1679870014905 0.20266574115936392 0
1679870020881 0.04089568631812431 0
1679870027007 0.025051741662884756 0
1679870032865 0.012724875913383976 0
1679870038667 0.00987221239251615 0
1679870044664 0.018153490758284995 0
1679870050547 0.011462001425317546 0
1679870056671 0.006343239330833087 0
1679870062840 0.007352594438841418 0
1679870093388 0.7495341820707901 0
1679870099365 0.21465545656441606 0
1679870105403 0.05069999961560307 0
1679870111505 0.029161849813355362 0
1679870117502 0.01579458043926582 0
1679870123433 0.01108671454311348 0
1679870129423 0.07487994876825359 0
1679870135560 0.027227196192457982 0
1679870141765 0.009299302233192303 0
1679870147491 0.012222805652465817 0
1679870178673 1.3515064792274603 0
1679870184781 0.604939851786805 0
1679870190969 0.2896268937460393 0
1679870197040 0.15220442341472934 0
1679870203106 0.0800038112753046 0
1679870209265 0.06543892679642056 0
1679870215224 0.05188826011267189 0
1679870221264 0.033964927482734684 0
1679870227101 0.03180691635551191 0
1679870233208 0.03754175428782878 0
