1679868205648 57.49521003407426 0
1679868263431 57.285759343067184 0
1679868323953 60.0165270389989 0
1679868382300 57.844434856204316 0
1679868440301 57.479021850042045 0
1679868498839 58.01712462096475 0
1679868556988 57.6609452359844 0
1679868615857 58.367235359037295 0
1679868673763 57.38782981899567 0
1679868731684 57.40659999498166 0
1679868752559 5.593212359817699 0
1679868758214 5.479108181083575 0
1679868763991 5.62147720111534 0
1679868769528 5.365148526849225 0
1679868775110 5.422777186846361 0
1679868780948 5.669628900941461 0
1679868786936 5.819970442913473 0
1679868792624 5.504260247107595 0
1679868798357 5.575823583872989 0
1679868804265 5.744373390916735 0
1679868825288 5.613402938935906 0
1679868831078 5.60111401299946 0
1679868836821 5.560354636050761 0
1679868842667 5.6849811968859285 0
1679868848590 5.769619965925813 0
1679868854497 5.72263956698589 0
1679868860503 5.835634300019592 0
1679868866169 5.490378404967487 0
1679868871897 5.549307008041069 0
1679868877787 5.710921043064445 0
1679868899128 5.634709702106193 0
1679868905094 5.803065742133185 0
1679868911084 5.815575738903135 0
1679868916760 5.486214824952185 0
1679868922596 5.664788238005713 0
1679868928346 5.577625941950828 0
1679868934107 5.584404879016802 0
1679868939894 5.599494131049141 0
1679868945728 5.657035120064393 0
1679868951369 5.471847702981904 0
1679868973455 5.629143166122958 0
1679868979164 5.513196303974837 0
1679868984874 5.524425944080576 0
1679868990635 5.566832970129326 0
1679868996500 5.685483059147373 0
1679869002340 5.660831997171044 0
1679869008157 5.634290368994698 0
1679869014116 5.772449449868873 0
1679869019925 5.615274156909436 0
1679869025799 5.687339622993022 0
1679869048912 5.651048349915072 0
1679869054661 5.564478748012334 0
1679869060633 5.767012502998114 0
1679869066593 5.786425729980692 0
1679869072459 5.686890792101622 0
1679869078445 5.812915300950408 0
1679869084132 5.5095297649968415 0
1679869090091 5.772862032055855 0
1679869095775 5.481583557091653 0
1679869101781 5.8172789418604225 0
1679869124581 5.786733024055138 0
1679869130524 5.762883429881185 0
1679869136189 5.485468172002584 0
1679869142167 5.801609018119052 0
1679869148070 5.722365704132244 0
1679869154143 5.88341769692488 0
1679869160221 5.896964204963297 0
1679869166146 5.754243358038366 0
1679869171964 5.63154148706235 0
1679869177787 5.630681935930625 0
1679869201780 5.718037883983925 0
1679869207526 5.57445387984626 0
1679869213444 5.7234788639470935 0
1679869219337 5.712440810166299 0
1679869225174 5.659609204158187 0
1679869231170 5.8012100050691515 0
1679869236907 5.550800917902961 0
1679869242839 5.7620243888814 0
1679869248594 5.5798636130057275 0
1679869254418 5.650127717992291 0
1679869278943 6.07029665610753 0
1679869284832 5.710623705992475 0
1679869290748 5.725322033045813 0
1679869296701 5.736310028005391 0
1679869302644 5.752539539942518 0
1679869308730 5.894151570042595 0
1679869314672 5.763568283058703 0
1679869320572 5.705021558096632 0
1679869326348 5.5941429659724236 0
1679869332267 5.729051805101335 0
1679869357665 5.714082672027871 0
1679869363550 5.695267878007144 0
1679869369578 5.83417068910785 0
1679869375483 5.706191414035857 0
1679869381412 5.7360102001111954 0
1679869387316 5.686249800957739 0
1679869393115 5.616367062088102 0
1679869399020 5.7095873900689185 0
1679869405060 5.853012287989259 0
1679869410897 5.645288476953283 0
1679869435907 5.690067360876128 0
1679869441585 5.499399334890768 0
1679869447243 5.468995538074523 0
1679869453054 5.594168780837208 0
1679869459035 5.776638912037015 0
1679869464831 5.594527228036895 0
1679869470836 5.808907838072628 0
1679869476779 5.755790900206193 0
1679869482497 5.530229929136112 0
1679869488420 5.72201982489787 0
1679869514594 5.589490003883839 0
1679869520520 5.731900996994227 0
1679869526708 5.967583961086348 0
1679869532858 5.980638297973201 0
1679869539189 6.135825495934114 0
1679869545514 6.12513732817024 0
1679869551996 6.295546379871666 0
1679869558264 6.078122091013938 0
1679869563734 5.263312508817762 0
1679869569740 5.811943084001541 0
1679869596906 5.615247918060049 0
1679869603010 5.906027073040605 0
1679869608966 5.760674139019102 0
1679869614901 5.747002430958673 0
1679869620802 5.722408997826278 0
1679869626686 5.673790181055665 0
1679869632474 5.5851196891162544 0
1679869638277 5.605233309790492 0
1679869644085 5.603469926863909 0
1679869649999 5.706235692137852 0
1679869678190 5.902639447012916 0
1679869684273 5.870195215102285 0
1679869690485 5.989621484884992 0
1679869696266 5.5809801740106195 0
1679869702281 5.807525892043486 0
1679869708166 5.688177502015606 0
1679869713988 5.622599057853222 0
1679869719942 5.740514217177406 0
1679869726057 5.915440537035465 0
1679869732045 5.7842945898883045 0
1679869759762 5.839432425796986 0
1679869765778 5.82013407186605 0
1679869771671 5.704826704924926 0
1679869777646 5.7768574371002614 0
1679869783425 5.588207481894642 0
1679869789374 5.755645483965054 0
1679869795206 5.617284785956144 0
1679869801049 5.6225717950146645 0
1679869807178 5.932735142065212 0
1679869813213 5.829256410943344 0
1679869841015 5.572557043051347 0
1679869846905 5.681681505870074 0
1679869852861 5.716952254995704 0
1679869858979 5.901551673188806 0
1679869865194 6.014766172040254 0
1679869870968 5.577260527992621 0
1679869876877 5.680478268070146 0
1679869883104 6.026101673021913 0
1679869888862 5.534249514108524 0
1679869894924 5.854618760989979 0
1679869923970 5.977663198020309 0
1679869929837 5.643019613809884 0
1679869935946 5.89369034091942 0
1679869942021 5.8712005720008165 0
1679869947859 5.643055232940242 0
1679869953901 5.842206840869039 0
1679869959830 5.726422171806917 0
1679869965928 5.904129068134353 0
1679869971818 5.675875253975391 0
1679869977751 5.74126829393208 0
1679870008919 5.749779550125822 0
1679870014920 5.769273040117696 0
1679870020890 5.758550577098504 0
1679870027015 5.927054270869121 0
1679870032872 5.648461197968572 0
1679870038676 5.613628265913576 0
1679870044675 5.786727990023792 0
1679870050556 5.665766765829176 0
1679870056679 5.91299810516648 0
1679870062853 5.963734863093123 0
1679870093396 5.733704124810174 0
1679870099373 5.774636951042339 0
1679870105418 5.8271872731857 0
1679870111513 5.890871687792242 0
1679870117511 5.799942757003009 0
1679870123443 5.70555473305285 0
1679870129432 5.769478203030303 0
1679870135569 5.9239403968676925 0
1679870141776 5.972238074988127 0
1679870147500 5.515124149853364 0
1679870178686 6.070967447012663 0
1679870184790 5.891220123972744 0
1679870190977 5.964711518958211 0
1679870197048 5.868338403990492 0
1679870203114 5.861938531976193 0
1679870209273 5.944952138932422 0
1679870215238 5.723124288022518 0
1679870221279 5.791033325949684 0
1679870227112 5.610767155885696 0
1679870233217 5.872321002883837 0
