1679403203482 4.293412173050456 0
1679403207731 4.082297693006694 0
1679403212140 4.227176657994278 0
1679403216361 4.027585525996983 0
1679403220575 4.04449547000695 0
1679403224963 4.215833290014416 0
1679403229453 4.32725109194871 0
1679403233743 4.112704341067001 0
1679403237851 3.945963388076052 0
1679403241800 3.7500921419123188 0
1679403260583 4.4923976379213855 0
1679403265495 4.732437796075828 0
1679403270476 4.802639188943431 0
1679403275328 4.675679225008935 0
1679403280157 4.630607830011286 0
1679403285038 4.690559973940253 0
1679403289933 4.7053138789488 0
1679403295018 4.8104346740292385 0
1679403300357 5.143950657919049 0
1679403305176 4.648514481028542 0
1679403321465 4.633896593935788 0
1679403326276 4.584160380065441 0
1679403331280 4.826090610935353 0
1679403336321 4.8418218499282375 0
1679403341142 4.6227901299716905 0
1679403345956 4.617311978014186 0
1679403351052 4.895641540060751 0
1679403356289 5.032952070003375 0
1679403361286 4.794918554020114 0
1679403366053 4.589237495907582 0
1679403383089 4.67210453399457 0
1679403387846 4.580286709940992 0
1679403393006 4.970271534984931 0
1679403398030 4.826417837990448 0
1679403402962 4.721288173110224 0
1679403407779 4.553568743984215 0
1679403412845 4.863673862069845 0
1679403417937 4.894077648990788 0
1679403422746 4.6079036250011995 0
1679403427551 4.612728148931637 0
1679403445036 4.7062888169893995 0
1679403450164 4.944314191001467 0
1679403455254 4.862303274916485 0
1679403460127 4.669410294969566 0
1679403465028 4.655659807031043 0
1679403470046 4.817716065910645 0
1679403474946 4.723747893935069 0
1679403479555 4.411454158951528 0
1679403484396 4.662337315035984 0
1679403489258 4.674492525984533 0
1679403507063 5.045829851995222 0
1679403512133 4.873229517950676 0
1679403517099 4.781403722940013 0
1679403522118 4.748883842024952 0
1679403527235 4.903507056063972 0
1679403532200 4.739473261055537 0
1679403536875 4.481896975077689 0
1679403541858 4.790958791971207 0
1679403546912 4.8444786459440365 0
1679403552006 4.8233177670044824 0
1679403569675 4.721062327967957 0
1679403574567 4.675187063985504 0
1679403579349 4.550240466021933 0
1679403584381 4.843467721017078 0
1679403589322 4.740965498029254 0
1679403594008 4.478046635980718 0
1679403599139 4.937669769977219 0
1679403604264 4.923737402074039 0
1679403609245 4.76433300494682 0
1679403614295 4.747351421043277 0
1679403632498 4.876084310002625 0
1679403637295 4.539888151921332 0
1679403642084 4.58588134101592 0
1679403646985 4.694707127986476 0
1679403651636 4.450291434070095 0
1679403656502 4.6550567069789395 0
1679403661375 4.6840135919628665 0
1679403666317 4.75283325498458 0
1679403671489 4.950306935003027 0
1679403676641 4.955408221925609 0
1679403694714 4.859966643969528 0
1679403698981 4.05568651901558 0
1679403704093 4.891431395080872 0
1679403709108 4.716303809080273 0
1679403714205 4.914161439985037 0
1679403719243 4.832215712056495 0
1679403724148 4.711190041038208 0
1679403729271 4.911520228954032 0
1679403734072 4.615840347018093 0
1679403739007 4.731280057923868 0
1679403756577 4.007235049037263 0
1679403761707 4.936704455991276 0
1679403766858 4.945705928024836 0
1679403771725 4.665784107986838 0
1679403776964 5.023032651050016 0
1679403782043 4.8789105240721256 0
1679403787080 4.834657390951179 0
1679403792041 4.739464037003927 0
1679403797060 4.799648104002699 0
1679403802046 4.799890522030182 0
1679403820844 4.794547596015036 0
1679403825931 4.858040710911155 0
1679403830880 4.745164694963023 0
1679403835939 4.842913187923841 0
1679403841128 4.954211269039661 0
1679403846180 4.844075281987898 0
1679403851247 4.8407445379998535 0
1679403856338 4.880767799098976 0
1679403861316 4.761493749101646 0
1679403866372 4.825475106015801 0
1679403883543 4.969115077983588 0
1679403888111 4.3532417099922895 0
1679403893146 4.846935888985172 0
1679403898195 4.859239857993089 0
1679403903150 4.755900933989324 0
1679403908259 4.913885261979885 0
1679403913435 4.916568860062398 0
1679403918300 4.672349074971862 0
1679403923507 5.004746722988784 0
1679403928485 4.7698192349635065 0
1679403945065 4.90318744792603 0
1679403949909 4.625197522924282 0
1679403955102 4.969218363985419 0
1679403960313 4.938538777991198 0
1679403965297 4.791511474992149 0
1679403970203 4.683037604903802 0
1679403975448 5.023147679981776 0
1679403980605 4.950994223938324 0
1679403985634 4.8223074179841205 0
1679403990560 4.7108476490247995 0
1679404008529 4.670677572954446 0
1679404013672 4.932911674957722 0
1679404018514 4.633324322057888 0
1679404023489 4.7704240860184655 0
1679404028709 4.97372832801193 0
1679404033670 4.73638850892894 0
1679404038582 4.701503476011567 0
1679404043721 4.8938450530404225 0
1679404048794 4.839113392983563 0
1679404054004 5.0015508600044996 0
1679404073708 4.982566250022501 0
1679404078720 4.769784588017501 0
1679404083986 5.029293486033566 0
1679404089032 4.831696395995095 0
1679404093983 4.749551417073235 0
1679404099207 4.970243928954005 0
1679404104312 4.882343275938183 0
1679404109303 4.775959160062484 0
1679404114361 4.836063213995658 0
1679404119535 4.872041394002736 0
1679404140216 5.088246980099939 0
1679404145354 4.902519220020622 0
1679404150426 4.853595457971096 0
1679404155610 4.968770348932594 0
1679404160772 4.912364805000834 0
1679404165864 4.876144567038864 0
1679404170745 4.640514366910793 0
1679404175628 4.669770054984838 0
1679404180855 4.971858600969426 0
1679404185943 4.862721835030243 0
1679404206488 4.94350922096055 0
1679404211612 4.89689339697361 0
1679404216762 4.937357762944885 0
1679404221920 4.852719581103884 0
1679404227080 4.955337266088463 0
1679404232251 4.967587960069068 0
1679404237498 5.048990946030244 0
1679404242537 4.801903661107644 0
1679404247683 4.9298372470075265 0
1679404253040 5.117187596973963 0
1679404273453 4.7814888240536675 0
1679404278710 5.014017552952282 0
1679404283837 4.819297789013945 0
1679404289072 5.022221019025892 0
1679404294215 4.914849197957665 0
1679404299464 5.011564392945729 0
1679404304659 4.97592125099618 0
1679404309986 5.09334523207508 0
1679404315142 4.95167452597525 0
1679404320403 5.0297438349807635 0
1679404342250 4.967170047108084 0
1679404347368 4.875612213043496 0
1679404352579 4.984221922932193 0
1679404357701 4.889506200910546 0
1679404363077 5.147607385064475 0
1679404368330 5.016988035058603 0
1679404373439 4.883572057005949 0
1679404378586 4.899142159032635 0
1679404383611 4.784659075085074 0
1679404388777 4.930816823034547 0
1679404410379 4.772495478973724 0
1679404415466 4.842288184911013 0
1679404420777 5.045610619010404 0
1679404426130 5.097490141051821 0
1679404431312 4.935177459032275 0
1679404435867 4.319650578894652 0
1679404441166 5.046782085089944 0
1679404446104 4.719698334927671 0
1679404451183 4.872616955079138 0
1679404456547 5.133186448016204 0
