1679403203475 0.40914949729210803 0
1679403207725 0.09455580927638543 0
1679403212128 0.037625517646989064 0
1679403216354 0.022700412753814212 0
1679403220570 0.010970311970838035 0
1679403224959 0.008515130534457663 0
1679403229445 0.005299014324555174 0
1679403233737 0.0042222603592866415 0
1679403237845 0.0025814586403107064 0
1679403241792 0.0018715513936412107 0
1679403260576 1.9656979031032986 0
1679403265487 1.455299327108595 0
1679403270471 1.396202278137207 0
1679403275320 1.362136545446184 0
1679403280151 1.3456235647201538 0
1679403285032 1.3333962890836928 0
1679403289927 1.3228328572379218 0
1679403295011 1.3102512730492486 0
1679403300351 1.315498752064175 0
1679403305170 1.2984856711493598 0
1679403321454 1.6276933630307515 0
1679403326268 1.2073588165971967 0
1679403331275 1.1445676816834345 0
1679403336316 1.1191778262456258 0
1679403341135 1.1090464366806878 0
1679403345949 1.1017581403255463 0
1679403351044 1.0984715872340731 0
1679403356284 1.0978202899297078 0
1679403361280 1.0906748063034482 0
1679403366048 1.089529166618983 0
1679403383075 1.9121569633483886 0
1679403387841 1.3405483192867702 0
1679403392998 1.2487936748398676 0
1679403398023 1.193403751320309 0
1679403402949 1.1615819546911452 0
1679403407773 1.141805312368605 0
1679403412839 1.136897138092253 0
1679403417930 1.125816277662913 0
1679403422739 1.127787623140547 0
1679403427544 1.1244790030850305 0
1679403445028 2.0202750272221035 0
1679403450157 1.4775003949801127 0
1679403455247 1.375358882215288 0
1679403460121 1.3303108639187282 0
1679403465022 1.292936416467031 0
1679403470041 1.2763043098979525 0
1679403474941 1.25464348660575 0
1679403479549 1.2524082038137647 0
1679403484387 1.2416273951530457 0
1679403489252 1.235612842771742 0
1679403507058 1.9614392704433865 0
1679403512127 1.4538408398628235 0
1679403517093 1.3737105343076919 0
1679403522111 1.3061083250575596 0
1679403527228 1.2735696329010857 0
1679403532190 1.2630076554086473 0
1679403536870 1.2527062919404772 0
1679403541852 1.2455733233027988 0
1679403546901 1.2332077383995057 0
1679403551994 1.2287551720937093 0
1679403569663 1.9717437664667765 0
1679403574559 1.448286349243588 0
1679403579341 1.343113448884752 0
1679403584373 1.2839022040367127 0
1679403589314 1.2584543744723002 0
1679403594000 1.2408517453405592 0
1679403599131 1.223752662870619 0
1679403604258 1.2195514917373658 0
1679403609236 1.2155200759569804 0
1679403614282 1.2063784718513488 0
1679403632492 2.0285606993569267 0
1679403637289 1.488421294424269 0
1679403642078 1.379892933368683 0
1679403646974 1.338589428530799 0
1679403651629 1.3017389588885837 0
1679403656490 1.2913147860103182 0
1679403661366 1.2725921180513171 0
1679403666308 1.271756018532647 0
1679403671482 1.2680572827657064 0
1679403676635 1.254712582959069 0
1679403694707 2.032200019889408 0
1679403698975 1.5003819942474366 0
1679403704087 1.406922013229794 0
1679403709100 1.349559439553155 0
1679403714199 1.3170206175910102 0
1679403719237 1.298533296585083 0
1679403724139 1.2837327241897583 0
1679403729264 1.277120218012068 0
1679403734066 1.2686187055375842 0
1679403739001 1.2647437943352593 0
1679403756569 2.0281368652979532 0
1679403761701 1.5182271970642938 0
1679403766852 1.4236218849817912 0
1679403771716 1.359629550245073 0
1679403776956 1.3301510956552294 0
1679403782035 1.3044818547036914 0
1679403787071 1.2968555265002781 0
1679403792034 1.2888804740375943 0
1679403797050 1.2839207543267144 0
1679403802040 1.2874919997321235 0
1679403820832 1.9672322034835816 0
1679403825920 1.4371155314975315 0
1679403830873 1.371024457613627 0
1679403835932 1.3237954086727566 0
1679403841122 1.2955473449495103 0
1679403846169 1.2790742635726928 0
1679403851238 1.2722949769761827 0
1679403856329 1.2607816086875068 0
1679403861302 1.2586711128552754 0
1679403866363 1.2604118625322978 0
1679403883536 2.014380305343204 0
1679403888103 1.4997244861390855 0
1679403893139 1.4003099825647143 0
1679403898185 1.3597812546624077 0
1679403903143 1.3354303081830343 0
1679403908252 1.3175554394721984 0
1679403913429 1.3151030447747973 0
1679403918290 1.3062969340218438 0
1679403923501 1.2988538715574476 0
1679403928471 1.3010169982910156 0
1679403945049 1.9356941196653579 0
1679403949901 1.4498009920120238 0
1679403955095 1.3710960348447163 0
1679403960306 1.3214220457606844 0
1679403965290 1.293097941080729 0
1679403970192 1.2759217076831393 0
1679403975437 1.2704454872343276 0
1679403980599 1.2537429597642686 0
1679403985628 1.251635864045885 0
1679403990543 1.2513576931423611 0
1679404008519 1.9973791307873197 0
1679404013657 1.5114488323529562 0
1679404018508 1.4179780205090842 0
1679404023482 1.375155464808146 0
1679404028694 1.3429818272590637 0
1679404033661 1.3206318815549214 0
1679404038573 1.3136987249056498 0
1679404043712 1.3022209617826674 0
1679404048787 1.2960693505075243 0
1679404053993 1.2959414680798849 0
1679404073700 1.9593911290168762 0
1679404078711 1.4895030551486546 0
1679404083973 1.4013912465837266 0
1679404089023 1.3457343591584099 0
1679404093968 1.3087199767430624 0
1679404099196 1.2844945655928717 0
1679404104299 1.2713092658254834 0
1679404109291 1.2648991730478074 0
1679404114349 1.256536238723331 0
1679404119525 1.2479816171858045 0
1679404140202 1.9530695504612392 0
1679404145346 1.4835468570391337 0
1679404150415 1.3932499210039775 0
1679404155603 1.3484267870585123 0
1679404160761 1.3136265291108025 0
1679404165853 1.3006484429041545 0
1679404170736 1.2826063129636975 0
1679404175617 1.2780811534987555 0
1679404180844 1.2730713963508606 0
1679404185936 1.2663442823621962 0
1679404206479 1.9012474510404798 0
1679404211604 1.4543267952071295 0
1679404216754 1.3602009150716994 0
1679404221908 1.3181754880481296 0
1679404227071 1.290285631020864 0
1679404232243 1.2760343935754563 0
1679404237490 1.2662853784031338 0
1679404242529 1.2648613744311863 0
1679404247675 1.2604617357254029 0
1679404253027 1.2584428959422642 0
1679404273446 1.8932910256915623 0
1679404278694 1.4346427573098077 0
1679404283823 1.3487944682439168 0
1679404289057 1.2861201312806871 0
1679404294207 1.2540848824712965 0
1679404299455 1.2231458597713047 0
1679404304650 1.2109145654572382 0
1679404309966 1.1954160345925224 0
1679404315134 1.2000722342067294 0
1679404320395 1.1897756907675001 0
1679404342242 1.9255493217044406 0
1679404347351 1.4613354047139486 0
1679404352571 1.377685504489475 0
1679404357692 1.3422896371947395 0
1679404363069 1.311024785041809 0
1679404368322 1.3044617507192824 0
1679404373430 1.2937868184513517 0
1679404378577 1.2767979092068142 0
1679404383600 1.281666025850508 0
1679404388761 1.270813598897722 0
1679404410361 1.7792666527960035 0
1679404415449 1.3117426382170783 0
1679404420769 1.226342346933153 0
1679404426118 1.1928872724374135 0
1679404431293 1.1811218102773031 0
1679404435859 1.163386837641398 0
1679404441145 1.1580869873364767 0
1679404446096 1.1462686677773795 0
1679404451174 1.1566299517949423 0
1679404456539 1.1429943415853712 0
