1679403203467 0.8809027777777778 0
1679403207714 0.9729166666666667 0
1679403212118 0.9899305555555555 0
1679403216342 0.9954861111111111 0
1679403220560 0.9986111111111111 0
1679403224950 0.9986111111111111 0
1679403229434 0.9993055555555556 0
1679403233726 0.9996527777777777 0
1679403237834 0.9996527777777777 0
1679403241779 1.0 0
1679403260565 0.6034722222222222 0
1679403265476 0.6510416666666666 0
1679403270461 0.6527777777777778 0
1679403275307 0.6763888888888889 0
1679403280141 0.6711805555555556 0
1679403285022 0.6756944444444445 0
1679403289915 0.6770833333333334 0
1679403295004 0.6756944444444445 0
1679403300344 0.6774305555555555 0
1679403305160 0.6875 0
1679403321442 0.6454861111111111 0
1679403326255 0.7486111111111111 0
1679403331269 0.7819444444444444 0
1679403336308 0.7996527777777778 0
1679403341124 0.8295138888888889 0
1679403345938 0.8357638888888889 0
1679403351033 0.8326388888888889 0
1679403356274 0.8364583333333333 0
1679403361270 0.8361111111111111 0
1679403366037 0.8354166666666667 0
1679403383065 0.5756944444444444 0
1679403387830 0.7006944444444444 0
1679403392987 0.7135416666666666 0
1679403398015 0.746875 0
1679403402934 0.7565972222222223 0
1679403407762 0.7864583333333334 0
1679403412828 0.7805555555555556 0
1679403417920 0.7972222222222223 0
1679403422727 0.7875 0
1679403427532 0.7871527777777778 0
1679403445017 0.6069444444444444 0
1679403450146 0.7354166666666667 0
1679403455237 0.7704861111111111 0
1679403460109 0.7652777777777777 0
1679403465015 0.8024305555555555 0
1679403470035 0.8027777777777778 0
1679403474930 0.8333333333333334 0
1679403479538 0.8118055555555556 0
1679403484376 0.8378472222222222 0
1679403489240 0.8541666666666666 0
1679403507048 0.6399305555555556 0
1679403512116 0.7583333333333333 0
1679403517083 0.775 0
1679403522104 0.8010416666666667 0
1679403527217 0.8236111111111111 0
1679403532183 0.8190972222222223 0
1679403536860 0.8295138888888889 0
1679403541841 0.8204861111111111 0
1679403546882 0.8618055555555556 0
1679403551986 0.8708333333333333 0
1679403569653 0.6128472222222222 0
1679403574548 0.7451388888888889 0
1679403579334 0.7777777777777778 0
1679403584361 0.8090277777777778 0
1679403589302 0.8239583333333333 0
1679403593988 0.8423611111111111 0
1679403599120 0.8506944444444444 0
1679403604247 0.853125 0
1679403609224 0.8579861111111111 0
1679403614272 0.8649305555555555 0
1679403632480 0.5826388888888889 0
1679403637281 0.7197916666666667 0
1679403642069 0.765625 0
1679403646963 0.7722222222222223 0
1679403651617 0.7996527777777778 0
1679403656474 0.8055555555555556 0
1679403661354 0.8204861111111111 0
1679403666295 0.8076388888888889 0
1679403671470 0.8177083333333334 0
1679403676627 0.8548611111111111 0
1679403694701 0.6069444444444444 0
1679403698968 0.7555555555555555 0
1679403704078 0.7850694444444445 0
1679403709089 0.8152777777777778 0
1679403714191 0.8291666666666667 0
1679403719228 0.8465277777777778 0
1679403724127 0.8579861111111111 0
1679403729254 0.859375 0
1679403734058 0.871875 0
1679403738990 0.8756944444444444 0
1679403756561 0.6163194444444444 0
1679403761694 0.771875 0
1679403766844 0.7729166666666667 0
1679403771705 0.8065972222222222 0
1679403776948 0.8302083333333333 0
1679403782023 0.8517361111111111 0
1679403787062 0.8399305555555555 0
1679403792020 0.8680555555555556 0
1679403797036 0.88125 0
1679403802028 0.8625 0
1679403820819 0.6534722222222222 0
1679403825908 0.8048611111111111 0
1679403830859 0.8100694444444444 0
1679403835921 0.8378472222222222 0
1679403841114 0.8652777777777778 0
1679403846156 0.8836805555555556 0
1679403851227 0.8715277777777778 0
1679403856317 0.9079861111111112 0
1679403861290 0.9059027777777777 0
1679403866346 0.8961805555555555 0
1679403883525 0.6475694444444444 0
1679403888092 0.7909722222222222 0
1679403893128 0.8152777777777778 0
1679403898173 0.8413194444444444 0
1679403903133 0.8572916666666667 0
1679403908239 0.871875 0
1679403913421 0.8798611111111111 0
1679403918278 0.8774305555555556 0
1679403923490 0.8902777777777777 0
1679403928462 0.89375 0
1679403945036 0.6552083333333333 0
1679403949891 0.81875 0
1679403955085 0.8413194444444444 0
1679403960298 0.8729166666666667 0
1679403965279 0.8864583333333333 0
1679403970176 0.9010416666666666 0
1679403975425 0.9034722222222222 0
1679403980592 0.9163194444444445 0
1679403985621 0.9232638888888889 0
1679403990530 0.9111111111111111 0
1679404008509 0.6197916666666666 0
1679404013644 0.8072916666666666 0
1679404018496 0.8302083333333333 0
1679404023475 0.821875 0
1679404028683 0.8430555555555556 0
1679404033647 0.8552083333333333 0
1679404038558 0.865625 0
1679404043699 0.89375 0
1679404048779 0.8826388888888889 0
1679404053981 0.8809027777777778 0
1679404073684 0.6319444444444444 0
1679404078699 0.8045138888888889 0
1679404083953 0.8291666666666667 0
1679404089012 0.8520833333333333 0
1679404093953 0.8555555555555555 0
1679404099182 0.8815972222222223 0
1679404104284 0.8993055555555556 0
1679404109277 0.8795138888888889 0
1679404114334 0.9010416666666666 0
1679404119515 0.9006944444444445 0
1679404140189 0.6190972222222222 0
1679404145332 0.79375 0
1679404150401 0.8211805555555556 0
1679404155595 0.8291666666666667 0
1679404160741 0.8569444444444444 0
1679404165842 0.8652777777777778 0
1679404170725 0.8677083333333333 0
1679404175602 0.8836805555555556 0
1679404180834 0.8836805555555556 0
1679404185929 0.903125 0
1679404206469 0.6263888888888889 0
1679404211595 0.7638888888888888 0
1679404216745 0.8163194444444445 0
1679404221897 0.8274305555555556 0
1679404227062 0.8576388888888888 0
1679404232235 0.8711805555555555 0
1679404237480 0.8784722222222222 0
1679404242519 0.8708333333333333 0
1679404247664 0.8538194444444445 0
1679404253013 0.8743055555555556 0
1679404273435 0.6305555555555555 0
1679404278679 0.8052083333333333 0
1679404283808 0.8201388888888889 0
1679404289048 0.846875 0
1679404294200 0.8538194444444445 0
1679404299442 0.8760416666666667 0
1679404304642 0.8829861111111111 0
1679404309956 0.903125 0
1679404315126 0.8784722222222222 0
1679404320383 0.9006944444444445 0
1679404342230 0.6197916666666666 0
1679404347324 0.7684027777777778 0
1679404352560 0.7996527777777778 0
1679404357683 0.8024305555555555 0
1679404363055 0.84375 0
1679404368312 0.8440972222222223 0
1679404373419 0.8375 0
1679404378563 0.8788194444444445 0
1679404383587 0.8684027777777777 0
1679404388748 0.8795138888888889 0
1679404410346 0.6517361111111111 0
1679404415434 0.8125 0
1679404420756 0.853125 0
1679404426094 0.8743055555555556 0
1679404431282 0.8618055555555556 0
1679404435848 0.9045138888888888 0
1679404441131 0.9034722222222222 0
1679404446084 0.9184027777777778 0
1679404451162 0.8927083333333333 0
1679404456526 0.9246527777777778 0
