1680214787053 0.012451614921425961 0
1680214799332 0.0007346698304113916 0
1680214812449 1.2588447693833254e-05 0
1680214825233 6.3898962296308365e-06 0
1680214838135 5.630326004851601e-06 0
1680214850318 2.341692202574727e-06 0
1680214863329 6.593639592140212e-06 0
1680214876103 1.8145897982677408e-06 0
1680214889201 1.3043092439400479e-06 0
1680214901871 1.2442499046766623e-06 0
1680214927077 0.0040291725972852145 0
1680214952892 8.28929161873079e-06 0
1680214978943 0.003584583730325382 0
1680215006067 2.1985784453435803e-05 0
1680215031705 6.6969984400572245e-06 0
1680215056497 3.8019420298487557e-06 0
1680215082286 2.122427257143986e-06 0
1680215107064 1.8235881977953138e-06 0
1680215132397 1.212763342790448e-06 0
1680215157673 9.087590126398205e-07 0
1680215196095 0.0019801630498349973 0
1680215235019 1.547156253140877e-06 0
1680215273195 8.207406385438433e-07 0
1680215311233 4.401908057196303e-07 0
1680215348728 2.542690349866435e-07 0
1680215386991 0.0018595410964932857 0
1680215424170 2.015203533573188e-05 0
1680215462977 2.067427338265143e-06 0
1680215502085 1.0323141220380168e-06 0
1680215540250 1.395754841651345e-06 0
1680215590743 0.00047134220243632706 0
1680215642094 0.0010860948157707727 0
1680215692036 6.918100669910082e-05 0
1680215743850 6.132234728644147e-05 0
1680215796044 1.256426469575245e-06 0
1680215845659 4.912098207772622e-07 0
1680215897312 3.3265873167539974e-07 0
1680215949116 0.00040885838415586343 0
1680215999356 2.9845216430806835e-06 0
1680216052116 1.3038268928589541e-06 0
1680216116783 0.00018845529290799413 0
1680216180549 0.0012943567316511897 0
1680216244559 2.058646098318728e-05 0
1680216308818 1.648821630547639e-06 0
1680216371306 2.239887053063056e-06 0
1680216432826 6.127984385271489e-07 0
1680216495243 0.0005738460043778541 0
1680216557701 3.769066220613002e-06 0
1680216620340 1.4963400537410868e-06 0
1680216681819 1.1301770330856412e-06 0
1680216760835 0.010063647347193186 0
1680216837843 0.003755858075822936 0
1680216916064 0.0025653787679854505 0
1680216993884 0.0021059689826973 0
1680217070568 0.0013527062131826661 0
1680217146685 0.0013910261834728902 0
1680217222029 0.0009208118673162848 0
1680217298054 0.001282971887535402 0
1680217373694 0.0008094291546736601 0
1680217450168 0.0011256842481273724 0
1680217538612 0.0022493800245172455 0
1680217624455 0.0013177200190030611 0
1680217711967 0.0007823905815710887 0
1680217798805 0.0008188753078428347 0
1680217885585 0.0009802454472059312 0
1680217971779 0.0008569678408057531 0
1680218059015 0.0006325093691961905 0
1680218145964 0.0007406020320962248 0
1680218232555 0.0008441002960260655 0
1680218318687 0.00043051061682368035 0
1680218411218 0.0015482657282493344 0
1680218503224 0.0010196476605595628 0
1680218592268 0.0008872629152778879 0
1680218682077 0.00031035564584540505 0
1680218774004 0.0008580910333351012 0
1680218864019 0.0006466052990840601 0
1680218955284 0.00030231539617300255 0
1680219046999 0.00047463435905727917 0
1680219139550 0.0008888848225890553 0
1680219232171 0.0004540583841619888 0
1680219339699 0.01115179947227508 0
1680219445155 0.0018390771584439628 0
1680219550483 0.0016633876693007696 0
1680219655799 0.0015273722410830675 0
1680219760554 0.0014866551918403046 0
1680219865012 0.0013895960140208772 0
1680219971109 0.001159045900757508 0
1680220076032 0.0012154051758047246 0
1680220181659 0.0010595882933439238 0
1680220287747 0.0015648572338781857 0
1680220398626 0.0018552558897710807 0
1680220506068 0.0017284013581497942 0
1680220615123 0.0013275595774734038 0
1680220723272 0.0011933460184596727 0
1680220830385 0.001018684126398978 0
1680220939990 0.0011099817998096015 0
1680221048467 0.0011415304412603015 0
1680221155039 0.0009817403203045492 0
1680221261324 0.0012931088304789292 0
1680221368694 0.0010711567237882858 0
1680221482907 0.0036927042145210366 0
1680221593804 0.0015037288565919046 0
1680221705182 0.0010232421812963529 0
1680221815760 0.0011260133298409568 0
1680221926933 0.0015089681977600783 0
1680222037975 0.0014644991026394564 0
1680222150092 0.0011823010724880487 0
1680222261225 0.0012018805584146058 0
1680222373459 0.0012758000196216414 0
1680222484927 0.0012157312754850149 0
1680222603806 0.004901880082724205 0
1680222717723 0.001832938488784907 0
1680222832407 0.0014202036602067002 0
1680222947377 0.001284442491430887 0
1680223062978 0.0013372632718544458 0
1680223176597 0.001394576777520785 0
1680223291601 0.0014321398604575852 0
1680223403070 0.001401883223700464 0
1680223520190 0.0010272588204561447 0
1680223635173 0.0016019157534625597 0
1680223756641 0.002026228991236628 0
1680223871816 0.0012284106997782892 0
1680223989686 0.001386546353883613 0
1680224106401 0.001399914411007248 0
1680224222313 0.0012762611095473685 0
1680224339142 0.0012202834203151036 0
1680224456006 0.0012713967035892742 0
1680224572775 0.0012721830488497704 0
1680224691854 0.0012282171908670773 0
1680224809042 0.001414515437125383 0
