1680214787048 0.9958278795811518 0
1680214799321 0.9998363874345549 0
1680214812438 1.0 0
1680214825217 1.0 0
1680214838122 1.0 0
1680214850306 1.0 0
1680214863318 1.0 0
1680214876085 1.0 0
1680214889190 1.0 0
1680214901860 1.0 0
1680214927066 0.999276796589525 0
1680214952878 1.0 0
1680214978929 0.9992006699147381 0
1680215006057 1.0 0
1680215031694 1.0 0
1680215056487 1.0 0
1680215082275 1.0 0
1680215107052 1.0 0
1680215132385 1.0 0
1680215157661 1.0 0
1680215196084 0.9998006379585327 0
1680215235006 1.0 0
1680215273177 1.0 0
1680215311217 1.0 0
1680215348717 1.0 0
1680215386985 0.9997258771929824 0
1680215424161 1.0 0
1680215462966 1.0 0
1680215502073 1.0 0
1680215540237 1.0 0
1680215590731 0.9999070493753718 0
1680215642085 0.9998140987507436 0
1680215692024 0.9999628197501487 0
1680215743839 0.9999628197501487 0
1680215796033 1.0 0
1680215845649 1.0 0
1680215897301 1.0 0
1680215949098 0.9999256395002974 0
1680215999342 1.0 0
1680216052104 1.0 0
1680216116765 0.9999391431353457 0
1680216180535 0.9997565725413826 0
1680216244546 1.0 0
1680216308804 1.0 0
1680216371294 1.0 0
1680216432815 1.0 0
1680216495230 0.9999087147030185 0
1680216557690 1.0 0
1680216620328 1.0 0
1680216681809 1.0 0
1680216760820 0.9974802276234568 0
1680216837826 0.9990596064814815 0
1680216916052 0.9993127893518519 0
1680216993873 0.9994695216049383 0
1680217070556 0.9996021412037037 0
1680217146670 0.9996503665123457 0
1680217222016 0.9998070987654321 0
1680217298043 0.9996624228395061 0
1680217373683 0.9996985918209876 0
1680217450156 0.9997106481481481 0
1680217538601 0.9994351125511596 0
1680217624442 0.9995843281036835 0
1680217711955 0.9997974931787176 0
1680217798794 0.9997548601637107 0
1680217885577 0.9997548601637107 0
1680217971760 0.9998081514324693 0
1680218059002 0.9998507844474761 0
1680218145953 0.9998294679399727 0
1680218232544 0.9997548601637107 0
1680218318668 0.999893417462483 0
1680218411206 0.9996202791461413 0
1680218503212 0.999661330049261 0
1680218592257 0.999702380952381 0
1680218682065 0.9999281609195402 0
1680218773991 0.9997229064039409 0
1680218864007 0.9997947454844006 0
1680218955272 0.9998973727422004 0
1680219046988 0.9998871100164204 0
1680219139534 0.9997434318555009 0
1680219232159 0.9998460591133005 0
1680219339688 0.9980763646922184 0
1680219445140 0.9996279761904762 0
1680219550472 0.9997187137049942 0
1680219655784 0.999682418699187 0
1680219760543 0.999727787456446 0
1680219864996 0.9996733449477352 0
1680219971097 0.9997822299651568 0
1680220076011 0.9997459349593496 0
1680220181648 0.9998275987224158 0
1680220287735 0.9997368612078978 0
1680220398609 0.9996042077117928 0
1680220506056 0.9996217984801576 0
1680220615111 0.9997185477061638 0
1680220723253 0.9997273430903462 0
1680220830374 0.9997625246270757 0
1680220939977 0.9997713200112581 0
1680221048453 0.9997801153954404 0
1680221155026 0.9998240923163524 0
1680221261311 0.9997889107796228 0
1680221368675 0.99981529693217 0
1680221482898 0.9991798797156917 0
1680221593787 0.9996668261344998 0
1680221705158 0.9997351694915254 0
1680221815748 0.9998035128485511 0
1680221926921 0.9996582832148715 0
1680222037962 0.9997522553307818 0
1680222150080 0.9997522553307818 0
1680222261214 0.9997864270092947 0
1680222373444 0.9997351694915254 0
1680222484914 0.9997607982504101 0
1680222603788 0.9988539728939676 0
1680222717711 0.9995100318894499 0
1680222832392 0.9997093409513685 0
1680222947366 0.9997093409513685 0
1680223062966 0.9997176454956151 0
1680223176584 0.9997010364071219 0
1680223291589 0.9997342545841085 0
1680223403059 0.9997425591283551 0
1680223520179 0.9998089954823279 0
1680223635162 0.9997093409513685 0
1680223756632 0.999547569803516 0
1680223871801 0.9997657057911065 0
1680223989675 0.9997333893485005 0
1680224106387 0.9997172311271976 0
1680224222303 0.9997737849017581 0
1680224339130 0.9997737849017581 0
1680224455993 0.9997657057911065 0
1680224572762 0.999757626680455 0
1680224691842 0.999789943123061 0
1680224809031 0.9996849146845915 0
