1679830727004 0.9760832521908471 0
1679830811319 0.9984937925998053 0
1679830894058 0.9991480038948394 0
1679830979479 0.9995740019474196 0
1679831064978 0.9997109298928919 0
1679831145617 0.9999087147030185 0
1679831232574 0.9998478578383642 0
1679831317221 0.9998630720545277 0
1679831401988 0.9998478578383642 0
1679831484225 0.9997565725413826 0
1679831605456 0.972525 0
1679831702232 0.99715 0
1679831798334 0.998775 0
1679831894199 0.9994 0
1679831989310 0.999725 0
1679832086973 0.999825 0
1679832183182 0.99985 0
1679832281669 0.999825 0
1679832373910 0.999875 0
1679832465296 0.99985 0
1679832582840 0.9472 0
1679832676597 0.9936 0
1679832771924 0.99765 0
1679832866614 0.999125 0
1679832960617 0.999475 0
1679833055203 0.99925 0
1679833149202 0.999775 0
1679833243339 0.999825 0
1679833337546 0.9999 0
1679833432013 0.9999 0
1679833552366 0.9274 0
1679833649245 0.991175 0
1679833751101 0.99635 0
1679833852658 0.99885 0
1679833954485 0.999225 0
1679834056158 0.999575 0
1679834158511 0.9998 0
1679834261090 0.99985 0
1679834362883 0.999775 0
1679834464592 0.999825 0
1679834593967 0.9251 0
1679834697272 0.992325 0
1679834801720 0.9975 0
1679834904772 0.998075 0
1679835009455 0.9991 0
1679835113937 0.999475 0
1679835217388 0.99975 0
1679835323100 0.9996 0
1679835427044 0.999875 0
1679835530762 0.99955 0
1679835663760 0.9112 0
1679835769522 0.988375 0
1679835874498 0.995575 0
1679835985707 0.9978 0
1679836098846 0.998525 0
1679836211501 0.9985 0
1679836325525 0.999225 0
1679836437766 0.9995 0
1679836552395 0.9996 0
1679836663685 0.999475 0
1679836803917 0.92255 0
1679836914661 0.991825 0
1679837024892 0.9968 0
1679837135772 0.998125 0
1679837248159 0.9989 0
1679837358772 0.9997 0
1679837468760 0.999525 0
1679837579973 0.9997 0
1679837691019 0.999775 0
1679837801812 0.999725 0
1679837948035 0.887325 0
1679838061617 0.982 0
1679838174047 0.993 0
1679838286399 0.99495 0
1679838399713 0.996375 0
1679838512166 0.997375 0
1679838626000 0.998375 0
1679838740429 0.99845 0
1679838852857 0.99845 0
1679838966855 0.9987 0
1679839114471 0.900425 0
1679839230861 0.98685 0
1679839347452 0.994775 0
1679839464455 0.997375 0
1679839580843 0.999 0
1679839697368 0.999475 0
1679839812195 0.999475 0
1679839925936 0.999775 0
1679840039241 0.99985 0
1679840154140 0.999675 0
1679840305609 0.887775 0
1679840420145 0.98295 0
1679840536598 0.9934 0
1679840653366 0.996275 0
1679840769335 0.9981 0
1679840886515 0.998775 0
1679841003415 0.998675 0
1679841119134 0.998225 0
1679841235777 0.9988 0
1679841353320 0.99955 0
1679841508973 0.909525 0
1679841627699 0.990075 0
1679841744852 0.996875 0
1679841863824 0.99855 0
1679841982075 0.9992 0
1679842099424 0.9995 0
1679842219498 0.999625 0
1679842339832 0.999275 0
1679842459144 0.9994 0
1679842577921 0.9997 0
1679842738164 0.8841 0
1679842859259 0.979775 0
1679842979195 0.992025 0
1679843098117 0.994625 0
1679843216099 0.9973 0
1679843335254 0.99755 0
1679843453447 0.99775 0
1679843571269 0.998625 0
1679843691065 0.9989 0
1679843809526 0.998975 0
1679843973656 0.878325 0
1679844093353 0.9801 0
1679844214017 0.993125 0
1679844335039 0.9959 0
1679844456562 0.997375 0
1679844577391 0.997925 0
1679844699007 0.99875 0
1679844819770 0.9986 0
1679844941813 0.9989 0
1679845064480 0.998925 0
1679845232021 0.8787 0
1679845355129 0.978825 0
1679845478649 0.991175 0
1679845602871 0.995575 0
1679845725921 0.99665 0
1679845851450 0.9973 0
1679845974262 0.99775 0
1679846096089 0.998225 0
1679846218554 0.99845 0
1679846339957 0.998975 0
1679846508562 0.85945 0
1679846630504 0.976525 0
1679846753420 0.991075 0
1679846876113 0.993925 0
1679846997894 0.996975 0
1679847120651 0.997375 0
1679847243955 0.997825 0
1679847367470 0.998775 0
1679847490846 0.998625 0
1679847612989 0.9989 0
1679847788778 0.86065 0
1679847915672 0.973925 0
1679848042692 0.98785 0
1679848170069 0.993075 0
1679848295017 0.9954 0
1679848421763 0.996225 0
1679848548662 0.995975 0
1679848675224 0.9956 0
1679848800963 0.996325 0
1679848928166 0.995975 0
1679849103336 0.847075 0
1679849229232 0.974075 0
1679849354717 0.99015 0
1679849480639 0.99515 0
1679849606424 0.996375 0
1679849732544 0.9981 0
1679849859120 0.9982 0
1679849987263 0.9976 0
1679850112092 0.997175 0
1679850238286 0.99775 0
1679850420270 0.85565 0
1679850548722 0.974125 0
1679850678211 0.989575 0
1679850807887 0.993625 0
1679850936976 0.9961 0
1679851066724 0.995975 0
1679851196619 0.9971 0
1679851325511 0.99735 0
1679851454960 0.9977 0
1679851583290 0.99885 0
1679851766164 0.8548 0
1679851895313 0.974225 0
1679852024012 0.99115 0
1679852155358 0.995575 0
1679852286379 0.9974 0
1679852417200 0.998225 0
1679852549167 0.998875 0
1679852680033 0.999125 0
1679852812207 0.999225 0
1679852944950 0.998775 0
1679853132576 0.833025 0
1679853266411 0.9635 0
1679853399314 0.98595 0
1679853532782 0.9921 0
1679853666942 0.994225 0
1679853801333 0.99505 0
1679853933748 0.996725 0
1679854065615 0.996025 0
1679854197593 0.99605 0
1679854329680 0.996325 0
