1679830727022 84.72651705611497 0
1679830811342 83.97490195801947 0
1679830894077 82.37561891495716 0
1679830979495 85.05651242600288 0
1679831064997 85.18524400901515 0
1679831145633 80.29818913701456 0
1679831232594 86.58322378096636 0
1679831317232 84.31289591593668 0
1679831402003 84.4032171430299 0
1679831484243 81.9174148819875 0
1679831605472 96.6136499469867 0
1679831702248 96.53966509003658 0
1679831798356 95.79172085796017 0
1679831894222 95.62111498299055 0
1679831989326 94.81447362108156 0
1679832087005 97.32849562098272 0
1679832183201 95.8853725650115 0
1679832281689 98.13983975502197 0
1679832373930 91.93135528697167 0
1679832465316 91.04672365798615 0
1679832582861 94.97932260402013 0
1679832676617 93.43970117892604 0
1679832771942 94.9425885520177 0
1679832866636 94.30496294994373 0
1679832960636 93.68684453202877 0
1679833055228 94.2483660869766 0
1679833149218 93.62105569802225 0
1679833243355 93.79905142006464 0
1679833337567 93.8557715479983 0
1679833432035 94.15418239997234 0
1679833552386 96.13716355303768 0
1679833649267 96.51123611093499 0
1679833751121 101.53997989196796 0
1679833852679 101.22446862200741 0
1679833954508 101.46788718295284 0
1679834056177 101.33211453200784 0
1679834158531 102.0111292010406 0
1679834261110 102.23903458600398 0
1679834362903 101.4469260640908 0
1679834464613 101.36215499299578 0
1679834593988 103.1441688350169 0
1679834697292 102.9589959399309 0
1679834801739 104.17485005396884 0
1679834904793 102.70705225004349 0
1679835009476 104.30355244595557 0
1679835113959 104.13335452810861 0
1679835217406 103.10811228305101 0
1679835323121 105.42810237407684 0
1679835427065 103.58616650698241 0
1679835530782 103.33459816197865 0
1679835663780 105.40706166496966 0
1679835769541 105.50261751899961 0
1679835874530 104.64201122103259 0
1679835985729 110.9300832960289 0
1679836098871 112.87406750197988 0
1679836211520 112.38530091103166 0
1679836325550 113.77127431496046 0
1679836437781 111.98765955201816 0
1679836552413 114.38370061002206 0
1679836663704 111.01945782091934 0
1679836803937 110.39677069999743 0
1679836914684 110.47872232599184 0
1679837024914 109.9006449849112 0
1679837135791 110.54730260604993 0
1679837248180 112.1214954139432 0
1679837358795 110.33706681197509 0
1679837468775 109.72378173703328 0
1679837580002 110.95128554000985 0
1679837691036 110.7863437110791 0
1679837801837 110.51371795206796 0
1679837948058 112.5298224920407 0
1679838061650 113.31006886193063 0
1679838174065 112.15914395509753 0
1679838286425 112.10047384595964 0
1679838399741 113.04983047803398 0
1679838512190 112.18395305797458 0
1679838626016 113.55640135402791 0
1679838740458 114.17367990605999 0
1679838852874 112.15662828693166 0
1679838966878 113.6684218129376 0
1679839114498 115.9456219309941 0
1679839230884 116.13078679493628 0
1679839347473 116.33120591705665 0
1679839464473 116.7199027260067 0
1679839580866 116.11883879208472 0
1679839697390 116.25190446001943 0
1679839812219 114.56382227793802 0
1679839925956 113.45556109910831 0
1679840039275 113.03369401092641 0
1679840154158 114.633976632962 0
1679840305629 116.16044906107709 0
1679840420167 114.26692932995502 0
1679840536626 116.18108021002263 0
1679840653386 116.46710417396389 0
1679840769363 115.68353320495225 0
1679840886532 116.77291942795273 0
1679841003442 116.61835741309915 0
1679841119153 115.44535228202585 0
1679841235799 116.38363382092211 0
1679841353349 117.25939868099522 0
1679841508995 118.44595643796492 0
1679841627720 118.45583100407384 0
1679841744873 116.89212287799455 0
1679841863854 118.68447529606055 0
1679841982097 117.97857515292708 0
1679842099451 117.06010616698768 0
1679842219525 119.78465960093308 0
1679842339854 120.0261871740222 0
1679842459162 119.02123246889096 0
1679842577940 118.49268179701176 0
1679842738197 121.68231751897838 0
1679842859284 120.71724427398294 0
1679842979224 119.62568316201214 0
1679843098136 118.63651188090444 0
1679843216137 117.70807665504981 0
1679843335272 118.84427043097094 0
1679843453482 117.90236256702337 0
1679843571290 117.52930450090207 0
1679843691094 119.51498300908133 0
1679843809559 118.15489296196029 0
1679843973686 121.42003675200976 0
1679844093379 119.3809362759348 0
1679844214042 120.39632849290501 0
1679844335071 120.72076572710648 0
1679844456588 121.17103127995506 0
1679844577426 120.5350195269566 0
1679844699024 121.32648940291256 0
1679844819789 120.48421134310775 0
1679844941832 121.74517225800082 0
1679845064499 122.37961177504621 0
1679845232043 122.45879245689139 0
1679845355157 122.81419491395354 0
1679845478668 123.22905382700264 0
1679845602887 123.93587958998978 0
1679845725941 122.75740473996848 0
1679845851471 125.24492197507061 0
1679845974284 122.51924086199142 0
1679846096124 121.51747408416122 0
1679846218575 122.04409402818419 0
1679846339975 121.11270087701268 0
1679846508591 122.68168451380916 0
1679846630536 121.65350658795796 0
1679846753442 122.58782932790928 0
1679846876145 122.40993979293853 0
1679846997920 121.47415479994379 0
1679847120671 122.46228681295179 0
1679847243986 123.00620318390429 0
1679847367501 123.21213275613263 0
1679847490868 123.08754736604169 0
1679847613010 121.83598835882731 0
1679847788803 126.81471204105765 0
1679847915699 126.45996271097101 0
1679848042714 126.68764010700397 0
1679848170090 127.06699697813019 0
1679848295038 124.55913663492538 0
1679848421791 126.42812753887847 0
1679848548682 126.59769333293661 0
1679848675247 126.244982724078 0
1679848800999 125.44132059207186 0
1679848928186 126.91536045004614 0
1679849103353 126.93800525297411 0
1679849229253 125.61700819688849 0
1679849354735 125.19231066596694 0
1679849480660 125.62231061910279 0
1679849606451 125.50517588085495 0
1679849732564 125.82011226401664 0
1679849859141 126.28448445093818 0
1679849987293 127.85056551196612 0
1679850112118 124.53328331792727 0
1679850238311 125.865404979093 0
1679850420291 128.55693209683523 0
1679850548746 128.16354113584384 0
1679850678234 129.15315302996896 0
1679850807919 129.37436847388744 0
1679850937003 128.7542754060123 0
1679851066748 129.39998954394832 0
1679851196651 129.59939481783658 0
1679851325533 128.5897385061253 0
1679851454982 129.1549272700213 0
1679851583310 128.01459917007014 0
1679851766184 128.7938743380364 0
1679851895349 128.69710984500125 0
1679852024033 128.31912487605587 0
1679852155381 131.05531581887044 0
1679852286424 130.70802849088795 0
1679852417231 130.48290286702104 0
1679852549189 131.65478805685416 0
1679852680065 130.55251775495708 0
1679852812242 131.8527058030013 0
1679852944981 132.4112429250963 0
1679853132612 133.55993105308153 0
1679853266436 133.40340790501796 0
1679853399335 132.59215408703312 0
1679853532806 133.16041108896025 0
1679853666969 133.75651213200763 0
1679853801355 134.08642224804498 0
1679853933770 132.10006592515856 0
1679854065651 131.5538872240577 0
1679854197624 131.6174528580159 0
1679854329718 131.77352854888886 0
