1679830727015 0.06760704167366233 0
1679830811332 0.005621250369667524 0
1679830894069 0.0030130277424199096 0
1679830979490 0.0014695842571384968 0
1679831064990 0.0010252292036641252 0
1679831145627 0.0004783718848013192 0
1679831232587 0.0004653265043419262 0
1679831317227 0.000500095945482852 0
1679831401995 0.0006833461886906856 0
1679831484236 0.000979969464930856 0
1679831605466 0.1293864279161673 0
1679831702242 0.010122408456471749 0
1679831798348 0.00444837002181157 0
1679831894211 0.002599152298012632 0
1679831989321 0.0015572365743049886 0
1679832086992 0.0009806719290456386 0
1679832183193 0.0009253421351000725 0
1679832281681 0.0007419054947356926 0
1679832373924 0.0006200505439461267 0
1679832465308 0.0006890448033474968 0
1679832582853 0.237163833426591 0
1679832676609 0.021940747325774283 0
1679832771935 0.009067820084205596 0
1679832866628 0.004206841953261755 0
1679832960628 0.003100110303395195 0
1679833055217 0.002753135806044156 0
1679833149210 0.0015576441478871857 0
1679833243347 0.001362334979695879 0
1679833337557 0.0010142797768785386 0
1679833432027 0.0006745279284099524 0
1679833552378 0.3219765646710992 0
1679833649257 0.030605258436547593 0
1679833751112 0.012937002756877336 0
1679833852667 0.005259224624180933 0
1679833954496 0.003459774412791012 0
1679834056170 0.0022111863835787516 0
1679834158523 0.0014190081695240225 0
1679834261102 0.0010655243297645939 0
1679834362895 0.0010981911720300559 0
1679834464605 0.00118786774444161 0
1679834593979 0.35446148259714244 0
1679834697284 0.028155775286303832 0
1679834801731 0.010812113431666511 0
1679834904784 0.007666820226213894 0
1679835009467 0.004379363652667962 0
1679835113948 0.002779174162290292 0
1679835217399 0.0016793794748664367 0
1679835323112 0.0017794493452311143 0
1679835427056 0.0013158456637553172 0
1679835530775 0.0015673381447617431 0
1679835663773 0.3966622740585357 0
1679835769533 0.03821927144285291 0
1679835874519 0.015879051362490283 0
1679835985720 0.009271242290345254 0
1679836098860 0.006433456409664359 0
1679836211513 0.005639346596621908 0
1679836325540 0.003669501912724809 0
1679836437774 0.002572082625515759 0
1679836552406 0.0018358847639887244 0
1679836663697 0.0022086441481369546 0
1679836803929 0.3792914083432406 0
1679836914675 0.02891432467373088 0
1679837024904 0.012449003683635966 0
1679837135784 0.007900210295768921 0
1679837248171 0.003932845823129173 0
1679837358786 0.0024743557835754473 0
1679837468769 0.002497324705435312 0
1679837579991 0.0019033825823484222 0
1679837691030 0.0013599608404576428 0
1679837801826 0.0013378874052737955 0
1679837948050 0.4751755715191364 0
1679838061634 0.05888656795434654 0
1679838174058 0.02498207078204723 0
1679838286413 0.016682135348534213 0
1679838399729 0.01225675279723946 0
1679838512180 0.009432843274308834 0
1679838626009 0.006576934656349476 0
1679838740444 0.006070939208788331 0
1679838852867 0.0057108875208417885 0
1679838966868 0.004967554981374997 0
1679839114484 0.45714566872678697 0
1679839230874 0.04334002423048951 0
1679839347464 0.018112940986640753 0
1679839464465 0.009752137486299035 0
1679839580853 0.005168874835706083 0
1679839697382 0.0033733027584908998 0
1679839812209 0.002820811857114313 0
1679839925949 0.001838220994141011 0
1679840039256 0.0012493474161943596 0
1679840154151 0.0013317073534795782 0
1679840305621 0.5135667388655245 0
1679840420158 0.05757792874518782 0
1679840536615 0.023571783678000793 0
1679840653379 0.013952919570938685 0
1679840769352 0.007236022063507698 0
1679840886525 0.005273874834581511 0
1679841003431 0.005047963703825371 0
1679841119145 0.006316239130793838 0
1679841235790 0.004630180394795025 0
1679841353333 0.0023998242492380088 0
1679841508985 0.4533162594240159 0
1679841627712 0.03558531785327941 0
1679841744865 0.012842909676092676 0
1679841863844 0.006966163205716293 0
1679841982088 0.004237003551487578 0
1679842099437 0.0028027567312296016 0
1679842219513 0.0023667602152971086 0
1679842339845 0.00287103382559726 0
1679842459155 0.0025358459329407196 0
1679842577933 0.0016595745222759432 0
1679842738185 0.5296807046219707 0
1679842859273 0.0667899922366254 0
1679842979214 0.02757317638308741 0
1679843098128 0.018815997354313732 0
1679843216123 0.010619233024120331 0
1679843335264 0.008296895489795134 0
1679843453467 0.007856553756212815 0
1679843571281 0.005365246450167615 0
1679843691078 0.005108896628080402 0
1679843809548 0.00408935064477846 0
1679843973671 0.5531955333396792 0
1679844093364 0.06636223046155647 0
1679844214031 0.025170093996822834 0
1679844335058 0.015384513244894333 0
1679844456576 0.010203057171311229 0
1679844577405 0.008000062202487607 0
1679844699016 0.005435515716701048 0
1679844819781 0.005378455758205382 0
1679844941824 0.005059419735052507 0
1679845064492 0.004376865396116045 0
1679845232034 0.5579030932381749 0
1679845355146 0.06844399168584496 0
1679845478660 0.030828720712848007 0
1679845602879 0.015628386228042655 0
1679845725933 0.011706790433253627 0
1679845851463 0.009409537631989224 0
1679845974275 0.008373369317990728 0
1679846096108 0.006737208519456908 0
1679846218567 0.005936170101808966 0
1679846339967 0.004366432505144621 0
1679846508574 0.6261077862471343 0
1679846630520 0.07784301539268344 0
1679846753434 0.032659662786824625 0
1679846876127 0.0215705353242578 0
1679846997905 0.011857402785669546 0
1679847120663 0.009895227971056011 0
1679847243973 0.007403469201957342 0
1679847367484 0.005317510173562914 0
1679847490859 0.005723056767287199 0
1679847613001 0.0043293252426723485 0
1679847788792 0.6206661315962673 0
1679847915687 0.08472569492626936 0
1679848042705 0.0399704632664565 0
1679848170081 0.024094144441792743 0
1679848295029 0.01580389350464102 0
1679848421777 0.014068703577236738 0
1679848548673 0.013186436032666825 0
1679848675238 0.01458802295155474 0
1679848800979 0.012212826544418931 0
1679848928177 0.013968367122113705 0
1679849103345 0.6664585917487741 0
1679849229244 0.08638162421807646 0
1679849354726 0.033834626330435276 0
1679849480651 0.017505670983926393 0
1679849606437 0.013741998652601615 0
1679849732555 0.007732284849241842 0
1679849859132 0.007232204299478326 0
1679849987276 0.007703019833372673 0
1679850112105 0.00914296115769539 0
1679850238302 0.007806985025291215 0
1679850420282 0.643264060588181 0
1679850548733 0.08739460206702351 0
1679850678225 0.035402088187541814 0
1679850807900 0.022479729545349256 0
1679850936993 0.014783165665634443 0
1679851066739 0.013489245305460645 0
1679851196636 0.010549221400776878 0
1679851325523 0.009518220244394615 0
1679851454972 0.00859636040655314 0
1679851583301 0.004813204442342976 0
1679851766175 0.6547346197471022 0
1679851895337 0.08357865820787846 0
1679852024023 0.03129361764630303 0
1679852155370 0.01661327991327271 0
1679852286405 0.010623286073864438 0
1679852417213 0.006980447863397421 0
1679852549179 0.005378735783969751 0
1679852680047 0.0039317103175562805 0
1679852812219 0.003665091041222331 0
1679852944965 0.004737862131328438 0
1679853132592 0.7228884824752808 0
1679853266425 0.11489596861004829 0
1679853399325 0.04627448717579245 0
1679853532796 0.027346785948658362 0
1679853666958 0.01992196139174048 0
1679853801345 0.0163309082867112 0
1679853933761 0.011925811146351044 0
1679854065637 0.013636881984979846 0
1679854197612 0.013311628065072 0
1679854329703 0.013631088240211829 0
