1678809386037 4.223631128999841 0
1678809390021 3.856601130000854 0
1678809393917 3.752447721999488 0
1678809397831 3.784455193001122 0
1678809401867 3.905086968999967 0
1678809405844 3.8542158500004007 0
1678809410011 4.010196695999184 0
1678809414056 3.903355096999803 0
1678809417897 3.7095424929993897 0
1678809421848 3.8114940020004724 0
1678809477757 5.369155365000552 0
1678809483453 5.552371470999788 0
1678809488856 5.251693071999398 0
1678809494482 5.495526298000186 0
1678809499772 5.135469925000507 0
1678809505131 5.2212714349989255 0
1678809511027 5.768533686999945 0
1678809517459 6.280133944999761 0
1678809523837 6.238563824999801 0
1678809530432 6.450264950000928 0
1678809592662 4.9601678869985335 0
1678809597915 5.100232318998678 0
1678809603378 5.309851914000319 0
1678809609078 5.540158828000131 0
1678809614480 5.24260249299914 0
1678809619893 5.2725390380001045 0
1678809625508 5.466950205998728 0
1678809630896 5.244880424999792 0
1678809636364 5.3302528010008245 0
1678809641864 5.347437660999276 0
1678809697171 5.386348145999364 0
1678809702502 5.17572840000139 0
1678809708237 5.5820019700004195 0
1678809713722 5.332209691001481 0
1678809719108 5.245383411000148 0
1678809724781 5.516929274001086 0
1678809730327 5.400195692000125 0
1678809736116 5.630571580999458 0
1678809742542 6.268131879000066 0
1678809748903 6.219880621001721 0
1678809813047 5.875080534000517 0
1678809818203 4.983106249999764 0
1678809823682 5.324697914998978 0
1678809829133 5.302603681999244 0
1678809834730 5.42758952999975 0
1678809840242 5.348566376000235 0
1678809845741 5.35095812200052 0
1678809851404 5.504755476000355 0
1678809856806 5.245495354000013 0
1678809862422 5.4721427759996 0
1678809918573 5.532716653000534 0
1678809924061 5.317585986000267 0
1678809929674 5.460775682000531 0
1678809935253 5.414254281000467 0
1678809941110 5.682566085999497 0
1678809946824 5.555076668999391 0
1678809952285 5.296496754001055 0
1678809957915 5.458620818000782 0
1678809964253 6.172688013000879 0
1678809970438 6.026036330000352 0
1678810035046 5.972019361999628 0
1678810040973 5.747619953001049 0
1678810045954 4.820435842000734 0
1678810051661 5.527442880000308 0
1678810057386 5.563749555998584 0
1678810063166 5.628739059999134 0
1678810068652 5.312987434001116 0
1678810074231 5.400555226999131 0
1678810080127 5.725268623000375 0
1678810085769 5.477946597000482 0
1678810143097 5.51748063299965 0
1678810148663 5.3915848010001355 0
1678810154048 5.223559905000002 0
1678810159903 5.664841695001087 0
1678810165521 5.429021536998334 0
1678810171395 5.701978148001217 0
1678810177195 5.627047239000603 0
1678810182690 5.319086129000425 0
1678810188823 5.956489326999872 0
1678810195321 6.317899371999374 0
1678810259681 5.912742509999589 0
1678810265890 6.021174008999878 0
1678810271148 5.0707516450002 0
1678810277008 5.6863052839999 0
1678810282532 5.344297526000446 0
1678810288380 5.673894551999183 0
1678810294005 5.446124284000689 0
1678810299675 5.485297372000787 0
1678810305511 5.653436431000955 0
1678810311334 5.639370937000422 0
1678810368406 5.733116445000633 0
1678810374109 5.5301407469996775 0
1678810379586 5.290651917999639 0
1678810385213 5.4529457749995345 0
1678810391046 5.651528861999395 0
1678810396915 5.690681862000929 0
1678810402729 5.633620415999758 0
1678810408228 5.301851484000508 0
1678810414470 6.072651962000236 0
1678810421080 6.420608540000103 0
1678810485878 5.935619199999564 0
1678810491900 5.823800169999231 0
1678810496999 4.9355142889999115 0
1678810502734 5.538511131000632 0
1678810508511 5.599139920001107 0
1678810514247 5.540359919999901 0
1678810519934 5.493180466999547 0
1678810525698 5.5620717800011334 0
1678810531542 5.638726844999837 0
1678810537250 5.530236475999118 0
1678810594328 5.751189831999 0
1678810600328 5.792792195999937 0
1678810605993 5.468639695000093 0
1678810611798 5.595446362000075 0
1678810617444 5.459451025999442 0
1678810623242 5.61557747200095 0
1678810629077 5.654232430000775 0
1678810634979 5.702438815000278 0
1678810641180 6.010759261000203 0
1678810647486 6.1249446109995915 0
1678810713550 6.069049368999913 0
1678810719694 5.934444323000207 0
1678810724941 5.0562873290000425 0
1678810730786 5.633856628999638 0
1678810736650 5.6702951549996214 0
1678810742501 5.657417746999272 0
1678810748139 5.4570601920004265 0
1678810754094 5.7545772539997415 0
1678810760017 5.718532946999403 0
1678810765918 5.6833387759998 0
1678810824345 5.735435652000888 0
1678810830256 5.697790394999174 0
1678810836308 5.848719653999069 0
1678810842297 5.772895162999703 0
1678810848229 5.72929429100077 0
1678810854215 5.779308347000551 0
1678810859844 5.429528573000425 0
1678810865860 5.789887900000394 0
1678810872546 6.472650866000549 0
1678810879016 6.2749257430004945 0
1678810946618 5.78005055200083 0
1678810952116 5.2836658129999705 0
1678810957807 5.499585693998597 0
1678810963537 5.524278690998472 0
1678810969373 5.612785170000279 0
1678810975211 5.620786846999181 0
1678810981260 5.827633192999201 0
1678810987345 5.868245981000655 0
1678810993425 5.867041097000765 0
1678810999631 5.990690863000054 0
1678811057660 5.656534530000499 0
1678811063513 5.629610136000338 0
1678811069135 5.416680342999825 0
1678811075331 5.979088410998884 0
1678811081242 5.701091816999906 0
1678811087021 5.562697532999664 0
1678811093179 5.948530449999453 0
1678811099848 6.450706515999627 0
1678811106511 6.458634546001122 0
1678811113222 6.488228062000417 0
1678811182240 5.639056826999877 0
1678811188072 5.615289736000705 0
1678811193735 5.452594280000994 0
1678811199571 5.6278121509985795 0
1678811205622 5.833900628000265 0
1678811211293 5.452869638998891 0
1678811217155 5.646608724999169 0
1678811222824 5.4495112780005 0
1678811228611 5.560823227000583 0
1678811234308 5.485821364000003 0
1678811293774 5.85509782400004 0
1678811299912 5.899429109000266 0
1678811305964 5.84056551499998 0
1678811311985 5.796218464000049 0
1678811318209 5.993486807999943 0
1678811324874 6.434171107999646 0
1678811331623 6.5240320159991825 0
1678811338323 6.488437181000336 0
1678811344881 6.352126078001675 0
1678811351710 6.603688827000951 0
1678811417270 5.876015289999486 0
1678811423179 5.697485196998969 0
1678811429352 5.94015912299983 0
1678811435507 5.921757985999648 0
1678811441626 5.880111227999805 0
1678811447520 5.674209787001018 0
1678811453707 5.951316295999277 0
1678811459619 5.68190506800056 0
1678811465576 5.735224900001413 0
1678811471627 5.835210962999554 0
1678811532114 5.472026322000602 0
1678811537900 5.546381767999264 0
1678811544123 5.985586106000483 0
1678811550887 6.511995165001281 0
1678811557516 6.399668589998328 0
1678811564440 6.68516413100042 0
1678811571191 6.513540305000788 0
1678811578174 6.730587324000226 0
1678811584357 5.928305085999455 0
1678811590797 6.189388220000183 0
