1678809386031 0.578869312782498 0
1678809390015 0.08194285402914472 0
1678809393908 0.029855539570288622 0
1678809397826 0.013759861006310173 0
1678809401859 0.011596651213681874 0
1678809405839 0.005267805177901013 0
1678809410004 0.003652504022694284 0
1678809414052 0.0026917896075425306 0
1678809417889 0.0023833889375536647 0
1678809421841 0.0028005288177690305 0
1678809477745 0.5627001806711539 0
1678809483445 0.07260643974997294 0
1678809488849 0.023374652210921526 0
1678809494477 0.009639940231304185 0
1678809499765 0.007233420931674444 0
1678809505124 0.004616890958949136 0
1678809511019 0.0032643778494951758 0
1678809517453 0.0026460938964961455 0
1678809523831 0.0019212959057021623 0
1678809530425 0.0019343810076511896 0
1678809592656 0.704389649323928 0
1678809597905 0.0793197320189136 0
1678809603371 0.02205207339153649 0
1678809609062 0.009749277512011573 0
1678809614470 0.008167898464494217 0
1678809619881 0.005140513690257182 0
1678809625502 0.003956631584561621 0
1678809630891 0.0033117521437443197 0
1678809636359 0.003245532395130095 0
1678809641857 0.003038057913027632 0
1678809697164 0.7724103572754524 0
1678809702497 0.08495021850252762 0
1678809708231 0.024958455979895707 0
1678809713711 0.01313678537441704 0
1678809719103 0.007695261012159813 0
1678809724771 0.006327164906393498 0
1678809730321 0.004571846071765042 0
1678809736110 0.0031283728185838135 0
1678809742537 0.002771158778042986 0
1678809748898 0.002540762997971167 0
1678809813038 0.8191410392904893 0
1678809818194 0.07698687042993231 0
1678809823671 0.023704277548509147 0
1678809829127 0.01324867190888677 0
1678809834722 0.0075624597987207845 0
1678809840232 0.008008316591328297 0
1678809845732 0.004252399550377726 0
1678809851393 0.003591655993846078 0
1678809856800 0.00353414871773193 0
1678809862415 0.00239802503347164 0
1678809918561 0.8533737661842352 0
1678809924052 0.07338436030281278 0
1678809929664 0.02836026440565594 0
1678809935242 0.011967049889976922 0
1678809941096 0.007588384951351401 0
1678809946817 0.006091757327503262 0
1678809952277 0.004580363636472238 0
1678809957904 0.0035207151354720388 0
1678809964241 0.0029209510778459027 0
1678809970426 0.003068485026000044 0
1678810035033 0.8406437905266498 0
1678810040963 0.07716256621269843 0
1678810045945 0.029007076172349162 0
1678810051649 0.015927847077807363 0
1678810057379 0.007706947943333011 0
1678810063160 0.005077868851516634 0
1678810068645 0.004107573871106769 0
1678810074221 0.003687397907831324 0
1678810080116 0.003393106456384815 0
1678810085763 0.0028327837219246877 0
1678810143088 0.8734351768612097 0
1678810148655 0.0820657676563431 0
1678810154041 0.02938438492277876 0
1678810159890 0.01174720771646557 0
1678810165512 0.0075251037375822375 0
1678810171387 0.005216728213081996 0
1678810177189 0.004352224087760521 0
1678810182682 0.004011794837797658 0
1678810188816 0.003094915440156817 0
1678810195312 0.0030917716548384097 0
1678810259675 0.8603624683351089 0
1678810265883 0.08747380109838186 0
1678810271137 0.02751078362015482 0
1678810277000 0.012584324494804231 0
1678810282524 0.0076767601511584455 0
1678810288372 0.0061764017013140405 0
1678810293991 0.004340464228358216 0
1678810299666 0.004597093476033292 0
1678810305492 0.0030991735824127085 0
1678810311326 0.0024767219178894987 0
1678810368399 0.8747988157929518 0
1678810374103 0.08044213344319126 0
1678810379579 0.023082950718115825 0
1678810385208 0.013161238317246525 0
1678810391040 0.0077515107569081755 0
1678810396908 0.005608864585295892 0
1678810402722 0.004690473657459593 0
1678810408212 0.00375261271741086 0
1678810414461 0.0032614128315636218 0
1678810421074 0.0031834301883533886 0
1678810485869 0.8699737713218499 0
1678810491890 0.08316420671792749 0
1678810496993 0.025240963832355846 0
1678810502724 0.0128968056374922 0
1678810508504 0.008324924750456538 0
1678810514238 0.006941255443962291 0
1678810519928 0.004245468693298813 0
1678810525678 0.003770319493457627 0
1678810531525 0.0032560772914364813 0
1678810537239 0.0026130105166558702 0
1678810594313 0.8739438550307964 0
1678810600317 0.0802326024724887 0
1678810605986 0.02757869537274998 0
1678810611784 0.012935206590321822 0
1678810617435 0.009157148166708887 0
1678810623235 0.005636811725054987 0
1678810629070 0.0048299198582147556 0
1678810634970 0.003855139216727529 0
1678810641172 0.0038091178318539346 0
1678810647479 0.0027299797498600152 0
1678810713543 0.8563704170191135 0
1678810719685 0.08011606733243053 0
1678810724933 0.0277066659868862 0
1678810730776 0.014299089220376352 0
1678810736641 0.009733808272404788 0
1678810742492 0.0064691049240839975 0
1678810748131 0.005101994507593843 0
1678810754083 0.0038369347972687907 0
1678810760008 0.0030688377897977494 0
1678810765904 0.0025365524984991704 0
1678810824330 0.8437935032237035 0
1678810830240 0.08238112685294488 0
1678810836301 0.027646974973882046 0
1678810842289 0.012927024335695956 0
1678810848219 0.008533145154778583 0
1678810854208 0.005443907648068256 0
1678810859836 0.005047727034812292 0
1678810865851 0.0038241765414101956 0
1678810872539 0.0033323251181849255 0
1678810879007 0.002906148608487386 0
1678810946611 0.8535490137739823 0
1678810952109 0.08294946528398074 0
1678810957800 0.026836085001914166 0
1678810963528 0.014000013618407628 0
1678810969366 0.009556792811520446 0
1678810975202 0.005852809051224866 0
1678810981244 0.004401045855886947 0
1678810987336 0.0037605891907916 0
1678810993416 0.003043616689795342 0
1678810999623 0.0030922896694391966 0
1678811057647 0.8419303387785569 0
1678811063505 0.09456157257469992 0
1678811069128 0.025762406409156915 0
1678811075322 0.014444348593361868 0
1678811081228 0.008693931204899669 0
1678811087012 0.006289446459656271 0
1678811093168 0.004790625275255969 0
1678811099839 0.004290035415369158 0
1678811106503 0.004002825964095955 0
1678811113214 0.003814176939508448 0
1678811182227 0.8535559692730507 0
1678811188063 0.08176417627897209 0
1678811193727 0.028033777710217506 0
1678811199563 0.013893283505100183 0
1678811205601 0.009228799160784827 0
1678811211282 0.005866030513201482 0
1678811217139 0.004737290307112301 0
1678811222815 0.003986793905660773 0
1678811228603 0.002945945867955183 0
1678811234298 0.0023915115363286952 0
1678811293766 0.8376195657616242 0
1678811299900 0.0865269357111687 0
1678811305956 0.029222008088627495 0
1678811311963 0.015231072705668898 0
1678811318197 0.00999230456028062 0
1678811324866 0.006121291432720728 0
1678811331615 0.005500044480028849 0
1678811338314 0.00441424760934658 0
1678811344873 0.003094294372623643 0
1678811351702 0.0023530396899262155 0
1678811417258 0.8262586792071278 0
1678811423171 0.08323202982473259 0
1678811429332 0.028439943781659868 0
1678811435499 0.011181007537883349 0
1678811441616 0.009240054859009642 0
1678811447510 0.005600530161665609 0
1678811453686 0.00556848614434831 0
1678811459610 0.0050292623073358135 0
1678811465568 0.003584899953775442 0
1678811471618 0.0028215585817890363 0
1678811532105 0.826689110782284 0
1678811537884 0.07808032672470197 0
1678811544107 0.024644823129981373 0
1678811550867 0.013764463750144037 0
1678811557506 0.00753699121504234 0
1678811564430 0.005866479530829029 0
1678811571182 0.005252569747823052 0
1678811578164 0.004660342778571738 0
1678811584339 0.0033974053546374375 0
1678811590788 0.002949895481996907 0
