1678690480928 4.433013309258968 0
1678690485292 4.212758789770305 0
1678690489715 4.272544334176928 0
1678690494098 4.22331561287865 0
1678690498588 4.322798023931682 0
1678690502914 4.1646359651349485 0
1678690507258 4.177768621593714 0
1678690511545 4.12417373014614 0
1678690515920 4.218059008941054 0
1678690520322 4.241813065949827 0
1678690587988 7.507524381857365 0
1678690595503 7.3557346779853106 0
1678690603199 7.526337970979512 0
1678690610854 7.4894245020113885 0
1678690618348 7.331583534833044 0
1678690625981 7.4860999207012355 0
1678690633796 7.64750467101112 0
1678690641478 7.522380658891052 0
1678690649093 7.448694483842701 0
1678690656593 7.347518621943891 0
1678690727345 10.470558120403439 0
1678690737808 10.302005388308316 0
1678690748533 10.558740733191371 0
1678690759272 10.57215799530968 0
1678690769844 10.409172154031694 0
1678690780376 10.36451646219939 0
1678690791017 10.476415203884244 0
1678690801725 10.547435554210097 0
1678690812274 10.399470353964716 0
1678690823005 10.559689303860068 0
1678690897248 13.729122942313552 0
1678690911300 13.89835601579398 0
1678690925102 13.635755287948996 0
1678690938904 13.641145417001098 0
1678690952575 13.51577892806381 0
1678690966670 13.942042584065348 0
1678690980695 13.84021080378443 0
1678690994361 13.494489594828337 0
1678691008236 13.715599882416427 0
1678691022457 14.058850480709225 0
1678691100340 16.881230332888663 0
1678691117414 16.912237490992993 0
1678691134656 17.069491303991526 0
1678691151657 16.829477205872536 0
1678691168855 17.032336052972823 0
1678691185734 16.72984372265637 0
1678691202674 16.772844643797725 0
1678691219711 16.874237259849906 0
1678691236587 16.70621707290411 0
1678691253603 16.846630232874304 0
1678691333942 19.88956693885848 0
1678691353996 19.900890786200762 0
1678691374098 19.92747071897611 0
1678691394021 19.75839045178145 0
1678691414119 19.92412147531286 0
1678691434423 20.142741351388395 0
1678691454492 19.89073191676289 0
1678691474606 19.953212149906904 0
1678691494598 19.845374925993383 0
1678691514913 20.161861536093056 0
1678691598656 22.73187786201015 0
1678691621949 23.1254868269898 0
1678691645192 23.083243677858263 0
1678691668337 22.980740262195468 0
1678691691439 22.928222700953484 0
1678691714614 23.00374213512987 0
1678691737888 23.103946389164776 0
1678691761143 23.09993692720309 0
1678691784136 22.8412345321849 0
1678691807153 22.857667468953878 0
1678691894771 26.25844631390646 0
1678691921021 26.0955594163388 0
1678691947245 26.05153322312981 0
1678691973556 26.132169453892857 0
1678691999635 25.91161843109876 0
1678692025973 26.160043191164732 0
1678692052149 26.002058673184365 0
1678692078401 26.07350276131183 0
1678692104793 26.211510831024498 0
1678692130897 25.933264937251806 0
1678692221396 29.108699440956116 0
1678692251078 29.51574845192954 0
1678692281075 29.82232538005337 0
1678692310858 29.605574633926153 0
1678692340252 29.225095219910145 0
1678692369809 29.388786990195513 0
1678692399476 29.51106618018821 0
1678692428727 29.068006412126124 0
1678692458414 29.504597715102136 0
1678692488213 29.617427626159042 0
1678692582719 32.626641723793 0
1678692615268 32.37327615311369 0
1678692647767 32.32201596815139 0
1678692680424 32.47359756100923 0
1678692712896 32.30728464899585 0
1678692745327 32.274880743119866 0
1678692778404 32.893999269232154 0
1678692810913 32.33868123497814 0
1678692843296 32.21026809792966 0
1678692875432 31.965808771084994 0
1678692973269 36.16234295023605 0
1678693008622 35.184959813952446 0
1678693043999 35.218338607344776 0
1678693079156 34.98192244907841 0
1678693114753 35.41883557429537 0
1678693150003 35.07177599705756 0
1678693185421 35.25866691302508 0
1678693220857 35.262894889805466 0
1678693256171 35.133052562363446 0
1678693292094 35.76244296086952 0
1678693393008 38.574165074154735 0
1678693432041 38.866389335133135 0
1678693470827 38.60895912582055 0
1678693509402 38.41942659812048 0
1678693547767 38.18672856502235 0
1678693586500 38.54475209489465 0
1678693625107 38.44737328309566 0
1678693663933 38.65156551124528 0
1678693702527 38.40964877931401 0
1678693741404 38.685254481155425 0
1678693844678 41.419298235327005 0
1678693886517 41.65582928666845 0
1678693928077 41.38387844059616 0
1678693969717 41.46792698279023 0
1678694011609 41.71022842871025 0
1678694053166 41.38250050181523 0
1678694095075 41.721492080017924 0
1678694136744 41.502646267879754 0
1678694178566 41.658105987124145 0
1678694220088 41.34211151022464 0
1678694327288 44.896691920701414 0
1678694371899 44.42870842432603 0
1678694416646 44.58537084236741 0
1678694461383 44.555015221238136 0
1678694506715 45.14919126499444 0
1678694552039 45.1656878660433 0
1678694596414 44.22403805190697 0
1678694641037 44.456781052052975 0
1678694685807 44.59189410181716 0
1678694730816 44.828568001277745 0
1678694840510 47.55216645589098 0
1678694888528 47.86807479476556 0
1678694936367 47.656307698227465 0
1678694984307 47.78931225417182 0
1678695032056 47.57375734485686 0
1678695080460 48.22796812513843 0
1678695128673 48.0197296179831 0
1678695177321 48.461599198170006 0
1678695226014 48.52856936817989 0
1678695273918 47.71138888411224 0
1678695387157 50.85575553402305 0
1678695438229 50.88849488692358 0
1678695489830 51.412525698076934 0
1678695541427 51.43363698804751 0
1678695592584 50.97042668471113 0
1678695643443 50.68867748370394 0
1678695694289 50.66320680594072 0
1678695745321 50.84602338587865 0
1678695796395 50.89192816475406 0
1678695847985 51.404750357382 0
1678695965045 54.1512586181052 0
1678696019565 54.332829049788415 0
1678696073878 54.1300805779174 0
1678696128100 54.0322218160145 0
1678696182475 54.20486475666985 0
1678696236810 54.16964700585231 0
1678696290783 53.791438735090196 0
1678696345281 54.3004283066839 0
1678696399979 54.522463217843324 0
1678696454041 53.889080291148275 0
1678696573864 57.18882178608328 0
1678696631156 57.10895713791251 0
1678696688700 57.35594276804477 0
1678696746088 57.21233257371932 0
1678696803393 57.13065999606624 0
1678696861648 58.0727904047817 0
1678696918553 56.70423858286813 0
1678696976033 57.30865898123011 0
1678697034071 57.84747761813924 0
1678697091352 57.111615762114525 0
1678697214918 60.626892352011055 0
1678697274762 59.66534459590912 0
1678697335417 60.468623131047934 0
1678697396310 60.68731501605362 0
1678697456747 60.258571373764426 0
1678697516129 59.21888854121789 0
1678697577032 60.73127874080092 0
1678697637304 60.079236444085836 0
1678697698134 60.652044515591115 0
1678697758628 60.32496980763972 0
1678697884817 62.83696334017441 0
1678697948666 63.66471707588062 0
1678698012481 63.64994608005509 0
1678698075828 63.15904791187495 0
1678698139486 63.46371962595731 0
1678698202819 63.150177299045026 0
1678698266296 63.300757174845785 0
1678698329590 63.10059839300811 0
1678698393449 63.66024501109496 0
1678698457059 63.404477699659765 0
