1680035322230 0.977161472697187 0
1680035380373 0.9905715664644236 0
1680035438660 0.9938637617209046 0
1680035496653 0.9950703254274683 0
1680035554828 0.9958632101489244 0
1680035612915 0.9968629343629344 0
1680035671041 0.9973800330943188 0
1680035728757 0.9980522614451186 0
1680035786799 0.9975696359624932 0
1680035845051 0.9985004136789851 0
1680035925506 0.9922898114195914 0
1680035987105 0.9970534311157674 0
1680036048461 0.9982156888423258 0
1680036109684 0.9980028810895757 0
1680036170503 0.9981011000523834 0
1680036231924 0.9982320586694604 0
1680036293464 0.9988704819277109 0
1680036354308 0.9985430853850183 0
1680036415828 0.9988541121005762 0
1680036477141 0.9988541121005762 0
1680036558300 0.9898690773067331 0
1680036623187 0.9979894014962594 0
1680036687374 0.9985816708229427 0
1680036751582 0.9984569825436409 0
1680036815886 0.9986284289276808 0
1680036880480 0.9987219451371571 0
1680036945243 0.9988154613466335 0
1680037009688 0.9989089775561097 0
1680037074581 0.9987375311720699 0
1680037139280 0.9988622194513715 0
1680037223797 0.9860565476190476 0
1680037290918 0.9960714285714286 0
1680037358382 0.9977529761904762 0
1680037425618 0.9985416666666667 0
1680037492393 0.9983928571428572 0
1680037559536 0.9986309523809523 0
1680037626929 0.99875 0
1680037695250 0.9984375 0
1680037763306 0.9987648809523809 0
1680037830851 0.9991517857142858 0
1680037919298 0.9797643442622951 0
1680037990226 0.9927851775956285 0
1680038061417 0.9960154826958105 0
1680038132062 0.9971112249544627 0
1680038202265 0.9975239071038251 0
1680038273454 0.997680441712204 0
1680038344332 0.9981785063752276 0
1680038414326 0.99810735428051 0
1680038484600 0.9982354280510018 0
1680038555588 0.998505806010929 0
1680038646919 0.9805488869489306 0
1680038720239 0.993507202095155 0
1680038793374 0.9958260584897425 0
1680038865974 0.9964398734177216 0
1680038939034 0.9976129419467481 0
1680039012453 0.997326494980358 0
1680039086542 0.9974628982976866 0
1680039160264 0.9978584679179398 0
1680039233429 0.99814491488433 0
1680039307303 0.9979403099083369 0
1680039403019 0.9725073313782991 0
1680039480292 0.9829545454545454 0
1680039557399 0.9879163175534144 0
1680039633185 0.9907048596564726 0
1680039710380 0.9933886677838291 0
1680039786702 0.9948811269375786 0
1680039863103 0.9952215123586091 0
1680039939608 0.9964521365731043 0
1680040015414 0.9964783200670297 0
1680040091857 0.9973554671135316 0
1680040189716 0.971392972211035 0
1680040269068 0.9828458517921869 0
1680040347560 0.986873238018526 0
1680040427140 0.9904601288763593 0
1680040506530 0.9929520741039065 0
1680040585554 0.993619109947644 0
1680040664867 0.9947266411598872 0
1680040744439 0.99536850583971 0
1680040824820 0.9961362263391059 0
1680040904532 0.9963375956504229 0
1680041007298 0.9711864817688131 0
1680041089049 0.9797081070597362 0
1680041171814 0.9845325833979829 0
1680041254528 0.9879266873545384 0
1680041337292 0.990629848719938 0
1680041420058 0.9921329519006982 0
1680041502141 0.9931996702870443 0
1680041585576 0.9940845616757176 0
1680041668470 0.9950179402637703 0
1680041750920 0.9951270364623739 0
1680041857373 0.9683059087509349 0
1680041943042 0.977503272251309 0
1680042027830 0.9822597232610322 0
1680042112778 0.9863734106207929 0
1680042198273 0.9889094053851907 0
1680042283808 0.9918778047868362 0
1680042369585 0.9928127337322363 0
1680042455126 0.9936307965594615 0
1680042540282 0.9946241585639491 0
1680042625969 0.9944371727748691 0
1680042735438 0.9660762635379061 0
1680042824284 0.9763425090252708 0
1680042912563 0.9818817689530686 0
1680043001857 0.9864733754512636 0
1680043090718 0.9898691335740072 0
1680043179225 0.991764440433213 0
1680043267635 0.9926782490974729 0
1680043355557 0.9928249097472924 0
1680043443860 0.9938853790613719 0
1680043531911 0.994009476534296 0
1680043645143 0.9631326352530541 0
1680043736975 0.9731893542757417 0
1680043828141 0.9772142233856893 0
1680043919787 0.9803773996509598 0
1680044010659 0.9844458987783595 0
1680044102693 0.9869764397905759 0
1680044193912 0.9894960732984294 0
1680044284918 0.9910776614310646 0
1680044376378 0.9924956369982548 0
1680044468560 0.9930519197207679 0
1680044585027 0.9625232185072611 0
1680044679166 0.9736892097264438 0
1680044774318 0.978533434650456 0
1680044868816 0.983588736913205 0
1680044963528 0.9865860351232691 0
1680045057612 0.9896361026680176 0
1680045151892 0.9912719520432286 0
1680045245904 0.9918840763255656 0
1680045339884 0.9922112462006079 0
1680045434030 0.993087217156366 0
1680045553389 0.9643835896596858 0
1680045650268 0.975294502617801 0
1680045747581 0.9798858802356021 0
1680045845846 0.9836182918848168 0
1680045942590 0.9870643815445026 0
1680046040164 0.9892833769633508 0
1680046137819 0.9906025032722513 0
1680046235609 0.9913592113874345 0
1680046332749 0.9916455333769634 0
1680046430145 0.9931180464659686 0
1680046553761 0.9634458280456852 0
1680046655262 0.9729041085025381 0
1680046756292 0.9773556472081218 0
1680046856854 0.9809248096446701 0
1680046957450 0.9840775697969543 0
1680047058918 0.9868436706852792 0
1680047159432 0.9892330266497462 0
1680047259405 0.9904723191624365 0
1680047359911 0.9912059803299492 0
1680047460370 0.9918107550761421 0
1680047587696 0.9643530634236454 0
1680047690646 0.9747729371921182 0
1680047794106 0.9803436730295566 0
1680047897623 0.9853275092364532 0
1680048001193 0.9872229064039408 0
1680048104531 0.9886276169950738 0
1680048208081 0.990234375 0
1680048311306 0.9902921028325123 0
1680048414476 0.9907924107142857 0
1680048517321 0.9914081742610837 0
1680048648301 0.9620849536344601 0
1680048754238 0.972713505833084 0
1680048860936 0.9766489679928209 0
1680048967970 0.9802852976368531 0
1680049074922 0.9844077176189052 0
1680049180762 0.9862959916242896 0
1680049286874 0.9882403529763686 0
1680049393201 0.9896705803170804 0
1680049501666 0.989885581812743 0
1680049608017 0.9908671103798983 0
1680049743033 0.9604627071823204 0
1680049852784 0.9715578656586217 0
1680049962253 0.9767101628380344 0
1680050071058 0.9795362023844141 0
1680050180349 0.9832345885431811 0
1680050288859 0.9865785838906659 0
1680050398750 0.9876235824367549 0
1680050507584 0.9886322332073277 0
1680050616925 0.9901588397790055 0
1680050726292 0.9901497528351265 0
1680050865220 0.959662305516266 0
1680050978103 0.9717026166902405 0
1680051090663 0.9770509193776521 0
1680051203149 0.9805693069306931 0
1680051315456 0.9835396039603961 0
1680051428081 0.9866690240452617 0
1680051540445 0.9872436350777934 0
1680051652378 0.9885431400282886 0
1680051764213 0.9897454031117398 0
1680051877458 0.9894978783592645 0
1680052019058 0.9583935950413223 0
1680052134937 0.9727617079889808 0
1680052249862 0.9770575068870524 0
1680052365134 0.9807937327823691 0
1680052481164 0.9849173553719008 0
1680052596311 0.9869490358126721 0
1680052711291 0.9871900826446282 0
1680052825484 0.9886363636363636 0
1680052941113 0.9887310606060606 0
1680053057154 0.9892131542699725 0
