1680035322248 58.316916877171025 0
1680035380400 57.92811351083219 0
1680035438685 58.058870958164334 0
1680035496678 57.76655378006399 0
1680035554845 57.960186352953315 0
1680035612945 57.87055795802735 0
1680035671059 57.90276003908366 0
1680035728772 57.51290555484593 0
1680035786826 57.83255670289509 0
1680035845078 58.02424074313603 0
1680035925537 60.80753155704588 0
1680035987128 61.33116989186965 0
1680036048492 61.10529839806259 0
1680036109699 60.978030760074034 0
1680036170522 60.58763101999648 0
1680036231949 61.167306839022785 0
1680036293478 61.28959535714239 0
1680036354328 60.609773168107495 0
1680036415838 61.26228154380806 0
1680036477162 61.06696242187172 0
1680036558320 63.92156969080679 0
1680036623212 64.64540728996508 0
1680036687403 63.91007402888499 0
1680036751610 63.947418845957145 0
1680036815905 64.04396651103161 0
1680036880497 64.34862103289925 0
1680036945261 64.51359546883032 0
1680037009706 64.18987544882111 0
1680037074597 64.64918045280501 0
1680037139291 64.4445587049704 0
1680037223818 66.78244448988698 0
1680037290937 66.84364680293947 0
1680037358397 67.21263515506871 0
1680037425651 66.9915659208782 0
1680037492413 66.50316119589843 0
1680037559556 66.89511467888951 0
1680037626945 67.13515788596123 0
1680037695269 68.07659204094671 0
1680037763339 67.81503312895074 0
1680037830869 67.29600141104311 0
1680037919319 70.18809497216716 0
1680037990259 70.66714510298334 0
1680038061442 70.9345056170132 0
1680038132084 70.38283543591388 0
1680038202287 69.92836083518341 0
1680038273467 70.92816759296693 0
1680038344367 70.63251285697334 0
1680038414352 69.71956312004477 0
1680038484631 70.00847895094194 0
1680038555607 70.7178230881691 0
1680038646937 72.43979270500131 0
1680038720261 73.07069662306458 0
1680038793402 72.8788496479392 0
1680038866003 72.32834782009013 0
1680038939062 72.79398053186014 0
1680039012484 73.15207012719475 0
1680039086563 73.82099182694219 0
1680039160283 73.46186851593666 0
1680039233455 72.91004521283321 0
1680039307330 73.5897930150386 0
1680039403036 76.20511507289484 0
1680039480309 77.00403102510609 0
1680039557432 76.84793167212047 0
1680039633217 75.52103895600885 0
1680039710400 76.92252266104333 0
1680039786725 76.04189527896233 0
1680039863129 76.13270316808484 0
1680039939626 76.2410473341588 0
1680040015444 75.53831131500192 0
1680040091881 76.17704445798881 0
1680040189742 78.21295454003848 0
1680040269088 79.07866441691294 0
1680040347590 78.2413174661342 0
1680040427170 79.30951171112247 0
1680040506549 79.12163362791762 0
1680040585573 78.76347311702557 0
1680040664886 79.05673463689163 0
1680040744468 79.29695404018275 0
1680040824849 80.10710951196961 0
1680040904547 79.45879285014234 0
1680041007336 82.41941996407695 0
1680041089081 81.46714460104704 0
1680041171848 82.48892114101909 0
1680041254556 82.43507005507126 0
1680041337304 82.48764871712774 0
1680041420092 82.5094761189539 0
1680041502175 81.81647018482909 0
1680041585606 83.14651674800552 0
1680041668501 82.593715230003 0
1680041750942 82.16013881005347 0
1680041857394 85.57546388078481 0
1680041943074 85.40198977594264 0
1680042027849 84.50411811284721 0
1680042112817 84.69896960887127 0
1680042198293 85.20824291789904 0
1680042283840 85.26437087589875 0
1680042369599 85.49834817601368 0
1680042455146 85.28707042802125 0
1680042540309 84.87355219107121 0
1680042626004 85.40718054003082 0
1680042735458 87.91597192105837 0
1680042824303 88.54124062717892 0
1680042912582 88.01457975595258 0
1680043001875 89.0176316050347 0
1680043090736 88.59194482909516 0
1680043179237 88.24867488793097 0
1680043267655 88.1458508791402 0
1680043355592 87.6567930309102 0
1680043443888 88.0207630598452 0
1680043531929 87.77733699278906 0
1680043645172 91.23243634100072 0
1680043736998 91.55977086699568 0
1680043828174 90.88896865793504 0
1680043919807 91.36811907286756 0
1680044010681 90.60123516293243 0
1680044102716 91.7669570830185 0
1680044193935 90.94030606700107 0
1680044284937 90.72830130695365 0
1680044376414 91.19985948386602 0
1680044468582 91.86870212806389 0
1680044585063 93.92477136407979 0
1680044679195 93.8459866491612 0
1680044774356 94.87244896707125 0
1680044868835 94.19264652510174 0
1680044963558 94.44792562699877 0
1680045057632 93.79405330494046 0
1680045151918 93.99506016611122 0
1680045245929 93.71864827303216 0
1680045339910 93.70084954309277 0
1680045434050 93.8550653939601 0
1680045553407 96.47509322315454 0
1680045650291 96.60429579089396 0
1680045747601 97.00993036711589 0
1680045845867 97.99632711405866 0
1680045942616 96.47468214784749 0
1680046040184 97.27835035417229 0
1680046137839 97.37729189312086 0
1680046235627 97.51363730221055 0
1680046332767 96.86137170903385 0
1680046430179 97.11449128505774 0
1680046553787 99.82791321910918 0
1680046655295 101.21129786479287 0
1680046756318 100.75241000181995 0
1680046856872 100.2744656400755 0
1680046957471 100.31247103982605 0
1680047058937 101.1706062250305 0
1680047159457 100.24175944807939 0
1680047259440 99.69166879216209 0
1680047359930 100.21581375785172 0
1680047460389 100.20521114999428 0
1680047587726 103.10351837496273 0
1680047690661 102.6673250279855 0
1680047794125 103.18868696107529 0
1680047897655 103.24404681497253 0
1680048001232 103.281987169059 0
1680048104559 103.05958165205084 0
1680048208102 103.26626651803963 0
1680048311327 102.94587801280431 0
1680048414515 102.88693825807422 0
1680048517353 102.5515878139995 0
1680048648324 106.0019678750541 0
1680048754259 105.64987316611223 0
1680048860969 106.40706080198288 0
1680048967992 106.72413695184514 0
1680049074965 106.65838679601438 0
1680049180790 105.52107989112847 0
1680049286902 105.82772964891046 0
1680049393224 106.02996078692377 0
1680049501692 108.18285108893178 0
1680049608039 106.0602382409852 0
1680049743057 109.35848348005675 0
1680049852801 109.46324549987912 0
1680049962269 109.19604367483407 0
1680050071079 108.53032320085913 0
1680050180370 108.99767562304623 0
1680050288882 108.2220990890637 0
1680050398779 109.60480224108323 0
1680050507628 108.53753917803988 0
1680050616949 108.98710411507636 0
1680050726326 109.07645015208982 0
1680050865261 112.9527788059786 0
1680050978136 112.57366736209951 0
1680051090704 112.25483385589905 0
1680051203173 112.17435617209412 0
1680051315484 112.02512312284671 0
1680051428119 112.32355806813575 0
1680051540466 112.05384745891206 0
1680051652395 111.65004548896104 0
1680051764237 111.56198275112547 0
1680051877482 112.95036494079977 0
1680052019079 114.88017137814313 0
1680052134959 115.58197098900564 0
1680052249888 114.58805550611578 0
1680052365166 114.96899062604643 0
1680052481197 115.72565269307233 0
1680052596338 114.83976393705234 0
1680052711312 114.68225192790851 0
1680052825515 113.89619307592511 0
1680052941148 115.32617870112881 0
1680053057196 115.72475136280991 0
