1679272334444 0.7996323529411765 0
1679272338284 0.9620098039215687 0
1679272341470 0.9886642156862745 0
1679272344813 0.9987745098039216 0
1679272348666 0.9990808823529411 0
1679272351915 0.9990808823529411 0
1679272355189 0.9990808823529411 0
1679272358870 0.9993872549019608 0
1679272362096 0.9996936274509803 0
1679272365839 1.0 0
1679272380545 0.7729779411764706 0
1679272384930 0.9730392156862745 0
1679272389042 0.9901960784313726 0
1679272393170 0.9950980392156863 0
1679272398796 0.9963235294117647 0
1679272404052 0.9996936274509803 0
1679272408617 1.0 0
1679272412593 0.9996936274509803 0
1679272416864 0.9996936274509803 0
1679272421304 0.9996936274509803 0
1679272438020 0.5615808823529411 0
1679272443045 0.8498774509803921 0
1679272448459 0.9457720588235294 0
1679272453354 0.9745710784313726 0
1679272459227 0.9895833333333334 0
1679272464380 0.9938725490196079 0
1679272469592 0.9960171568627451 0
1679272474405 0.9966299019607843 0
1679272479541 0.9972426470588235 0
1679272484442 0.9996936274509803 0
1679272501253 0.4528186274509804 0
1679272507422 0.8091299019607843 0
1679272513850 0.9344362745098039 0
1679272520162 0.9797794117647058 0
1679272525950 0.9895833333333334 0
1679272532075 0.9969362745098039 0
1679272538405 0.9978553921568627 0
1679272544056 0.9978553921568627 0
1679272550611 0.9984681372549019 0
1679272556534 0.9987745098039216 0
1679272574664 0.4892769607843137 0
1679272581100 0.8556985294117647 0
1679272588121 0.9589460784313726 0
1679272594504 0.984375 0
1679272601127 0.9954044117647058 0
1679272608033 0.9972426470588235 0
1679272614604 0.9987745098039216 0
1679272621505 0.9981617647058824 0
1679272628406 0.9984681372549019 0
1679272635146 1.0 0
1679272653653 0.4846813725490196 0
1679272661249 0.8486519607843137 0
1679272668839 0.9512867647058824 0
1679272676211 0.9803921568627451 0
1679272683396 0.991421568627451 0
1679272691166 0.9972426470588235 0
1679272698889 0.9996936274509803 0
1679272706182 0.9993872549019608 0
1679272713505 0.9996936274509803 0
1679272721052 0.9993872549019608 0
1679272745622 0.5245098039215687 0
1679272754019 0.8952205882352942 0
1679272762396 0.9678308823529411 0
1679272770458 0.9880514705882353 0
1679272778656 0.9966299019607843 0
1679272786514 0.9978553921568627 0
1679272795157 0.9996936274509803 0
1679272803645 0.9987745098039216 0
1679272812050 0.9990808823529411 0
1679272820330 0.9990808823529411 0
1679272841631 0.5079656862745098 0
1679272850691 0.8890931372549019 0
1679272859501 0.9653799019607843 0
1679272868242 0.9895833333333334 0
1679272877013 0.9963235294117647 0
1679272885829 0.9981617647058824 0
1679272894770 1.0 0
1679272903945 0.9993872549019608 0
1679272913169 0.9996936274509803 0
1679272922059 1.0 0
1679272943950 0.5386029411764706 0
1679272952968 0.9160539215686274 0
1679272962939 0.9730392156862745 0
1679272972962 0.9892769607843137 0
1679272982837 0.9963235294117647 0
1679272992783 0.9975490196078431 0
1679273002830 0.9987745098039216 0
1679273012932 0.9996936274509803 0
1679273022832 0.9987745098039216 0
1679273032650 0.9996936274509803 0
1679273055324 0.5649509803921569 0
1679273065434 0.9160539215686274 0
1679273075852 0.9678308823529411 0
1679273086451 0.9889705882352942 0
1679273097284 0.9963235294117647 0
1679273108082 0.9960171568627451 0
1679273118617 0.9975490196078431 0
1679273129241 0.9981617647058824 0
1679273139985 0.9996936274509803 0
1679273150583 1.0 0
1679273173934 0.5759803921568627 0
1679273185006 0.9215686274509803 0
1679273196497 0.9776348039215687 0
1679273207979 0.9898897058823529 0
1679273219261 0.9972426470588235 0
1679273230703 0.9996936274509803 0
1679273242072 1.0 0
1679273253288 0.9984681372549019 0
1679273265308 0.9990808823529411 0
1679273276227 0.9993872549019608 0
1679273303006 0.617953431372549 0
1679273314994 0.9172794117647058 0
1679273327018 0.9708946078431373 0
1679273339255 0.9892769607843137 0
1679273351547 0.9978553921568627 0
1679273363356 0.9978553921568627 0
1679273375415 0.9987745098039216 0
1679273386570 0.9984681372549019 0
1679273398209 0.9993872549019608 0
1679273410406 1.0 0
1679273435583 0.5315563725490197 0
1679273448468 0.8924632352941176 0
1679273461249 0.961703431372549 0
1679273474228 0.9819240196078431 0
1679273487333 0.9947916666666666 0
1679273498948 0.9972426470588235 0
1679273511542 0.9984681372549019 0
1679273524356 0.9990808823529411 0
1679273537361 0.9990808823529411 0
1679273550214 1.0 0
1679273577301 0.6041666666666666 0
1679273590984 0.9191176470588235 0
1679273603715 0.9727328431372549 0
1679273616355 0.9917279411764706 0
1679273629889 0.9960171568627451 0
1679273643628 0.9987745098039216 0
1679273657089 0.9993872549019608 0
1679273670707 0.9993872549019608 0
1679273684744 0.9993872549019608 0
1679273698197 0.9993872549019608 0
1679273724705 0.5634191176470589 0
1679273739181 0.9163602941176471 0
1679273753559 0.9708946078431373 0
1679273768261 0.9908088235294118 0
1679273783014 0.9963235294117647 0
1679273797394 0.9981617647058824 0
1679273811764 0.9996936274509803 0
1679273824514 0.9993872549019608 0
1679273838746 1.0 0
1679273853195 0.9996936274509803 0
1679273881776 0.6207107843137255 0
1679273896905 0.9399509803921569 0
1679273911771 0.9782475490196079 0
1679273926711 0.9901960784313726 0
1679273939942 0.9960171568627451 0
1679273955006 0.9978553921568627 0
1679273970245 0.9987745098039216 0
1679273985314 0.9987745098039216 0
1679274000163 0.9990808823529411 0
1679274015382 0.9987745098039216 0
1679274045512 0.6127450980392157 0
1679274060347 0.9270833333333334 0
1679274076078 0.9699754901960784 0
1679274091679 0.9892769607843137 0
1679274107543 0.9932598039215687 0
1679274123219 0.9960171568627451 0
1679274139068 0.9975490196078431 0
1679274154411 0.9978553921568627 0
1679274168816 0.9987745098039216 0
1679274185212 0.9993872549019608 0
1679274215828 0.6072303921568627 0
1679274232030 0.9283088235294118 0
1679274248094 0.9727328431372549 0
1679274264548 0.9898897058823529 0
1679274279226 0.9954044117647058 0
1679274295892 0.9975490196078431 0
1679274312730 0.9978553921568627 0
1679274329410 0.9978553921568627 0
1679274346049 0.9990808823529411 0
1679274362379 0.9987745098039216 0
1679274392554 0.5983455882352942 0
1679274409572 0.9224877450980392 0
1679274427113 0.9739583333333334 0
1679274443838 0.9883578431372549 0
1679274461199 0.9969362745098039 0
1679274478519 0.9975490196078431 0
1679274494700 0.9993872549019608 0
1679274509374 0.9984681372549019 0
1679274526256 0.9987745098039216 0
1679274543580 0.9993872549019608 0
1679274576833 0.6617647058823529 0
1679274594188 0.9476102941176471 0
1679274611366 0.9779411764705882 0
1679274628413 0.9950980392156863 0
1679274646622 0.9978553921568627 0
1679274664479 0.9978553921568627 0
1679274682311 0.9984681372549019 0
1679274700399 0.9993872549019608 0
1679274717876 0.9996936274509803 0
1679274734817 1.0 0
