1680188181172 0.013803731417441744 0
1680188211676 0.00690405528228258 0
1680188242583 0.0017845775966160598 0
1680188273933 2.4241343312698986e-05 0
1680188305461 9.825116225506487e-06 0
1680188336928 7.676572951991932e-06 0
1680188368661 7.346815017646438e-06 0
1680188400007 3.935086285016067e-06 0
1680188431185 2.6864153371545745e-06 0
1680188462691 4.577157208560679e-06 0
1680188498610 0.00921686881663092 0
1680188533812 0.0031355227771213017 0
1680188568821 0.0023293002240215525 0
1680188604333 0.0017385379764503865 0
1680188640031 0.0013873862460094392 0
1680188675811 0.0012710330828044198 0
1680188710297 0.0009211970392162731 0
1680188745007 0.0007235736894826479 0
1680188779952 0.0005858873181810904 0
1680188815594 0.00048393510154221453 0
1680188850936 0.001539116289755339 0
1680188885638 0.0003416089466197618 0
1680188920288 0.0002479133381417955 0
1680188954029 0.00020043983915444318 0
1680188988339 0.0001745452242621111 0
1680189023408 0.00016080890987181336 0
1680189058347 0.00015481034199401787 0
1680189093246 0.00015444531738349423 0
1680189128398 0.00015264776285025817 0
1680189163897 0.00015341481150882899 0
1680189199234 0.00014249829813976043 0
1680189233838 0.005965417090270771 0
1680189268595 0.0067480006036589124 0
1680189303727 0.004138069325716982 0
1680189337832 0.0029093345568161197 0
1680189371926 0.0021484716021468943 0
1680189406903 0.0016228565407868808 0
1680189441594 0.0012449729100564941 0
1680189475798 0.0009645525879279094 0
1680189510036 0.0007545735360180058 0
1680189541611 0.00012004571980001178 0
1680189571720 0.0032884281611784134 0
1680189602399 0.002013497044901606 0
1680189632352 0.0011825220655942031 0
1680189662255 0.0008124980952867853 0
1680189692738 0.0006095361522893264 0
1680189722908 0.00046271750453457576 0
1680189752995 0.00036944337440442403 0
1680189783258 0.000303230512432814 0
1680189814185 0.0002561504111485431 0
1680189858533 0.06378847382073005 0
1680189900811 0.015504712635196842 0
1680189944030 0.009620780407952308 0
1680189986930 0.00684725471492163 0
1680190032286 0.00966179285617285 0
1680190074427 0.005685887134935727 0
1680190117548 0.004515628330192738 0
1680190160629 0.01153884896639131 0
1680190203119 0.00561654375297203 0
1680190245583 0.004810127296556113 0
1680190275769 0.010556566819155748 0
1680190303448 0.003343523528933756 0
1680190331300 0.0019943609665104005 0
1680190359042 0.0004340892376558124 0
1680190386292 0.00034738815852144187 0
1680190414382 0.000267048177836809 0
1680190442574 0.00022722912568888821 0
1680190470820 0.0001972798302022405 0
1680190498903 0.00017860558485457054 0
1680190526904 0.00016247573823587017 0
1680190540779 0.07340572548997218 0
1680190551592 0.03441686300144622 0
1680190562672 0.0036479364823038996 0
1680190573457 0.0016102646930819065 0
1680190584515 0.005915477789992021 0
1680190595407 0.0038878537623821636 0
1680190606119 0.0023483349797439523 0
1680190616789 0.004362073803188658 0
1680190627562 0.0015713701681934495 0
1680190638442 0.0016568894683490548 0
1680190673354 0.08023432496191706 0
1680190705905 0.00984549821753587 0
1680190737898 0.005285087880097274 0
1680190770185 0.0038738740242802933 0
1680190802385 0.0025909606464800043 0
1680190834713 0.003063535865426605 0
1680190867076 0.02038060825050839 0
1680190900025 0.00367768553790536 0
1680190932759 0.0029279791457079035 0
1680190965219 0.0027843653945074905 0
1680190979118 0.15580280400906613 0
1680190989907 0.025379006712432574 0
1680191000113 0.00751803110785133 0
1680191010646 0.0020497058071794177 0
1680191021053 0.0024472613938562914 0
1680191031388 0.0014077692790332875 0
1680191042027 0.001129149651547911 0
1680191052514 0.0010050567969201354 0
1680191063296 0.000898998166613896 0
1680191073966 0.0007826735098940244 0
1680191087922 0.05367062828848317 0
1680191098147 0.007515805289305997 0
1680191108282 0.0035492084459222565 0
1680191118305 0.005147648826375819 0
1680191128198 0.005297316690512861 0
1680191138019 0.005727246997524232 0
1680191147848 0.0009541010630737918 0
1680191158174 0.0007398091094308676 0
1680191167970 0.0006375453214367063 0
1680191178241 0.0005552368143421168 0
1680191192769 0.11778324631114419 0
1680191203126 0.019880775830153234 0
1680191213251 0.014841084650610216 0
1680191223277 0.011124883650784166 0
1680191233248 0.008474852836046081 0
1680191243314 0.008060747035555184 0
1680191253689 0.008795542884259842 0
1680191263695 0.00833021189520458 0
1680191273786 0.0014496604461993019 0
1680191283838 0.0011816020851256326 0
1680191298241 0.022302439459613545 0
1680191308530 0.003985774741942385 0
1680191318412 0.004829132814148369 0
1680191328374 0.001454274029618738 0
1680191338565 0.0025273250483643585 0
1680191348859 0.00047264229047309177 0
1680191358911 0.0003706254683493171 0
1680191369165 0.0003337083359768328 0
1680191379342 0.0002889199741520525 0
1680191389330 0.00025665708478929725 0
