1680188181162 0.9949280104712042 0
1680188211663 0.9985274869109948 0
1680188242570 0.9995091623036649 0
1680188273921 1.0 0
1680188305441 1.0 0
1680188336910 1.0 0
1680188368647 1.0 0
1680188399995 1.0 0
1680188431173 1.0 0
1680188462686 1.0 0
1680188498594 0.9992881548974943 0
1680188533799 0.9999288154897494 0
1680188568810 1.0 0
1680188604319 1.0 0
1680188640020 1.0 0
1680188675800 1.0 0
1680188710285 1.0 0
1680188744993 1.0 0
1680188779941 1.0 0
1680188815581 1.0 0
1680188850928 0.9997834872979214 0
1680188885625 1.0 0
1680188920277 1.0 0
1680188954018 1.0 0
1680188988328 1.0 0
1680189023394 1.0 0
1680189058336 1.0 0
1680189093236 1.0 0
1680189128390 1.0 0
1680189163885 1.0 0
1680189199223 1.0 0
1680189233828 0.9991930751173709 0
1680189268584 1.0 0
1680189303708 1.0 0
1680189337821 1.0 0
1680189371915 1.0 0
1680189406892 1.0 0
1680189441583 1.0 0
1680189475779 1.0 0
1680189510016 1.0 0
1680189541599 1.0 0
1680189571707 0.9998324396782842 0
1680189602387 1.0 0
1680189632337 1.0 0
1680189662244 1.0 0
1680189692727 1.0 0
1680189722897 1.0 0
1680189752984 1.0 0
1680189783238 1.0 0
1680189814169 1.0 0
1680189858522 0.9830074487895717 0
1680189900800 0.9955190875232774 0
1680189944016 0.9967411545623837 0
1680189986917 0.9984869646182495 0
1680190032273 0.9974976722532588 0
1680190074412 0.9988361266294227 0
1680190117537 0.9990689013035382 0
1680190160615 0.9968575418994413 0
1680190203112 0.9990689013035382 0
1680190245571 0.9990107076350093 0
1680190275756 0.9973266961651918 0
1680190303431 0.9991703539823009 0
1680190331288 0.9995390855457227 0
1680190359030 1.0 0
1680190386281 1.0 0
1680190414370 1.0 0
1680190442563 1.0 0
1680190470813 1.0 0
1680190498890 1.0 0
1680190526886 1.0 0
1680190540772 0.9872787610619469 0
1680190551573 0.9944690265486725 0
1680190562659 0.9997234513274337 0
1680190573443 1.0 0
1680190584503 0.9986172566371682 0
1680190595397 0.9994469026548672 0
1680190606104 0.9994469026548672 0
1680190616778 0.9991703539823009 0
1680190627545 1.0 0
1680190638432 0.9997234513274337 0
1680190673340 0.9838659147869674 0
1680190705893 0.9975720551378446 0
1680190737888 0.9992167919799498 0
1680190770174 0.9993734335839599 0
1680190802374 0.9998433583959899 0
1680190834702 0.9993734335839599 0
1680190867063 0.9964755639097744 0
1680190900009 0.999921679197995 0
1680190932739 0.999921679197995 0
1680190965208 0.9998433583959899 0
1680190979106 0.9805045871559633 0
1680190989895 0.9956995412844036 0
1680191000089 0.9985665137614679 0
1680191010634 1.0 0
1680191021042 0.9997133027522935 0
1680191031377 1.0 0
1680191042016 1.0 0
1680191052500 1.0 0
1680191063285 1.0 0
1680191073954 1.0 0
1680191087910 0.984375 0
1680191098137 0.9981971153846154 0
1680191108267 0.9993990384615384 0
1680191118293 0.9993990384615384 0
1680191128190 0.9987980769230769 0
1680191138009 0.9978966346153846 0
1680191147835 1.0 0
1680191158161 1.0 0
1680191167957 1.0 0
1680191178230 1.0 0
1680191192757 0.9606370192307693 0
1680191203111 0.9924879807692307 0
1680191213239 0.9957932692307693 0
1680191223265 0.99609375 0
1680191233230 0.9972956730769231 0
1680191243302 0.9975961538461539 0
1680191253674 0.9963942307692307 0
1680191263673 0.9987980769230769 0
1680191273774 1.0 0
1680191283827 1.0 0
1680191298230 0.9939903846153846 0
1680191308519 0.9984975961538461 0
1680191318400 0.9984975961538461 0
1680191328365 0.9996995192307693 0
1680191338552 0.9993990384615384 0
1680191348844 1.0 0
1680191358898 1.0 0
1680191369154 1.0 0
1680191379330 1.0 0
1680191389314 1.0 0
