1680188181179 33.08770453500074 0
1680188211685 30.186920183999973 0
1680188242593 30.562857165999958 0
1680188273940 30.985796785000275 0
1680188305473 31.183585857999788 0
1680188336940 31.105252172999826 0
1680188368669 31.37039586299943 0
1680188400015 31.01755778200095 0
1680188431193 30.825003259998994 0
1680188462697 31.1675134420002 0
1680188498621 35.10392751500149 0
1680188533822 34.869681711999874 0
1680188568829 34.63916488599898 0
1680188604348 35.146655169999576 0
1680188640038 35.34799058200042 0
1680188675823 35.46112463600002 0
1680188710304 34.133053848998316 0
1680188745024 34.37776863500039 0
1680188779960 34.596225314999174 0
1680188815603 35.31349473299997 0
1680188850942 34.23638021400075 0
1680188885647 34.372223678999944 0
1680188920295 34.313672436999695 0
1680188954037 33.38430069400056 0
1680188988346 33.9549314220003 0
1680189023416 34.735192285001176 0
1680189058355 34.588019184000586 0
1680189093251 34.563681734000056 0
1680189128404 34.81964112899914 0
1680189163905 35.15754978699988 0
1680189199241 33.942240819998915 0
1680189233845 34.251785578000636 0
1680189268602 34.400324668000394 0
1680189303743 34.7514301859992 0
1680189337841 33.753174797999236 0
1680189371935 33.72607051799969 0
1680189406911 34.62796292500025 0
1680189441600 34.35884928199994 0
1680189475812 33.83976075700048 0
1680189510050 33.89591753099921 0
1680189541620 29.949221111999577 0
1680189571730 29.786139018999165 0
1680189602406 30.34871286499947 0
1680189632361 29.618044032999023 0
1680189662268 29.502959585999633 0
1680189692747 30.117564993999622 0
1680189722915 29.82371133200104 0
1680189753001 29.75767630900009 0
1680189783273 29.89195888300128 0
1680189814197 30.56527460199868 0
1680189858540 42.293748386000516 0
1680189900818 41.903057386 0
1680189944039 42.83019312400029 0
1680189986938 42.5303259859993 0
1680190032294 45.00024080299954 0
1680190074436 41.77792761300043 0
1680190117555 42.76490708700112 0
1680190160638 42.74129566800002 0
1680190203125 42.12024388199825 0
1680190245591 42.109834521001176 0
1680190275784 27.45001819799836 0
1680190303458 27.330691986999227 0
1680190331308 27.515846622000026 0
1680190359051 27.386497430001327 0
1680190386306 26.89311827900019 0
1680190414388 27.75647485599984 0
1680190442580 27.826320284999383 0
1680190470827 27.935725678999006 0
1680190498912 27.738660303999495 0
1680190526919 27.6386550240004 0
1680190540786 10.510536018999119 0
1680190551602 10.451179407000382 0
1680190562685 10.73671522299992 0
1680190573466 10.466254677001416 0
1680190584523 10.707560725999429 0
1680190595414 10.584992181000416 0
1680190606130 10.378694482000355 0
1680190616796 10.334750246000112 0
1680190627577 10.452193009999974 0
1680190638450 10.52564657899893 0
1680190673363 31.610407904001477 0
1680190705912 32.136504816000524 0
1680190737905 31.620164603000376 0
1680190770192 31.961677180999686 0
1680190802393 31.873168489999443 0
1680190834722 31.99588665600095 0
1680190867084 32.04567006999969 0
1680190900037 32.593603772998904 0
1680190932771 32.35770778500046 0
1680190965226 31.976644378000856 0
1680190979127 9.83220647500093 0
1680190989915 10.467235231000814 0
1680191000124 9.876285951999307 0
1680191010654 10.218205172001035 0
1680191021062 10.09353191899936 0
1680191031396 10.024981089998619 0
1680191042035 10.317276743000548 0
1680191052524 10.133125064001433 0
1680191063304 10.447408672000165 0
1680191073973 10.356699435998962 0
1680191087930 9.597153928998523 0
1680191098154 9.889209552000466 0
1680191108300 9.767303937998804 0
1680191118313 9.701416881998739 0
1680191128214 9.595029747999433 0
1680191138027 9.499710666001192 0
1680191147856 9.50128372600011 0
1680191158183 9.97965311399821 0
1680191167978 9.476335328999994 0
1680191178249 9.960766645999684 0
1680191192777 9.651938595001411 0
1680191203135 10.026290720999896 0
1680191213258 9.800296313998842 0
1680191223285 9.671367682998607 0
1680191233258 9.639628729000833 0
1680191243322 9.743699857999673 0
1680191253704 10.04765268400115 0
1680191263708 9.651392956000564 0
1680191273793 9.768149760999222 0
1680191283847 9.734996761999355 0
1680191298249 9.905768356000408 0
1680191308538 9.94021003600028 0
1680191318420 9.548832155000127 0
1680191328382 9.649541576998672 0
1680191338574 9.870087418001276 0
1680191348869 9.959803034000288 0
1680191358920 9.711921117999736 0
1680191369173 9.927214044999346 0
1680191379350 9.838785200001439 0
1680191389340 9.657901839998885 0
