1672501841760 0.9340469613259669 0
1672501845674 0.9718577348066298 0
1672501849014 0.980835635359116 0
1672501852710 0.9851519337016574 0
1672501856680 0.9854972375690608 0
1672501915375 0.9642245596868885 0
1672501924598 0.9888698630136986 0
1672501933743 0.986179060665362 0
1672501941775 0.9924779843444227 0
1672501949903 0.9935176125244618 0
1672502017093 0.9756242568370987 0
1672502032201 0.9946492271105827 0
1672502047343 0.9949464922711059 0
1672502063212 0.9962841854934602 0
1672502079118 0.9942033293697978 0
1672502153360 0.9878412969283277 0
1672502175178 0.99642704778157 0
1672502196841 0.9952805034129693 0
1672502218201 0.9972002986348123 0
1672502239090 0.996693686006826 0
1672502362136 0.9899092876165113 0
1672502389035 0.9974409121171771 0
1672502414563 0.9970039946737683 0
1672502439859 0.997357689747004 0
1672502466062 0.9982315246338216 0
1672502592908 0.9930403930131004 0
1672502626085 0.9972366266375546 0
1672502658663 0.9983965611353712 0
1672502692192 0.9977824781659389 0
1672502725884 0.9985671397379913 0
1672502862809 0.9955646093388811 0
1672502900866 0.9977895284327323 0
1672502939761 0.9980062413314841 0
1672502972931 0.9983674294960703 0
1672503011198 0.9988297503467406 0
1672503238647 0.9970918572001605 0
1672503275469 0.9981072001604493 0
1672503320772 0.9984331127156036 0
1672503366245 0.9989094464500602 0
1672503410831 0.9989345166466105 0
1672503647362 0.9972879029401346 0
1672503698001 0.9985609280906836 0
1672503749593 0.998904091392136 0
1672503800341 0.9986052072263549 0
1672503849349 0.9991254870704924 0
