1672501841767 3.8470161949953763 0
1672501845694 3.775913203993696 0
1672501849034 3.192958615007228 0
1672501852730 3.539909240003908 0
1672501856700 3.811154456998338 0
1672501915395 8.834176660006051 0
1672501924618 9.041434875005507 0
1672501933763 8.966387962005683 0
1672501941796 7.860092339993571 0
1672501949910 7.941690448002191 0
1672502017113 15.613821890990948 0
1672502032222 14.925475904994528 0
1672502047364 14.943671763001475 0
1672502063232 15.678665993997129 0
1672502079138 15.725459806999424 0
1672502153380 20.94375087300432 0
1672502175195 21.602750155012473 0
1672502196861 21.472263256000588 0
1672502218209 21.166513820993714 0
1672502239099 20.701808733996586 0
1672502362158 27.759140431007836 0
1672502389044 26.67890015199373 0
1672502414584 25.322778849993483 0
1672502439880 25.08080245301244 0
1672502466083 25.980362752001383 0
1672502592929 28.944059777990333 0
1672502626094 32.93675085299765 0
1672502658684 32.37374405701121 0
1672502692213 33.300984210000024 0
1672502725906 33.46567318199959 0
1672502862831 36.795687026999076 0
1672502900887 37.81640084400715 0
1672502939782 38.68366676999722 0
1672502972953 32.9428420690092 0
1672503011220 38.03319987600844 0
1672503238669 41.87362883800233 0
1672503275491 36.59177791800175 0
1672503320782 45.028156022002804 0
1672503366267 45.23767794499872 0
1672503410853 44.33263717099908 0
1672503647384 49.96964994999871 0
1672503698012 50.38798731699353 0
1672503749615 51.36033479399339 0
1672503800363 50.48510983699816 0
1672503849372 48.7559599919914 0
