1672501841764 0.22944560143016074 0
1672501845691 0.08545280660461449 0
1672501849030 0.0710207768357346 0
1672501852726 0.053289635196323015 0
1672501856696 0.04796916719303191 0
1672501915391 0.13745453690304904 0
1672501924614 0.040445158177034 0
1672501933760 0.049453654307703473 0
1672501941792 0.024441897667205843 0
1672501949907 0.024676554460716826 0
1672502017109 0.09822749270828177 0
1672502032218 0.01836268237401459 0
1672502047360 0.017395456205208687 0
1672502063228 0.012300928934180668 0
1672502079134 0.02221663097416013 0
1672502153376 0.05863491366625825 0
1672502175186 0.013631185428441295 0
1672502196857 0.01734624620452444 0
1672502218205 0.010524046636336725 0
1672502239095 0.011786876489700945 0
1672502362153 0.04608307421908037 0
1672502389040 0.008970328993896203 0
1672502414580 0.011128023778243646 0
1672502439876 0.010844755940735263 0
1672502466078 0.007464775149781289 0
1672502592924 0.029354293376644542 0
1672502626089 0.01095160270606533 0
1672502658679 0.005892430273643814 0
1672502692209 0.008592049102098232 0
1672502725901 0.005880775963977594 0
1672502862826 0.02055530527536912 0
1672502900882 0.007721189186848872 0
1672502939778 0.006244200120592152 0
1672502972948 0.005962533157068541 0
1672503011215 0.00482249606817693 0
1672503238664 0.012854281147642676 0
1672503275486 0.006235101047456284 0
1672503320777 0.005985683110554888 0
1672503366262 0.0044384535840510985 0
1672503410848 0.004220240742867868 0
1672503647379 0.015240744926522425 0
1672503698006 0.005202723047724502 0
1672503749610 0.004426075806305949 0
1672503800358 0.004496634108914567 0
1672503849366 0.0033364588090312366 0
