1678737118479 4.612473786342889 0
1678737123072 4.418992398306727 0
1678737127570 4.3332568956539035 0
1678737132109 4.363180485088378 0
1678737136709 4.418257153593004 0
1678737141269 4.382327683269978 0
1678737145802 4.361710427328944 0
1678737150376 4.399101880379021 0
1678737154921 4.36904063494876 0
1678737159610 4.520228077657521 0
1678737227246 6.843260600231588 0
1678737234228 6.857214002870023 0
1678737241171 6.819503203034401 0
1678737248133 6.8269967450760305 0
1678737255124 6.8479052521288395 0
1678737262204 6.9580420781858265 0
1678737269143 6.806208903901279 0
1678737276153 6.877152580302209 0
1678737283242 6.969653504900634 0
1678737290158 6.802154912147671 0
1678737359364 8.63241358101368 0
1678737368027 8.535418265964836 0
1678737376653 8.482525895815343 0
1678737385342 8.56513866968453 0
1678737394044 8.582537482026964 0
1678737402719 8.551813702099025 0
1678737411502 8.644924281630665 0
1678737420117 8.462638910394162 0
1678737428737 8.4898670357652 0
1678737437475 8.586962884757668 0
1678737507074 8.48047633934766 0
1678737515701 8.492606483399868 0
1678737524383 8.541695441119373 0
1678737533018 8.510931747034192 0
1678737541718 8.57050838181749 0
1678737550376 8.535928142722696 0
1678737558974 8.466025616973639 0
1678737567578 8.462819885928184 0
1678737576134 8.422849968075752 0
1678737584761 8.501218863762915 0
1678737654309 8.532602448947728 0
1678737662948 8.512795393820852 0
1678737671651 8.564061556011438 0
1678737680325 8.547440758906305 0
1678737689003 8.559061082080007 0
1678737697779 8.634909857995808 0
1678737706308 8.414780949242413 0
1678737715033 8.59828923875466 0
1678737723571 8.419654848985374 0
1678737732153 8.455599364824593 0
1678737801968 8.596288478001952 0
1678737810716 8.619762715883553 0
1678737819540 8.682532839011401 0
1678737828188 8.5364556228742 0
1678737836841 8.521269705146551 0
1678737845570 8.610775480046868 0
1678737854170 8.471238924190402 0
1678737862747 8.448400222696364 0
1678737871322 8.442349122837186 0
1678737879950 8.502908335998654 0
1678737950020 8.630720582325011 0
1678737958736 8.557578431908041 0
1678737967555 8.645403767935932 0
1678737976221 8.5379385529086 0
1678737985019 8.638896075077355 0
1678737993647 8.515950467437506 0
1678738002658 8.88099505007267 0
1678738011289 8.518208672758192 0
1678738019922 8.503479764796793 0
1678738028504 8.443918054923415 0
1678738098707 8.485309917014092 0
1678738107398 8.576598267070949 0
1678738116100 8.587151831015944 0
1678738124792 8.557304456364363 0
1678738133497 8.568077330943197 0
1678738142183 8.551351635251194 0
1678738150846 8.542444698978215 0
1678738159498 8.505219088867307 0
1678738168637 8.98720937827602 0
1678738177348 8.549068837892264 0
1678738247433 8.492599642835557 0
1678738256050 8.473722946364433 0
1678738264767 8.57375121396035 0
1678738273383 8.5020188302733 0
1678738282067 8.54501399025321 0
1678738290899 8.697974329814315 0
1678738299604 8.570507574360818 0
1678738308262 8.516631415113807 0
1678738316917 8.522770500276238 0
1678738325510 8.457902300637215 0
1678738395987 8.548949357587844 0
1678738404614 8.500478832051158 0
1678738413381 8.6059905490838 0
1678738421959 8.440668236929923 0
1678738430574 8.475540122017264 0
1678738439299 8.580140195321292 0
1678738448029 8.578271705191582 0
1678738456763 8.58797425404191 0
1678738465454 8.53254531789571 0
1678738474350 8.737862829118967 0
1678738544900 8.548087208066136 0
1678738553599 8.570074297953397 0
1678738562350 8.61381050478667 0
1678738571152 8.656274399254471 0
1678738579903 8.615316560026258 0
1678738588465 8.417951316107064 0
1678738597135 8.527755668852478 0
1678738605753 8.455498640891165 0
1678738614506 8.6387725090608 0
1678738623252 8.612060443963856 0
1678738694472 8.634174796752632 0
1678738703161 8.539681115653366 0
1678738711884 8.602350146044046 0
1678738720738 8.709084508940578 0
1678738729572 8.67792903399095 0
1678738738190 8.476268146187067 0
1678738746948 8.583561930805445 0
1678738755716 8.61558330990374 0
1678738764445 8.56920178188011 0
1678738773033 8.435151788871735 0
1678738843794 8.515841267071664 0
1678738852426 8.47885106690228 0
1678738861000 8.439327019266784 0
1678738869741 8.583765140268952 0
1678738878374 8.500950552988797 0
1678738887282 8.741874789819121 0
1678738896121 8.699592091143131 0
1678738904928 8.65879612416029 0
1678738913643 8.582443964201957 0
1678738922434 8.628758526872844 0
1678738993455 8.64012774406001 0
1678739002108 8.514635192696005 0
1678739010826 8.577091950923204 0
1678739019542 8.563686456996948 0
1678739028091 8.407056470867246 0
1678739036780 8.550197090953588 0
1678739045452 8.539016101974994 0
1678739054137 8.542725752107799 0
1678739063028 8.749500857200474 0
1678739071709 8.552110282238573 0
1678739143136 8.670314589049667 0
1678739151832 8.533816278912127 0
1678739160522 8.544434410054237 0
1678739169152 8.493263470940292 0
1678739177924 8.603677896782756 0
1678739186616 8.529439994134009 0
1678739195263 8.497876344248652 0
1678739204022 8.608284845016897 0
1678739212707 8.546222440898418 0
1678739221380 8.537821703124791 0
1678739292810 8.619568323716521 0
1678739301573 8.612187862861902 0
1678739310230 8.520331983454525 0
1678739318960 8.608164662960917 0
1678739327684 8.575583152007312 0
1678739336372 8.540135209914297 0
1678739345006 8.49254238139838 0
1678739353636 8.490165015216917 0
1678739362352 8.556885324884206 0
1678739371095 8.591348561923951 0
1678739442190 8.490520955994725 0
1678739450853 8.52340786717832 0
1678739459524 8.514794051181525 0
1678739468240 8.58660341380164 0
1678739476964 8.586756732780486 0
1678739485709 8.598074276931584 0
1678739494499 8.624598689377308 0
1678739503246 8.627122913952917 0
1678739512053 8.656702847220004 0
1678739520883 8.688784183934331 0
1678739592524 8.55836183577776 0
1678739601106 8.451225062832236 0
1678739609813 8.553088841959834 0
1678739618678 8.71737724589184 0
1678739627279 8.457965859677643 0
1678739635943 8.511156572028995 0
1678739644774 8.69349680794403 0
1678739653474 8.560693833976984 0
1678739662119 8.48632995877415 0
1678739670864 8.616679321974516 0
1678739742548 8.517877310048789 0
1678739751336 8.6378267519176 0
1678739760355 8.874690804630518 0
1678739768898 8.404428796842694 0
1678739777762 8.726563963107765 0
1678739786528 8.628894055262208 0
1678739795115 8.43918982706964 0
1678739803658 8.413711625151336 0
1678739812369 8.561178458854556 0
1678739821015 8.498101137578487 0
1678739892959 8.547312219627202 0
1678739901604 8.503423871006817 0
1678739910345 8.590649300720543 0
1678739918976 8.501592954155058 0
1678739927602 8.48725397977978 0
1678739936303 8.575548456981778 0
1678739944973 8.520651040133089 0
1678739953784 8.660845505073667 0
1678739962441 8.491127405315638 0
1678739971365 8.785451171919703 0
