1678737118461 0.8674992385013707 0
1678737123051 0.9436491014316174 0
1678737127554 0.9725860493451112 0
1678737132084 0.9829424307036247 0
1678737136686 0.9859884252208346 0
1678737141246 0.9926896131586963 0
1678737145785 0.9902528175449284 0
1678737150349 0.9853792263173926 0
1678737154897 0.9920804142552544 0
1678737159583 0.9939080109655802 0
1678737227231 0.9478607575525226 0
1678737234207 0.986658487961969 0
1678737241150 0.9886520472320196 0
1678737248116 0.9964729335991412 0
1678737255096 0.9955528293206564 0
1678737262175 0.9986198435822726 0
1678737269120 0.9955528293206564 0
1678737276133 0.9952461278944947 0
1678737283214 0.9973930378776261 0
1678737290142 0.9980064407299494 0
1678737359341 0.9512017479970867 0
1678737368004 0.9940519543578539 0
1678737376635 0.9939305656712795 0
1678737385321 0.9963583394027676 0
1678737394026 0.9981791697013839 0
1678737402689 0.9979363923282351 0
1678737411477 0.99174556931294 0
1678737420096 0.9962369507161932 0
1678737428717 0.9992716678805535 0
1678737437447 0.9991502791939791 0
1678737507058 0.9118504128217582 0
1678737515683 0.9851869839728024 0
1678737524363 0.9930791646430306 0
1678737532994 0.9961146187469645 0
1678737541697 0.9972073822243808 0
1678737550358 0.9927149101505586 0
1678737558955 0.9953861097620204 0
1678737567556 0.998664400194269 0
1678737576104 0.9995143273433705 0
1678737584730 0.9997571636716853 0
1678737654291 0.8443797038116048 0
1678737662925 0.950109249817917 0
1678737671622 0.9821558630735615 0
1678737680302 0.9894391842680262 0
1678737688983 0.9930808448652586 0
1678737697758 0.9899247390143239 0
1678737706291 0.9930808448652586 0
1678737715011 0.9967225054624909 0
1678737723550 0.9955086185967468 0
1678737732129 0.9945375091041515 0
1678737801938 0.7822286962855062 0
1678737810694 0.8838310269482884 0
1678737819517 0.9553289633406167 0
1678737828172 0.9746297645059481 0
1678737836818 0.9805778101480942 0
1678737845551 0.9894391842680262 0
1678737854141 0.991138625880068 0
1678737862724 0.9936877882981306 0
1678737871297 0.992352512745812 0
1678737879932 0.9927166788055353 0
1678737949988 0.7149101505585236 0
1678737958710 0.8108305002428363 0
1678737967528 0.919621175327829 0
1678737976203 0.9661243322000971 0
1678737984997 0.9765662943176299 0
1678737993631 0.981665857212239 0
1678738002622 0.9878581835842642 0
1678738011272 0.9921078193297718 0
1678738019892 0.9898008742107819 0
1678738028482 0.986401165614376 0
1678738098688 0.730330257406508 0
1678738107379 0.8285575522098105 0
1678738116082 0.9286061194754736 0
1678738124775 0.9673385138416707 0
1678738133471 0.9798445847498786 0
1678738142160 0.9843370568237009 0
1678738150827 0.9881010199125789 0
1678738159474 0.9884652744050509 0
1678738168607 0.9916221466731423 0
1678738177324 0.9927149101505586 0
1678738247416 0.6914299587278465 0
1678738256023 0.8171886380189366 0
1678738264745 0.9237679048312697 0
1678738273365 0.972566156834183 0
1678738282041 0.9847050254916242 0
1678738290875 0.9805778101480942 0
1678738299572 0.9912600145666424 0
1678738308236 0.9845836368050498 0
1678738316894 0.9879825200291333 0
1678738325475 0.9900461277008983 0
1678738395968 0.7274383578282522 0
1678738404596 0.8492651524353213 0
1678738413362 0.9508077250091097 0
1678738421939 0.9740070448196283 0
1678738430554 0.9754645937082473 0
1678738439281 0.990161545001822 0
1678738447999 0.9878537592615085 0
1678738456738 0.9888254585205879 0
1678738465419 0.9857888983359651 0
1678738474325 0.990161545001822 0
1678738544880 0.7081815974751153 0
1678738553573 0.8209516873027434 0
1678738562316 0.9333576110706482 0
1678738571126 0.9702597717892693 0
1678738579869 0.9822772517601359 0
1678738588440 0.9893177955814518 0
1678738597105 0.9889536295217286 0
1678738605721 0.9878611313425588 0
1678738614488 0.9877397426559844 0
1678738623227 0.9885894634620054 0
1678738694452 0.7139212827988338 0
1678738703140 0.836977648202138 0
1678738711865 0.9374392614188533 0
1678738720706 0.9673226433430515 0
1678738729547 0.9799562682215743 0
1678738738160 0.9899173955296404 0
1678738746916 0.983843537414966 0
1678738755695 0.9866375121477162 0
1678738764408 0.9891885325558795 0
1678738773013 0.9879737609329446 0
1678738843768 0.7128797083839611 0
1678738852407 0.8184690157958687 0
1678738860968 0.9309842041312272 0
1678738869713 0.9749696233292832 0
1678738878345 0.9867557715674362 0
1678738887240 0.9891859052247873 0
1678738896100 0.9867557715674362 0
1678738904896 0.9794653705953827 0
1678738913616 0.9857837181044957 0
1678738922409 0.9867557715674362 0
1678738993421 0.7012150668286756 0
1678739002078 0.8052247873633049 0
1678739010798 0.9232077764277036 0
1678739019522 0.9675577156743621 0
1678739028070 0.9823815309842041 0
1678739036753 0.9818955042527339 0
1678739045433 0.982989064398542 0
1678739054111 0.9888213851761847 0
1678739063008 0.9911300121506683 0
1678739071689 0.9765492102065614 0
1678739143117 0.7198882952889752 0
1678739151802 0.8121661000485673 0
1678739160497 0.9275133559980573 0
1678739169133 0.975594949004371 0
1678739177897 0.9845798931520156 0
1678739186580 0.9883438562408936 0
1678739195235 0.9878581835842642 0
1678739203981 0.9900437105390967 0
1678739212671 0.9916221466731423 0
1678739221361 0.9890723652258377 0
1678739292783 0.7173569780153043 0
1678739301548 0.8474432163245476 0
1678739310211 0.9480140896392566 0
1678739318940 0.9793513907445646 0
1678739327641 0.9860318231507349 0
1678739336344 0.9911332442609012 0
1678739344973 0.9895542329648974 0
1678739353602 0.9890683833353577 0
1678739362325 0.9899186201870521 0
1678739371072 0.9851815862990404 0
1678739442149 0.7200486026731471 0
1678739450832 0.8349939246658566 0
1678739459495 0.9360874848116646 0
1678739468214 0.9739975698663427 0
1678739476943 0.9874848116646415 0
1678739485688 0.9869987849331713 0
1678739494469 0.9912515188335358 0
1678739503227 0.9879708383961118 0
1678739512023 0.9850546780072904 0
1678739520862 0.9899149453219928 0
1678739592503 0.7168528411850413 0
1678739601081 0.8414278776104905 0
1678739609781 0.9441476444876153 0
1678739618642 0.9725594949004371 0
1678739627259 0.985065565808645 0
1678739635914 0.9842156386595434 0
1678739644753 0.9900437105390967 0
1678739653446 0.9885866925692084 0
1678739662083 0.9907722195240408 0
1678739670844 0.9876153472559495 0
1678739742526 0.6949173151750972 0
1678739751302 0.8163910505836576 0
1678739760334 0.9198686770428015 0
1678739768876 0.9655885214007782 0
1678739777742 0.9852869649805448 0
1678739786499 0.9872324902723736 0
1678739795084 0.9897859922178989 0
1678739803637 0.9880836575875487 0
1678739812340 0.9809095330739299 0
1678739820995 0.9879620622568094 0
1678739892933 0.7003035822707954 0
1678739901583 0.8218579234972677 0
1678739910324 0.9272616879174256 0
1678739918954 0.9706132361870067 0
1678739927566 0.9877352762598665 0
1678739936282 0.9860352155434122 0
1678739944952 0.9908925318761385 0
1678739953754 0.9856709168184578 0
1678739962412 0.9817850637522769 0
1678739971338 0.9829993928354585 0
