1678737118473 0.36888566118458804 0
1678737123062 0.14871791269978554 0
1678737127565 0.08907040006484232 0
1678737132101 0.0487409762946246 0
1678737136701 0.04980836519781424 0
1678737141260 0.026519436345326036 0
1678737145795 0.032269899306141984 0
1678737150366 0.05570062744864378 0
1678737154912 0.026684367912644173 0
1678737159599 0.020892612051282292 0
1678737227241 0.21486954721485776 0
1678737234218 0.03772229833536326 0
1678737241162 0.03719761844327665 0
1678737248127 0.010413177688846377 0
1678737255113 0.015805793979757257 0
1678737262193 0.005841171871679937 0
1678737269132 0.018850292198333115 0
1678737276145 0.019500594806218005 0
1678737283231 0.009192254856821028 0
1678737290153 0.008734411404808315 0
1678737359353 0.23194120530509144 0
1678737368015 0.01850363886569208 0
1678737376646 0.017311709818093803 0
1678737385333 0.013440454063238294 0
1678737394037 0.005080605222115801 0
1678737402708 0.008388941536133262 0
1678737411492 0.026668541843695513 0
1678737420108 0.011905146794747143 0
1678737428728 0.0022557792554731473 0
1678737437465 0.004124398879276057 0
1678737507069 0.4078580234118345 0
1678737515693 0.04664165117846184 0
1678737524375 0.023549259247607948 0
1678737533006 0.01297881530770026 0
1678737541707 0.008346819067214996 0
1678737550368 0.02529596380876468 0
1678737558967 0.017485472567390727 0
1678737567569 0.004132074930784653 0
1678737576123 0.001964988743237572 0
1678737584749 0.0007570664304929654 0
1678737654302 0.6412276585947457 0
1678737662936 0.15373695235492305 0
1678737671641 0.05359151508160791 0
1678737680313 0.0331623179552718 0
1678737688995 0.02368611488665397 0
1678737697770 0.03250528678784573 0
1678737706301 0.022720065246657005 0
1678737715022 0.010909544612454502 0
1678737723562 0.014532875147145413 0
1678737732141 0.021418428786721195 0
1678737801957 0.8850654226884473 0
1678737810705 0.35278458660502376 0
1678737819529 0.14324881379253138 0
1678737828182 0.07900153100219245 0
1678737836829 0.05711202985785936 0
1678737845563 0.03226583222226647 0
1678737854160 0.029904479387743772 0
1678737862734 0.024705171564281436 0
1678737871311 0.023437977986218977 0
1678737879943 0.019926813681183497 0
1678737950008 1.1692895976127264 0
1678737958726 0.5971913571320673 0
1678737967541 0.25437031761209844 0
1678737976214 0.1134565466885546 0
1678737985008 0.0706186964483719 0
1678737993641 0.052925986434129935 0
1678738002642 0.03831165682614002 0
1678738011283 0.024021220098737212 0
1678738019912 0.0333404954627277 0
1678738028494 0.043906475425231524 0
1678738098699 1.1837627389235308 0
1678738107390 0.5446922572971027 0
1678738116093 0.22180022507717795 0
1678738124786 0.10500926169964397 0
1678738133482 0.06279950617437602 0
1678738142173 0.04753574865316993 0
1678738150839 0.035025274539352794 0
1678738159485 0.03625420845286028 0
1678738168626 0.025342460768659168 0
1678738177338 0.026862503164422968 0
1678738247427 1.2990123561413203 0
1678738256036 0.5743025717739053 0
1678738264757 0.246347582746866 0
1678738273376 0.09128722213850811 0
1678738282058 0.0516079122923689 0
1678738290889 0.060039080446981696 0
1678738299593 0.02798405968685641 0
1678738308250 0.051167963375976164 0
1678738316907 0.039528614755029834 0
1678738325496 0.03686422147871992 0
1678738395979 1.171047842923946 0
1678738404607 0.4806134892338234 0
1678738413373 0.1595863509978875 0
1678738421951 0.09151757378472776 0
1678738430565 0.07744861117304078 0
1678738439292 0.03371082627294015 0
1678738448019 0.03997813105392243 0
1678738456753 0.03582920765688175 0
1678738465436 0.04184580638214672 0
1678738474336 0.03077747816176714 0
1678738544892 1.2578945813117661 0
1678738553589 0.5733639732976363 0
1678738562338 0.21229014004657326 0
1678738571142 0.09244742035652341 0
1678738579891 0.05590496411486921 0
1678738588454 0.036404326811349634 0
1678738597122 0.03511272773777912 0
1678738605735 0.033451766532676896 0
1678738614500 0.038255384071470284 0
1678738623241 0.03375153037402657 0
1678738694464 1.2426621872783286 0
1678738703151 0.5018668816261087 0
1678738711877 0.19732812495198032 0
1678738720727 0.1001754910553886 0
1678738729562 0.06437566328433544 0
1678738738178 0.03563503697274689 0
1678738746935 0.05717315965271451 0
1678738755707 0.047465456268171786 0
1678738764425 0.03577063942691936 0
1678738773025 0.03650995947529659 0
1678738843782 1.3426196655410174 0
1678738852419 0.5629473511532475 0
1678738860989 0.21819452759091215 0
1678738869729 0.083551769536147 0
1678738878356 0.04725822642228293 0
1678738887263 0.038553673141428865 0
1678738896112 0.04482434405803789 0
1678738904915 0.06138360787042726 0
1678738913628 0.04333537575242224 0
1678738922420 0.0402472326633852 0
1678738993442 1.3488218596610235 0
1678739002097 0.6065716503747034 0
1678739010811 0.24527397374118953 0
1678739019534 0.1080401122714885 0
1678739028082 0.06439935210119041 0
1678739036769 0.0634524612414808 0
1678739045444 0.05798620057823012 0
1678739054126 0.03780431631332397 0
1678739063020 0.03065631425411034 0
1678739071701 0.08498179539042285 0
1678739143129 1.352290665368075 0
1678739151820 0.5918410718296268 0
1678739160509 0.23154559304495353 0
1678739169145 0.08746119903607702 0
1678739177914 0.054416216077620455 0
1678739186604 0.040343919907112606 0
1678739195252 0.0378136427036336 0
1678739204007 0.03512837762042931 0
1678739212695 0.030784108286570612 0
1678739221372 0.03411634540933466 0
1678739292800 1.318851791276078 0
1678739301564 0.4830292611753146 0
1678739310222 0.1777396113916618 0
1678739318953 0.06981325589349344 0
1678739327666 0.04699995713850302 0
1678739336360 0.02944477859123877 0
1678739344985 0.03497464428185787 0
1678739353624 0.03875369813019919 0
1678739362337 0.032979461568178416 0
1678739371084 0.0551760207624561 0
1678739442174 1.3799413661475894 0
1678739450845 0.5158413742176673 0
1678739459512 0.20259757751682694 0
1678739468225 0.08752108085764751 0
1678739476956 0.04842026242092342 0
1678739485701 0.043146402849606434 0
1678739494488 0.03173859238235296 0
1678739503239 0.038429044665064874 0
1678739512041 0.049976364287908755 0
1678739520875 0.038023758639795374 0
1678739592515 1.3202380124604371 0
1678739601093 0.506843595307333 0
1678739609801 0.18358464793615575 0
1678739618666 0.09326256065656109 0
1678739627271 0.04879488583021825 0
1678739635932 0.05320646589456353 0
1678739644766 0.03468440235997249 0
1678739653457 0.04083761496757957 0
1678739662107 0.03341017875548103 0
1678739670856 0.041836840064174825 0
1678739742539 1.3842716136447186 0
1678739751322 0.5910387242843437 0
1678739760346 0.2582587546230464 0
1678739768889 0.11430232917730504 0
1678739777754 0.05793318448720522 0
1678739786512 0.041369115880777484 0
1678739795103 0.04079673014257777 0
1678739803650 0.040754604635077095 0
1678739812357 0.06225174646244787 0
1678739821007 0.04128225626114118 0
1678739892949 1.3225346794400565 0
1678739901596 0.5617772792351196 0
1678739910336 0.2346204466941361 0
1678739918967 0.1000615294841777 0
1678739927590 0.05037483604874803 0
1678739936295 0.043343909948602835 0
1678739944964 0.03532121240590548 0
1678739953772 0.04579848901464242 0
1678739962429 0.05834242659640732 0
1678739971350 0.050096791874081274 0
