1679981798260 0.9765926640926641 0
1679981856350 0.9913299779371207 0
1679981914482 0.994415333701048 0
1679981972937 0.9944842801985659 0
1679982030923 0.9961389961389961 0
1679982089019 0.9965182018753447 0
1679982147377 0.9968456977385549 0
1679982205486 0.9975868725868726 0
1679982263335 0.9982418643132929 0
1679982321082 0.9976558190843905 0
1679982401341 0.9918314562598219 0
1679982463216 0.997200759559979 0
1679982524554 0.9980683603981142 0
1679982585832 0.9987886327920377 0
1679982647251 0.9979701414353065 0
1679982708275 0.9983793871136721 0
1679982769859 0.9983957569408067 0
1679982830857 0.9989032215819801 0
1679982891822 0.9987558931377685 0
1679982952700 0.9989359612362494 0
1679983034289 0.9914588528678304 0
1679983098927 0.9980361596009975 0
1679983162281 0.9987063591022444 0
1679983226622 0.9987531172069826 0
1679983291463 0.9985816708229427 0
1679983356088 0.9984569825436409 0
1679983420357 0.9990180798004987 0
1679983484505 0.9988622194513715 0
1679983548488 0.9989401496259351 0
1679983612737 0.9993453865336658 0
1679983697999 0.9859375 0
1679983765704 0.9972470238095238 0
1679983833174 0.9979613095238096 0
1679983900838 0.9985267857142858 0
1679983968115 0.9980952380952381 0
1679984035758 0.9991071428571429 0
1679984103054 0.9986011904761904 0
1679984170578 0.9990327380952381 0
1679984237932 0.9989434523809524 0
1679984305259 0.9989583333333333 0
1679984393714 0.9872637750455373 0
1679984464125 0.9979508196721312 0
1679984534431 0.9975808287795993 0
1679984605130 0.9983350409836066 0
1679984674764 0.9985484972677595 0
1679984744786 0.9988473360655737 0
1679984815757 0.9987050318761385 0
1679984886377 0.9988757969034608 0
1679984957081 0.9986481102003643 0
1679985027298 0.9988473360655737 0
1679985119197 0.9851593190746399 0
1679985192736 0.995662374508948 0
1679985266542 0.9970946093408992 0
1679985340348 0.9978721082496727 0
1679985414900 0.9984859231776517 0
1679985488115 0.9984177215189873 0
1679985562436 0.9984586425141859 0
1679985635715 0.9984995635093845 0
1679985709915 0.9985677651680489 0
1679985784798 0.9986768878219118 0
1679985879919 0.9808205906996229 0
1679985956514 0.9929959153749476 0
1679986033882 0.994724025974026 0
1679986109784 0.9964914118139925 0
1679986186390 0.9970543569333892 0
1679986262416 0.9976303937997486 0
1679986338932 0.9976696690406368 0
1679986415600 0.9978529534981148 0
1679986492491 0.9983242563887725 0
1679986569670 0.9980755131964809 0
1679986668295 0.9770313129279098 0
1679986747212 0.9886352194925493 0
1679986825671 0.9932918848167539 0
1679986905196 0.9948021546516311 0
1679986984583 0.9956705598066855 0
1679987064692 0.9965515505436972 0
1679987144226 0.996992045912203 0
1679987224680 0.9970423882400322 0
1679987304393 0.9975080547724526 0
1679987384233 0.9974073701167941 0
1679987487207 0.9748957525213343 0
1679987569623 0.9868357253685027 0
1679987652217 0.9910177463149729 0
1679987733817 0.993599689681924 0
1679987816219 0.9945330682699767 0
1679987898937 0.9961695112490303 0
1679987981461 0.9967149922420481 0
1679988063349 0.9965452870442203 0
1679988146036 0.9966058960434445 0
1679988228947 0.9970544026377036 0
1679988334779 0.9709003365744203 0
1679988420855 0.981441660433807 0
1679988506064 0.9861396783844428 0
1679988591924 0.9889561518324608 0
1679988677911 0.9916557591623036 0
1679988763804 0.9930581525804039 0
1679988849919 0.9939813949139865 0
1679988934528 0.9948345175766642 0
1679989019803 0.9955240276738968 0
1679989105298 0.9961083582647718 0
1679989215612 0.9674526173285198 0
1679989303145 0.9772224729241877 0
1679989391536 0.9822314981949458 0
1679989480021 0.9861913357400722 0
1679989568598 0.9896999097472924 0
1679989656840 0.9914936823104693 0
1679989745657 0.9937612815884477 0
1679989833348 0.9947427797833935 0
1679989921526 0.994923285198556 0
1679990009532 0.99466380866426 0
1679990123109 0.9648560209424084 0
1679990213949 0.9737783595113438 0
1679990305538 0.9768433682373473 0
1679990396774 0.9801265270506109 0
1679990487892 0.9828315881326353 0
1679990579650 0.9857220767888307 0
1679990670625 0.9892233856893543 0
1679990761656 0.9909358638743455 0
1679990852587 0.9927683246073299 0
1679990944382 0.993193717277487 0
1679991061072 0.9636630361364404 0
1679991155814 0.9736892097264438 0
1679991251156 0.9788078351908139 0
1679991346270 0.9838103681188788 0
1679991440457 0.9868287740628167 0
1679991535384 0.9897627490712597 0
1679991630766 0.9909025667004391 0
1679991724915 0.9924962006079028 0
1679991819946 0.9932666328942925 0
1679991914592 0.9937521107733873 0
1679992034905 0.9657333933246073 0
1679992131991 0.9749059227748691 0
1679992229440 0.9798449770942408 0
1679992327167 0.9842318390052356 0
1679992425162 0.9869416721204188 0
1679992522554 0.9895287958115183 0
1679992620079 0.9908274705497382 0
1679992717389 0.9922795320680629 0
1679992814474 0.992054564790576 0
1679992912448 0.9930362401832461 0
1679993035845 0.9641497461928934 0
1679993136312 0.9750654346446701 0
1679993236213 0.9791303140862944 0
1679993337980 0.9832447652284264 0
1679993438745 0.9865462404822335 0
1679993539388 0.9884398794416244 0
1679993640010 0.9904029187817259 0
1679993739878 0.9917116116751269 0
1679993840485 0.9922370717005076 0
1679993940085 0.9930698762690355 0
1679994069136 0.9634582820197044 0
1679994172487 0.9739647475369458 0
1679994275599 0.9776881927339901 0
1679994378987 0.9819119458128078 0
1679994482998 0.9848175800492611 0
1679994587259 0.9882331434729064 0
1679994690539 0.989618611453202 0
1679994794087 0.9911676416256158 0
1679994897260 0.9912542333743842 0
1679995000806 0.9925434883004927 0
1679995131759 0.965375411307209 0
1679995237296 0.9781539784624589 0
1679995343696 0.9831270565360455 0
1679995450549 0.986239904277595 0
1679995558048 0.9890255758300928 0
1679995664934 0.9902875411307209 0
1679995771469 0.990801675142088 0
1679995877429 0.9914092880646126 0
1679995984454 0.9920823362249477 0
1679996089840 0.9920729883338318 0
1679996224038 0.9612714451875545 0
1679996334427 0.9729027333527188 0
1679996444199 0.9767919453329457 0
1679996552977 0.9806720703692934 0
1679996662313 0.983470849084036 0
1679996771135 0.9856608025588834 0
1679996880390 0.9886231462634487 0
1679996990017 0.9897044925850538 0
1679997099105 0.9903405786565862 0
1679997208610 0.9910311863913929 0
1679997347063 0.9592468175388967 0
1679997459720 0.9717998585572843 0
1679997571707 0.9779614568599717 0
1679997684556 0.9818864922206506 0
1679997797154 0.984733026874116 0
1679997909790 0.9872436350777934 0
1679998022390 0.9890470297029703 0
1679998134594 0.9895951202263084 0
1679998247366 0.9903730551626592 0
1679998359847 0.9909565063649222 0
1679998501888 0.9604683195592286 0
1679998616955 0.971926652892562 0
1679998733079 0.9764979338842975 0
1679998847950 0.9799931129476585 0
1679998963216 0.9832558539944903 0
1679999078889 0.9848140495867769 0
1679999195007 0.9867424242424242 0
1679999310462 0.9880509641873279 0
1679999426018 0.9891184573002755 0
1679999541923 0.9896177685950414 0
