1679981798270 0.07932484155700252 0
1679981856367 0.032820679746787706 0
1679981914492 0.02096422248785588 0
1679981972949 0.02106337670976951 0
1679982030941 0.01417896537206643 0
1679982089036 0.013344540905260731 0
1679982147384 0.01203850848192753 0
1679982205497 0.009343815204393865 0
1679982263346 0.007879536750160687 0
1679982321094 0.009491020300557141 0
1679982401359 0.038865683058930386 0
1679982463228 0.010140193572590587 0
1679982524571 0.00757548152593119 0
1679982585847 0.005897140212827605 0
1679982647261 0.008587107408717076 0
1679982708294 0.006775636335624501 0
1679982769871 0.006716152977544738 0
1679982830863 0.00509795544765166 0
1679982891840 0.0057227534531959995 0
1679982952712 0.004921587420340065 0
1679983034300 0.03894198567925417 0
1679983098944 0.007858683171903486 0
1679983162299 0.00550422129306956 0
1679983226637 0.005547612285816517 0
1679983291474 0.006069232985839081 0
1679983356100 0.005309749835138481 0
1679983420369 0.004226709051098093 0
1679983484517 0.0047723353594848845 0
1679983548499 0.0048355700659665655 0
1679983612749 0.003414530351117667 0
1679983698009 0.05889005615181088 0
1679983765724 0.010263235147568875 0
1679983833189 0.006984496536467218 0
1679983900857 0.0056507319982576866 0
1679983968126 0.007330809258770669 0
1679984035769 0.004215587656970109 0
1679984103069 0.00509394660247018 0
1679984170597 0.004263334395328576 0
1679984237950 0.004665833838709519 0
1679984305278 0.004503959400594984 0
1679984393726 0.05303387066638095 0
1679984464143 0.0073543759044976936 0
1679984534450 0.00853687518077603 0
1679984605142 0.005923921979078692 0
1679984674783 0.005354277691292663 0
1679984744793 0.005015932367629462 0
1679984815770 0.005445230997146239 0
1679984886395 0.004124080622615309 0
1679984957093 0.0052179441020946925 0
1679985027316 0.004305836522198569 0
1679985119217 0.06369181846624483 0
1679985192756 0.013999936339068531 0
1679985266561 0.00998791458715034 0
1679985340360 0.008033943229297439 0
1679985414913 0.006219782078112057 0
1679985488126 0.005933196168151139 0
1679985562442 0.0060585231525626905 0
1679985635730 0.005777571421145607 0
1679985709926 0.00536841171502467 0
1679985784817 0.005102142718561644 0
1679985879931 0.08012108785724778 0
1679985956534 0.022056708016167503 0
1679986033899 0.016522087989146204 0
1679986109800 0.012071059292203782 0
1679986186404 0.009928306223762383 0
1679986262428 0.007430672412434912 0
1679986338944 0.00868586438968044 0
1679986415612 0.00801007975155327 0
1679986492509 0.00624526409115588 0
1679986569690 0.007150876355779715 0
1679986668304 0.08967947965195704 0
1679986747224 0.032693216547195585 0
1679986825691 0.02077241563515579 0
1679986905217 0.016796799923909846 0
1679986984602 0.01335548998545111 0
1679987064711 0.01172270050843117 0
1679987144244 0.00970065977036015 0
1679987224693 0.010369787350314779 0
1679987304406 0.008873354776568717 0
1679987384255 0.008539014698670765 0
1679987487230 0.1045377041776977 0
1679987569645 0.03951466854745979 0
1679987652229 0.026465044170420105 0
1679987733829 0.019547806514250456 0
1679987816236 0.016726043838052772 0
1679987898949 0.012871640440231306 0
1679987981474 0.01130806211834876 0
1679988063357 0.01149931397964441 0
1679988146048 0.011399144355202643 0
1679988228959 0.010422035395891168 0
1679988334790 0.11787299826632305 0
1679988420866 0.053304219848501526 0
1679988506075 0.0402386928169139 0
1679988591945 0.03289931038120344 0
1679988677931 0.02498525896083403 0
1679988763816 0.0211198481057338 0
1679988849942 0.01778687807304721 0
1679988934545 0.01647894437057721 0
1679989019823 0.014545605945638331 0
1679989105309 0.013055196036793575 0
1679989215626 0.12605408364955567 0
1679989303158 0.06413334212168852 0
1679989391550 0.04919478045115453 0
1679989480034 0.04110965711446803 0
1679989568615 0.030383125212552178 0
1679989656852 0.025249196278832396 0
1679989745672 0.02000309179085966 0
1679989833366 0.016281016164687447 0
1679989921538 0.016402749814310703 0
1679990009555 0.01639696630005824 0
1679990123122 0.13337887035663182 0
1679990213968 0.07425788211651645 0
1679990305558 0.06418426526891007 0
1679990396786 0.05760046717855266 0
1679990487908 0.050009275682654244 0
1679990579664 0.04260899680007289 0
1679990670637 0.032420624575854956 0
1679990761667 0.0286325750821967 0
1679990852608 0.02282273965983153 0
1679990944395 0.021074324865818145 0
1679991061093 0.14293500771745757 0
1679991155820 0.07504728648328744 0
1679991251168 0.06162073768603428 0
1679991346294 0.048845317796063124 0
1679991440468 0.04017949285980123 0
1679991535402 0.03163841433838587 0
1679991630779 0.028174552371851395 0
1679991724926 0.024524863005061844 0
1679991819958 0.022413183817165543 0
1679991914604 0.0197522580102044 0
1679992034912 0.1388710907235036 0
1679992132004 0.07312961290572023 0
1679992229453 0.059690361089000575 0
1679992327178 0.04695263832055221 0
1679992425183 0.03861588405029236 0
1679992522569 0.03276514063260133 0
1679992620092 0.028789807890189176 0
1679992717399 0.025099360539328333 0
1679992814487 0.024872130707910174 0
1679992912473 0.022283544692354558 0
1679993035863 0.14292959556862056 0
1679993136331 0.07297637516035095 0
1679993236225 0.06158647698777998 0
1679993337991 0.050000202802306756 0
1679993438756 0.040613912400019624 0
1679993539400 0.03632357872134669 0
1679993640021 0.02864431003040147 0
1679993739892 0.026764837061942767 0
1679993840497 0.025723576283371737 0
1679993940095 0.02323939096647913 0
1679994069147 0.15219500116618243 0
1679994172501 0.07681122698743495 0
1679994275607 0.06533212705060044 0
1679994378999 0.05406672841310397 0
1679994483011 0.045561893113646314 0
1679994587282 0.03635667557742064 0
1679994690553 0.033170591727342554 0
1679994794099 0.0282358501437216 0
1679994897280 0.02785347614927952 0
1679995000817 0.025025060989199693 0
1679995131772 0.15395935307254732 0
1679995237304 0.06784257212420343 0
1679995343707 0.050656134997103995 0
1679995450561 0.041624408119196765 0
1679995558061 0.035068358772585524 0
1679995664947 0.03157743563141121 0
1679995771481 0.029047719104091672 0
1679995877441 0.026745422941564338 0
1679995984466 0.025503014953282683 0
1679996089852 0.025412011480053582 0
1679996224065 0.1615354791585859 0
1679996334440 0.08039000052702149 0
1679996444209 0.06874468999870696 0
1679996552988 0.056947183902361975 0
1679996662331 0.04930250871099584 0
1679996771156 0.04398085814625564 0
1679996880418 0.03571234824411146 0
1679996990030 0.03372860179014275 0
1679997099116 0.03011698712692422 0
1679997208622 0.028221414090111703 0
1679997347074 0.18031519181995861 0
1679997459733 0.08898349102764486 0
1679997571720 0.06704117968221993 0
1679997684579 0.05615717677581742 0
1679997797164 0.04737494343548314 0
1679997909802 0.038550686143127504 0
1679998022402 0.036025015911617796 0
1679998134606 0.033839479056335206 0
1679998247394 0.031553209143121395 0
1679998359859 0.028972715034773992 0
1679998501901 0.17653986182543752 0
1679998616967 0.0855488217678502 0
1679998733088 0.0705399079363151 0
1679998847962 0.05981966997312129 0
1679998963236 0.05119803983665451 0
1679999078910 0.04684384612164375 0
1679999195018 0.04093858566106253 0
1679999310485 0.03874737488397994 0
1679999426046 0.03450748522950349 0
1679999541941 0.03370637224244442 0
