1679981798275 58.08220002800226 0
1679981856381 57.88395279692486 0
1679981914499 57.901324555044994 0
1679981972956 58.23650109884329 0
1679982030953 57.76588098797947 0
1679982089048 57.8718356739264 0
1679982147392 58.11390117299743 0
1679982205503 57.895001861965284 0
1679982263353 57.62855321797542 0
1679982321099 57.53287714906037 0
1679982401372 60.63269121712074 0
1679982463235 61.618118369951844 0
1679982524584 61.091499797068536 0
1679982585858 60.99475680408068 0
1679982647269 61.16254487284459 0
1679982708308 60.774043273879215 0
1679982769879 61.31735760997981 0
1679982830867 60.74749869084917 0
1679982891850 60.72874044091441 0
1679982952718 60.60659217997454 0
1679983034306 64.13627333613113 0
1679983098956 64.38987233606167 0
1679983162312 63.10732397204265 0
1679983226645 64.07599375792779 0
1679983291481 64.5916614041198 0
1679983356111 64.36153430095874 0
1679983420377 64.00686005502939 0
1679983484524 63.89374924101867 0
1679983548504 63.73789556697011 0
1679983612756 64.01496464107186 0
1679983698015 67.31217599404044 0
1679983765735 67.4650728800334 0
1679983833197 67.21423460310325 0
1679983900871 67.40779960411601 0
1679983968131 67.011832135031 0
1679984035778 67.37692513596267 0
1679984103082 67.03920685593039 0
1679984170611 67.2613623579964 0
1679984237963 67.09398573613726 0
1679984305288 67.0735645010136 0
1679984393732 69.93267898098566 0
1679984464159 70.17524294485338 0
1679984534461 70.01979469810612 0
1679984605154 70.450886155013 0
1679984674794 69.37792375287972 0
1679984744797 69.76462072785944 0
1679984815779 70.73013774887659 0
1679984886403 70.37659351783805 0
1679984957102 70.44166769389994 0
1679985027326 69.96560227801092 0
1679985119229 72.85782662779093 0
1679985192767 73.27221865393221 0
1679985266571 73.54528278508224 0
1679985340372 73.56623118300922 0
1679985414919 74.30463589099236 0
1679985488134 72.96261545899324 0
1679985562447 74.10024141310714 0
1679985635739 73.03992000501603 0
1679985709932 73.93949457886629 0
1679985784831 74.61911004805006 0
1679985879937 75.65743288001977 0
1679985956549 76.33641793904826 0
1679986033910 77.08611877588555 0
1679986109814 75.62715922808275 0
1679986186413 76.31047202111222 0
1679986262438 75.76265281904489 0
1679986338953 76.24909296515398 0
1679986415618 76.40959420707077 0
1679986492520 76.62323687179014 0
1679986569706 76.91638083616272 0
1679986668312 79.01968443300575 0
1679986747230 78.6571434980724 0
1679986825702 78.19649188499898 0
1679986905230 79.25256886705756 0
1679986984612 79.10630362294614 0
1679987064722 79.84361836407334 0
1679987144255 79.27302693994716 0
1679987224702 80.18200771207921 0
1679987304415 79.45638227509335 0
1679987384271 79.58514791098423 0
1679987487244 82.2469640718773 0
1679987569661 82.13562982389703 0
1679987652236 82.31504108197987 0
1679987733837 81.32450548792258 0
1679987816252 82.14006144506857 0
1679987898963 82.437320753932 0
1679987981482 82.24019299377687 0
1679988063363 81.64395090914331 0
1679988146059 82.43116174987517 0
1679988228975 82.63512455299497 0
1679988334796 84.8396726869978 0
1679988420875 85.82080227602273 0
1679988506082 84.94264458795078 0
1679988591955 85.5899129039608 0
1679988677948 85.71468555601314 0
1679988763824 85.61838663718663 0
1679988849953 85.84656117693521 0
1679988934554 84.30537035898305 0
1679989019834 85.00110861985013 0
1679989105317 85.18771520396695 0
1679989215639 88.80279516498558 0
1679989303170 87.25680595613085 0
1679989391558 88.12329078908078 0
1679989480041 88.20992185501382 0
1679989568626 88.3121378228534 0
1679989656863 87.96231740806252 0
1679989745681 88.54711653385311 0
1679989833377 87.4027014579624 0
1679989921547 87.9051364029292 0
1679990009570 87.72886069701053 0
1679990123131 91.43847031402402 0
1679990213984 90.56605261610821 0
1679990305569 91.30260037793778 0
1679990396793 90.94906680705026 0
1679990487920 90.84142562188208 0
1679990579671 91.47843488701619 0
1679990670646 90.7017442448996 0
1679990761676 90.76552357710898 0
1679990852619 90.6711346320808 0
1679990944402 91.51073502888903 0
1679991061105 94.04366844682954 0
1679991155827 94.44723662803881 0
1679991251183 95.06111252401024 0
1679991346306 94.83085194206797 0
1679991440474 93.88744946289808 0
1679991535419 94.66104417387396 0
1679991630793 95.08389561390504 0
1679991724934 93.82898829085752 0
1679991819966 94.75154856406152 0
1679991914611 94.36886172997765 0
1679992034919 97.11391118704341 0
1679992132019 96.82117807702161 0
1679992229461 97.15206456487067 0
1679992327190 97.44327799603343 0
1679992425195 97.7096927948296 0
1679992522579 97.10544420103543 0
1679992620099 97.24046212690882 0
1679992717414 97.02064177393913 0
1679992814495 96.80055648600683 0
1679992912487 97.6918560040649 0
1679993035873 99.49964057700709 0
1679993136342 100.17573314788751 0
1679993236233 99.60888267983682 0
1679993337998 101.49667652579956 0
1679993438766 100.47975103603676 0
1679993539411 100.3735695250798 0
1679993640035 100.34182998794131 0
1679993739901 99.57155351806432 0
1679993840505 100.31404945696704 0
1679993940103 99.32970713288523 0
1679994069157 104.42077633715235 0
1679994172510 103.05939666298218 0
1679994275614 102.83081221906468 0
1679994379014 103.10112751298584 0
1679994483020 103.71366013609804 0
1679994587294 103.97776983189397 0
1679994690569 102.97612274810672 0
1679994794107 103.25230706995353 0
1679994897291 102.88664346793666 0
1679995000825 103.24366644304246 0
1679995131781 105.86913172807544 0
1679995237311 105.24821412400343 0
1679995343714 106.11428818083368 0
1679995450569 106.56926015997306 0
1679995558075 107.21442908095196 0
1679995664956 106.60054207593203 0
1679995771496 106.24442534986883 0
1679995877449 105.66666062898003 0
1679995984474 106.74494267208502 0
1679996089864 105.1002250390593 0
1679996224080 108.47471986105666 0
1679996334448 110.07912782789208 0
1679996444217 109.47777843708172 0
1679996552996 108.49074564804323 0
1679996662348 109.04677476291545 0
1679996771168 108.52118113311008 0
1679996880436 108.95062806317583 0
1679996990049 109.28437142889015 0
1679997099124 108.78041702392511 0
1679997208630 109.21826333296485 0
1679997347083 112.23436032491736 0
1679997459741 112.36158990114927 0
1679997571729 111.69880472682416 0
1679997684591 112.55588279897347 0
1679997797183 112.28214218490757 0
1679997909810 112.31078694015741 0
1679998022410 112.30859819613397 0
1679998134622 111.91342352703214 0
1679998247410 112.47129389480688 0
1679998359873 112.17507400503382 0
1679998501918 115.1382626760751 0
1679998616985 114.77121770894155 0
1679998733096 115.8165862208698 0
1679998847971 114.58094009920023 0
1679998963247 114.97028465592302 0
1679999078922 115.37724909791723 0
1679999195027 115.80364750884473 0
1679999310499 115.1580461030826 0
1679999426062 115.24767325795256 0
1679999541951 115.58216419280507 0
