1679965282218 0.7113711051606622 0
1679965364202 0.9092928432327166 0
1679965449470 0.9357199367088608 0
1679965532578 0.9564416991236612 0
1679965615147 0.9777568159688412 0
1679965700352 0.9904150438169426 0
1679965783869 0.9949488802336903 0
1679965865206 0.9969875851996105 0
1679965947251 0.9975505111976631 0
1679966031524 0.997991723466407 0
1679966140644 0.09197598253275109 0
1679966177306 0.09115720524017468 0
1679966213609 0.09147561863173218 0
1679966249514 0.09111171761280931 0
1679966285431 0.09088427947598253 0
1679966321367 0.09115720524017468 0
1679966356822 0.09115720524017468 0
1679966392645 0.09115720524017468 0
1679966427703 0.09115720524017468 0
1679966463328 0.09120269286754003 0
1679966560309 0.0449872634643377 0
1679966596832 0.045169213973799124 0
1679966633244 0.045169213973799124 0
1679966669711 0.0449872634643377 0
1679966706344 0.04526018922852984 0
1679966742344 0.04521470160116448 0
1679966778698 0.0453056768558952 0
1679966815207 0.04521470160116448 0
1679966851485 0.04521470160116448 0
1679966888118 0.0453056768558952 0
1679966986495 0.030067321688500726 0
1679967021932 0.030203784570596796 0
1679967058380 0.030385735080058224 0
1679967095296 0.030385735080058224 0
1679967131159 0.030385735080058224 0
1679967167416 0.030067321688500726 0
1679967203861 0.030249272197962154 0
1679967240102 0.030385735080058224 0
1679967276329 0.030021834061135372 0
1679967312514 0.030385735080058224 0
1679967412488 0.02251637554585153 0
1679967449163 0.02251637554585153 0
1679967485740 0.02274381368267831 0
1679967522009 0.022698326055312953 0
1679967558063 0.022698326055312953 0
1679967594498 0.02278930131004367 0
1679967630684 0.022698326055312953 0
1679967667074 0.02274381368267831 0
1679967703582 0.0226528384279476 0
1679967739893 0.02278930131004367 0
1679967842578 0.018104075691411935 0
1679967879482 0.018286026200873363 0
1679967916097 0.018013100436681223 0
1679967953300 0.018149563318777293 0
1679967989960 0.01805858806404658 0
1679968026073 0.018331513828238718 0
1679968062271 0.018104075691411935 0
1679968098074 0.018331513828238718 0
1679968134048 0.018286026200873363 0
1679968170505 0.018377001455604076 0
1679968275262 0.015534156976744186 0
1679968311277 0.015534156976744186 0
1679968347266 0.015397892441860465 0
1679968383691 0.01530704941860465 0
1679968420688 0.015397892441860465 0
1679968457446 0.015352470930232558 0
1679968494758 0.015488735465116279 0
1679968531772 0.015352470930232558 0
1679968568966 0.015579578488372093 0
1679968605659 0.015534156976744186 0
1679968713363 0.013126816860465117 0
1679968750092 0.013172238372093024 0
1679968787185 0.01321765988372093 0
1679968823535 0.013172238372093024 0
1679968859955 0.013308502906976744 0
1679968896727 0.013035973837209303 0
1679968932593 0.013263081395348836 0
1679968969481 0.01321765988372093 0
1679969006141 0.013172238372093024 0
1679969042715 0.01321765988372093 0
1679969152610 0.01146288209606987 0
1679969189159 0.011371906841339156 0
1679969225120 0.011417394468704512 0
1679969261722 0.011371906841339156 0
1679969298438 0.01146288209606987 0
1679969334816 0.011417394468704512 0
1679969371196 0.0113264192139738 0
1679969407893 0.011235443959243085 0
1679969444692 0.011371906841339156 0
1679969481623 0.01146288209606987 0
1679969594396 0.010522496371552975 0
1679969631531 0.010341074020319304 0
1679969668682 0.010477140783744556 0
1679969705234 0.01043178519593614 0
1679969742313 0.010567851959361394 0
1679969779188 0.010522496371552975 0
1679969815982 0.010386429608127721 0
1679969852883 0.01043178519593614 0
1679969889792 0.01043178519593614 0
1679969926684 0.010477140783744556 0
1679970040744 0.009097525473071324 0
1679970077543 0.009097525473071324 0
1679970114570 0.009006550218340612 0
1679970151064 0.009143013100436682 0
1679970187853 0.009143013100436682 0
1679970224323 0.009097525473071324 0
1679970261527 0.009052037845705968 0
1679970297868 0.009188500727802038 0
1679970334168 0.009188500727802038 0
1679970371189 0.009143013100436682 0
1679970488622 0.008378623188405798 0
1679970525986 0.008469202898550725 0
1679970563112 0.008378623188405798 0
1679970600419 0.008559782608695651 0
1679970637873 0.008469202898550725 0
1679970674899 0.00842391304347826 0
1679970711967 0.008378623188405798 0
1679970748952 0.008559782608695651 0
1679970786061 0.008514492753623188 0
1679970822930 0.008378623188405798 0
1679970942482 0.007312863372093023 0
1679970979390 0.007403706395348837 0
1679971017103 0.007176598837209302 0
1679971054221 0.00735828488372093 0
1679971091323 0.007449127906976744 0
1679971128857 0.00735828488372093 0
1679971165937 0.007176598837209302 0
1679971203090 0.007312863372093023 0
1679971240028 0.007222020348837209 0
1679971276839 0.00735828488372093 0
1679971399720 0.006567028985507246 0
1679971437093 0.00625 0
1679971474316 0.006567028985507246 0
1679971511375 0.00661231884057971 0
1679971548475 0.006521739130434782 0
1679971585361 0.006521739130434782 0
1679971622357 0.006431159420289855 0
1679971659105 0.006431159420289855 0
1679971696005 0.0062047101449275366 0
1679971732704 0.00625 0
1679971857807 0.006114130434782609 0
1679971894942 0.00588768115942029 0
1679971931843 0.005751811594202899 0
1679971968671 0.005615942028985507 0
1679972005555 0.005661231884057971 0
1679972042827 0.005706521739130435 0
1679972080046 0.005661231884057971 0
1679972116967 0.005615942028985507 0
1679972154490 0.005570652173913043 0
1679972191239 0.005480072463768116 0
1679972318772 0.005344202898550724 0
1679972355923 0.005163043478260869 0
1679972392994 0.005072463768115942 0
1679972429729 0.005253623188405797 0
1679972466732 0.005208333333333333 0
1679972503895 0.005163043478260869 0
1679972541372 0.005253623188405797 0
1679972578324 0.005208333333333333 0
1679972616006 0.005389492753623188 0
1679972653332 0.0051177536231884055 0
1679972783878 0.004710144927536232 0
1679972821243 0.004936594202898551 0
1679972858474 0.00480072463768116 0
1679972895593 0.004710144927536232 0
1679972932773 0.00480072463768116 0
1679972970416 0.0048460144927536235 0
1679973007669 0.004891304347826087 0
1679973045551 0.0048460144927536235 0
1679973083014 0.0048460144927536235 0
1679973119999 0.004981884057971014 0
1679973253110 0.004269622093023256 0
1679973290727 0.004315043604651163 0
1679973327593 0.004451308139534884 0
1679973364299 0.00436046511627907 0
1679973401581 0.004405886627906977 0
1679973439179 0.00436046511627907 0
1679973476680 0.00436046511627907 0
1679973514195 0.004405886627906977 0
1679973551495 0.004315043604651163 0
1679973589098 0.004405886627906977 0
1679973724946 0.004290101156069364 0
1679973761880 0.004335260115606936 0
1679973799496 0.004154624277456647 0
1679973837150 0.004109465317919075 0
1679973874643 0.004290101156069364 0
1679973911520 0.004335260115606936 0
1679973949114 0.004109465317919075 0
1679973986791 0.0042449421965317915 0
1679974023804 0.004380419075144509 0
1679974060730 0.00419978323699422 0
1679974199581 0.0038949275362318843 0
1679974237155 0.0038496376811594205 0
1679974274274 0.003713768115942029 0
1679974311297 0.0038043478260869567 0
1679974348109 0.0038949275362318843 0
1679974385439 0.003759057971014493 0
1679974422569 0.0038496376811594205 0
1679974459373 0.003759057971014493 0
1679974496541 0.0038043478260869567 0
1679974533444 0.003940217391304348 0
