1679965282252 85.39943476789631 0
1679965364233 81.61160711105913 0
1679965449496 84.89899599389173 0
1679965532607 82.75168055505492 0
1679965615165 82.21008836501278 0
1679965700379 84.85861364612356 0
1679965783892 83.1645954689011 0
1679965865237 80.98220941820182 0
1679965947282 81.69279056601226 0
1679966031543 83.90949461888522 0
1679966140665 36.118317716987804 0
1679966177325 36.40054087410681 0
1679966213633 36.017243198119104 0
1679966249535 35.63028393709101 0
1679966285465 35.651625697966665 0
1679966321379 35.65718467487022 0
1679966356839 35.20074696117081 0
1679966392674 35.57431874098256 0
1679966427731 34.80001775803976 0
1679966463349 35.3522265390493 0
1679966560330 36.32838665205054 0
1679966596850 36.2589393730741 0
1679966633275 36.146824777824804 0
1679966669733 36.19202476204373 0
1679966706368 36.35218047210947 0
1679966742374 35.74816188192926 0
1679966778719 36.103439904982224 0
1679966815230 36.25581421609968 0
1679966851516 36.025074312929064 0
1679966888150 36.35069365100935 0
1679966986509 36.01349281403236 0
1679967021947 35.16981044202112 0
1679967058410 36.192807896994054 0
1679967095317 36.630226630019024 0
1679967131183 35.60401956201531 0
1679967167434 35.981523723108694 0
1679967203883 36.17531750397757 0
1679967240123 35.97364542004652 0
1679967276359 35.952672460116446 0
1679967312531 35.9060621438548 0
1679967412507 35.782114904141054 0
1679967449196 36.40144920302555 0
1679967485767 36.26906572608277 0
1679967522034 35.98349255393259 0
1679967558093 35.77411666396074 0
1679967594517 36.14126511802897 0
1679967630711 35.92275087814778 0
1679967667088 36.11216962407343 0
1679967703600 36.22513237199746 0
1679967739912 36.03928168397397 0
1679967842601 36.205578692024574 0
1679967879520 36.614649835042655 0
1679967916129 36.33003772608936 0
1679967953318 36.909538875101134 0
1679967989996 36.40336230699904 0
1679968026090 35.81210754113272 0
1679968062305 35.91364360204898 0
1679968098101 35.509580751881 0
1679968134078 35.701623470988125 0
1679968170541 36.167727001942694 0
1679968275285 35.84151518600993 0
1679968311297 35.73245196300559 0
1679968347292 35.712921298108995 0
1679968383719 36.155790094984695 0
1679968420711 36.702557150041685 0
1679968457467 36.47222729190253 0
1679968494790 37.03569676191546 0
1679968531805 36.728671685792506 0
1679968568990 36.909314032876864 0
1679968605680 36.42164925998077 0
1679968713393 36.545877353986725 0
1679968750112 36.4388790410012 0
1679968787202 36.80891264905222 0
1679968823569 36.08403003611602 0
1679968859977 36.12948669400066 0
1679968896752 36.46482678200118 0
1679968932614 35.58004149585031 0
1679968969518 36.60845680418424 0
1679969006163 36.34694856987335 0
1679969042736 36.285262387944385 0
1679969152632 36.46819186396897 0
1679969189178 36.26408865209669 0
1679969225153 35.69369873008691 0
1679969261742 36.324791165068746 0
1679969298460 36.43152890494093 0
1679969334835 36.09109112992883 0
1679969371231 36.10809179581702 0
1679969407913 36.397955326130614 0
1679969444721 36.512464659055695 0
1679969481648 36.62522493279539 0
1679969594418 36.98380655795336 0
1679969631560 36.83474509394728 0
1679969668719 36.87277443893254 0
1679969705272 36.243249610066414 0
1679969742349 36.7583008420188 0
1679969779215 36.557154427981004 0
1679969815999 36.47969733015634 0
1679969852913 36.60401405394077 0
1679969889823 36.59488259488717 0
1679969926712 36.579158045118675 0
1679970040766 36.02378234313801 0
1679970077572 36.49425429711118 0
1679970114591 36.74317818391137 0
1679970151086 36.18717198399827 0
1679970187873 36.48893575090915 0
1679970224355 36.167728267842904 0
1679970261548 36.90073885698803 0
1679970297899 36.03715323796496 0
1679970334194 36.001796175027266 0
1679970371222 36.74443594692275 0
1679970488642 36.602978121023625 0
1679970526007 37.05155657604337 0
1679970563141 36.82422810001299 0
1679970600450 36.99046344915405 0
1679970637895 37.15963666094467 0
1679970674929 36.71766224107705 0
1679970711997 36.75114335003309 0
1679970748970 36.6832002219744 0
1679970786093 36.80385078093968 0
1679970822956 36.533696522936225 0
1679970942517 36.592449215007946 0
1679970979415 36.59120626398362 0
1679971017128 37.40545627404936 0
1679971054244 36.8131978448946 0
1679971091342 36.79309557797387 0
1679971128893 37.223212423035875 0
1679971165972 36.75608646008186 0
1679971203119 36.84376009996049 0
1679971240047 36.62528303009458 0
1679971276873 36.501843959093094 0
1679971399753 37.195648476015776 0
1679971437121 37.06293616304174 0
1679971474350 36.907343099825084 0
1679971511395 36.748382043791935 0
1679971548513 36.791218874044716 0
1679971585398 36.59806530107744 0
1679971622381 36.694978253915906 0
1679971659126 36.438506328035146 0
1679971696036 36.5887628630735 0
1679971732726 36.37849585595541 0
1679971857841 36.9988580760546 0
1679971894974 36.8089311120566 0
1679971931887 36.575605471851304 0
1679971968700 36.498422669945285 0
1679972005577 36.59109663404524 0
1679972042856 36.949510311940685 0
1679972080070 36.895654019899666 0
1679972116998 36.61828220798634 0
1679972154520 37.23727968498133 0
1679972191264 36.40036121709272 0
1679972318795 36.71707284706645 0
1679972355964 36.8345866559539 0
1679972393017 36.73273952398449 0
1679972429749 36.41804614895955 0
1679972466761 36.68539916398004 0
1679972503915 36.84157780907117 0
1679972541398 37.1671993129421 0
1679972578354 36.62588902702555 0
1679972616037 37.379270972916856 0
1679972653354 36.991625766968355 0
1679972783900 37.12408104701899 0
1679972821282 37.047559950035065 0
1679972858511 36.897405029973015 0
1679972895621 36.7805992718786 0
1679972932798 36.85907377791591 0
1679972970451 37.33282164414413 0
1679973007687 36.94847886497155 0
1679973045579 37.56936690607108 0
1679973083034 37.12753338017501 0
1679973120018 36.673784483922645 0
1679973253131 36.85241291997954 0
1679973290756 37.289595482870936 0
1679973327613 36.53070783801377 0
1679973364334 36.393757811049 0
1679973401602 36.951441634912044 0
1679973439201 37.27599410293624 0
1679973476711 37.17209321190603 0
1679973514215 37.195315652992576 0
1679973551525 36.97590644098818 0
1679973589126 37.26805603806861 0
1679973724985 37.003326137084514 0
1679973761902 36.59174830908887 0
1679973799534 37.268737563164905 0
1679973837171 37.32646192307584 0
1679973874661 37.16209330386482 0
1679973911541 36.56599810393527 0
1679973949148 37.2756589720957 0
1679973986813 37.34197934297845 0
1679974023836 36.68703120807186 0
1679974060764 36.59299101191573 0
1679974199603 37.23624588386156 0
1679974237189 37.24260755511932 0
1679974274297 36.77407013112679 0
1679974311319 36.71077634487301 0
1679974348145 36.481579730985686 0
1679974385475 36.988579435041174 0
1679974422606 36.78597664600238 0
1679974459405 36.4453023171518 0
1679974496560 36.83853886509314 0
1679974533467 36.56904995115474 0
