1679965282237 0.1764700105622367 0
1679965364220 0.06423075312790266 0
1679965449485 0.040732256558967686 0
1679965532596 0.029162337233157358 0
1679965615158 0.01911087417494444 0
1679965700369 0.011617516627682132 0
1679965783882 0.007770585542045508 0
1679965865225 0.005733686073197137 0
1679965947270 0.004579392034923631 0
1679966031536 0.003847131352919719 0
1679966140656 0.047154159232258276 0
1679966177318 0.0371625585457123 0
1679966213624 0.03618613553804168 0
1679966249527 0.03513558909264454 0
1679966285450 0.03451740021344269 0
1679966321373 0.03429148283148567 0
1679966356833 0.03360396023335415 0
1679966392662 0.033493185838822714 0
1679966427721 0.033047007337169185 0
1679966463340 0.032726492545685396 0
1679966560322 0.02616265407604812 0
1679966596839 0.024241424675385592 0
1679966633263 0.024128040213414415 0
1679966669722 0.023783582356233783 0
1679966706359 0.023436559410291293 0
1679966742362 0.023098732854525683 0
1679966778710 0.02306582953162719 0
1679966815219 0.022821981733694693 0
1679966851504 0.022710258555984915 0
1679966888137 0.02271490644533431 0
1679966986501 0.025020366201104035 0
1679967021941 0.024612069997551486 0
1679967058399 0.024778727001444133 0
1679967095308 0.02436801766518509 0
1679967131169 0.02426691831318659 0
1679967167427 0.024345381644973327 0
1679967203874 0.02426841957941977 0
1679967240115 0.024250874755391647 0
1679967276343 0.02416334778281929 0
1679967312525 0.024146295075333276 0
1679967412500 0.02861930503004286 0
1679967449183 0.028614381634599083 0
1679967485755 0.028284621502244315 0
1679967522024 0.02828124432324322 0
1679967558082 0.028174826419835007 0
1679967594510 0.028214488056484268 0
1679967630701 0.028265290642821458 0
1679967667082 0.028176633901406064 0
1679967703590 0.028087591813413595 0
1679967739905 0.028017653172681165 0
1679967842591 0.028697180897919283 0
1679967879504 0.028390974373037465 0
1679967916114 0.02843220351640748 0
1679967953311 0.028359352899755972 0
1679967989977 0.02837849130075875 0
1679968026084 0.02830219076976202 0
1679968062292 0.028251681327711373 0
1679968098087 0.028129487515330922 0
1679968134067 0.028185960782483067 0
1679968170527 0.028190743594309734 0
1679968275276 0.02814397689220387 0
1679968311289 0.028075238607206576 0
1679968347281 0.028006272343106483 0
1679968383708 0.028010600306050376 0
1679968420702 0.027995954213533982 0
1679968457457 0.027998871098240015 0
1679968494778 0.027889664066944618 0
1679968531793 0.027897800045456132 0
1679968568978 0.027872956491909316 0
1679968605672 0.027879821485839784 0
1679968713382 0.0264901538734151 0
1679968750104 0.02639115898637101 0
1679968787196 0.026360758290582792 0
1679968823556 0.026314030826459965 0
1679968859968 0.026379176683528998 0
1679968896741 0.02633109118729873 0
1679968932606 0.026359654445915894 0
1679968969502 0.026265550883985016 0
1679969006154 0.026272260435033848 0
1679969042728 0.026249389803080364 0
1679969152623 0.025952647730241783 0
1679969189168 0.025948236383269967 0
1679969225141 0.025967663206875845 0
1679969261734 0.02591226911619631 0
1679969298452 0.025858429332400686 0
1679969334828 0.025891690704770917 0
1679969371213 0.02582472454474526 0
1679969407906 0.025852186622957563 0
1679969444710 0.02586113475534246 0
1679969481635 0.025827173201917648 0
1679969594407 0.024105167129929942 0
1679969631545 0.023972044245398054 0
1679969668705 0.024021836467417085 0
1679969705256 0.023924694684467916 0
1679969742335 0.024010701943053735 0
1679969779201 0.023912280478956736 0
1679969815992 0.02395666200202634 0
1679969852897 0.02387918634894365 0
1679969889805 0.023927184096192846 0
1679969926698 0.023890319727739678 0
1679970040757 0.024207352556212328 0
1679970077561 0.024086994535169052 0
1679970114583 0.02407825559315311 0
1679970151077 0.024077352316673233 0
1679970187865 0.024116487341242932 0
1679970224339 0.024047650249059457 0
1679970261540 0.024024004586382593 0
1679970297887 0.024034122258609125 0
1679970334180 0.0239423243478049 0
1679970371210 0.02396374416376262 0
1679970488634 0.02386930025709064 0
1679970525999 0.023798985701675216 0
1679970563125 0.023824378351370492 0
1679970600438 0.023773263194395797 0
1679970637886 0.023806971388504558 0
1679970674918 0.023765272126816537 0
1679970711985 0.023735292385453764 0
1679970748963 0.023786425312468107 0
1679970786077 0.023718948038699835 0
1679970822946 0.023777787456207948 0
1679970942505 0.023063838707965387 0
1679970979403 0.023061965584083525 0
1679971017117 0.02309140435225049 0
1679971054235 0.02313447054502619 0
1679971091335 0.023091069793566888 0
1679971128873 0.02313213949470759 0
1679971165949 0.02310738551192159 0
1679971203103 0.02304672673588272 0
1679971240040 0.02310412326085836 0
1679971276856 0.023039769455736374 0
1679971399741 0.022424162769069274 0
1679971437106 0.02235666069107643 0
1679971474334 0.02238750506894312 0
1679971511387 0.022336059896464366 0
1679971548497 0.02231853106936467 0
1679971585378 0.022350880268799223 0
1679971622372 0.02237014402972831 0
1679971659118 0.022367139452177547 0
1679971696020 0.02228210023806795 0
1679971732718 0.02233003107830882 0
1679971857829 0.02250790494305176 0
1679971894958 0.022535593426394936 0
1679971931868 0.022508772534142803 0
1679971968683 0.022445558641861745 0
1679972005567 0.022491904915026995 0
1679972042840 0.022391940016245497 0
1679972080058 0.022384129136638797 0
1679972116984 0.022461221974505032 0
1679972154508 0.02239187854760583 0
1679972191254 0.022422047329904594 0
1679972318786 0.023134393367808367 0
1679972355944 0.02313425665775287 0
1679972393008 0.02307560276105136 0
1679972429740 0.0230747627944726 0
1679972466745 0.023073425245187854 0
1679972503907 0.023096399183344583 0
1679972541387 0.02307636740387998 0
1679972578337 0.02305194535765095 0
1679972616021 0.023044413294427205 0
1679972653345 0.02306735075308361 0
1679972783891 0.022348224744200708 0
1679972821269 0.022281954903830437 0
1679972858495 0.02224465546913553 0
1679972895605 0.022314980811021033 0
1679972932788 0.022246778798222108 0
1679972970438 0.022241691780695017 0
1679973007678 0.022237846455064374 0
1679973045563 0.02223364764527566 0
1679973083025 0.022208179313473513 0
1679973120009 0.0222423635504168 0
1679973253122 0.022017373034708895 0
1679973290739 0.02196691848667945 0
1679973327604 0.02192615427355672 0
1679973364322 0.02194789032584468 0
1679973401593 0.021900418799283894 0
1679973439192 0.02193201260321752 0
1679973476693 0.021913044742135287 0
1679973514206 0.021945744391454948 0
1679973551511 0.021920249594353833 0
1679973589115 0.021934164600002817 0
1679973724966 0.020772526391937985 0
1679973761892 0.02080556670960168 0
1679973799514 0.020804407786997842 0
1679973837162 0.0207628464040944 0
1679973874652 0.0207156783926726 0
1679973911531 0.020767445996339094 0
1679973949136 0.020746740776334885 0
1679973986803 0.02075866246030725 0
1679974023818 0.02075458632720193 0
1679974060744 0.02075092267578823 0
1679974199593 0.02032663553777704 0
1679974237170 0.020314972212646103 0
1679974274288 0.020324562558823304 0
1679974311310 0.020356812958430122 0
1679974348125 0.0203457112437573 0
1679974385462 0.0203110764262037 0
1679974422594 0.02035643444261581 0
1679974459388 0.020353682559874395 0
1679974496550 0.020328700332564936 0
1679974533457 0.02030448771243834 0
