1678807168287 4.1494314769988705 0
1678807172200 3.7648237670000526 0
1678807176411 4.067590100999951 0
1678807180458 3.901861149999604 0
1678807184589 3.996699940998951 0
1678807188660 3.9323741890002566 0
1678807192703 3.906058151000252 0
1678807196568 3.7316206989999046 0
1678807200602 3.8920062679990224 0
1678807204747 4.005205401999774 0
1678807261881 6.212699395999152 0
1678807268451 6.41360397400058 0
1678807274731 6.129108929999347 0
1678807281303 6.402389161001338 0
1678807287408 5.947822030999305 0
1678807293351 5.787111505000212 0
1678807299329 5.821022052001354 0
1678807305314 5.817305419999684 0
1678807311407 5.924344833998475 0
1678807317390 5.806799657999363 0
1678807373156 5.627047318999757 0
1678807378466 5.1637950249987625 0
1678807384028 5.417499585999394 0
1678807389514 5.3339069680005196 0
1678807395284 5.618773617001352 0
1678807400695 5.265613101999406 0
1678807406122 5.285874368000805 0
1678807411709 5.422108858001593 0
1678807417291 5.4190491570007 0
1678807423117 5.682052768999711 0
1678807480441 6.49747479799953 0
1678807486887 6.253695833000165 0
1678807493483 6.446508089000417 0
1678807500010 6.372767197999565 0
1678807506089 5.911061741000594 0
1678807512249 5.977138226000534 0
1678807518362 5.926352762000533 0
1678807524331 5.797110681000049 0
1678807530253 5.753432749999774 0
1678807536213 5.7813275619992055 0
1678807590984 5.3764811609999015 0
1678807596873 5.677859014000205 0
1678807602449 5.415083780999339 0
1678807607983 5.372835558000588 0
1678807613758 5.6115168779997475 0
1678807619163 5.250058808000176 0
1678807624731 5.410431320000498 0
1678807630096 5.217627261001326 0
1678807635720 5.458468658000129 0
1678807641559 5.675809211999876 0
1678807699831 6.257315523000216 0
1678807706393 6.3857624779993785 0
1678807713010 6.441116496000177 0
1678807719520 6.350785022001219 0
1678807725713 6.002451866001138 0
1678807731830 5.9321075640000345 0
1678807737978 5.979354590001094 0
1678807744159 5.976052849000553 0
1678807749967 5.62783496800148 0
1678807755862 5.714410137001323 0
1678807811191 5.617126490998999 0
1678807817012 5.66639205499996 0
1678807822764 5.5875118269996165 0
1678807828445 5.525804941000388 0
1678807834091 5.483047941999757 0
1678807839772 5.502690905999771 0
1678807845602 5.663456694999695 0
1678807851231 5.473095462999481 0
1678807857227 5.827046120999512 0
1678807862851 5.441455022999435 0
1678807922600 6.4425310870010435 0
1678807929350 6.580723260000013 0
1678807935926 6.385261814000842 0
1678807941990 5.863408912999148 0
1678807948145 5.9538528169996425 0
1678807954425 6.087486821999846 0
1678807960454 5.846347172999231 0
1678807966575 5.946529406999616 0
1678807972585 5.8043080659990665 0
1678807977691 4.899053148999883 0
1678808035003 5.63112078300037 0
1678808040763 5.589592794000055 0
1678808046312 5.382143134000216 0
1678808052380 5.887063670999851 0
1678808058043 5.4863402510000014 0
1678808063826 5.604066727000827 0
1678808069624 5.616093276999891 0
1678808075267 5.467532339000172 0
1678808081358 5.925391422000757 0
1678808087079 5.543401433998952 0
1678808146862 6.323151074000634 0
1678808153477 6.434740339998825 0
1678808159896 6.238804628999787 0
1678808165973 5.875673831998938 0
1678808172173 5.997630886000479 0
1678808178544 6.163545233001059 0
1678808184806 6.049427608000769 0
1678808191133 6.135465500999999 0
1678808196995 5.691139286998805 0
1678808202173 4.979953664000277 0
1678808259927 5.667238695999913 0
1678808265715 5.585600901998987 0
1678808271600 5.6914676720007265 0
1678808277428 5.634515543000816 0
1678808283122 5.516533660998903 0
1678808288905 5.602609155999744 0
1678808294542 5.445375896999394 0
1678808300425 5.695336842998586 0
1678808306267 5.646060115999717 0
1678808312040 5.583996138999282 0
1678808372799 6.433090840000659 0
1678808379478 6.47547193399987 0
1678808386154 6.475683911001397 0
1678808392476 6.126588106000781 0
1678808398688 5.999390906999906 0
1678808405203 6.301092542000333 0
1678808411428 6.024477240000124 0
1678808417468 5.835571074001564 0
1678808422577 4.898304919999646 0
1678808428292 5.533216755999092 0
1678808485426 5.592283914000291 0
1678808491210 5.594138808000935 0
1678808497143 5.737412714001039 0
1678808502896 5.555170323999846 0
1678808508852 5.763113045999489 0
1678808514840 5.7772128529995825 0
1678808520628 5.594974255000125 0
1678808526547 5.728347602000213 0
1678808532453 5.708915810999315 0
1678808538167 5.530726622999282 0
1678808599865 6.445158878999791 0
1678808606434 6.363988479999534 0
1678808612782 6.129668869998568 0
1678808619018 6.024887737999961 0
1678808625339 6.110674755000218 0
1678808631291 5.730826760998752 0
1678808637778 6.260595887999443 0
1678808643633 5.624094680999406 0
1678808649878 6.036685396000394 0
1678808655784 5.700796058999913 0
1678808713732 5.439008286000899 0
1678808719798 5.834979237999505 0
1678808725460 5.451863704000061 0
1678808731634 5.9615852309998445 0
1678808737511 5.648604992999026 0
1678808743428 5.713899451000543 0
1678808749178 5.546333234999111 0
1678808755318 5.912186969000686 0
1678808761281 5.76066639399869 0
1678808767096 5.592764981000073 0
1678808829787 6.214945550000266 0
1678808835966 5.9412202469993645 0
1678808842353 6.153131157001553 0
1678808848712 6.121311020000576 0
1678808854857 5.898620247000508 0
1678808861098 6.0018237209988 0
1678808866575 5.243253268999979 0
1678808872475 5.688707014998727 0
1678808878557 5.869343119000405 0
1678808884499 5.722712171000239 0
1678808943507 6.070005745999879 0
1678808949486 5.766447877000246 0
1678808955492 5.7894307209990075 0
1678808961314 5.599225698999362 0
1678808967287 5.746279004000826 0
1678808973274 5.767009957000482 0
1678808979189 5.682221862998631 0
1678808985353 5.954398949999813 0
1678808991341 5.762288741001612 0
1678808997176 5.612038847999429 0
1678809057632 5.869778567999674 0
1678809063860 5.998921870001141 0
1678809070157 6.059141371999431 0
1678809076301 5.900891749000948 0
1678809082686 6.145416892000867 0
1678809089007 6.087485524998556 0
1678809094945 5.719137464999221 0
1678809101282 6.106170627999745 0
1678809107629 6.108412515999589 0
1678809114543 6.684253601000819 0
1678809181230 6.101965267000196 0
1678809187504 6.012250159999894 0
1678809193149 5.388961736000056 0
1678809199024 5.654714218999288 0
1678809205057 5.81692638200002 0
1678809210929 5.627104543000314 0
1678809217032 5.854180518001158 0
1678809222795 5.514161502000206 0
1678809228723 5.70342061699921 0
1678809234940 5.991070971000227 0
1678809295200 6.093594784000743 0
1678809301438 6.007209565999801 0
1678809308138 6.462338688999807 0
1678809314923 6.548064018999867 0
1678809321679 6.506561923000845 0
1678809328289 6.366079186000206 0
1678809334984 6.4703651780000655 0
1678809341344 6.114609012000074 0
1678809347435 5.847855876001631 0
1678809353962 6.276501582000492 0
