1678807168278 0.5909508528808752 0
1678807172191 0.10630110077852127 0
1678807176403 0.04957564619789813 0
1678807180449 0.01833765479215585 0
1678807184584 0.009988064766980196 0
1678807188651 0.006095668243349292 0
1678807192698 0.0037824133457844238 0
1678807196563 0.0037239241349857812 0
1678807200595 0.00274279951083693 0
1678807204741 0.0021720782873065523 0
1678807261875 0.6219485199126678 0
1678807268445 0.09350157778662367 0
1678807274725 0.03742590359298703 0
1678807281296 0.013200230047984336 0
1678807287400 0.007673139392117707 0
1678807293347 0.0061224347419995 0
1678807299321 0.004092438328184354 0
1678807305309 0.0046721093104003025 0
1678807311398 0.004335141871333457 0
1678807317381 0.0036633335884499294 0
1678807373148 0.7494696211547424 0
1678807378459 0.09567742175064407 0
1678807384024 0.032448919904895894 0
1678807389506 0.01788750111994047 0
1678807395276 0.00729551080103892 0
1678807400689 0.008030418905456407 0
1678807406114 0.004692810743551654 0
1678807411700 0.0035713368602162707 0
1678807417282 0.002017102554255428 0
1678807423112 0.0025660957852288936 0
1678807480435 0.8180268433613654 0
1678807486874 0.0971455349204823 0
1678807493474 0.03317891611592271 0
1678807500001 0.020272395419828497 0
1678807506082 0.01247708064963659 0
1678807512241 0.0068821714234311515 0
1678807518346 0.005141294127007803 0
1678807524324 0.0041096675792150796 0
1678807530246 0.003212781358272948 0
1678807536201 0.003042150712598157 0
1678807590977 0.8536257435782597 0
1678807596868 0.10068641114645661 0
1678807602443 0.03521707439526486 0
1678807607975 0.01688015415595892 0
1678807613751 0.009564809115358796 0
1678807619154 0.007445444926046408 0
1678807624726 0.005664468383959805 0
1678807630090 0.004239318177263694 0
1678807635713 0.0036826978414468705 0
1678807641554 0.003274760782145537 0
1678807699825 0.9203309524708834 0
1678807706385 0.11561690829694271 0
1678807712999 0.03843952215407999 0
1678807719515 0.02205005811694532 0
1678807725705 0.011929469648748636 0
1678807731824 0.006959853187137737 0
1678807737971 0.005191665906190442 0
1678807744143 0.0037438514614806105 0
1678807749960 0.003096532733299029 0
1678807755854 0.0029499871023476888 0
1678807811183 0.8982115368812512 0
1678807817007 0.1011084330220444 0
1678807822759 0.04071811390801882 0
1678807828439 0.019468229656549506 0
1678807834085 0.012682454663519867 0
1678807839767 0.008844989929900456 0
1678807845595 0.005142954277405993 0
1678807851223 0.004631199681450828 0
1678807857221 0.0027867244337894358 0
1678807862843 0.0033732911874838653 0
1678807922593 0.914921862526964 0
1678807929344 0.10247748896169166 0
1678807935918 0.03741240058130083 0
1678807941983 0.021450214037217964 0
1678807948129 0.012555505381897092 0
1678807954412 0.010229861904055072 0
1678807960448 0.0046394794525650256 0
1678807966567 0.004550689734922997 0
1678807972570 0.0030498994625910805 0
1678807977683 0.0036443869323239853 0
1678808034997 0.924877807784539 0
1678808040756 0.09574027766640751 0
1678808046305 0.03078853928645213 0
1678808052372 0.013956368532186994 0
1678808058037 0.007996482436563103 0
1678808063819 0.006645560642937198 0
1678808069613 0.006116406465223871 0
1678808075261 0.005177082235324913 0
1678808081352 0.003361047649844132 0
1678808087067 0.0025137556848886353 0
1678808146853 0.9047673544249474 0
1678808153469 0.09699441945084776 0
1678808159889 0.028434392497635994 0
1678808165965 0.015042681732059767 0
1678808172161 0.0096166986040771 0
1678808178534 0.005567894689962626 0
1678808184797 0.003992603095143867 0
1678808191125 0.004027935456505451 0
1678808196987 0.0031867526081325007 0
1678808202155 0.0027607505729135414 0
1678808259921 0.9081276535796814 0
1678808265706 0.09724249587489818 0
1678808271591 0.028158247545480918 0
1678808277420 0.014342275566051308 0
1678808283115 0.009804185926884364 0
1678808288898 0.007411476348538716 0
1678808294534 0.005954175127091077 0
1678808300416 0.005378679075361922 0
1678808306256 0.0031288599458117136 0
1678808312031 0.0026148634851546003 0
1678808372790 0.9146504758451229 0
1678808379471 0.09540748432612954 0
1678808386146 0.03195506238486045 0
1678808392467 0.015905881284151036 0
1678808398678 0.00863955283495717 0
1678808405195 0.005916257729926982 0
1678808411419 0.004679881970216042 0
1678808417460 0.004211855240357228 0
1678808422568 0.003332385660868544 0
1678808428285 0.0026928800270513585 0
1678808485418 0.9059931476815388 0
1678808491203 0.09855678744423084 0
1678808497135 0.03258792001407784 0
1678808502886 0.020501404238017037 0
1678808508844 0.008676683177234223 0
1678808514830 0.006935322368427968 0
1678808520620 0.004847254415299409 0
1678808526540 0.004408950806977466 0
1678808532445 0.003337123703647357 0
1678808538159 0.0031694411514670206 0
1678808599857 0.906900690152095 0
1678808606426 0.09069155820478232 0
1678808612775 0.02665032626977429 0
1678808619009 0.020603963812717643 0
1678808625331 0.011765307358030278 0
1678808631280 0.006982288868853058 0
1678808637766 0.004981572928581721 0
1678808643622 0.004201590396592227 0
1678808649870 0.003642252389302788 0
1678808655775 0.0026216092623937396 0
1678808713721 0.9068413290839928 0
1678808719788 0.09144502804160883 0
1678808725446 0.029461510452585153 0
1678808731627 0.014785181044433743 0
1678808737500 0.009253676659099232 0
1678808743417 0.005733883711703432 0
1678808749171 0.0047270142811332615 0
1678808755300 0.004062312533511804 0
1678808761265 0.003347949355837698 0
1678808767087 0.0027722521921625743 0
1678808829779 0.9005606781977874 0
1678808835957 0.10179156580796608 0
1678808842344 0.031401412740636334 0
1678808848695 0.017802275109809276 0
1678808854838 0.012436185464209232 0
1678808861084 0.006113000424542965 0
1678808866563 0.005589580238357974 0
1678808872466 0.004105313010558558 0
1678808878549 0.003221526762876564 0
1678808884483 0.002808963242270506 0
1678808943499 0.8957541232021191 0
1678808949478 0.09296579161682764 0
1678808955484 0.030198393132871926 0
1678808961293 0.016340060714775555 0
1678808967278 0.009242690572043499 0
1678808973265 0.0069337284874517275 0
1678808979174 0.004952512931851789 0
1678808985345 0.003516268880234864 0
1678808991333 0.003385692171436042 0
1678808997167 0.0028505813071462447 0
1678809057622 0.9034277648688891 0
1678809063852 0.09503747569397092 0
1678809070145 0.03347060796565925 0
1678809076289 0.015049199191614604 0
1678809082672 0.008093416361729257 0
1678809088995 0.006312974000301881 0
1678809094937 0.004297481516588073 0
1678809101265 0.004141189424374785 0
1678809107618 0.0033646314886237425 0
1678809114532 0.0032282261030885796 0
1678809181219 0.8835951214512954 0
1678809187495 0.08943347375577268 0
1678809193136 0.027260914613576367 0
1678809199015 0.014319804592583424 0
1678809205049 0.008517490403625207 0
1678809210919 0.006052187020824744 0
1678809217022 0.004766012164346205 0
1678809222786 0.003618960540058115 0
1678809228715 0.002971677058480847 0
1678809234931 0.0031335905570393572 0
1678809295185 0.8948051092716364 0
1678809301429 0.09539729380645813 0
1678809308129 0.03150034855860166 0
1678809314914 0.012752554037620146 0
1678809321670 0.008903080875125643 0
1678809328272 0.006609878301298102 0
1678809334976 0.004744011974066663 0
1678809341335 0.00342722841947435 0
1678809347421 0.0034001259974992047 0
1678809353948 0.003805455500603271 0
