1680081649608 0.0689111229179065 0
1680081768994 0.015412225925114424 0
1680081889065 0.007958753200610342 0
1680082009897 0.006806223854156675 0
1680082129886 0.004340245179879814 0
1680082249496 0.0032272605518731934 0
1680082369096 0.001867681838235261 0
1680082488447 0.0031487187156240847 0
1680082608171 0.0016474431170637569 0
1680082728440 0.002089115544214201 0
1680082765682 0.371135899097371 0
1680082783533 0.014651671658435846 0
1680082801394 0.00557194266825456 0
1680082819348 0.0031044496622860567 0
1680082837495 0.0024778820548074913 0
1680082855041 0.0020225212721249174 0
1680082873056 0.001580418407684192 0
1680082890875 0.0009678177245562233 0
1680082908705 0.0007752565759906414 0
1680082926630 0.0006800784302158623 0
1680082962016 0.5135529347846567 0
1680082980256 0.02485348039711411 0
1680082998485 0.008817587960548016 0
1680083016652 0.0052215637650136005 0
1680083034985 0.0033728664715625637 0
1680083053351 0.002643311980451062 0
1680083071427 0.0020320444308094565 0
1680083089696 0.001771131500386004 0
1680083107765 0.002046423980544738 0
1680083125910 0.0013730343458966806 0
1680083162317 0.8897945809894832 0
1680083180891 0.12698280633822162 0
1680083199228 0.05670095585940006 0
1680083217511 0.01951325200351823 0
1680083235740 0.009273780404385278 0
1680083254395 0.007640630003133135 0
1680083273101 0.008608023597644301 0
1680083291533 0.008657508373384836 0
1680083309975 0.00850010100073737 0
1680083328314 0.0028626590542658596 0
1680083365018 1.0350918716395088 0
1680083384336 0.10582608201038775 0
1680083403516 0.029910964334227574 0
1680083422079 0.016674295887570457 0
1680083441135 0.009568766039840058 0
1680083459995 0.006622556355935449 0
1680083478664 0.005330888842749385 0
1680083497587 0.004572333523141786 0
1680083516270 0.0036650965844630874 0
1680083534789 0.0032853721261587657 0
1680083571994 0.9274881683016947 0
1680083591134 0.09603126624998934 0
1680083610285 0.030534627183013797 0
1680083629117 0.01804750939497129 0
1680083648650 0.010147517306561929 0
1680083667983 0.0057391441349154675 0
1680083686921 0.00512597164555443 0
1680083705718 0.004135972545488313 0
1680083724798 0.0034387610398332897 0
1680083743690 0.0026633989039067355 0
1680083781943 0.7949975285269515 0
1680083800938 0.05467093022569468 0
1680083820005 0.017561946698727758 0
1680083839298 0.00898115644268009 0
1680083858507 0.007651133591696835 0
1680083877725 0.004933945822751354 0
1680083896953 0.0051812250196082875 0
1680083916184 0.0035267560054055604 0
1680083935638 0.002326532692010929 0
1680083955018 0.002245013281935826 0
1680083994360 1.1789051606392986 0
1680084013744 0.17936951029285086 0
1680084032978 0.051343857208315614 0
1680084052498 0.019874882751451658 0
1680084071778 0.01323926036675212 0
1680084091149 0.00838382214311442 0
1680084110689 0.006597220464926505 0
1680084130014 0.006665410810693884 0
1680084149478 0.004387201055340684 0
1680084168846 0.003596088415498148 0
1680084208415 0.8364014003952448 0
1680084227967 0.04839398209932041 0
1680084247807 0.014641712990184729 0
1680084267457 0.011085361754277925 0
1680084287166 0.00525443778444613 0
1680084307053 0.0038502707043406676 0
1680084326740 0.0035012517912503508 0
1680084346432 0.003235949837561229 0
1680084366089 0.002721040571048729 0
1680084385661 0.002415714843435754 0
1680084426079 0.9690796477788406 0
1680084445836 0.08910215629937605 0
1680084465573 0.027670726094745995 0
1680084485426 0.01194037095928828 0
1680084505377 0.012440889677293697 0
1680084525250 0.008305338289374145 0
1680084545626 0.005925237094186227 0
1680084565557 0.0059979104274501096 0
1680084585594 0.003746299694946855 0
1680084605469 0.0045169006631751085 0
1680084646893 1.2190080391955 0
1680084667105 0.1314804304722716 0
1680084687414 0.03573514288291335 0
1680084707771 0.022844253874052298 0
1680084728018 0.01314619291300705 0
1680084748424 0.008977080159576814 0
1680084768866 0.005591674061603015 0
1680084788954 0.006155156993358371 0
1680084809081 0.005548544085300552 0
1680084829385 0.005087434928876431 0
1680084869890 0.9237463059615715 0
1680084889008 0.08604098581196984 0
1680084907968 0.029050075692851195 0
1680084926488 0.014466588493285418 0
1680084945538 0.014747250094980548 0
1680084964559 0.007977688338556351 0
1680084983753 0.005895203585292734 0
1680085002543 0.006275096103666029 0
1680085021568 0.004991751411047164 0
1680085040224 0.003273783745036914 0
1680085081669 1.1958115396933406 0
1680085101124 0.1254641479612645 0
1680085120770 0.03508771048293142 0
1680085139910 0.01818982865880804 0
1680085159370 0.012029796691260334 0
1680085178638 0.009551481310283053 0
1680085198070 0.006233713406757379 0
1680085216788 0.004895825058475371 0
1680085236236 0.004617721432056863 0
1680085255582 0.00406577061305276 0
1680085297783 0.9227184687219365 0
1680085317018 0.08944000352505614 0
1680085336726 0.039057148209680356 0
1680085356191 0.01876924189017276 0
1680085376009 0.012445543427629815 0
1680085395864 0.009199270635419062 0
1680085415733 0.008897909732152712 0
1680085435174 0.006172079502736555 0
1680085455103 0.0052610156933913564 0
1680085474520 0.003586414844256031 0
1680085517909 0.9876236623221355 0
1680085538111 0.0911778049270442 0
1680085557634 0.02611353720236004 0
1680085577605 0.017083569498688802 0
1680085597067 0.012838315778212008 0
1680085616597 0.0074964609193366935 0
1680085636263 0.006547887949151089 0
1680085656122 0.00489257498938683 0
1680085676035 0.004771309758016001 0
1680085695648 0.00392701586645038 0
1680085739249 0.9770753773524187 0
1680085759365 0.0834135594655862 0
1680085780041 0.03021811106344636 0
1680085800171 0.015471181133762002 0
1680085820158 0.01149768456213264 0
1680085840615 0.010700567536780134 0
1680085860851 0.0059865349885417606 0
1680085881152 0.006237163561023284 0
1680085901340 0.004741933736956254 0
1680085921633 0.004301917789191866 0
1680085966730 1.1974326907340145 0
1680085986679 0.15184871233141548 0
1680086007007 0.050664905973110366 0
1680086027317 0.02036280821306699 0
1680086048034 0.012927668674419883 0
1680086068551 0.011325100380122778 0
1680086089249 0.006369002742744026 0
1680086109785 0.005965809022071552 0
1680086130090 0.003944490630915925 0
1680086150770 0.004378825011334007 0
1680086195257 1.1893865196180593 0
1680086216382 0.11799893235173368 0
1680086236993 0.04170503238025877 0
1680086257440 0.01826614903954116 0
1680086278129 0.015887189973438284 0
1680086298867 0.009344766167582485 0
1680086319288 0.008097768759389081 0
1680086339612 0.006346145844701385 0
1680086360771 0.004650307596778176 0
1680086381783 0.004647972075639205 0
1680086428699 1.0805416988764758 0
1680086449628 0.11053976938323513 0
1680086470668 0.04156088422623058 0
1680086491485 0.02299072518237715 0
1680086512883 0.014983532497420399 0
1680086533925 0.010274205192879662 0
1680086554552 0.006418795011576791 0
1680086575758 0.005724972852990909 0
1680086596564 0.0059406635786055624 0
1680086617371 0.007434712731735342 0
1680086665103 1.4938396735029071 0
1680086686485 0.23542720964909847 0
1680086707675 0.06106126001250994 0
1680086729246 0.028895022102548736 0
1680086750690 0.01914449389755765 0
1680086771869 0.011435263365975225 0
1680086793126 0.009367188489971517 0
1680086814916 0.007070123246037133 0
1680086836472 0.008632994278551064 0
1680086857401 0.011946235269890776 0
