1680274345721 6.163069568006904 0
1680274350767 4.690593761988566 0
1680274355779 4.665443428995786 0
1680274360637 4.49688334298844 0
1680274365658 4.664611150990822 0
1680274370641 4.637331202990026 0
1680274375670 4.690397797996411 0
1680274380591 4.58545856901037 0
1680274385590 4.651523726992309 0
1680274390611 4.683825450003496 0
1680274396258 4.881743057994754 0
1680274401731 5.06911117999698 0
1680274406970 4.8558796730067115 0
1680274412050 4.682269616998383 0
1680274417181 4.7389830549946055 0
1680274422469 4.863797172001796 0
1680274427657 4.807980982004665 0
1680274432922 4.8824183929973515 0
1680274438095 4.787569484993583 0
1680274443326 4.8390197020053165 0
1680274449500 5.075622061995091 0
1680274455032 5.093044465989806 0
1680274460468 4.9732478779915255 0
1680274465859 4.969020630989689 0
1680274471219 4.92335693599307 0
1680274476516 4.87860812699364 0
1680274481813 4.872625174000859 0
1680274487205 4.963957255997229 0
1680274492572 4.9251706799987005 0
1680274498029 5.018224169994937 0
1680274504524 5.0586932900041575 0
1680274510196 5.197697511001024 0
1680274515911 5.227697819995228 0
1680274521439 5.029559012007667 0
1680274526911 5.024557996002841 0
1680274532461 5.086943457994494 0
1680274538005 5.06037492500036 0
1680274543597 5.101507859988487 0
1680274549132 5.086075508006616 0
1680274554754 5.124277423004969 0
1680274561791 5.243290166006773 0
1680274567372 5.08573677399545 0
1680274573097 5.221783253000467 0
1680274578794 5.166228024012526 0
1680274584627 5.331933348003076 0
1680274590373 5.241502789998776 0
1680274595981 5.086093821009854 0
1680274601541 5.037299459989299 0
1680274607235 5.176305625995155 0
1680274612975 5.232165305002127 0
1680274620702 5.626458525002818 0
1680274626641 5.375778130997787 0
1680274632648 5.439524525994784 0
1680274638649 5.405104877994745 0
1680274644619 5.38868391799042 0
1680274650648 5.445206064003287 0
1680274656667 5.445863065993763 0
1680274662661 5.414399939996656 0
1680274668658 5.406935338003677 0
1680274674795 5.566696535010124 0
1680274683105 5.4122582449926995 0
1680274689094 5.369728999998188 0
1680274695214 5.493631239005481 0
1680274701271 5.450552665992291 0
1680274707429 5.5235148500069045 0
1680274713639 5.608142586002941 0
1680274719817 5.5526384560071165 0
1680274725901 5.479332764996798 0
1680274732061 5.534497810003813 0
1680274738244 5.573670284997206 0
1680274747314 5.672611882007914 0
1680274753347 5.42528614900948 0
1680274759601 5.646951708011329 0
1680274765735 5.491619870997965 0
1680274771849 5.502474018008797 0
1680274778051 5.580177489988273 0
1680274784278 5.593919908991666 0
1680274790504 5.590801295998972 0
1680274796587 5.435182141998666 0
1680274802777 5.5709027759876335 0
1680274811882 5.4439986029901775 0
1680274818197 5.613535356009379 0
1680274824463 5.588758021011017 0
1680274830759 5.631367567999405 0
1680274837112 5.68734917799884 0
1680274843498 5.715564416008419 0
1680274849743 5.568413853994571 0
1680274856151 5.7288889219926205 0
1680274862432 5.6137290530023165 0
1680274868851 5.748860028994386 0
1680274878871 5.755191368996748 0
1680274885175 5.63589001398941 0
1680274891599 5.722608153999317 0
1680274898135 5.843659887992544 0
1680274904381 5.578842691000318 0
1680274910731 5.6611986579955555 0
1680274917046 5.6399307060055435 0
1680274923440 5.6973352460045135 0
1680274929727 5.611784038002952 0
1680274936200 5.763988577004056 0
1680274946399 5.802112653997028 0
1680274952845 5.747559251001803 0
1680274959271 5.75123796700791 0
1680274965936 5.966032261989312 0
1680274972425 5.768746920992271 0
1680274978893 5.777175657989574 0
1680274985227 5.645559815005981 0
1680274991670 5.76590431900695 0
1680274998098 5.715821997000603 0
1680275004646 5.819454308002605 0
1680275014929 5.727816694008652 0
1680275021419 5.787534590010182 0
1680275027874 5.738419405999593 0
1680275034367 5.773254008003278 0
1680275040687 5.605449384995154 0
1680275047139 5.746249458999955 0
1680275053723 5.87643305399979 0
1680275060033 5.611564613005612 0
1680275066539 5.785790523994365 0
1680275073009 5.75694070100144 0
1680275083647 5.817240456002764 0
1680275090092 5.732675702995039 0
1680275096584 5.737579135005944 0
1680275102963 5.654935667000245 0
1680275109351 5.6870687549962895 0
1680275115809 5.712932515001739 0
1680275122226 5.712872969001182 0
1680275128739 5.770498182013398 0
1680275135158 5.688060860004043 0
1680275141724 5.846113218998653 0
