1680274345712 0.138910980606001 0
1680274350754 0.0065350614942520134 0
1680274355765 0.0023179654193471277 0
1680274360622 0.0020039899398163414 0
1680274365646 0.001010983494427731 0
1680274370630 0.0013050414200997988 0
1680274375664 0.0008467238691199811 0
1680274380584 0.0015626296576116265 0
1680274385582 0.00044149941259679655 0
1680274390602 0.0006810754086120963 0
1680274396244 0.1313489035500454 0
1680274401722 0.0082995455689548 0
1680274406963 0.0028236127442552617 0
1680274412043 0.001965918359694056 0
1680274417174 0.0011617281847828699 0
1680274422455 0.0015845485212330165 0
1680274427648 0.0009078962324448155 0
1680274432912 0.0009757232580722625 0
1680274438088 0.0005966456890511777 0
1680274443319 0.0007244718247919434 0
1680274449487 0.13837601488546258 0
1680274455022 0.005408188412641926 0
1680274460451 0.0023437052948265184 0
1680274465852 0.0015842931581221732 0
1680274471210 0.0018986410490939424 0
1680274476510 0.0011388029067142447 0
1680274481805 0.0013488887460909845 0
1680274487198 0.0012873461653784503 0
1680274492563 0.0006171293929172304 0
1680274498019 0.0005197957558970477 0
1680274504514 0.14849691423812822 0
1680274510188 0.009307435711830734 0
1680274515904 0.003963845394713233 0
1680274521421 0.002165701832000782 0
1680274526903 0.0017948378482551856 0
1680274532449 0.0010484063243512214 0
1680274537996 0.0011157735391480533 0
1680274543586 0.00057888316340752 0
1680274549124 0.0009032116987885186 0
1680274554740 0.0009320353037178245 0
1680274561775 0.14843707925625024 0
1680274567365 0.008732840691077253 0
1680274573090 0.004974468621507948 0
1680274578786 0.0018278449940900769 0
1680274584620 0.001076196962516875 0
1680274590366 0.0009857518420058995 0
1680274595972 0.002442340678821746 0
1680274601533 0.000623878922441133 0
1680274607225 0.0007127170350530275 0
1680274612968 0.0009997610503623652 0
1680274620694 0.18561329842815477 0
1680274626630 0.01970159394794234 0
1680274632638 0.008070676325587556 0
1680274638630 0.01077572485965286 0
1680274644603 0.006011337438511902 0
1680274650635 0.004323510116767964 0
1680274656659 0.001473020809850911 0
1680274662641 0.000997851874173296 0
1680274668648 0.000663139226221134 0
1680274674784 0.0008550686126850891 0
1680274683098 0.19339559671859588 0
1680274689083 0.028355294598206397 0
1680274695199 0.011912111644520454 0
1680274701262 0.0043307055020704865 0
1680274707419 0.004722749806411053 0
1680274713626 0.0016851285094631866 0
1680274719802 0.0023213128771467674 0
1680274725892 0.0023030650404360776 0
1680274732052 0.0039460924228713395 0
1680274738231 0.002857224986420929 0
1680274747302 0.20311870484522754 0
1680274753340 0.03523923335371599 0
1680274759592 0.02124388969593471 0
1680274765723 0.007408449366208046 0
1680274771841 0.00852222259263433 0
1680274778044 0.0023025085378791236 0
1680274784264 0.001876549450718167 0
1680274790492 0.0023343186463358916 0
1680274796577 0.0012038842143092846 0
1680274802769 0.0007417240823645355 0
1680274811864 0.2180722492837137 0
1680274818174 0.047813705442803764 0
1680274824450 0.0318211838922223 0
1680274830750 0.022517526788907425 0
1680274837103 0.008111674945534868 0
1680274843487 0.01205085547858729 0
1680274849731 0.009059625075972308 0
1680274856140 0.0035288257842635614 0
1680274862419 0.0016133024149777128 0
1680274868841 0.003483054570331719 0
1680274878863 0.21977695816707227 0
1680274885166 0.040609734249301255 0
1680274891579 0.034411795272101316 0
1680274898122 0.01634565536345866 0
1680274904373 0.01192850555056676 0
1680274910722 0.00665815799373142 0
1680274917034 0.013918406588697595 0
1680274923431 0.004338495493415863 0
1680274929718 0.00426689875354397 0
1680274936181 0.0146748839012411 0
1680274946391 0.23771967654747347 0
1680274952836 0.07720146024028861 0
1680274959263 0.0321798051271828 0
1680274965927 0.015333219814384657 0
1680274972413 0.013959498059252397 0
1680274978885 0.0099455210527653 0
1680274985218 0.003388127402192162 0
1680274991661 0.0033536628789959414 0
1680274998085 0.0014115749755517519 0
1680275004625 0.003604429254928912 0
1680275014916 0.23877927291417314 0
1680275021411 0.05546021603813936 0
1680275027865 0.022112309566563775 0
1680275034347 0.021913235920721724 0
1680275040678 0.012682325399627218 0
1680275047131 0.01666178882043178 0
1680275053714 0.01586092509058935 0
1680275060024 0.01289828575940074 0
1680275066526 0.011130512982368425 0
1680275072993 0.005507108553560571 0
1680275083639 0.2222728894783124 0
1680275090084 0.05086854083328358 0
1680275096573 0.03353780768661489 0
1680275102954 0.02316869948258353 0
1680275109342 0.014991760151573427 0
1680275115800 0.010163479871417006 0
1680275122218 0.005236315600585283 0
1680275128726 0.023039738432177524 0
1680275135148 0.003672399693084205 0
1680275141714 0.0027162888300447394 0
