1680274345699 0.9435483870967742 0
1680274350738 0.998991935483871 0
1680274355746 1.0 0
1680274360603 1.0 0
1680274365634 1.0 0
1680274370612 1.0 0
1680274375657 1.0 0
1680274380573 1.0 0
1680274385569 1.0 0
1680274390590 1.0 0
1680274396226 0.9425403225806451 0
1680274401709 0.9979838709677419 0
1680274406952 1.0 0
1680274412032 0.9994959677419355 0
1680274417164 1.0 0
1680274422442 1.0 0
1680274427636 1.0 0
1680274432903 1.0 0
1680274438081 1.0 0
1680274443308 1.0 0
1680274449474 0.9415322580645161 0
1680274455011 0.9994959677419355 0
1680274460437 1.0 0
1680274465841 1.0 0
1680274471197 0.9994959677419355 0
1680274476503 1.0 0
1680274481791 1.0 0
1680274487187 1.0 0
1680274492549 1.0 0
1680274498007 1.0 0
1680274504501 0.9410282258064516 0
1680274510177 0.9984879032258065 0
1680274515894 0.9994959677419355 0
1680274521399 1.0 0
1680274526891 1.0 0
1680274532438 1.0 0
1680274537983 1.0 0
1680274543568 1.0 0
1680274549116 1.0 0
1680274554720 1.0 0
1680274561758 0.936491935483871 0
1680274567358 0.9984879032258065 0
1680274573080 0.9994959677419355 0
1680274578775 1.0 0
1680274584609 1.0 0
1680274590355 1.0 0
1680274595959 0.9994959677419355 0
1680274601521 1.0 0
1680274607213 1.0 0
1680274612959 1.0 0
1680274620683 0.9193548387096774 0
1680274626612 0.9944556451612904 0
1680274632622 0.998991935483871 0
1680274638614 0.9969758064516129 0
1680274644588 0.9984879032258065 0
1680274650618 0.9994959677419355 0
1680274656646 1.0 0
1680274662629 1.0 0
1680274668634 1.0 0
1680274674767 1.0 0
1680274683090 0.9233870967741935 0
1680274689069 0.9914314516129032 0
1680274695177 0.9969758064516129 0
1680274701249 0.9994959677419355 0
1680274707405 0.998991935483871 0
1680274713609 1.0 0
1680274719788 1.0 0
1680274725881 0.9994959677419355 0
1680274732040 0.998991935483871 0
1680274738212 0.9994959677419355 0
1680274747284 0.9153225806451613 0
1680274753329 0.9884072580645161 0
1680274759578 0.9939516129032258 0
1680274765706 0.998991935483871 0
1680274771829 0.9979838709677419 0
1680274778032 1.0 0
1680274784238 0.9994959677419355 0
1680274790472 1.0 0
1680274796563 1.0 0
1680274802757 1.0 0
1680274811844 0.90625 0
1680274818161 0.9884072580645161 0
1680274824427 0.9909274193548387 0
1680274830737 0.9939516129032258 0
1680274837091 0.9984879032258065 0
1680274843476 0.9964717741935484 0
1680274849715 0.9979838709677419 0
1680274856122 0.998991935483871 0
1680274862401 1.0 0
1680274868826 0.998991935483871 0
1680274878852 0.9082661290322581 0
1680274885153 0.9889112903225806 0
1680274891557 0.9909274193548387 0
1680274898106 0.9949596774193549 0
1680274904361 0.9959677419354839 0
1680274910709 0.9984879032258065 0
1680274917021 0.9954637096774194 0
1680274923419 0.998991935483871 0
1680274929705 0.998991935483871 0
1680274936160 0.9979838709677419 0
1680274946383 0.9012096774193549 0
1680274952821 0.9722782258064516 0
1680274959251 0.9914314516129032 0
1680274965915 0.9954637096774194 0
1680274972393 0.9954637096774194 0
1680274978873 0.9974798387096774 0
1680274985205 1.0 0
1680274991648 1.0 0
1680274998067 1.0 0
1680275004602 0.9994959677419355 0
1680275014897 0.8981854838709677 0
1680275021401 0.9808467741935484 0
1680275027850 0.9944556451612904 0
1680275034336 0.9959677419354839 0
1680275040666 0.9969758064516129 0
1680275047119 0.9949596774193549 0
1680275053699 0.9944556451612904 0
1680275060012 0.9964717741935484 0
1680275066508 0.9969758064516129 0
1680275072976 0.9984879032258065 0
1680275083625 0.9037298387096774 0
1680275090073 0.9798387096774194 0
1680275096555 0.9914314516129032 0
1680275102942 0.9919354838709677 0
1680275109330 0.9949596774193549 0
1680275115785 0.9974798387096774 0
1680275122207 0.998991935483871 0
1680275128702 0.9949596774193549 0
1680275135131 0.9994959677419355 0
1680275141697 1.0 0
