1678809044662 5.606026572999326 0
1678809050197 5.364433967999503 0
1678809055874 5.5294044189995475 0
1678809060995 4.951580217999435 0
1678809066417 5.275171962000968 0
1678809071787 5.217630975999782 0
1678809077165 5.241332112998862 0
1678809082743 5.43877019699903 0
1678809088241 5.345866280998962 0
1678809093603 5.185400116999517 0
1678809202712 9.309252795999782 0
1678809211992 9.088099136999517 0
1678809221418 9.268889781000325 0
1678809230953 9.371193899998616 0
1678809240557 9.430778857000405 0
1678809250324 9.609051931000067 0
1678809259972 9.476368726000146 0
1678809269651 9.504391644000862 0
1678809279277 9.450994994000212 0
1678809288557 9.06542345699927 0
1678809387404 12.364973622999969 0
1678809399933 12.361180382000384 0
1678809412956 12.837316727998768 0
1678809425832 12.694336111000666 0
1678809439229 13.209375578000618 0
1678809452570 13.16020926300007 0
1678809465930 13.187350375999813 0
1678809478456 12.360384423998767 0
1678809491433 12.802817265999693 0
1678809504153 12.55357119800101 0
1678809606101 13.50139347700133 0
1678809619813 13.52633845300079 0
1678809633281 13.282607232000373 0
1678809647232 13.778566619999765 0
1678809661110 13.703229656000985 0
1678809675122 13.833652713999982 0
1678809689583 14.234431378001318 0
1678809703145 13.396964882000248 0
1678809716719 13.39164191600139 0
1678809730631 13.74067871600164 0
1678809832101 13.637575769998875 0
1678809845591 13.308744436999405 0
1678809859721 13.959878523000953 0
1678809873506 13.592809150000903 0
1678809887565 13.88176718899922 0
1678809901799 14.052915944999768 0
1678809915595 13.621964762000061 0
1678809929493 13.711098411000421 0
1678809943328 13.655866873999912 0
1678809957153 13.628854443000819 0
1678810058394 13.614834594000058 0
1678810072051 13.480202880000434 0
1678810086161 13.943196107999029 0
1678810100178 13.837738071000786 0
1678810114438 14.09447304800051 0
1678810128799 14.18607907399928 0
1678810142432 13.446106231998783 0
1678810156038 13.420329505001064 0
1678810170168 13.951584177999393 0
1678810184115 13.755493803999343 0
1678810285160 13.888802421999571 0
1678810298882 13.525920550999217 0
1678810312840 13.770583265999448 0
1678810326764 13.743160174999502 0
1678810340933 13.995041706000848 0
1678810355042 13.918213605998972 0
1678810368627 13.403230792000613 0
1678810381958 13.133547360999728 0
1678810395849 13.70488142999966 0
1678810409511 13.493063284999153 0
1678810509725 13.8356575910002 0
1678810523292 13.368950640000548 0
1678810537106 13.612647957999798 0
1678810551264 13.975289546999193 0
1678810565723 14.273232980998728 0
1678810579971 14.06512105299953 0
1678810593600 13.429774763999376 0
1678810607751 13.967654108000715 0
1678810621548 13.623667342000772 0
1678810635515 13.781653472000471 0
1678810736393 13.641139343999384 0
1678810750250 13.677292189999207 0
1678810764268 13.855131727001208 0
1678810778485 14.021774147999167 0
1678810792473 13.798174891999224 0
1678810806611 13.944926885000314 0
1678810820887 14.083038739998301 0
1678810834779 13.709434484000667 0
1678810848807 13.863514442999076 0
1678810862499 13.493932691999362 0
1678810962907 13.710494326998742 0
1678810977047 13.954542417000994 0
1678810991183 13.957178378001117 0
1678811005229 13.861346762998437 0
1678811019162 13.76956366900049 0
1678811033645 14.292763446999743 0
1678811048300 14.428036483999676 0
1678811061812 13.330761387000166 0
1678811075750 13.763769956000033 0
1678811089391 13.446580059000553 0
1678811189452 13.73073423400092 0
1678811203144 13.497268486000394 0
1678811216543 13.194227904999934 0
1678811230407 13.673743859000751 0
1678811244311 13.713352430999294 0
1678811258600 14.103708562000975 0
1678811272751 13.95173533399975 0
1678811286843 13.855967350000356 0
1678811301166 14.125302086000374 0
1678811314816 13.466622635000022 0
1678811411829 13.834157051000147 0
1678811425761 13.74386868900001 0
1678811440009 14.042931179999869 0
1678811453933 13.742006710999704 0
1678811468156 14.025158171998555 0
1678811482470 14.124359550000008 0
1678811496880 14.219653431000552 0
1678811511246 14.157197615999394 0
1678811525490 14.015490180001507 0
1678811539198 13.535315236000315 0
1678811630986 12.126159230998383 0
1678811642811 11.557371044998945 0
1678811654861 11.822775962999003 0
1678811666797 11.76413460600088 0
1678811678645 11.607801205000214 0
1678811690615 11.730525210999986 0
1678811702653 11.76537676100088 0
1678811714289 11.454950442999689 0
1678811728839 14.357750782000949 0
1678811743265 14.232700430999103 0
1678811820941 11.392040706999978 0
1678811832677 11.512167876000603 0
1678811844644 11.730789945999277 0
1678811856531 11.628816039999947 0
1678811868814 12.093083705000026 0
1678811883287 14.280090063000898 0
1678811897684 14.196523030999742 0
1678811912058 14.126870818001407 0
1678811923786 11.55334446300003 0
1678811935704 11.67169211700093 0
1678812012445 11.522389287998521 0
1678812025494 12.84340775399869 0
1678812039560 13.885634352001944 0
1678812053717 13.962018638998416 0
1678812068070 14.18087561900029 0
1678812079596 11.283669626001938 0
1678812091432 11.589215410000179 0
1678812103057 11.407089842999994 0
1678812114798 11.485910657000204 0
1678812126646 11.66275655100253 0
1678812213019 13.898093763000361 0
1678812227288 14.073318906997883 0
1678812239462 11.927900429000147 0
1678812251364 11.666332941997098 0
1678812263132 11.508875261002686 0
1678812275053 11.740946658999746 0
1678812286983 11.692782817000989 0
1678812298652 11.427509549001115 0
1678812310793 11.942032471997663 0
1678812322662 11.678401935998409 0
1678812414123 12.20211368800301 0
1678812425812 11.454196665999916 0
1678812437643 11.590993163001258 0
1678812449634 11.751417923002009 0
1678812462222 12.311520543997176 0
1678812474868 12.45023535099972 0
1678812489039 13.948396856998443 0
1678812503709 14.460736807999638 0
1678812518406 14.510790504999022 0
1678812530141 11.549991764000879 0
1678812607732 11.651523504999204 0
1678812619484 11.48688268800106 0
1678812632066 12.387343725000392 0
1678812646472 14.193296055000246 0
1678812660706 14.034809693999705 0
1678812675175 14.253555277999112 0
1678812687050 11.696025969999027 0
1678812698919 11.627138218002074 0
1678812710653 11.496937542000524 0
1678812722344 11.434297198000422 0
1678812802141 14.191328256001725 0
1678812816124 13.761143463001645 0
1678812830503 14.155245917001594 0
1678812842059 11.313988466998126 0
1678812854200 11.862434099999518 0
1678812865972 11.509548661000736 0
1678812877811 11.585887691999233 0
1678812889860 11.810379472997738 0
1678812901673 11.56489686200075 0
1678812913444 11.517852637000033 0
1678813012310 11.723360140000295 0
1678813024308 11.754120061999856 0
1678813036270 11.708825423000235 0
1678813048053 11.549590249000175 0
1678813060487 12.180174111999804 0
1678813072474 11.715330078000989 0
1678813084590 11.924027753997507 0
1678813098977 14.16939782099871 0
1678813113398 14.230177244000515 0
1678813127988 14.377536985000916 0
