1678809044647 0.2662377450980392 0
1678809050185 0.49816176470588236 0
1678809055856 0.5879289215686274 0
1678809060980 0.6516544117647058 0
1678809066405 0.664828431372549 0
1678809071774 0.7169117647058824 0
1678809077147 0.7248774509803921 0
1678809082732 0.7368259803921569 0
1678809088222 0.7457107843137255 0
1678809093581 0.7536764705882353 0
1678809202696 0.4073594674556213 0
1678809211974 0.3953402366863905 0
1678809221402 0.3884985207100592 0
1678809230931 0.3875739644970414 0
1678809240541 0.3910872781065089 0
1678809250310 0.3831360946745562 0
1678809259954 0.3864644970414201 0
1678809269630 0.38461538461538464 0
1678809279258 0.38664940828402367 0
1678809288541 0.37962278106508873 0
1678809387385 0.2609440928270042 0
1678809399915 0.2581751054852321 0
1678809412931 0.2556698312236287 0
1678809425816 0.2554061181434599 0
1678809439207 0.2563291139240506 0
1678809452550 0.2506592827004219 0
1678809465914 0.2567246835443038 0
1678809478438 0.254746835443038 0
1678809491412 0.25606540084388185 0
1678809504128 0.2517141350210971 0
1678809606082 0.188715953307393 0
1678809619789 0.1857976653696498 0
1678809633265 0.18531128404669261 0
1678809647217 0.18470330739299612 0
1678809661090 0.1825145914396887 0
1678809675099 0.18433852140077822 0
1678809689564 0.1825145914396887 0
1678809703129 0.18421692607003892 0
1678809716702 0.18433852140077822 0
1678809730610 0.1823929961089494 0
1678809832080 0.13983463035019456 0
1678809845574 0.13837548638132297 0
1678809859706 0.13728112840466927 0
1678809873485 0.13557879377431906 0
1678809887539 0.13326848249027237 0
1678809901780 0.13557879377431906 0
1678809915579 0.13606517509727625 0
1678809929478 0.13764591439688717 0
1678809943304 0.13642996108949415 0
1678809957125 0.13472762645914396 0
1678810058377 0.11332684824902724 0
1678810072039 0.11004377431906615 0
1678810086149 0.10980058365758755 0
1678810100162 0.10846303501945526 0
1678810114419 0.11125972762645914 0
1678810128780 0.10882782101167315 0
1678810142409 0.10870622568093385 0
1678810156017 0.10846303501945526 0
1678810170146 0.10980058365758755 0
1678810184086 0.11296206225680934 0
1678810285137 0.09496124031007752 0
1678810298859 0.09217538759689922 0
1678810312821 0.09362887596899225 0
1678810326741 0.09496124031007752 0
1678810340917 0.09496124031007752 0
1678810355019 0.0935077519379845 0
1678810368606 0.09290213178294573 0
1678810381934 0.09471899224806202 0
1678810395828 0.09459786821705427 0
1678810409486 0.09593023255813954 0
1678810509705 0.08078972868217055 0
1678810523258 0.08187984496124032 0
1678810537087 0.08018410852713179 0
1678810551241 0.08200096899224807 0
1678810565703 0.08018410852713179 0
1678810579951 0.08139534883720931 0
1678810593575 0.08127422480620156 0
1678810607731 0.07994186046511628 0
1678810621531 0.07957848837209303 0
1678810635490 0.0811531007751938 0
1678810736376 0.07231104651162791 0
1678810750233 0.07218992248062016 0
1678810764245 0.0715843023255814 0
1678810778465 0.07073643410852713 0
1678810792453 0.07146317829457365 0
1678810806584 0.07037306201550388 0
1678810820864 0.07073643410852713 0
1678810834763 0.07061531007751938 0
1678810848789 0.07146317829457365 0
1678810862467 0.07170542635658915 0
1678810962885 0.06395348837209303 0
1678810977029 0.06455910852713179 0
1678810991158 0.06346899224806202 0
1678811005206 0.06310562015503876 0
1678811019146 0.06443798449612403 0
1678811033625 0.06262112403100775 0
1678811048279 0.06383236434108527 0
1678811061784 0.06346899224806202 0
1678811075733 0.06346899224806202 0
1678811089362 0.06359011627906977 0
1678811189420 0.05690661478599222 0
1678811203126 0.05642023346303502 0
1678811216512 0.05763618677042802 0
1678811230383 0.05629863813229572 0
1678811244292 0.05520428015564202 0
1678811258581 0.054596303501945526 0
1678811272730 0.055690661478599225 0
1678811286824 0.05496108949416342 0
1678811301138 0.05642023346303502 0
1678811314791 0.05423151750972763 0
1678811411810 0.04983108108108108 0
1678811425744 0.05103764478764479 0
1678811439981 0.04995173745173745 0
1678811453913 0.05067567567567568 0
1678811468129 0.05031370656370656 0
1678811482451 0.05055501930501931 0
1678811496856 0.04971042471042471 0
1678811511218 0.04946911196911197 0
1678811525470 0.04983108108108108 0
1678811539179 0.05067567567567568 0
1678811630962 0.045421511627906974 0
1678811642788 0.046632751937984496 0
1678811654843 0.04408914728682171 0
1678811666778 0.04530038759689922 0
1678811678618 0.04590600775193798 0
1678811690588 0.04505813953488372 0
1678811702635 0.04626937984496124 0
1678811714267 0.04590600775193798 0
1678811728814 0.04614825581395349 0
1678811743246 0.045421511627906974 0
1678811820911 0.04222972972972973 0
1678811832659 0.0423503861003861 0
1678811844620 0.041143822393822395 0
1678811856508 0.04222972972972973 0
1678811868797 0.041626447876447877 0
1678811883268 0.04174710424710425 0
1678811897652 0.041385135135135136 0
1678811912025 0.04174710424710425 0
1678811923772 0.04186776061776062 0
1678811935668 0.041385135135135136 0
1678812012421 0.037427325581395346 0
1678812025465 0.03657945736434109 0
1678812039541 0.03670058139534884 0
1678812053684 0.037427325581395346 0
1678812068051 0.03718507751937984 0
1678812079577 0.03827519379844961 0
1678812091404 0.03803294573643411 0
1678812103042 0.03766957364341085 0
1678812114770 0.037427325581395346 0
1678812126622 0.0375484496124031 0
1678812213000 0.035576923076923075 0
1678812227265 0.03485576923076923 0
1678812239424 0.03497596153846154 0
1678812251337 0.03497596153846154 0
1678812263107 0.034375 0
1678812275035 0.034735576923076925 0
1678812286963 0.03485576923076923 0
1678812298621 0.03533653846153846 0
1678812310766 0.03533653846153846 0
1678812322643 0.03461538461538462 0
1678812414095 0.032327586206896554 0
1678812425786 0.03244731800766284 0
1678812437617 0.03220785440613027 0
1678812449605 0.033045977011494254 0
1678812462194 0.031848659003831416 0
1678812474849 0.031609195402298854 0
1678812489006 0.0326867816091954 0
1678812503678 0.032806513409961685 0
1678812518386 0.03220785440613027 0
1678812530120 0.032567049808429116 0
1678812607694 0.030408653846153846 0
1678812619454 0.03028846153846154 0
1678812632047 0.030408653846153846 0
1678812646450 0.02980769230769231 0
1678812660683 0.03064903846153846 0
1678812675156 0.03076923076923077 0
1678812687031 0.029447115384615384 0
1678812698897 0.02980769230769231 0
1678812710628 0.03016826923076923 0
1678812722317 0.030048076923076924 0
1678812802109 0.028464147286821704 0
1678812816079 0.02749515503875969 0
1678812830476 0.02810077519379845 0
1678812842029 0.027616279069767442 0
1678812854169 0.028343023255813952 0
1678812865944 0.028706395348837208 0
1678812877784 0.028706395348837208 0
1678812889830 0.027858527131782947 0
1678812901643 0.028585271317829456 0
1678812913414 0.027616279069767442 0
1678813012283 0.02681992337164751 0
1678813024278 0.02681992337164751 0
1678813036252 0.02610153256704981 0
1678813048027 0.02753831417624521 0
1678813060459 0.026700191570881226 0
1678813072445 0.02622126436781609 0
1678813084569 0.026700191570881226 0
1678813098944 0.026340996168582376 0
1678813113371 0.02681992337164751 0
1678813127968 0.026340996168582376 0
