1679817827176 0.07932484155700252 0
1679817965185 0.032820679746787706 0
1679818111386 0.02096422248785588 0
1679818248510 0.02106337670976951 0
1679818387531 0.01417896537206643 0
1679818527090 0.013344540905260731 0
1679818665195 0.01203850848192753 0
1679818803694 0.009343815204393865 0
1679818942328 0.007879536750160687 0
1679819081799 0.009491020300557141 0
1679819106144 1.8839555359984699 0
1679819115451 0.08088094642091738 0
1679819124529 0.02611049285256549 0
1679819133815 0.020494322351327067 0
1679819143390 0.02013739924877882 0
1679819153812 0.013598557610652949 0
1679819167297 0.010352800458081459 0
1679819177179 0.008851015435433702 0
1679819186629 0.007588912576044861 0
1679819195900 0.013711256200545712 0
1679819220930 1.3769734192835656 0
1679819230171 0.06577088611788656 0
1679819239668 0.026596701772589434 0
1679819248984 0.011922703614752544 0
1679819258393 0.01532631961040591 0
1679819267805 0.009652409486864742 0
1679819277640 0.007341167208199439 0
1679819286981 0.007657949513706722 0
1679819296739 0.02003123010753801 0
1679819306655 0.012239391734137347 0
1679819332254 1.4116111188342697 0
1679819341445 0.16582238293792073 0
1679819351047 0.07327792820961852 0
1679819360632 0.046370677120591466 0
1679819369985 0.047492237443006353 0
1679819379239 0.023831885038433892 0
1679819388523 0.024968653932017717 0
1679819398102 0.012721837061996522 0
1679819407650 0.008974929624482205 0
1679819417173 0.009417763180834683 0
1679819443394 2.7127704030589053 0
1679819453030 0.5787729846803765 0
1679819462517 0.22098050960584692 0
1679819471805 0.11164453958994464 0
1679819481082 0.07693645548271505 0
1679819490285 0.04873437032495674 0
1679819499499 0.03387500727059026 0
1679819508923 0.03329472529064668 0
1679819518255 0.03737926566483159 0
1679819527862 0.03955476273243365 0
1679819554278 1.4676360124231953 0
1679819563649 0.03480727219660031 0
1679819573182 0.021835432956485372 0
1679819582578 0.007832682863073913 0
1679819592188 0.00853363271116426 0
1679819601689 0.021446743058530907 0
1679819611009 0.009867302916551891 0
1679819620597 0.0057090847605937405 0
1679819629967 0.004901508021315461 0
1679819639493 0.006697832199891931 0
1679819666409 1.7168667027824804 0
1679819675845 0.4612882413362202 0
1679819685488 0.24017173514554374 0
1679819694822 0.1848376067649377 0
1679819704295 0.11278234083989733 0
1679819713585 0.10191911547199677 0
1679819722970 0.060998104669545826 0
1679819732446 0.06391626506259566 0
1679819742287 0.0479487327074534 0
1679819751610 0.05835698773398211 0
1679819779121 1.3356349113936488 0
1679819788766 0.08841069250514633 0
1679819798103 0.038956039746929155 0
1679819807619 0.024549501467692223 0
1679819817184 0.01517902644057023 0
1679819826774 0.013762563035676354 0
1679819836206 0.01979493696340605 0
1679819845858 0.030928762727662137 0
1679819855096 0.01552419132602058 0
1679819864556 0.008781792316585778 0
1679819893215 1.3416828329625883 0
1679819902660 0.26253350969207917 0
1679819912047 0.1363922176588523 0
1679819921454 0.11504201693950515 0
1679819931180 0.06681666291858021 0
1679819940618 0.04771618747005337 0
1679819950052 0.05948016137668961 0
1679819959399 0.04084593623288368 0
1679819968967 0.02878488448301428 0
1679819978631 0.03479098926641439 0
1679820007593 0.8862199509859477 0
1679820017152 0.07046237829582472 0
1679820026716 0.03187748372162643 0
1679820036225 0.016637595590988274 0
1679820045643 0.030172504332700842 0
1679820054863 0.016667959035227175 0
1679820064580 0.014810993919443143 0
1679820074255 0.006820198800414801 0
1679820083571 0.016532293692427247 0
1679820093096 0.018952599025674557 0
1679820122225 1.8263490366308313 0
1679820131784 0.41557023446810876 0
1679820141175 0.19116478429028863 0
1679820150839 0.11923300370966133 0
1679820160239 0.08523147536539717 0
1679820169680 0.0571333377475017 0
1679820179106 0.04169187888895211 0
1679820188782 0.03535657978959774 0
1679820198269 0.023499895553839835 0
1679820207807 0.018270529267427168 0
1679820236935 0.9888779764504809 0
1679820246466 0.040561852383574376 0
1679820256101 0.015854407552825776 0
1679820265562 0.015576767269521952 0
1679820275100 0.007524491322079771 0
1679820284670 0.007501138967314833 0
1679820294003 0.00885572115351495 0
1679820303493 0.00746431560500672 0
1679820313293 0.02991918606291476 0
1679820322929 0.0074080929699304856 0
1679820353371 1.2508034677881943 0
1679820365329 0.25022743959960186 0
1679820377463 0.1267035000026226 0
1679820387771 0.08835880212779892 0
1679820397443 0.048088299483060835 0
1679820406904 0.032508437413918345 0
1679820416457 0.06604834176403912 0
1679820426224 0.038527458308166576 0
1679820435747 0.023791052861825417 0
1679820445453 0.022273866636188407 0
1679820477623 1.5031786921777224 0
1679820487134 0.23159860305880245 0
1679820496701 0.09162714511744285 0
1679820506987 0.06104675736278296 0
1679820516573 0.05371517690976984 0
1679820526583 0.03521075725163284 0
1679820536102 0.02657055395998453 0
1679820545719 0.02668953575193882 0
1679820555369 0.010986801187850927 0
1679820564855 0.016444740277764044 0
1679820596622 1.217055080438915 0
1679820606255 0.15717139116635448 0
1679820615921 0.08464453511528279 0
1679820625829 0.059022596958828596 0
1679820635468 0.026456985181491626 0
1679820644802 0.019466250639800963 0
1679820654367 0.011347817301161979 0
1679820664166 0.009025554981474814 0
1679820673749 0.009332312844497592 0
1679820683640 0.0329815070536968 0
1679820715816 1.0358407506229061 0
1679820725375 0.09178248899743745 0
1679820734970 0.05249705514135329 0
1679820745022 0.029309349183581378 0
1679820754558 0.026807322951131744 0
1679820764081 0.01717754149515378 0
1679820773773 0.011716558068598571 0
1679820783435 0.010632590920125183 0
1679820793036 0.00882000650132173 0
1679820802509 0.012259883815912824 0
1679820836675 1.773231671985827 0
1679820846243 0.4475878304556796 0
1679820856050 0.1869837531133702 0
1679820866059 0.10500929534043137 0
1679820875843 0.06243141554296017 0
1679820885509 0.04796464241256839 0
1679820895163 0.034999349448633824 0
1679820905113 0.030202640749906237 0
1679820914787 0.02516716287324303 0
1679820924493 0.03147324983422693 0
1679820958025 0.7648605378736791 0
1679820967785 0.022707037240462868 0
1679820977503 0.013139076950028538 0
1679820987577 0.010198270076101548 0
1679820997185 0.008553108102396914 0
1679821006827 0.005106908514311439 0
1679821016463 0.0041607436405396775 0
1679821026158 0.003795962001344091 0
1679821035843 0.014974880017536251 0
1679821045646 0.006238071240582749 0
1679821079653 1.1240126343149888 0
1679821089166 0.26540947183966634 0
1679821099231 0.11482374057369797 0
1679821109192 0.07734957256011273 0
1679821118951 0.04380615083010573 0
1679821128783 0.04199380876594468 0
1679821138307 0.02213132112336002 0
1679821148195 0.03419405024400667 0
1679821157798 0.05606313818379453 0
1679821167584 0.027015048794840513 0
1679821202687 0.987398748178231 0
1679821212463 0.14123829904159432 0
1679821222530 0.09152924212087926 0
1679821231989 0.06419291972231708 0
1679821241672 0.04048693885438536 0
1679821251345 0.021994023407368283 0
1679821260940 0.034829746299472296 0
1679821270594 0.027238007164315174 0
1679821280140 0.013399605845150195 0
1679821290004 0.009668842345280083 0
