1679817827161 0.9765926640926641 0
1679817965171 0.9913299779371207 0
1679818111374 0.994415333701048 0
1679818248500 0.9944842801985659 0
1679818387521 0.9961389961389961 0
1679818527079 0.9965182018753447 0
1679818665184 0.9968456977385549 0
1679818803684 0.9975868725868726 0
1679818942318 0.9982418643132929 0
1679819081787 0.9976558190843905 0
1679819106132 0.6460526315789473 0
1679819115440 0.9842105263157894 0
1679819124518 0.9953947368421052 0
1679819133805 0.9960526315789474 0
1679819143380 0.9963815789473685 0
1679819153800 0.9990131578947369 0
1679819167287 1.0 0
1679819177168 1.0 0
1679819186614 1.0 0
1679819195889 0.9976973684210526 0
1679819220913 0.7286184210526315 0
1679819230161 0.9835526315789473 0
1679819239659 0.9924342105263158 0
1679819248973 0.9990131578947369 0
1679819258382 0.9976973684210526 0
1679819267792 0.9980263157894737 0
1679819277628 0.999671052631579 0
1679819286970 0.9990131578947369 0
1679819296726 0.9944078947368421 0
1679819306641 0.9983552631578947 0
1679819332242 0.7042763157894737 0
1679819341434 0.9565789473684211 0
1679819351037 0.9828947368421053 0
1679819360621 0.9898026315789473 0
1679819369974 0.9878289473684211 0
1679819379233 0.9940789473684211 0
1679819388513 0.9947368421052631 0
1679819398091 0.9993421052631579 0
1679819407640 1.0 0
1679819417158 0.9993421052631579 0
1679819443383 0.42894736842105263 0
1679819453019 0.8069078947368421 0
1679819462509 0.9335526315789474 0
1679819471795 0.9677631578947369 0
1679819481071 0.9776315789473684 0
1679819490275 0.9875 0
1679819499487 0.9940789473684211 0
1679819508911 0.9940789473684211 0
1679819518243 0.9924342105263158 0
1679819527851 0.9907894736842106 0
1679819554266 0.7690789473684211 0
1679819563641 0.9924342105263158 0
1679819573168 0.9970394736842105 0
1679819582563 1.0 0
1679819592175 0.999671052631579 0
1679819601678 0.9944078947368421 0
1679819610999 0.9990131578947369 0
1679819620585 0.999671052631579 0
1679819629956 1.0 0
1679819639481 0.9983552631578947 0
1679819666404 0.5657894736842105 0
1679819675835 0.850328947368421 0
1679819685476 0.9259868421052632 0
1679819694809 0.9444078947368421 0
1679819704283 0.9680921052631579 0
1679819713573 0.9680921052631579 0
1679819722957 0.9832236842105263 0
1679819732436 0.9802631578947368 0
1679819742277 0.9875 0
1679819751599 0.9865131578947368 0
1679819779110 0.7608552631578948 0
1679819788754 0.9730263157894737 0
1679819798089 0.9907894736842106 0
1679819807601 0.9940789473684211 0
1679819817172 0.9980263157894737 0
1679819826764 0.9973684210526316 0
1679819836192 0.9973684210526316 0
1679819845848 0.9927631578947368 0
1679819855083 0.9973684210526316 0
1679819864545 0.9993421052631579 0
1679819893203 0.6917763157894737 0
1679819902649 0.9138157894736842 0
1679819912032 0.9529605263157894 0
1679819921442 0.962171052631579 0
1679819931167 0.9799342105263158 0
1679819940600 0.9858552631578947 0
1679819950037 0.9868421052631579 0
1679819959386 0.9911184210526316 0
1679819968949 0.9930921052631579 0
1679819978624 0.9917763157894737 0
1679820007580 0.8319078947368421 0
1679820017141 0.9858552631578947 0
1679820026701 0.99375 0
1679820036214 0.9963815789473685 0
1679820045631 0.993421052631579 0
1679820054850 0.9967105263157895 0
1679820064564 0.9973684210526316 0
1679820074239 0.999671052631579 0
1679820083555 0.9976973684210526 0
1679820093079 0.9960526315789474 0
1679820122214 0.5546052631578947 0
1679820131773 0.8634868421052632 0
1679820141161 0.9384868421052631 0
1679820150817 0.9634868421052631 0
1679820160228 0.9733552631578948 0
1679820169670 0.9861842105263158 0
1679820179092 0.9921052631578947 0
1679820188770 0.9924342105263158 0
1679820198258 0.9963815789473685 0
1679820207796 0.9980263157894737 0
1679820236923 0.8355263157894737 0
1679820246454 0.9904605263157895 0
1679820256089 0.9970394736842105 0
1679820265551 0.9973684210526316 0
1679820275083 0.999671052631579 0
1679820284658 0.9990131578947369 0
1679820293993 0.9993421052631579 0
1679820303477 0.9990131578947369 0
1679820313279 0.9924342105263158 0
1679820322917 0.999671052631579 0
1679820353359 0.6986842105263158 0
1679820365313 0.9259868421052632 0
1679820377446 0.9648026315789474 0
1679820387750 0.9743421052631579 0
1679820397431 0.9875 0
1679820406887 0.9921052631578947 0
1679820416436 0.9822368421052632 0
1679820426213 0.9904605263157895 0
1679820435730 0.9953947368421052 0
1679820445442 0.9957236842105263 0
1679820477611 0.7125 0
1679820487115 0.9319078947368421 0
1679820496690 0.9723684210526315 0
1679820506976 0.9842105263157894 0
1679820516561 0.9875 0
1679820526572 0.9917763157894737 0
1679820536090 0.9957236842105263 0
1679820545706 0.9944078947368421 0
1679820555357 0.999671052631579 0
1679820564843 0.9980263157894737 0
1679820596610 0.7223684210526315 0
1679820606242 0.9496710526315789 0
1679820615910 0.9769736842105263 0
1679820625817 0.9822368421052632 0
1679820635456 0.9950657894736842 0
1679820644790 0.9960526315789474 0
1679820654355 0.9993421052631579 0
1679820664150 1.0 0
1679820673734 0.9993421052631579 0
1679820683628 0.9930921052631579 0
1679820715803 0.7792763157894737 0
1679820725359 0.975 0
1679820734958 0.9871710526315789 0
1679820745010 0.9930921052631579 0
1679820754549 0.9940789473684211 0
1679820764058 0.9963815789473685 0
1679820773765 0.9990131578947369 0
1679820783427 0.9986842105263158 0
1679820793022 0.9990131578947369 0
1679820802495 0.9983552631578947 0
1679820836663 0.5756578947368421 0
1679820846219 0.85625 0
1679820856033 0.9375 0
1679820866036 0.9680921052631579 0
1679820875831 0.98125 0
1679820885487 0.9878289473684211 0
1679820895152 0.9921052631578947 0
1679820905101 0.9927631578947368 0
1679820914776 0.9950657894736842 0
1679820924482 0.9930921052631579 0
1679820958014 0.8625 0
1679820967774 0.9970394736842105 0
1679820977491 0.9986842105263158 0
1679820987563 0.9983552631578947 0
1679820997173 0.9986842105263158 0
1679821006816 0.999671052631579 0
1679821016455 1.0 0
1679821026145 1.0 0
1679821035823 0.9983552631578947 0
1679821045635 0.999671052631579 0
1679821079634 0.6786184210526316 0
1679821089144 0.9171052631578948 0
1679821099220 0.9680921052631579 0
1679821109171 0.9792763157894737 0
1679821118930 0.9898026315789473 0
1679821128772 0.9881578947368421 0
1679821138295 0.9950657894736842 0
1679821148184 0.9901315789473685 0
1679821157788 0.9842105263157894 0
1679821167574 0.9950657894736842 0
1679821202667 0.8065789473684211 0
1679821212440 0.9657894736842105 0
1679821222514 0.9759868421052632 0
1679821231977 0.9868421052631579 0
1679821241660 0.9898026315789473 0
1679821251332 0.9947368421052631 0
1679821260924 0.9907894736842106 0
1679821270578 0.9950657894736842 0
1679821280123 0.9976973684210526 0
1679821289985 0.999671052631579 0
