1678714781434 0.36489173869125513 0
1678714785972 0.13195483292107751 0
1678714790575 0.06408903681132132 0
1678714795101 0.041754168176021005 0
1678714799655 0.03594491445776296 0
1678714804120 0.054167686855778475 0
1678714808763 0.0706137323260144 0
1678714813424 0.031888618896335354 0
1678714817931 0.06054470878737822 0
1678714822299 0.03429243951908815 0
1678714890689 0.4911229037866687 0
1678714898732 0.046787054754835064 0
1678714906718 0.026345585377966274 0
1678714914264 0.014727560609724048 0
1678714922031 0.03908081152510885 0
1678714929818 0.03388504528669483 0
1678714937481 0.04052886658695016 0
1678714945514 0.014595690601832655 0
1678714953553 0.022547326962894416 0
1678714961561 0.05288830992188753 0
1678715030861 0.6519840365302202 0
1678715038928 0.04962462699127057 0
1678715047147 0.036446618888391395 0
1678715055211 0.012135585133861256 0
1678715063504 0.00845072493535237 0
1678715071392 0.0016893710952005944 0
1678715078988 0.0007409519803770107 0
1678715086857 0.0010283992569075312 0
1678715094755 0.0010099054016937962 0
1678715102708 0.0011849232151370005 0
1678715171531 0.8759208677579328 0
1678715179679 0.10479808194244107 0
1678715187205 0.08515126959589288 0
1678715195304 0.0191770027362275 0
1678715203511 0.032892851136398164 0
1678715211449 0.021990943323289304 0
1678715219262 0.007990605278237457 0
1678715227166 0.026438146049859734 0
1678715234801 0.036451197664499044 0
1678715243190 0.041828814130466276 0
1678715312011 1.6339549181121158 0
1678715320047 0.19497154208522582 0
1678715327656 0.0642384976456937 0
1678715335962 0.04214516436247416 0
1678715343935 0.0297750700932454 0
1678715351420 0.030979449918563808 0
1678715359300 0.032403938353051324 0
1678715366987 0.026306109286043988 0
1678715375188 0.039755888207895544 0
1678715383059 0.009749261718666165 0
1678715452327 2.2142899133600964 0
1678715459999 0.37130208472693094 0
1678715468321 0.12927734073184757 0
1678715475789 0.11401896650883944 0
1678715483671 0.09533135361228555 0
1678715491817 0.04213246500273157 0
1678715499743 0.014768857055064982 0
1678715507646 0.030307638387864776 0
1678715515398 0.07530618836577473 0
1678715523157 0.028729326599073342 0
1678715591860 2.664825406981663 0
1678715599420 0.6858195752328822 0
1678715607472 0.2940161382990019 0
1678715615310 0.13090060333306588 0
1678715622853 0.05891254263078084 0
1678715630470 0.07707630749849385 0
1678715637698 0.09780101783670268 0
1678715645379 0.05449859935898446 0
1678715653364 0.048819961385264156 0
1678715661322 0.018682163688477874 0
1678715730329 2.9292874674947265 0
1678715737800 0.6389574435038504 0
1678715745372 0.2321101721972135 0
1678715753099 0.1354504215120901 0
1678715760353 0.08152578135583045 0
1678715767903 0.06842366291510334 0
1678715775866 0.036028641621784124 0
1678715783580 0.09508640780686006 0
1678715791176 0.035421823186499606 0
1678715799143 0.06559903341229864 0
1678715868259 3.2540764899221446 0
1678715875711 1.1446992009786119 0
1678715883242 0.49952273152727195 0
1678715890825 0.2200648772856422 0
1678715898213 0.1576246091655333 0
1678715905642 0.144207759752842 0
1678715913056 0.06358121156720117 0
1678715920296 0.056519608096167254 0
1678715928075 0.10173741971511323 0
1678715935293 0.09614900214490588 0
1678716004760 3.261441499160498 0
1678716012613 1.1749620779271919 0
1678716020402 0.5381969901755534 0
1678716028646 0.22443227417458717 0
1678716036707 0.15325547559641262 0
1678716044508 0.10964195400826204 0
1678716052433 0.12980410698260547 0
1678716059811 0.08406310130676935 0
1678716067341 0.0829809141783084 0
1678716074643 0.04151349261959922 0
1678716144500 3.4533162820184575 0
1678716152638 1.1871656200044902 0
1678716160707 0.41641892777172557 0
1678716168701 0.2071069050085552 0
1678716176653 0.14820274067300568 0
1678716184551 0.06979387245239337 0
1678716192447 0.07633917203024627 0
1678716199994 0.10505236992687263 0
1678716207623 0.09843044960439905 0
1678716215629 0.03826941176903807 0
1678716285235 2.9829247236399095 0
1678716292646 0.9851778324847608 0
1678716300271 0.4570359853847002 0
1678716307599 0.2124408761279829 0
1678716315206 0.11398573066760832 0
1678716322467 0.07058538941964461 0
1678716330245 0.1423721053292992 0
1678716337973 0.05168334656775255 0
1678716345701 0.11310227923992609 0
1678716353439 0.04701300913271269 0
1678716423623 2.7530482763710986 0
1678716431610 0.7015771918123044 0
1678716439403 0.30476067304022153 0
1678716447497 0.15548837320203762 0
1678716455320 0.0772688147192562 0
1678716462748 0.042703492189582075 0
1678716470355 0.0398648346108721 0
1678716478141 0.06141902353106052 0
1678716485954 0.094288835046011 0
1678716493576 0.07529678166262377 0
1678716564168 3.2347764761967746 0
1678716571910 0.9987628156568917 0
1678716579931 0.4820772193883068 0
1678716587645 0.2086470244737679 0
1678716595914 0.106096349251609 0
1678716604249 0.07524986246944744 0
1678716611845 0.07425313752197497 0
1678716619681 0.09553841402532143 0
1678716627126 0.09730219939485459 0
1678716634589 0.0669634838216352 0
1678716705079 2.8649414419906973 0
1678716712719 0.8344145944046341 0
1678716720478 0.30620037762009855 0
1678716727872 0.13240629719907374 0
1678716735739 0.07950722553190293 0
1678716743228 0.06799335773157587 0
1678716750647 0.056671542017142515 0
1678716758761 0.10939453198005565 0
1678716766568 0.07825039120056218 0
1678716774270 0.05293203930993501 0
1678716845364 3.1308712644883334 0
1678716853352 1.027391327465663 0
1678716861077 0.3943653230022103 0
1678716868997 0.17995615996572248 0
1678716877145 0.07441630639214071 0
1678716885213 0.06512242857737259 0
1678716893591 0.05868220890264146 0
1678716901563 0.10617632631251589 0
1678716909506 0.05280704106594804 0
1678716917514 0.05438180217994555 0
1678716988047 3.1529671683438107 0
1678716995468 0.8980353609730684 0
1678717003413 0.3124186343400106 0
1678717010908 0.1164996944059554 0
1678717019049 0.07541234104895828 0
1678717026630 0.058915333121720474 0
1678717034292 0.05884659637531946 0
1678717042201 0.11730783059962964 0
1678717049999 0.09047264623708236 0
1678717057758 0.037374355730734686 0
1678717128513 2.752028806258161 0
1678717136025 0.5843207887693126 0
1678717143606 0.21792686011336188 0
1678717151292 0.09223080137911367 0
1678717158975 0.04590885386726899 0
1678717166437 0.07409264864958018 0
1678717174407 0.09127133005080657 0
1678717182490 0.08789234640165344 0
1678717189839 0.024638639720429456 0
1678717197384 0.023877960786803258 0
1678717267972 2.864406430625562 0
1678717275519 0.6536123553052812 0
1678717283612 0.2615662743973099 0
1678717291344 0.10126314611807512 0
1678717299206 0.09720748556183031 0
1678717306887 0.07629565918533945 0
1678717314913 0.04459614684739696 0
1678717322737 0.04822967888544635 0
1678717330675 0.020211613300435333 0
1678717338088 0.014348179539130602 0
1678717409376 2.5207744392073397 0
1678717417432 0.4187376614593296 0
1678717425079 0.11600333165090906 0
1678717432947 0.05291364582196808 0
1678717441046 0.05784148394766967 0
1678717448947 0.08143954901709241 0
1678717456597 0.03993533107488335 0
1678717465176 0.05062784111659935 0
1678717472796 0.062486493235788754 0
1678717481289 0.039743417629571155 0
