1679282096904 4.512088591989595 0
1679282101208 4.150395434000529 0
1679282105584 4.206631566979922 0
1679282110064 4.323770680988673 0
1679282114523 4.292428864049725 0
1679282118802 4.103240330994595 0
1679282123407 4.436022479028907 0
1679282127791 4.210823601984885 0
1679282132293 4.349862765986472 0
1679282136810 4.342094145948067 0
1679282158064 6.002110376022756 0
1679282163963 5.711171508010011 0
1679282170170 6.000266942020971 0
1679282176438 6.072124322003219 0
1679282182662 6.049327054992318 0
1679282189045 6.1862798309884965 0
1679282195107 5.863284933962859 0
1679282201561 6.2691104330006056 0
1679282207796 6.024351010972168 0
1679282214074 6.088386201998219 0
1679282233733 5.935284206003416 0
1679282240310 6.3772621340467595 0
1679282245816 5.323895699053537 0
1679282252219 6.213785565982107 0
1679282258491 6.060658316011541 0
1679282264860 6.156874741951469 0
1679282270998 5.949539576016832 0
1679282277420 6.222648265014868 0
1679282283741 6.09744280501036 0
1679282289928 5.979799679014832 0
1679282309457 6.372178576013539 0
1679282315969 6.317343147005886 0
1679282322245 6.058096978988033 0
1679282328858 6.3911209349753335 0
1679282334512 5.45889890298713 0
1679282340844 6.1502824039780535 0
1679282346931 5.88584024598822 0
1679282353036 5.909492668986786 0
1679282359350 6.126039606984705 0
1679282365737 6.193856165977195 0
1679282385328 6.24399959098082 0
1679282391657 6.133003567985725 0
1679282397984 6.10673553700326 0
1679282404039 5.829583514016122 0
1679282410575 6.299438189016655 0
1679282416161 5.390429709048476 0
1679282422667 6.2768257319694385 0
1679282429083 6.21676544402726 0
1679282435572 6.281727627967484 0
1679282441945 6.158524851955008 0
1679282461779 5.990436303021852 0
1679282468028 6.047503841982689 0
1679282474257 6.0260685690445825 0
1679282480531 6.064437790948432 0
1679282486904 6.148776028014254 0
1679282493359 6.2352253689896315 0
1679282499813 6.256906099966727 0
1679282506327 6.308721260982566 0
1679282512785 6.245982755965088 0
1679282519270 6.27526740799658 0
1679282539467 6.141159844002686 0
1679282545751 6.073837872012518 0
1679282552152 6.19067855598405 0
1679282558468 6.110453362984117 0
1679282564775 6.092158365994692 0
1679282571505 6.504547543008812 0
1679282577948 6.212070360023063 0
1679282584664 6.417829565994907 0
1679282590821 5.93370589899132 0
1679282597270 6.237744844984263 0
1679282617918 6.155789761978667 0
1679282624160 6.032871333009098 0
1679282630629 6.221335921029095 0
1679282637020 6.176017766003497 0
1679282643701 6.449296767998021 0
1679282650308 6.390872817952186 0
1679282656838 6.288873299956322 0
1679282663440 6.369397623988334 0
1679282669805 6.133833824947942 0
1679282675640 5.599789224972483 0
1679282695940 6.070280776009895 0
1679282702321 6.158755704003852 0
1679282708717 6.170042723999359 0
1679282715171 6.220381454040762 0
1679282721851 6.452320492011495 0
1679282728682 6.595300764020067 0
1679282735227 6.31146862602327 0
1679282741556 6.083547073008958 0
1679282747911 6.1157735959859565 0
1679282754642 6.494943973957561 0
1679282774566 6.2476270469487645 0
1679282781038 6.245189329027198 0
1679282787782 6.495521352044307 0
1679282794246 6.230800374003593 0
1679282800953 6.452822328021284 0
1679282807410 6.242058722011279 0
1679282813765 6.128392787009943 0
1679282820148 6.14907097799005 0
1679282826697 6.299829673953354 0
1679282833103 6.130194915982429 0
1679282854795 6.126561269978993 0
1679282861328 6.2993056360282935 0
1679282867957 6.407027337991167 0
1679282874424 6.215204678999726 0
1679282881029 6.3653621670091525 0
1679282887534 6.269276000966784 0
1679282894058 6.2853199210367166 0
1679282900578 6.2960734470398165 0
1679282906986 6.183494227996562 0
1679282913422 6.1970483110053465 0
1679282934257 5.562820423976518 0
1679282940506 6.021340985025745 0
1679282947132 6.378483328036964 0
1679282953750 6.366293917992152 0
1679282960509 6.504298869986087 0
1679282967066 6.331570130016189 0
1679282973560 6.234696416009683 0
1679282980105 6.3096383810043335 0
1679282986601 6.261481066991109 0
1679282993037 6.202879770018626 0
1679283014725 6.407971139007714 0
1679283020755 5.753927921003196 0
1679283027538 6.5165821660193615 0
1679283034277 6.4897543379920535 0
1679283041042 6.507791565032676 0
1679283047810 6.505461604974698 0
1679283054394 6.357307689962909 0
1679283060956 6.3254001550376415 0
1679283067610 6.390580108040012 0
1679283074060 6.213983887981158 0
1679283095449 6.348640532989521 0
1679283102292 6.560182951041497 0
1679283108251 5.657136433001142 0
1679283114945 6.426284070999827 0
1679283121711 6.509676499001216 0
1679283128615 6.641801538004074 0
1679283135332 6.429619469039608 0
1679283141978 6.380104392010253 0
1679283148607 6.370111365977209 0
1679283155245 6.378838135977276 0
1679283177051 6.319751423958223 0
1679283183383 6.066792202997021 0
1679283190639 6.97348001296632 0
1679283196283 5.407820489024743 0
1679283202748 6.210280535975471 0
1679283209364 6.347679396974854 0
1679283216134 6.499539177981205 0
1679283222628 6.244486759009305 0
1679283229060 6.175584781973157 0
1679283235630 6.3162341979914345 0
1679283257908 6.4655538169899955 0
1679283264367 6.17436019401066 0
1679283270804 6.180331692041364 0
1679283277505 6.421158139011823 0
1679283283796 5.93768828199245 0
1679283290639 6.563249592029024 0
1679283297393 6.472286151023582 0
1679283304049 6.392991966044065 0
1679283310519 6.217218996025622 0
1679283317208 6.437007210974116 0
1679283339915 6.4875477669993415 0
1679283346560 6.373347969027236 0
1679283353151 6.3291640880052 0
1679283359682 6.26230411202414 0
1679283366449 6.485866345989052 0
1679283372289 5.589747324003838 0
1679283379115 6.566807278024498 0
1679283385850 6.455706499982625 0
1679283392819 6.694560988980811 0
1679283399591 6.490038770018145 0
1679283422100 6.469989392964635 0
1679283428762 6.388033588998951 0
1679283435394 6.3599642750341445 0
1679283442077 6.415460807969794 0
1679283448797 6.429792517039459 0
1679283455522 6.423201814002823 0
1679283461375 5.577888650004752 0
1679283467911 6.264897622982971 0
1679283474564 6.3662413930287585 0
1679283481209 6.36075874499511 0
1679283504225 6.248796757019591 0
1679283511138 6.645598898991011 0
1679283518335 6.8825988349854015 0
1679283525201 6.583354555012193 0
1679283532056 6.57894173101522 0
1679283539018 6.670281239028554 0
1679283546145 6.81684432097245 0
1679283551917 5.493505335005466 0
1679283558491 6.30472432001261 0
1679283565134 6.373951948015019 0
1679283588488 6.398822021961678 0
1679283595108 6.3514182299841195 0
1679283601626 6.172518167993985 0
1679283608600 6.694065760995727 0
1679283615358 6.4725317530101165 0
1679283622122 6.4709970760159194 0
1679283628940 6.517739759001415 0
1679283635876 6.634788330993615 0
1679283641583 5.411582803004421 0
1679283648306 6.432336069003213 0
