1679282096892 0.8088235294117647 0
1679282101191 0.9644607843137255 0
1679282105569 0.9895833333333334 0
1679282110047 0.9981617647058824 0
1679282114504 0.9990808823529411 0
1679282118781 0.9993872549019608 0
1679282123389 0.9993872549019608 0
1679282127772 1.0 0
1679282132279 1.0 0
1679282136791 1.0 0
1679282158043 0.727363782051282 0
1679282163944 0.9389022435897436 0
1679282170154 0.9785657051282052 0
1679282176420 0.9931891025641025 0
1679282182647 0.9985977564102564 0
1679282189028 0.9989983974358975 0
1679282195084 0.9989983974358975 0
1679282201545 0.9989983974358975 0
1679282207776 0.9997996794871795 0
1679282214055 1.0 0
1679282233712 0.6508413461538461 0
1679282240291 0.9274839743589743 0
1679282245798 0.9781650641025641 0
1679282252202 0.9921875 0
1679282258472 0.9971955128205128 0
1679282264840 0.9977964743589743 0
1679282270978 0.9975961538461539 0
1679282277399 0.9985977564102564 0
1679282283722 0.9997996794871795 0
1679282289899 0.9995993589743589 0
1679282309439 0.6262019230769231 0
1679282315949 0.9276842948717948 0
1679282322227 0.9795673076923077 0
1679282328837 0.9903846153846154 0
1679282334495 0.9971955128205128 0
1679282340834 0.9981971153846154 0
1679282346912 0.9993990384615384 0
1679282353020 0.9993990384615384 0
1679282359333 1.0 0
1679282365720 0.9985977564102564 0
1679282385310 0.5985576923076923 0
1679282391642 0.9252804487179487 0
1679282397959 0.9801682692307693 0
1679282404020 0.9933894230769231 0
1679282410555 0.9971955128205128 0
1679282416145 0.9981971153846154 0
1679282422640 0.9989983974358975 0
1679282429064 0.999198717948718 0
1679282435550 0.9997996794871795 0
1679282441926 0.9997996794871795 0
1679282461758 0.5805288461538461 0
1679282468009 0.9154647435897436 0
1679282474239 0.9769631410256411 0
1679282480512 0.9923878205128205 0
1679282486884 0.9965945512820513 0
1679282493338 0.9977964743589743 0
1679282499795 0.9983974358974359 0
1679282506306 0.9993990384615384 0
1679282512770 0.9993990384615384 0
1679282519252 0.9997996794871795 0
1679282539444 0.5725160256410257 0
1679282545730 0.9274839743589743 0
1679282552133 0.9813701923076923 0
1679282558449 0.9961939102564102 0
1679282564751 0.9971955128205128 0
1679282571487 0.9987980769230769 0
1679282577926 0.9989983974358975 0
1679282584640 0.9993990384615384 0
1679282590798 0.9989983974358975 0
1679282597254 0.9995993589743589 0
1679282617900 0.5761217948717948 0
1679282624144 0.9272836538461539 0
1679282630609 0.9771634615384616 0
1679282637001 0.9957932692307693 0
1679282643683 0.9961939102564102 0
1679282650287 0.999198717948718 0
1679282656820 0.9995993589743589 0
1679282663422 0.9995993589743589 0
1679282669781 0.9997996794871795 0
1679282675626 0.9997996794871795 0
1679282695918 0.569511217948718 0
1679282702302 0.9172676282051282 0
1679282708698 0.9823717948717948 0
1679282715150 0.9961939102564102 0
1679282721824 0.9977964743589743 0
1679282728655 0.9987980769230769 0
1679282735204 0.999198717948718 0
1679282741537 0.9993990384615384 0
1679282747880 0.9995993589743589 0
1679282754625 0.9997996794871795 0
1679282774546 0.5645032051282052 0
1679282781014 0.9256810897435898 0
1679282787754 0.983573717948718 0
1679282794228 0.9935897435897436 0
1679282800928 0.9979967948717948 0
1679282807392 0.9979967948717948 0
1679282813744 0.9995993589743589 0
1679282820123 0.999198717948718 0
1679282826672 0.9993990384615384 0
1679282833079 1.0 0
1679282854776 0.5578926282051282 0
1679282861304 0.9216746794871795 0
1679282867932 0.9801682692307693 0
1679282874398 0.992988782051282 0
1679282881009 0.9969951923076923 0
1679282887507 0.9997996794871795 0
1679282894040 0.9993990384615384 0
1679282900560 1.0 0
1679282906968 0.9993990384615384 0
1679282913397 0.9995993589743589 0
1679282934230 0.5637019230769231 0
1679282940488 0.9232772435897436 0
1679282947104 0.9859775641025641 0
1679282953726 0.9955929487179487 0
1679282960488 0.9973958333333334 0
1679282967049 0.9995993589743589 0
1679282973534 0.9993990384615384 0
1679282980088 0.9993990384615384 0
1679282986584 1.0 0
1679282993018 0.9997996794871795 0
1679283014706 0.5697115384615384 0
1679283020741 0.9214743589743589 0
1679283027517 0.9825721153846154 0
1679283034258 0.9955929487179487 0
1679283041024 0.9979967948717948 0
1679283047790 0.9993990384615384 0
1679283054375 0.9997996794871795 0
1679283060932 1.0 0
1679283067580 1.0 0
1679283074042 0.9995993589743589 0
1679283095432 0.5657051282051282 0
1679283102265 0.9302884615384616 0
1679283108225 0.9861778846153846 0
1679283114915 0.9947916666666666 0
1679283121692 0.9975961538461539 0
1679283128590 0.9993990384615384 0
1679283135295 0.999198717948718 0
1679283141951 0.9995993589743589 0
1679283148589 0.9995993589743589 0
1679283155218 0.9995993589743589 0
1679283177031 0.5681089743589743 0
1679283183353 0.9294871794871795 0
1679283190617 0.983573717948718 0
1679283196254 0.9949919871794872 0
1679283202724 0.9989983974358975 0
1679283209339 0.9993990384615384 0
1679283216099 0.9993990384615384 0
1679283222609 0.9993990384615384 0
1679283229040 0.9995993589743589 0
1679283235607 1.0 0
1679283257884 0.5675080128205128 0
1679283264337 0.9204727564102564 0
1679283270781 0.9845753205128205 0
1679283277479 0.9951923076923077 0
1679283283772 0.9975961538461539 0
1679283290610 0.9987980769230769 0
1679283297363 0.9993990384615384 0
1679283304028 1.0 0
1679283310499 1.0 0
1679283317188 0.9995993589743589 0
1679283339895 0.5745192307692307 0
1679283346531 0.9244791666666666 0
1679283353131 0.9847756410256411 0
1679283359661 0.9937900641025641 0
1679283366426 0.9975961538461539 0
1679283372262 0.9989983974358975 0
1679283379093 1.0 0
1679283385830 1.0 0
1679283392798 0.9997996794871795 0
1679283399569 0.9997996794871795 0
1679283422080 0.577323717948718 0
1679283428741 0.9276842948717948 0
1679283435374 0.9815705128205128 0
1679283442056 0.9947916666666666 0
1679283448777 0.9985977564102564 0
1679283455492 0.9983974358974359 0
1679283461345 0.9993990384615384 0
1679283467884 1.0 0
1679283474541 0.9997996794871795 0
1679283481187 1.0 0
1679283504204 0.5799278846153846 0
1679283511111 0.9246794871794872 0
1679283518307 0.9823717948717948 0
1679283525180 0.9963942307692307 0
1679283532035 0.999198717948718 0
1679283538995 0.9993990384615384 0
1679283546111 0.999198717948718 0
1679283551897 0.9995993589743589 0
1679283558466 0.9995993589743589 0
1679283565110 1.0 0
1679283588465 0.5801282051282052 0
1679283595088 0.9222756410256411 0
1679283601600 0.9817708333333334 0
1679283608579 0.9953926282051282 0
1679283615329 0.9989983974358975 0
1679283622099 0.9995993589743589 0
1679283628919 0.9997996794871795 0
1679283635847 1.0 0
1679283641553 1.0 0
1679283648269 0.9997996794871795 0
