1671700235751 0.9105022831050228 0
1671700240470 0.9792998477929985 0
1671700245403 0.9846270928462709 0
1671700250319 0.9931506849315068 0
1671700255157 0.9901065449010654 0
1671700294111 0.9687806243875122 0
1671700299270 0.9888002239955201 0
1671700304339 0.9889402211955761 0
1671700309578 0.996080078398432 0
1671700314750 0.9953800923981521 0
1671700354561 0.9774604507909842 0
1671700359915 0.990060198796024 0
1671700365137 0.9910401791964161 0
1671700370486 0.994960100797984 0
1671700375808 0.9939801203975921 0
1671700416395 0.9753604927901443 0
1671700421816 0.995520089598208 0
1671700427204 0.995520089598208 0
1671700432668 0.996080078398432 0
1671700438095 0.9953800923981521 0
1671700500704 0.9725605487890242 0
1671700506152 0.994260114797704 0
1671700511809 0.99860002799944 0
1671700517310 0.9935601287974241 0
1671700522725 0.996640067198656 0
1671700586139 0.9753604927901443 0
1671700591622 0.997340053198936 0
1671700596919 0.9939801203975921 0
1671700602338 0.998040039199216 0
1671700607688 0.999860002799944 0
1671700671899 0.9676606467870642 0
1671700677519 0.9972000559988801 0
1671700682988 0.996640067198656 0
1671700688540 0.996920061598768 0
1671700694296 0.998040039199216 0
1671700801212 0.9664006719865603 0
1671700806690 0.998180036399272 0
1671700812313 0.99930001399972 0
1671700817884 0.999860002799944 0
1671700823269 0.996780064398712 0
1671700930232 0.9615007699846003 0
1671700935680 0.9952400951980961 0
1671700940937 0.996920061598768 0
1671700946397 0.998740025199496 0
1671700951677 0.999440011199776 0
