1671700235770 4.80303348400048 0
1671700240490 4.489428241009591 0
1671700245424 4.718083457992179 0
1671700250339 4.680584382993402 0
1671700255177 4.610100626014173 0
1671700294132 5.038003934983863 0
1671700299290 4.923997406003764 0
1671700304359 4.840491712006042 0
1671700309599 5.002968275977764 0
1671700314758 4.910158682992915 0
1671700354570 4.940765016013756 0
1671700359924 5.112858587992378 0
1671700365147 4.960040075995494 0
1671700370495 5.116016126004979 0
1671700375816 5.096426855016034 0
1671700416416 4.959695408993866 0
1671700421839 5.165649993985426 0
1671700427227 5.111959258996649 0
1671700432676 5.174195158004295 0
1671700438104 5.172564987005899 0
1671700500728 5.2144010459887795 0
1671700506161 5.184246429998893 0
1671700511830 5.398291174991755 0
1671700517331 5.240415075997589 0
1671700522747 5.150832454004558 0
1671700586162 5.1348983269999735 0
1671700591644 5.19763290201081 0
1671700596929 5.045361038995907 0
1671700602359 5.179840508004418 0
1671700607702 5.082405861001462 0
1671700671920 5.3617568210174795 0
1671700677541 5.350478523992933 0
1671700683010 5.177639278001152 0
1671700688562 5.271296385995811 0
1671700694319 5.482442914013518 0
1671700801231 5.310570598987397 0
1671700806701 5.192269949999172 0
1671700812324 5.358587008988252 0
1671700817906 5.310955829016166 0
1671700823280 5.106301503023133 0
1671700930254 5.257291129004443 0
1671700935702 5.178565656999126 0
1671700940948 4.966602205007803 0
1671700946419 5.2039076359942555 0
1671700951688 4.999834729998838 0
