1671700235767 0.2535286997999185 0
1671700240487 0.06398106795116193 0
1671700245420 0.05217207957575129 0
1671700250335 0.020241450049518925 0
1671700255173 0.03621482005389974 0
1671700294128 0.16891747303088014 0
1671700299286 0.041119880087104675 0
1671700304355 0.04529758448757249 0
1671700309595 0.01359969912868462 0
1671700314754 0.01611006027596061 0
1671700354566 0.0918269000875105 0
1671700359920 0.030677140059595504 0
1671700365143 0.028765144181896345 0
1671700370490 0.020498206815203195 0
1671700375812 0.019905173314463315 0
1671700416412 0.1043431819541098 0
1671700421833 0.015412337684853415 0
1671700427221 0.017509933494135214 0
1671700432672 0.01365393823519963 0
1671700438099 0.013587444146228398 0
1671700500722 0.13831847433058692 0
1671700506156 0.021572810458306217 0
1671700511825 0.006322124765680125 0
1671700517326 0.021818901587309075 0
1671700522742 0.016172075247006517 0
1671700586156 0.13446571977398888 0
1671700591639 0.010117550900183936 0
1671700596924 0.023050617998392395 0
1671700602354 0.006759063225290136 0
1671700607695 0.0012314798596327994 0
1671700671915 0.1962948850480297 0
1671700677536 0.008807050040799399 0
1671700683005 0.01402489082727496 0
1671700688557 0.013157677469298142 0
1671700694313 0.006919917883188467 0
1671700801226 0.164198324137478 0
1671700806695 0.006599937025445723 0
1671700812319 0.0022553677527269423 0
1671700817901 0.0007149775478278855 0
1671700823275 0.016260494445687574 0
1671700930249 0.21859360409017334 0
1671700935697 0.019664635653514322 0
1671700940943 0.010784613214432932 0
1671700946414 0.003737327319255631 0
1671700951683 0.0028024246489432793 0
