1679870323456 58.46765373903327 0
1679870381590 57.61379234096967 0
1679870439483 57.37096267496236 0
1679870496903 56.91840024595149 0
1679870555041 57.627728642197326 0
1679870612533 56.96944410307333 0
1679870670644 57.6039818439167 0
1679870728938 57.78552132612094 0
1679870786741 57.311384722124785 0
1679870847898 60.64848809107207 0
1679870868651 5.526276774005964 0
1679870874459 5.640171530889347 0
1679870880122 5.48058849805966 0
1679870885867 5.5728648621588945 0
1679870891588 5.554105957038701 0
1679870897454 5.677328562131152 0
1679870903455 5.821825334103778 0
1679870909389 5.760224659927189 0
1679870914976 5.432768046157435 0
1679870920664 5.512748455163091 0
1679870941256 5.4902126209344715 0
1679870946931 5.494568070862442 0
1679870952820 5.709035659907386 0
1679870958733 5.731820712098852 0
1679870964736 5.830841838149354 0
1679870970476 5.566029142122716 0
1679870976182 5.527758283074945 0
1679870981965 5.607386206043884 0
1679870987632 5.483970415079966 0
1679870993349 5.536743337986991 0
1679871015113 5.692086505005136 0
1679871021020 5.722328701987863 0
1679871026734 5.53280313895084 0
1679871032602 5.680674812057987 0
1679871038357 5.5870988899841905 0
1679871044003 5.451336515136063 0
1679871049774 5.57172604999505 0
1679871055693 5.746600921964273 0
1679871061633 5.7723460549023 0
1679871067496 5.688192948000506 0
1679871089561 5.6978377709165215 0
1679871095327 5.580822763964534 0
1679871101050 5.528219677973539 0
1679871106768 5.549563971115276 0
1679871112620 5.68063255189918 0
1679871118317 5.514084913069382 0
1679871124012 5.503002723911777 0
1679871129930 5.723984755109996 0
1679871135760 5.648334356024861 0
1679871141499 5.5453893300145864 0
1679871164052 5.330852563958615 0
1679871170019 5.763103218981996 0
1679871176047 5.857105875154957 0
1679871181867 5.622856057016179 0
1679871187685 5.654343722155318 0
1679871193358 5.489410353824496 0
1679871199220 5.690148058114573 0
1679871205073 5.6601237510330975 0
1679871211001 5.73426450509578 0
1679871217157 5.964719088980928 0
1679871240561 5.604979435913265 0
1679871246418 5.674697663867846 0
1679871252402 5.806516605895013 0
1679871258314 5.735790229868144 0
1679871264210 5.7185201440006495 0
1679871270233 5.8366390010342 0
1679871276327 5.885444747982547 0
1679871282091 5.58397897798568 0
1679871287872 5.580521224066615 0
1679871293786 5.723627660190687 0
1679871317282 5.71465536695905 0
1679871322965 5.473138828063384 0
1679871328618 5.470773770008236 0
1679871334504 5.696437783073634 0
1679871340526 5.810377279995009 0
1679871346371 5.6608799789100885 0
1679871352166 5.616911415010691 0
1679871357793 5.459500115131959 0
1679871363798 5.806005000136793 0
1679871369658 5.667211376130581 0
1679871393863 5.649751103948802 0
1679871399567 5.514623633120209 0
1679871405311 5.542704113991931 0
1679871411182 5.683835422853008 0
1679871417014 5.64145553088747 0
1679871423045 5.837667655898258 0
1679871428835 5.601251775864512 0
1679871434644 5.6265535010024905 0
1679871440656 5.8143409139011055 0
1679871446464 5.6145960569847375 0
1679871471307 5.6983024450019 0
1679871477206 5.706564143998548 0
1679871482696 5.30406673415564 0
1679871488479 5.591082630911842 0
1679871494272 5.604954034788534 0
1679871499991 5.524273261893541 0
1679871505835 5.649970149155706 0
1679871511579 5.545189623953775 0
1679871517406 5.628019009018317 0
1679871523208 5.636216281913221 0
1679871548237 5.686874678824097 0
1679871554272 5.831110725179315 0
1679871560007 5.542331672040746 0
1679871565908 5.694343636976555 0
1679871571847 5.744818584993482 0
1679871577751 5.722548849182203 0
1679871583573 5.6193379811011255 0
1679871589681 5.914609663886949 0
1679871595579 5.709265423938632 0
1679871601374 5.604014597833157 0
1679871627140 5.680756672983989 0
1679871633034 5.70049753296189 0
1679871638879 5.650390296941623 0
1679871644817 5.7454153529834 0
1679871650640 5.6232314489316195 0
1679871656548 5.7085870378650725 0
1679871662408 5.64378529204987 0
1679871668387 5.781543395947665 0
1679871674021 5.437288375105709 0
1679871680074 5.858956957003102 0
1679871707858 5.877255691215396 0
1679871714046 5.984513689065352 0
1679871719773 5.535993936937302 0
1679871725706 5.745502792997286 0
1679871731400 5.480125593952835 0
1679871737088 5.496627212036401 0
1679871743005 5.736551532987505 0
1679871748881 5.664222015999258 0
1679871754572 5.482849435182288 0
1679871760364 5.598939307965338 0
1679871787704 5.699027708964422 0
1679871793638 5.726829270133749 0
1679871799562 5.720205233199522 0
1679871805488 5.7241803428623825 0
1679871811313 5.63081846293062 0
1679871817210 5.701289993012324 0
1679871823172 5.745298627996817 0
1679871829163 5.791833210969344 0
1679871835313 5.941854174947366 0
1679871841457 5.942196477204561 0
1679871868974 5.690531728090718 0
1679871874934 5.750992653891444 0
1679871880794 5.674224080983549 0
1679871886803 5.778678653063253 0
1679871892710 5.70683891302906 0
1679871898621 5.715400783112273 0
1679871904510 5.688025754177943 0
1679871910398 5.680745651945472 0
1679871916424 5.834222772857174 0
1679871922435 5.810930914944038 0
1679871950155 5.628403831971809 0
1679871956034 5.6744536138139665 0
1679871962112 5.82819110294804 0
1679871968210 5.878361338051036 0
1679871974104 5.6795850628986955 0
1679871980068 5.756230787141249 0
1679871986118 5.84221528400667 0
1679871992177 5.849798722891137 0
1679871998307 5.891198693774641 0
1679872004171 5.652115374105051 0
1679872033151 5.793440540088341 0
1679872039195 5.842319681076333 0
1679872045026 5.621532162185758 0
1679872050940 5.696824722923338 0
1679872056837 5.691236885031685 0
1679872062732 5.700332554988563 0
1679872068761 5.809570783050731 0
1679872074781 5.787754050921649 0
1679872080692 5.704047719016671 0
1679872086637 5.749121072003618 0
1679872116977 6.164600976044312 0
1679872123007 5.793806080939248 0
1679872129213 5.959501496050507 0
1679872135838 6.404486177954823 0
1679872141784 5.716166566126049 0
1679872147732 5.736704120179638 0
1679872153602 5.658783862134442 0
1679872159475 5.667800447205082 0
1679872165448 5.75103417201899 0
1679872171442 5.782650267006829 0
1679872201333 5.860686162021011 0
1679872207322 5.78260569809936 0
1679872213421 5.886230485979468 0
1679872219485 5.837171969935298 0
1679872225490 5.780403160024434 0
1679872231449 5.738260879181325 0
1679872237603 5.91313641006127 0
1679872243492 5.672189176082611 0
1679872249688 5.996402510907501 0
1679872255824 5.925470880931243 0
1679872286531 5.824141054879874 0
1679872292644 5.8620441169478 0
1679872298579 5.719272329006344 0
1679872304605 5.810429935809225 0
1679872310750 5.924249329138547 0
1679872316801 5.830233730841428 0
1679872322754 5.7496649089735 0
1679872328751 5.7701144649181515 0
1679872334786 5.824535011081025 0
1679872340777 5.758688030997291 0
