1679870323450 0.07866220036133878 0
1679870381583 0.032915906370292056 0
1679870439465 0.022852736821918445 0
1679870496898 0.018194489618995273 0
1679870555034 0.015372142540773822 0
1679870612525 0.013934295767137986 0
1679870670637 0.009963420294816557 0
1679870728930 0.007827892693238291 0
1679870786733 0.009674091791837142 0
1679870847886 0.006436993081243477 0
1679870868646 0.8442997866232875 0
1679870874454 0.05227114183408588 0
1679870880114 0.028515102342139238 0
1679870885857 0.01347573729555892 0
1679870891580 0.008171355909909023 0
1679870897444 0.017228720108831204 0
1679870903447 0.031934585818319615 0
1679870909379 0.008868533282967748 0
1679870914972 0.011553407887138588 0
1679870920659 0.00965980583210126 0
1679870941251 0.5832890238657064 0
1679870946924 0.03968703111140389 0
1679870952815 0.033292926336995696 0
1679870958722 0.013470024000733664 0
1679870964731 0.02003376341018579 0
1679870970471 0.013360890856412103 0
1679870976171 0.0092781116881798 0
1679870981960 0.006793744509624181 0
1679870987625 0.015153287975080754 0
1679870993339 0.010268606728744847 0
1679871015107 0.8779992817324016 0
1679871021015 0.2277548618201489 0
1679871026723 0.06172299584831944 0
1679871032595 0.0369093853150297 0
1679871038351 0.017808434297229406 0
1679871043996 0.0232888496880073 0
1679871049767 0.017161605155371466 0
1679871055687 0.01274432401154542 0
1679871061627 0.049028359161588236 0
1679871067486 0.030098644562075543 0
1679871089551 0.5863461994842107 0
1679871095320 0.1469777141355361 0
1679871101043 0.0594649022363868 0
1679871106763 0.027921489534555408 0
1679871112612 0.008641646271424273 0
1679871118311 0.022970197432243777 0
1679871124002 0.02483207135283657 0
1679871129919 0.00979037380308187 0
1679871135755 0.010677235975646205 0
1679871141493 0.0067591957021347045 0
1679871164047 0.5748086694642724 0
1679871170010 0.11168426000356689 0
1679871176040 0.016859342250972985 0
1679871181860 0.010745365847810448 0
1679871187679 0.0034107039486317575 0
1679871193351 0.010043021508335161 0
1679871199214 0.01650327166872331 0
1679871205067 0.04123729675595939 0
1679871210995 0.011544827799984114 0
1679871217151 0.015653116335844337 0
1679871240554 0.5755468997743441 0
1679871246412 0.11782904666840747 0
1679871252396 0.05121243456448548 0
1679871258308 0.058999725648033706 0
1679871264204 0.028219613271108807 0
1679871270228 0.02976170634848466 0
1679871276314 0.03597899635288144 0
1679871282083 0.024006916218133993 0
1679871287863 0.02409225470246876 0
1679871293781 0.015511955215449097 0
1679871317277 0.48466824755198334 0
1679871322957 0.14704626444107394 0
1679871328612 0.032160564133537926 0
1679871334495 0.015379837183881704 0
1679871340515 0.016252067485866776 0
1679871346364 0.014797587545807856 0
1679871352160 0.009406730460437877 0
1679871357788 0.03876098070342488 0
1679871363792 0.030579371989276776 0
1679871369651 0.018013312027378686 0
1679871393857 0.6200865661909458 0
1679871399562 0.16495819709046555 0
1679871405305 0.08990302321467947 0
1679871411174 0.06889606005044677 0
1679871417008 0.03887856851935593 0
1679871423040 0.02190995419981407 0
1679871428829 0.0259237544866934 0
1679871434637 0.059143084667166584 0
1679871440649 0.029700660453778012 0
1679871446451 0.026106618974070715 0
1679871471300 0.6515517257221747 0
1679871477200 0.142712352910444 0
1679871482689 0.05142879599663725 0
1679871488473 0.04292481519458996 0
1679871494265 0.05435286133839926 0
1679871499984 0.028239202176400423 0
1679871505829 0.022412060416837916 0
1679871511573 0.028574214401511647 0
1679871517399 0.013303968826657402 0
1679871523202 0.030711781271019294 0
1679871548229 0.6768818377152733 0
1679871554264 0.18629800082578254 0
1679871560001 0.04310516070412553 0
1679871565896 0.08126273441492864 0
1679871571841 0.016809199001224115 0
1679871577744 0.01176023869710816 0
1679871583566 0.05396332639074432 0
1679871589674 0.06232111614690762 0
1679871595572 0.045678507951327524 0
1679871601365 0.013952017276860284 0
1679871627130 0.757402026950959 0
1679871633026 0.21184878109251243 0
1679871638869 0.053975318026566854 0
1679871644810 0.021629143323955997 0
1679871650627 0.02795520082552748 0
1679871656541 0.017885836663419374 0
1679871662395 0.02097458288124153 0
1679871668380 0.015529268381003901 0
1679871674014 0.023965700984206195 0
1679871680067 0.04117595669544254 0
1679871707850 0.6762968115066122 0
1679871714039 0.19369100806799586 0
1679871719766 0.03700339803514561 0
1679871725699 0.011682991703466372 0
1679871731388 0.014748013417880986 0
1679871737078 0.009621898422133094 0
1679871742998 0.010561184955157836 0
1679871748874 0.01626447851324243 0
1679871754561 0.009264770575227295 0
1679871760357 0.016008701718261912 0
1679871787698 1.0007814661680672 0
1679871793631 0.31773604753348444 0
1679871799554 0.12673110988859518 0
1679871805480 0.07928301166605804 0
1679871811306 0.03754961965469118 0
1679871817203 0.028760572804654914 0
1679871823163 0.03471631336397205 0
1679871829156 0.03598175977538791 0
1679871835306 0.03848135963622403 0
1679871841450 0.03261067731400768 0
1679871868962 0.5877841413995213 0
1679871874925 0.1524534397634933 0
1679871880786 0.03117934316573827 0
1679871886788 0.014098520343320698 0
1679871892703 0.007182830656155805 0
1679871898614 0.00801946407656031 0
1679871904503 0.004995199402548358 0
1679871910391 0.0025216368680633806 0
1679871916416 0.0039128269768406295 0
1679871922426 0.0165085222649587 0
1679871950147 0.8572430237464452 0
1679871956026 0.27310749527019046 0
1679871962101 0.08064222768553404 0
1679871968202 0.03326507398948943 0
1679871974096 0.026091956235947407 0
1679871980059 0.022666848187991643 0
1679871986107 0.014282945097303414 0
1679871992166 0.03155078483688112 0
1679871998296 0.018447804960038082 0
1679872004159 0.012617013761202568 0
1679872033143 0.79533404034117 0
1679872039187 0.21238434572700454 0
1679872045016 0.06560683403119975 0
1679872050932 0.04695948072646564 0
1679872056824 0.03792246896681549 0
1679872062725 0.045314521341043495 0
1679872068753 0.040724927607717606 0
1679872074767 0.027817659601366715 0
1679872080684 0.013505818254384305 0
1679872086629 0.02540254311973948 0
1679872116968 0.6516390771240403 0
1679872122992 0.16339861964749733 0
1679872129201 0.03966335096476007 0
1679872135831 0.01689566846270683 0
1679872141774 0.016897330831723047 0
1679872147724 0.026756614143715773 0
1679872153594 0.018287605069261626 0
1679872159468 0.01829132557335476 0
1679872165440 0.03349487929997656 0
1679872171434 0.0409841599683424 0
1679872201324 0.716795161278081 0
1679872207313 0.18315802515142282 0
1679872213413 0.0421711521911092 0
1679872219477 0.0507931841898985 0
1679872225482 0.020443674087813127 0
1679872231440 0.02402152082114637 0
1679872237586 0.06083988088277747 0
1679872243484 0.030115148479199223 0
1679872249675 0.08901281461315565 0
1679872255813 0.05219234979666177 0
1679872286518 1.1482472955885792 0
1679872292632 0.3561244839701054 0
1679872298571 0.10730842229284707 0
1679872304596 0.05514780717296664 0
1679872310741 0.033166582785863666 0
1679872316792 0.012387298193827462 0
1679872322745 0.017936536123097296 0
1679872328735 0.018647929698018807 0
1679872334774 0.03248316572645622 0
1679872340763 0.029749803567023322 0
