1679870323440 0.977161472697187 0
1679870381575 0.9905715664644236 0
1679870439454 0.9938637617209046 0
1679870496887 0.9950703254274683 0
1679870555023 0.9958632101489244 0
1679870612514 0.9968629343629344 0
1679870670626 0.9973800330943188 0
1679870728920 0.9980522614451186 0
1679870786721 0.9975696359624932 0
1679870847874 0.9985004136789851 0
1679870868635 0.8282608695652174 0
1679870874444 0.9857707509881423 0
1679870880104 0.9926877470355732 0
1679870885847 0.9968379446640316 0
1679870891568 0.9978260869565218 0
1679870897434 0.9952569169960475 0
1679870903437 0.990909090909091 0
1679870909360 0.9982213438735178 0
1679870914961 0.9972332015810277 0
1679870920649 0.9976284584980237 0
1679870941240 0.8630434782608696 0
1679870946914 0.9879446640316205 0
1679870952804 0.9897233201581027 0
1679870958712 0.9958498023715415 0
1679870964720 0.9946640316205534 0
1679870970461 0.9954545454545455 0
1679870976158 0.9974308300395257 0
1679870981949 0.9980237154150198 0
1679870987611 0.9950592885375494 0
1679870993319 0.9970355731225297 0
1679871015096 0.841439304072756 0
1679871021005 0.93574535389482 0
1679871026712 0.9804270462633452 0
1679871032584 0.9875444839857651 0
1679871038340 0.9948596283115856 0
1679871043986 0.992487149070779 0
1679871049756 0.994266508501384 0
1679871055677 0.9960458679319889 0
1679871061617 0.988928430209569 0
1679871067476 0.990707789640174 0
1679871089540 0.8660079051383399 0
1679871095310 0.9606719367588933 0
1679871101033 0.9855731225296442 0
1679871106753 0.9928853754940712 0
1679871112602 0.9986166007905138 0
1679871118301 0.9924901185770751 0
1679871123983 0.9918972332015811 0
1679871129909 0.9980237154150198 0
1679871135749 0.9960474308300395 0
1679871141482 0.9974308300395257 0
1679871164036 0.9031620553359684 0
1679871169998 0.9741106719367589 0
1679871176029 0.9950592885375494 0
1679871181849 0.9976284584980237 0
1679871187668 0.9994071146245059 0
1679871193340 0.9974308300395257 0
1679871199204 0.9950592885375494 0
1679871205057 0.9877470355731225 0
1679871210983 0.9964426877470356 0
1679871217140 0.9954545454545455 0
1679871240542 0.8871095294582839 0
1679871246400 0.9707394226967181 0
1679871252384 0.9849742981415579 0
1679871258296 0.983590351917754 0
1679871264192 0.990707789640174 0
1679871270217 0.990707789640174 0
1679871276304 0.9901146698299723 0
1679871282070 0.9914986160537762 0
1679871287849 0.9930802688809807 0
1679871293774 0.9968366943455912 0
1679871317266 0.8937685459940653 0
1679871322945 0.9620178041543027 0
1679871328601 0.9932739861523244 0
1679871334484 0.9954500494559841 0
1679871340503 0.9970326409495549 0
1679871346353 0.9958456973293769 0
1679871352149 0.9972304648862512 0
1679871357777 0.9910979228486647 0
1679871363781 0.9916913946587537 0
1679871369641 0.9948565776458952 0
1679871393846 0.8529644268774703 0
1679871399551 0.9494071146245059 0
1679871405294 0.9727272727272728 0
1679871411162 0.9776679841897233 0
1679871416997 0.9877470355731225 0
1679871423029 0.9930830039525692 0
1679871428818 0.991699604743083 0
1679871434626 0.9810276679841897 0
1679871440637 0.990909090909091 0
1679871446438 0.9922924901185771 0
1679871471289 0.8792012653222617 0
1679871477189 0.9652036378015025 0
1679871482678 0.9893238434163701 0
1679871488462 0.9897192566231712 0
1679871494253 0.9855674179517596 0
1679871499973 0.994266508501384 0
1679871505818 0.9950573349149862 0
1679871511562 0.9913009094503756 0
1679871517388 0.9968366943455912 0
1679871523191 0.9920917358639778 0
1679871548218 0.8571146245059289 0
1679871554253 0.9444664031620553 0
1679871559991 0.9879446640316205 0
1679871565873 0.9808300395256917 0
1679871571829 0.9960474308300395 0
1679871577733 0.9986166007905138 0
1679871583555 0.9841897233201581 0
1679871589663 0.9824110671936759 0
1679871595561 0.9877470355731225 0
1679871601351 0.9966403162055336 0
1679871627118 0.8311225499901009 0
1679871633015 0.9376361116610572 0
1679871638854 0.9845575133636904 0
1679871644798 0.9942585626608592 0
1679871650613 0.9930706790734508 0
1679871656530 0.9954464462482677 0
1679871662384 0.9946545238566621 0
1679871668369 0.9968323104335776 0
1679871674002 0.9932686596713522 0
1679871680055 0.9893090477133241 0
1679871707839 0.8568883610451307 0
1679871714027 0.9479414093428346 0
1679871719754 0.9920823436262867 0
1679871725688 0.9978226444972288 0
1679871731372 0.9970308788598575 0
1679871737068 0.9968329374505146 0
1679871742991 0.9978226444972288 0
1679871748862 0.9956452889944576 0
1679871754546 0.9974267616785432 0
1679871760346 0.9946555819477435 0
1679871787686 0.7308377896613191 0
1679871793619 0.8991879580114874 0
1679871799542 0.9645474351356704 0
1679871805468 0.9750445632798574 0
1679871811295 0.9885125767478709 0
1679871817192 0.9918795801148742 0
1679871823148 0.989502871855813 0
1679871829144 0.9885125767478709 0
1679871835294 0.9893048128342246 0
1679871841439 0.9897009308774015 0
1679871868950 0.8888668779714739 0
1679871874913 0.9583993660855784 0
1679871880774 0.9920760697305864 0
1679871886775 0.9976228209191759 0
1679871892696 0.9986133122028527 0
1679871898603 0.9976228209191759 0
1679871904492 0.998811410459588 0
1679871910380 0.9992076069730587 0
1679871916404 0.9990095087163233 0
1679871922412 0.9958399366085579 0
1679871950135 0.8176063303659743 0
1679871956015 0.9210682492581602 0
1679871962088 0.9760633036597428 0
1679871968191 0.9903066271018793 0
1679871974084 0.9922848664688427 0
1679871980045 0.9926805143422354 0
1679871986092 0.9960435212660732 0
1679871992154 0.9926805143422354 0
1679871998278 0.9954500494559841 0
1679872004147 0.9966369930761623 0
1679872033131 0.8110671936758893 0
1679872039175 0.9389328063241107 0
1679872045005 0.9820158102766798 0
1679872050920 0.9875494071146245 0
1679872056809 0.9883399209486166 0
1679872062713 0.9887351778656126 0
1679872068741 0.9873517786561264 0
1679872074750 0.991304347826087 0
1679872080673 0.9964426877470356 0
1679872086621 0.9942687747035573 0
1679872116955 0.8500693206575559 0
1679872122977 0.9506833036244801 0
1679872129189 0.9897009308774015 0
1679872135819 0.9960388195682314 0
1679872141761 0.995444642503466 0
1679872147712 0.9938601703307586 0
1679872153582 0.9948504654387007 0
1679872159456 0.9962368785898198 0
1679872165428 0.9893048128342246 0
1679872171422 0.988116458704694 0
1679872201311 0.8616053776196125 0
1679872207301 0.9482008699090549 0
1679872213404 0.9885330170027679 0
1679872219465 0.9855674179517596 0
1679872225471 0.9950573349149862 0
1679872231428 0.9926848556741795 0
1679872237568 0.981415579280348 0
1679872243472 0.9909054962435745 0
1679872249661 0.9723210755239226 0
1679872255801 0.9855674179517596 0
1679872286509 0.763996043521266 0
1679872292614 0.8917903066271019 0
1679872298559 0.9695351137487636 0
1679872304584 0.9843719090009891 0
1679872310729 0.9914935707220573 0
1679872316780 0.9980217606330366 0
1679872322733 0.9942631058358061 0
1679872328720 0.9954500494559841 0
1679872334758 0.9909000989119684 0
1679872340735 0.991295746785361 0
