1672672407159 2.7252539960027207 0
1672672410011 2.673275406996254 0
1672672412779 2.60706002698862 0
1672672415522 2.5748355359828565 0
1672672418284 2.6013974779925775 0
1672672520711 4.547871704009594 0
1672672525387 4.4863009190012235 0
1672672530021 4.450699919980252 0
1672672534520 4.309573288017418 0
1672672538547 3.8241710730071645 0
1672672640873 5.388334687013412 0
1672672646648 5.570128870982444 0
1672672653408 6.569151567993686 0
1672672659944 6.329388876998564 0
1672672666496 6.3513423039985355 0
1672672772697 8.218851975019788 0
1672672781265 8.36756228102604 0
1672672789764 8.296750894980505 0
1672672798334 8.375457274989458 0
1672672806612 8.06995488901157 0
1672672912964 10.011246484995354 0
1672672923478 10.306558223994216 0
1672672933634 9.96060405598837 0
1672672943000 9.177461183979176 0
1672672952014 8.800630059995456 0
1672673061057 11.47745612100698 0
1672673072563 11.327516163990367 0
1672673084810 12.060210811992874 0
1672673096913 11.907125844998518 0
1672673108867 11.75435700500384 0
1672673220306 13.528519637009595 0
1672673233999 13.499686436989577 0
1672673248003 13.821137629973236 0
1672673261939 13.737282839982072 0
1672673275034 12.887520724005299 0
1672673389240 15.972892802994465 0
1672673404847 15.413315379002597 0
1672673420695 15.666873924987158 0
1672673436636 15.748098759999266 0
1672673451483 14.64690651500132 0
1672673567911 17.659770480007865 0
1672673584931 16.826196395006264 0
1672673601961 16.829017254000064 0
1672673619300 17.140732029016363 0
1672673637183 17.676708309008973 0
1672673754784 17.374549713014858 0
1672673774318 19.337306548986817 0
1672673793862 19.344138429994928 0
1672673813016 18.972569088975433 0
1672673832648 19.430951452988666 0
1672673953513 20.882461047993274 0
1672673974378 20.66702055701171 0
1672673995215 20.633084213011898 0
1672674016123 20.71913892502198 0
1672674035866 19.541736798011698 0
1672674154487 20.879992140020477 0
1672674176871 22.197368970984826 0
1672674199081 22.001979710999876 0
1672674221282 22.007623359997524 0
1672674244931 23.454470416996628 0
1672674366529 23.133150577021297 0
1672674389517 22.769141810014844 0
1672674414359 24.638647465006215 0
1672674439096 24.51640419298201 0
1672674463171 23.858271066012094 0
1672674587279 25.377524999988964 0
1672674611137 23.63890170698869 0
1672674636998 25.639698211016366 0
1672674662083 24.864324115013005 0
1672674688689 26.380933292995906 0
1672674815222 27.77092673900188 0
1672674843334 27.88901345198974 0
1672674871155 27.62343331001466 0
1672674899652 28.277935432008235 0
1672674928058 28.177324507007143 0
1672675057227 28.90113467097399 0
1672675083961 26.52502394898329 0
1672675112749 28.550895427004434 0
1672675141356 28.384143301984295 0
1672675170654 29.090729913994437 0
1672675302323 31.202013893984258 0
1672675332214 29.676559845014708 0
1672675364738 32.312448723998386 0
1672675397273 32.314326911990065 0
1672675426604 29.119374280999182 0
1672675561437 34.17534174598404 0
1672675596372 34.712512405007146 0
1672675630621 34.039665128977504 0
1672675660427 29.582521077012643 0
1672675693324 32.6838991669938 0
1672675832053 36.37839094400988 0
1672675868614 36.351046528987354 0
1672675905019 36.18838258899632 0
1672675941632 36.402021774993045 0
1672675975600 33.756906485999934 0
1672676117123 38.4823916379828 0
1672676156678 39.32917209199513 0
1672676195664 38.758953636017395 0
1672676234367 38.481050201982725 0
1672676271929 37.344343653996475 0
