1672672407156 0.3625328569289516 0
1672672410008 0.12461366302415948 0
1672672412776 0.07079758780424063 0
1672672415519 0.038913053666999306 0
1672672418281 0.050937481270475295 0
1672672520707 0.17230514452788118 0
1672672525384 0.055708821936340754 0
1672672530018 0.038360660203808246 0
1672672534516 0.019211927656224228 0
1672672538543 0.013594910202614144 0
1672672640869 0.09682139890307888 0
1672672646644 0.03217558676368227 0
1672672653404 0.02357396622375362 0
1672672659940 0.02412749668888194 0
1672672666491 0.005516717192943145 0
1672672772693 0.11679042418664573 0
1672672781261 0.022291550396779523 0
1672672789759 0.019851512716337904 0
1672672798330 0.009460289291710831 0
1672672806608 0.023760874255566 0
1672672912960 0.13377245549372943 0
1672672923474 0.033259963326099484 0
1672672933630 0.017183361000544035 0
1672672942993 0.013584273746654845 0
1672672952010 0.013257808551317769 0
1672673061052 0.15081604977776328 0
1672673072559 0.038159491705695665 0
1672673084806 0.027735577840467995 0
1672673096909 0.011577360154952407 0
1672673108863 0.011370026270417324 0
1672673220301 0.13483683716718237 0
1672673233994 0.029540573997918342 0
1672673247999 0.030062227731296333 0
1672673261934 0.013405922434571468 0
1672673275030 0.016884211016225538 0
1672673389235 0.14621904646743514 0
1672673404842 0.050397528058020266 0
1672673420690 0.032294690226153985 0
1672673436631 0.02190547814948612 0
1672673451478 0.020509967843380016 0
1672673567906 0.13695240951328583 0
1672673584925 0.035199527680892094 0
1672673601955 0.02668018041896702 0
1672673619295 0.017967449516560378 0
1672673637177 0.018883671494630033 0
1672673754779 0.1553965123571086 0
1672673774313 0.046824762830277304 0
1672673793857 0.02884088516621444 0
1672673813010 0.02534364302310078 0
1672673832642 0.0162438370747576 0
1672673953508 0.14196831822365724 0
1672673974373 0.04856681933488641 0
1672673995209 0.028171605861341834 0
1672674016117 0.021381871457579655 0
1672674035860 0.022745828718025076 0
1672674154481 0.13635125617149219 0
1672674176865 0.051428340345210245 0
1672674199075 0.03354692565752484 0
1672674221275 0.029568311004125204 0
1672674244925 0.017854940162734038 0
1672674366523 0.14350870512407296 0
1672674389511 0.05541661301854523 0
1672674414354 0.03512969368214092 0
1672674439090 0.024585671465050654 0
1672674463165 0.023325678516796178 0
1672674587273 0.16723841396545464 0
1672674611131 0.06108491885207643 0
1672674636991 0.03964903464771054 0
1672674662077 0.028336497012062957 0
1672674688683 0.023835307908424887 0
1672674815215 0.14463533630178727 0
1672674843327 0.0592794089956121 0
1672674871149 0.043074708946122885 0
1672674899645 0.030426078721584305 0
1672674928052 0.027960455333706932 0
1672675057221 0.1460456094801626 0
1672675083954 0.06315658585317635 0
1672675112742 0.040230065378771676 0
1672675141350 0.03305686328974501 0
1672675170647 0.024952503232162335 0
1672675302315 0.1619934489218325 0
1672675332207 0.06605713460303557 0
1672675364730 0.04374651045365625 0
1672675397266 0.03431174783667802 0
1672675426598 0.02890490693463121 0
1672675561430 0.154517495471004 0
1672675596365 0.06637279066573172 0
1672675630613 0.04814154600885299 0
1672675660420 0.03813516833728674 0
1672675693316 0.030028842159824858 0
1672675832045 0.15737866028153744 0
1672675868606 0.06701415089226627 0
1672675905011 0.04953255702015196 0
1672675941624 0.03484458332561404 0
1672675975592 0.031506514702693444 0
1672676117115 0.16541304875604118 0
1672676156670 0.0710635112035541 0
1672676195657 0.05327770429078791 0
1672676234358 0.03807850684420025 0
1672676271920 0.033808354840037975 0
