1678659412333 0.8483094730429486 0
1678659419177 0.9460858970453854 0
1678659426022 0.9262869326835211 0
1678659433142 0.9716722509899482 0
1678659440073 0.9381663113006397 0
1678659446108 0.9844654279622297 0
1678659452466 0.9878160219311605 0
1678659459207 0.9963448065793482 0
1678659465736 0.9878160219311605 0
1678659472473 0.9951264087724642 0
1678659544664 0.9517422139993833 0
1678659562229 0.996145544249152 0
1678659579852 0.9987665741597287 0
1678659597319 0.9996916435399321 0
1678659614498 0.9996916435399321 0
1678659632248 0.9996916435399321 0
1678659649501 0.9998458217699661 0
1678659666687 1.0 0
1678659683977 1.0 0
1678659701198 1.0 0
1678659771725 0.9105766265803269 0
1678659790023 0.992445266728338 0
1678659807854 0.9975331483194573 0
1678659825543 0.9992291088498304 0
1678659843289 0.9990749306197965 0
1678659861125 0.9993832870798643 0
1678659878748 0.9996916435399321 0
1678659896308 0.9993832870798643 0
1678659914136 1.0 0
1678659931623 0.9996916435399321 0
1678660004525 0.79386370644465 0
1678660022570 0.9702436016034536 0
1678660040737 0.9927536231884058 0
1678660058787 0.9970706136293556 0
1678660076789 0.9981498612395929 0
1678660094889 0.9990749306197965 0
1678660112890 0.9995374653098983 0
1678660130984 0.9996916435399321 0
1678660149010 0.9995374653098983 0
1678660167317 0.9995374653098983 0
1678660237608 0.7303422756706753 0
1678660256399 0.9528214616096207 0
1678660274560 0.9853530681467777 0
1678660292682 0.9946037619488128 0
1678660311014 0.9966080789392537 0
1678660329365 0.9992291088498304 0
1678660347696 0.9990749306197965 0
1678660366061 0.9995374653098983 0
1678660384372 0.9996916435399321 0
1678660402479 0.9998458217699661 0
1678660473451 0.6643539932161578 0
1678660492257 0.9269195189639223 0
1678660510705 0.9762565525747764 0
1678660529718 0.9929078014184397 0
1678660547966 0.9978415047795252 0
1678660566153 0.9986123959296948 0
1678660584708 0.9986123959296948 0
1678660603276 0.9996916435399321 0
1678660621970 0.9998458217699661 0
1678660640571 0.9995374653098983 0
1678660712334 0.6120875732346592 0
1678660731070 0.9099599136601911 0
1678660750031 0.9754856614246068 0
1678660768885 0.9936786925686093 0
1678660787645 0.9969164353993216 0
1678660806282 0.9993832870798643 0
1678660824611 0.9996916435399321 0
1678660843634 0.9998458217699661 0
1678660862425 1.0 0
1678660880906 1.0 0
1678660952395 0.5635214307739748 0
1678660971322 0.8800493370336109 0
1678660990131 0.9648473635522664 0
1678661009445 0.9905951279679309 0
1678661028692 0.9983040394696269 0
1678661047388 0.9992291088498304 0
1678661066255 0.9998458217699661 0
1678661085487 0.9998458217699661 0
1678661104054 0.9995374653098983 0
1678661122645 0.9996916435399321 0
1678661195836 0.5831020659882824 0
1678661215262 0.9039469626888683 0
1678661234317 0.9811902559358618 0
1678661253677 0.9949121184088807 0
1678661272977 0.9989207523897625 0
1678661292335 0.9984582176996608 0
1678661311168 1.0 0
1678661330218 0.9995374653098983 0
1678661349459 1.0 0
1678661368873 0.9996916435399321 0
1678661440756 0.5670675300647549 0
1678661460228 0.8979340117175455 0
1678661479789 0.9805735430157262 0
1678661499273 0.9947579401788468 0
1678661519000 0.9987665741597287 0
1678661538144 0.9998458217699661 0
1678661557773 1.0 0
1678661577328 0.9998458217699661 0
1678661596800 0.9996916435399321 0
1678661616124 1.0 0
1678661689084 0.555195806352143 0
1678661708891 0.8783533765032377 0
1678661728610 0.9716312056737588 0
1678661748155 0.994295405488745 0
1678661767735 0.9983040394696269 0
1678661787532 0.9986123959296948 0
1678661806700 0.9989207523897625 0
1678661826394 0.9993832870798643 0
1678661846332 0.9993832870798643 0
1678661866300 1.0 0
1678661938249 0.5533456675917361 0
1678661958390 0.8913043478260869 0
1678661977875 0.9782608695652174 0
1678661997852 0.9941412272587111 0
1678662017782 0.9987665741597287 0
1678662037490 0.9992291088498304 0
1678662057384 0.9995374653098983 0
1678662077206 0.9998458217699661 0
1678662097298 0.9998458217699661 0
1678662117149 0.9998458217699661 0
1678662190694 0.5151094665433241 0
1678662210750 0.8570767807585569 0
1678662230930 0.9640764724020968 0
1678662251213 0.994295405488745 0
1678662271628 0.9979956830095591 0
1678662291563 0.9993832870798643 0
1678662311752 0.9993832870798643 0
1678662331606 0.9993832870798643 0
1678662351687 0.9998458217699661 0
1678662371611 0.9996916435399321 0
1678662449336 0.5098674067221708 0
1678662469623 0.8604687018193031 0
1678662489865 0.9603761948812828 0
1678662510587 0.9933703361085414 0
1678662530715 0.9984582176996608 0
1678662551336 0.9989207523897625 0
1678662571297 0.9998458217699661 0
1678662591785 0.9996916435399321 0
1678662612129 0.9996916435399321 0
1678662632527 0.9998458217699661 0
1678662708131 0.49722479185938945 0
1678662728593 0.8445883441258094 0
1678662748848 0.9703977798334875 0
1678662769178 0.9932161578785076 0
1678662789827 0.9973789700894233 0
1678662810198 0.9986123959296948 0
1678662830657 0.9989207523897625 0
1678662850979 0.9995374653098983 0
1678662871039 0.9998458217699661 0
1678662891599 0.9998458217699661 0
1678662970144 0.49013259327782915 0
1678662991111 0.8387295713845205 0
1678663011700 0.9636139377119951 0
1678663032495 0.9887449892075239 0
1678663053205 0.9972247918593895 0
1678663073691 0.9990749306197965 0
1678663094739 0.9993832870798643 0
1678663115235 0.9995374653098983 0
1678663135957 1.0 0
1678663156620 1.0 0
1678663231930 0.4967622571692877 0
1678663252823 0.8408880666049954 0
1678663273760 0.9660807893925377 0
1678663295022 0.9932161578785076 0
1678663316084 0.9958371877890841 0
1678663337588 0.9986123959296948 0
1678663358708 0.9990749306197965 0
1678663379552 0.9989207523897625 0
1678663401039 0.9993832870798643 0
1678663422183 0.9995374653098983 0
1678663496977 0.4614554424915202 0
1678663518161 0.799568300955905 0
1678663539546 0.9406413814369411 0
1678663560670 0.9842738205365402 0
1678663581943 0.9953746530989824 0
1678663603194 0.9967622571692877 0
1678663624772 0.9987665741597287 0
1678663646458 0.9993832870798643 0
1678663667906 0.9995374653098983 0
1678663689389 0.9987665741597287 0
1678663765052 0.45235892691951896 0
1678663786326 0.8125192722787542 0
1678663807538 0.9505087881591119 0
1678663829381 0.9853530681467777 0
1678663850622 0.9873573851372186 0
1678663872163 0.9979956830095591 0
1678663893591 0.9979956830095591 0
1678663914895 0.9995374653098983 0
1678663936260 0.9993832870798643 0
1678663957870 0.9987665741597287 0
1678664034512 0.45081714461917977 0
1678664056458 0.7941720629047179 0
1678664077801 0.9380203515263644 0
1678664099397 0.9784150477952513 0
1678664121001 0.9936786925686093 0
1678664142989 0.996299722479186 0
1678664164681 0.9981498612395929 0
1678664186033 0.9993832870798643 0
1678664207872 0.9995374653098983 0
1678664229943 0.9998458217699661 0
