1678659412352 7.070572261698544 0
1678659419199 6.697808677796274 0
1678659426041 6.704614707734436 0
1678659433160 6.974761614110321 0
1678659440092 6.796626926865429 0
1678659446121 5.902671707328409 0
1678659452494 6.2242707260884345 0
1678659459227 6.599495155736804 0
1678659465755 6.390682636760175 0
1678659472491 6.6030679498799145 0
1678659544679 17.12631943076849 0
1678659562245 17.42539868876338 0
1678659579868 17.491324821021408 0
1678659597341 17.337512644939125 0
1678659614512 17.03640807978809 0
1678659632267 17.617305866908282 0
1678659649522 17.11416548769921 0
1678659666706 17.04663559095934 0
1678659683999 17.150383226107806 0
1678659701224 17.077274828217924 0
1678659771744 17.819983221124858 0
1678659790047 18.15340873785317 0
1678659807870 17.695751233026385 0
1678659825568 17.555558867752552 0
1678659843313 17.610705614089966 0
1678659861147 17.697697365656495 0
1678659878764 17.48409644374624 0
1678659896336 17.427079784683883 0
1678659914155 17.68109475169331 0
1678659931640 17.337737651076168 0
1678660004545 17.97354313498363 0
1678660022593 17.912430875003338 0
1678660040754 18.02064839983359 0
1678660058811 17.905873535200953 0
1678660076812 17.863947946112603 0
1678660094911 17.952533612959087 0
1678660112915 17.861394443083555 0
1678660131006 17.953773009125143 0
1678660149031 17.88974495092407 0
1678660167335 18.169726542197168 0
1678660237624 18.41025474620983 0
1678660256422 18.65700909961015 0
1678660274582 18.015654968097806 0
1678660292709 17.978110271971673 0
1678660311029 18.18361618416384 0
1678660329383 18.22265890194103 0
1678660347715 18.18945950921625 0
1678660366081 18.236643861047924 0
1678660384389 18.17863391432911 0
1678660402502 17.977983613032848 0
1678660473475 18.61705343797803 0
1678660492277 18.655390829779208 0
1678660510722 18.299456811044365 0
1678660529735 18.8708512079902 0
1678660547982 18.116022023372352 0
1678660566174 18.045934403315187 0
1678660584729 18.421631971839815 0
1678660603296 18.426113778725266 0
1678660621992 18.554699160158634 0
1678660640601 18.454715542960912 0
1678660712353 18.552784111350775 0
1678660731091 18.599972649943084 0
1678660750053 18.814426947850734 0
1678660768911 18.706417349167168 0
1678660787661 18.61604740889743 0
1678660806301 18.508545814082026 0
1678660824629 18.1955437194556 0
1678660843654 18.886453410610557 0
1678660862444 18.649842284154147 0
1678660880930 18.337262466084212 0
1678660952420 18.588132004253566 0
1678660971344 18.782351815141737 0
1678660990150 18.659332667011768 0
1678661009465 19.171873937360942 0
1678661028713 19.104594859760255 0
1678661047406 18.544631120283157 0
1678661066272 18.726624778006226 0
1678661085512 19.09779698215425 0
1678661104077 18.417005053255707 0
1678661122665 18.440396427642554 0
1678661195861 19.18858263036236 0
1678661215278 19.282935759983957 0
1678661234343 18.919065088033676 0
1678661253702 19.21573143498972 0
1678661272994 19.15307861706242 0
1678661292352 19.214672123081982 0
1678661311188 18.692476335912943 0
1678661330234 18.91390616307035 0
1678661349476 19.112072172109038 0
1678661368890 19.279713470023125 0
1678661440778 19.078244641888887 0
1678661460244 19.331356996204704 0
1678661479809 19.424172252882272 0
1678661499299 19.349300790112466 0
1678661519029 19.56559977401048 0
1678661538165 18.990336920600384 0
1678661557801 19.49352574860677 0
1678661577347 19.40662444382906 0
1678661596822 19.315394394099712 0
1678661616145 19.176799569744617 0
1678661689110 19.543527845758945 0
1678661708918 19.655843514949083 0
1678661728632 19.570229154080153 0
1678661748182 19.395747388713062 0
1678661767751 19.428914374671876 0
1678661787552 19.649888275191188 0
1678661806721 19.02307991310954 0
1678661826431 19.544828675221652 0
1678661846351 19.767077974043787 0
1678661866322 19.821086254902184 0
1678661938271 19.644396746065468 0
1678661958411 19.986974082887173 0
1678661977897 19.343479307368398 0
1678661997872 19.827633279375732 0
1678662017816 19.782602118328214 0
1678662037503 19.555638612713665 0
1678662057400 19.762743178289384 0
1678662077219 19.68971019005403 0
1678662097315 19.950049112085253 0
1678662117164 19.71744635514915 0
1678662190718 20.034589562099427 0
1678662210773 19.90345417475328 0
1678662230953 20.02270127320662 0
1678662251230 20.136992793064564 0
1678662271652 20.271667217835784 0
1678662291582 19.784967040177435 0
1678662311772 20.038950621150434 0
1678662331623 19.713093176018447 0
1678662351711 19.928091760724783 0
1678662371630 19.769931855145842 0
1678662449357 20.27117426134646 0
1678662469652 20.142003456130624 0
1678662489891 20.085300444159657 0
1678662510605 20.570901091210544 0
1678662530735 19.989933089818805 0
1678662551356 20.47337246593088 0
1678662571323 19.813452715985477 0
1678662591802 20.33178410679102 0
1678662612147 20.209582664538175 0
1678662632554 20.24821983696893 0
1678662708161 20.573566338047385 0
1678662728619 20.305519135668874 0
1678662748872 20.102024727966636 0
1678662769204 20.161003855988383 0
1678662789845 20.48663654224947 0
1678662810216 20.23062397679314 0
1678662830677 20.31873407587409 0
1678662850998 20.181842803955078 0
1678662871058 19.91864893771708 0
1678662891625 20.392376112286 0
1678662970163 20.675344590097666 0
1678662991135 20.814372555352747 0
1678663011717 20.39408062212169 0
1678663032518 20.65024791099131 0
1678663053224 20.562015346251428 0
1678663073716 20.337113418616354 0
1678663094762 20.888056124560535 0
1678663115255 20.332334720063955 0
1678663135977 20.572325157001615 0
1678663156649 20.520811478141695 0
1678663231949 20.85257878480479 0
1678663252841 20.750527906697243 0
1678663273778 20.78961987560615 0
1678663295041 21.119955839123577 0
1678663316109 20.92276813555509 0
1678663337611 21.331399583257735 0
1678663358730 20.962897337041795 0
1678663379579 20.681148285977542 0
1678663401069 21.31858530966565 0
1678663422205 20.942728074267507 0
1678663496997 20.939114239998162 0
1678663518181 21.031866165809333 0
1678663539582 21.228062505368143 0
1678663560695 20.963135736994445 0
1678663581964 21.114190794993192 0
1678663603214 21.08408205397427 0
1678663624793 21.43355643376708 0
1678663646479 21.53299597837031 0
1678663667933 21.294796424917877 0
1678663689408 21.318622566293925 0
1678663765075 21.215683058835566 0
1678663786350 21.11500844825059 0
1678663807577 21.041386944707483 0
1678663829402 21.67677703825757 0
1678663850657 21.07415783358738 0
1678663872186 21.37418066104874 0
1678663893610 21.270463977009058 0
1678663914916 21.15185043681413 0
1678663936290 21.205231630709022 0
1678663957890 21.453377719968557 0
1678664034541 21.656483289785683 0
1678664056482 21.783422053791583 0
1678664077823 21.192271587904543 0
1678664099435 21.440511720255017 0
1678664121034 21.43941592099145 0
1678664143013 21.807743539102376 0
1678664164724 21.533908048179 0
1678664186069 21.1702016168274 0
1678664207901 21.663145123049617 0
1678664229980 21.91534112067893 0
