1678659412344 0.4727646544226197 0
1678659419190 0.16802369671335607 0
1678659426032 0.22000598762566784 0
1678659433154 0.08817954782647329 0
1678659440085 0.18100939457200665 0
1678659446115 0.052017774981109835 0
1678659452483 0.03491405184808216 0
1678659459219 0.014376732618770665 0
1678659465747 0.03775190621015323 0
1678659472484 0.013599494462642742 0
1678659544675 0.22787023928289818 0
1678659562239 0.01838621295439473 0
1678659579863 0.008972683138318298 0
1678659597333 0.004273457386298464 0
1678659614508 0.003438779047104199 0
1678659632258 0.0027934497726770737 0
1678659649513 0.0017035469813993177 0
1678659666699 0.001345920644776917 0
1678659683990 0.001207696664738094 0
1678659701212 0.0010225336422619354 0
1678659771737 0.40815474735495394 0
1678659790034 0.03539137062888031 0
1678659807864 0.0155353686442964 0
1678659825558 0.007818680632092125 0
1678659843303 0.005743619355304448 0
1678659861138 0.004562504222542461 0
1678659878759 0.003868991677295227 0
1678659896322 0.0038996273698385735 0
1678659914147 0.0019885597936062397 0
1678659931634 0.002450345807009231 0
1678660004537 1.002107494854464 0
1678660022583 0.1167091867262443 0
1678660040747 0.039427406486265096 0
1678660058801 0.01794145657125811 0
1678660076804 0.013160887887661761 0
1678660094900 0.00853007605067887 0
1678660112905 0.005760355286513844 0
1678660130996 0.005496778348437819 0
1678660149021 0.004029694969748324 0
1678660167328 0.004102468001964952 0
1678660237617 1.2854959688876244 0
1678660256411 0.18196842351924333 0
1678660274570 0.06352808839901983 0
1678660292695 0.028706575108326183 0
1678660311024 0.019899804846246073 0
1678660329376 0.009435404731334635 0
1678660347708 0.007271492011463738 0
1678660366072 0.005752099840894613 0
1678660384383 0.004838895235927744 0
1678660402493 0.004513301179726211 0
1678660473464 1.6259983780205416 0
1678660492270 0.2826329778639799 0
1678660510715 0.105528328130082 0
1678660529729 0.04315398616249312 0
1678660547976 0.01950870676071251 0
1678660566165 0.01338825593356444 0
1678660584720 0.010373541874787505 0
1678660603290 0.008322290386665742 0
1678660621983 0.005469337456253413 0
1678660640589 0.005884912658472452 0
1678660712346 1.800879583015436 0
1678660731082 0.3370512718914322 0
1678660750044 0.10540076926226533 0
1678660768899 0.043730207187339845 0
1678660787656 0.02504576697274744 0
1678660806294 0.01169015991326618 0
1678660824623 0.008060875040890533 0
1678660843647 0.005658275479231991 0
1678660862437 0.00481588336818019 0
1678660880920 0.003390595459184261 0
1678660952407 2.1139287523674883 0
1678660971334 0.44046938720765466 0
1678660990142 0.1586260487966761 0
1678661009457 0.06033310734483376 0
1678661028704 0.022112268670782278 0
1678661047400 0.014905334530212158 0
1678661066266 0.010482345849581147 0
1678661085500 0.007873400177368954 0
1678661104067 0.00852353311701805 0
1678661122656 0.006297033700851923 0
1678661195848 2.0455573466211567 0
1678661215272 0.3664809455850997 0
1678661234334 0.10719345183999973 0
1678661253692 0.038833892617904216 0
1678661272988 0.019532224792622965 0
1678661292344 0.013768946900711065 0
1678661311180 0.010267527880232679 0
1678661330228 0.008386754561784254 0
1678661349470 0.006496187120002893 0
1678661368884 0.005882708745199591 0
1678661440770 2.125110844421857 0
1678661460238 0.3822041179179557 0
1678661479801 0.1077900098437444 0
1678661499290 0.041741803991474785 0
1678661519017 0.022579564017680482 0
1678661538157 0.012185788837169888 0
1678661557790 0.009475825193636475 0
1678661577340 0.007624259621486174 0
1678661596812 0.006059440543500042 0
1678661616136 0.0046089519259832614 0
1678661689099 2.194887645021104 0
1678661708904 0.42794600031716273 0
1678661728624 0.132243939329914 0
1678661748170 0.048550625040787186 0
1678661767745 0.02452274676351462 0
1678661787545 0.015870513210393032 0
1678661806713 0.011809323405467302 0
1678661826418 0.009906978772868722 0
1678661846343 0.0087822064044568 0
1678661866313 0.00699564646395349 0
1678661938262 2.176377039135072 0
1678661958402 0.39770757280820834 0
1678661977888 0.11235873713386378 0
1678661997865 0.0441816058050068 0
1678662017804 0.020056312872746496 0
1678662037496 0.013238526893951368 0
1678662057392 0.01014960283368155 0
1678662077212 0.007025051155540261 0
1678662097308 0.006207029878256904 0
1678662117157 0.005770269887320263 0
1678662190706 2.3247770320255374 0
1678662210764 0.5163848121666886 0
1678662230944 0.16751761168397727 0
1678662251224 0.05667910541428154 0
1678662271640 0.03085394177874168 0
1678662291575 0.0162749679842714 0
1678662311764 0.011252849379734165 0
1678662331617 0.011036939449169517 0
1678662351701 0.009132691234869424 0
1678662371622 0.006650171272233794 0
1678662449346 2.350573437121265 0
1678662469642 0.5014200478727863 0
1678662489881 0.17300526995810322 0
1678662510598 0.054270584638237106 0
1678662530727 0.024768639235282584 0
1678662551348 0.017784949706828854 0
1678662571313 0.011371882312169807 0
1678662591795 0.009633577397024829 0
1678662612140 0.006751221129148072 0
1678662632544 0.005511762586520193 0
1678662708147 2.3424808733117017 0
1678662728608 0.5333743265316216 0
1678662748863 0.1496327550294331 0
1678662769193 0.05770571222813123 0
1678662789837 0.02879670489782762 0
1678662810209 0.016619579576477386 0
1678662830669 0.01427897158579403 0
1678662850990 0.009412700778451777 0
1678662871050 0.007354292846271883 0
1678662891614 0.006986547382522606 0
1678662970156 2.3988185599744964 0
1678662991124 0.5647162968936689 0
1678663011710 0.16969496924734542 0
1678663032509 0.06989938314318327 0
1678663053216 0.02920977902982638 0
1678663073707 0.017246029593884448 0
1678663094753 0.012929729021157504 0
1678663115247 0.009224272725228915 0
1678663135969 0.007259307403922669 0
1678663156639 0.005792164694916456 0
1678663231941 2.2919547428255496 0
1678663252833 0.5603444060167706 0
1678663273770 0.16386441422113474 0
1678663295033 0.05791528545081101 0
1678663316100 0.03269534778324333 0
1678663337602 0.020875153280254723 0
1678663358721 0.015275701955696002 0
1678663379563 0.011143512628120182 0
1678663401056 0.010088122122143654 0
1678663422194 0.008414717835112556 0
1678663496988 2.4838627738934993 0
1678663518173 0.6770559277499196 0
1678663539566 0.24069092150018276 0
1678663560682 0.09187430875089261 0
1678663581956 0.04261872919481403 0
1678663603205 0.025697412658534483 0
1678663624785 0.016869960421414296 0
1678663646470 0.01103532514751711 0
1678663667922 0.008966085742245826 0
1678663689400 0.011097649525738437 0
1678663765066 2.467941011538522 0
1678663786340 0.6452725664392284 0
1678663807563 0.20926369641652784 0
1678663829393 0.08660240687781412 0
1678663850644 0.06651068448496571 0
1678663872176 0.02654527489990777 0
1678663893602 0.01784580463392478 0
1678663914908 0.01365320821014996 0
1678663936278 0.01030547139968584 0
1678663957882 0.010070439727906272 0
1678664034525 2.501328828009124 0
1678664056471 0.6768113666392387 0
1678664077814 0.2446271478256766 0
1678664099413 0.1034246038965998 0
1678664121019 0.05117323413845054 0
1678664143004 0.026764257536322854 0
1678664164708 0.0187975798334066 0
1678664186057 0.01143432457707627 0
1678664207887 0.010169097596008102 0
1678664229965 0.007456865245513699 0
