1678740002986 4.6074467352591455 0
1678740007519 4.366469235625118 0
1678740012115 4.430340175051242 0
1678740016755 4.462480052839965 0
1678740021268 4.376389545854181 0
1678740025782 4.367412701714784 0
1678740030528 4.570760454051197 0
1678740035144 4.450657815206796 0
1678740039570 4.2801896361634135 0
1678740044106 4.379288195166737 0
1678740111310 6.834926058072597 0
1678740118233 6.801985246129334 0
1678740125296 6.941545438021421 0
1678740132252 6.821883070748299 0
1678740139245 6.872282194904983 0
1678740146308 6.925588314887136 0
1678740153333 6.878432594705373 0
1678740160266 6.791665816213936 0
1678740167335 6.931038142181933 0
1678740174274 6.8039490529336035 0
1678740243640 8.590247762389481 0
1678740252323 8.551653158850968 0
1678740260930 8.47973445104435 0
1678740269678 8.624430959112942 0
1678740278367 8.578996038995683 0
1678740287154 8.65332132205367 0
1678740296013 8.70932325674221 0
1678740304717 8.580930317752063 0
1678740313342 8.48778962995857 0
1678740322082 8.611564619932324 0
1678740391526 8.553396719973534 0
1678740400111 8.454290057066828 0
1678740408941 8.694365632720292 0
1678740417638 8.564243389759213 0
1678740426416 8.648744161706418 0
1678740435079 8.532689068000764 0
1678740443747 8.542860965244472 0
1678740452383 8.481891366187483 0
1678740461113 8.610708996187896 0
1678740469724 8.474962175358087 0
1678740539394 8.427588977850974 0
1678740548071 8.546579687856138 0
1678740556715 8.520060830749571 0
1678740565306 8.466535890009254 0
1678740573937 8.499409288633615 0
1678740582605 8.555751508101821 0
1678740591332 8.610867316368967 0
1678740600202 8.75659368513152 0
1678740609044 8.710172347724438 0
1678740617670 8.487400707788765 0
1678740687328 8.624613176565617 0
1678740695977 8.499316767789423 0
1678740704675 8.551747486926615 0
1678740713185 8.37626611115411 0
1678740721893 8.572219083085656 0
1678740730548 8.517216891981661 0
1678740739209 8.549351026769727 0
1678740748089 8.750890743918717 0
1678740756713 8.493510024156421 0
1678740765365 8.530607937835157 0
1678740835249 8.593040305189788 0
1678740843944 8.552438234910369 0
1678740852564 8.506913136225194 0
1678740861268 8.57347448496148 0
1678740870013 8.591226757969707 0
1678740878720 8.56287185009569 0
1678740887490 8.617663157172501 0
1678740896040 8.43900525290519 0
1678740904687 8.507471179123968 0
1678740913364 8.561036370228976 0
1678740983422 8.576311551965773 0
1678740992122 8.556936813984066 0
1678741000956 8.65640037925914 0
1678741009582 8.480612549930811 0
1678741018238 8.517890276852995 0
1678741026886 8.499776603654027 0
1678741035468 8.463880727998912 0
1678741044299 8.71139654610306 0
1678741052910 8.478700403124094 0
1678741061547 8.519993861205876 0
1678741131806 8.434079006779939 0
1678741140619 8.66050085099414 0
1678741149218 8.46577171701938 0
1678741157761 8.414221726823598 0
1678741166393 8.492982601746917 0
1678741175035 8.509679892100394 0
1678741183672 8.471686759032309 0
1678741192243 8.454213703982532 0
1678741200857 8.48177584586665 0
1678741209533 8.538441124837846 0
1678741279964 8.786478012334555 0
1678741288788 8.686664422042668 0
1678741297540 8.608643897343427 0
1678741306436 8.753661234863102 0
1678741315219 8.64357962505892 0
1678741323930 8.57956920331344 0
1678741332664 8.599758670199662 0
1678741341263 8.459310749080032 0
1678741349981 8.579640056937933 0
1678741359659 9.528211471624672 0
1678741430022 8.48814157070592 0
1678741438730 8.588352520018816 0
1678741447368 8.520859212148935 0
1678741456195 8.683746431022882 0
1678741464885 8.534878621809185 0
1678741473588 8.568434589076787 0
1678741482302 8.558589608874172 0
1678741490952 8.494368879124522 0
1678741499537 8.447345709893852 0
1678741508226 8.550681112799793 0
1678741578397 8.434533583931625 0
1678741587142 8.597042993176728 0
1678741595916 8.62866413127631 0
1678741604697 8.614062663633376 0
1678741613520 8.658132652752101 0
1678741622243 8.554260405246168 0
1678741631018 8.647524731699377 0
1678741639668 8.508288440760225 0
1678741648359 8.534226505085826 0
1678741657109 8.590218592900783 0
1678741727887 8.631968484725803 0
1678741736537 8.481901933904737 0
1678741745193 8.506697424221784 0
1678741753982 8.649715098086745 0
1678741762701 8.55009569087997 0
1678741771526 8.656177236698568 0
1678741780213 8.558162942063063 0
1678741789087 8.734699459280819 0
1678741797727 8.49898277502507 0
1678741806316 8.466928359586746 0
1678741877185 8.575379841960967 0
1678741885905 8.575155937112868 0
1678741894554 8.511266835033894 0
1678741903257 8.558669120073318 0
1678741912156 8.741139655001462 0
1678741920794 8.465304709039629 0
1678741929387 8.44443234289065 0
1678741938005 8.492261786945164 0
1678741946706 8.552826353814453 0
1678741955403 8.53956552175805 0
1678742026252 8.469460310880095 0
1678742034916 8.531720116268843 0
1678742043755 8.667847802396864 0
1678742052543 8.634212895296514 0
1678742061195 8.514378861989826 0
1678742070179 8.817907612305135 0
1678742078905 8.565611353609711 0
1678742087811 8.76125056296587 0
1678742096581 8.63017141399905 0
1678742105414 8.691857780795544 0
1678742176709 8.586774690076709 0
1678742185670 8.8345184661448 0
1678742194460 8.637582771014422 0
1678742203327 8.706370363011956 0
1678742211974 8.498912347014993 0
1678742220545 8.430433618836105 0
1678742229179 8.4753677980043 0
1678742237841 8.522185291163623 0
1678742246539 8.55936438869685 0
1678742255224 8.54740501800552 0
1678742326494 8.646453402936459 0
1678742335221 8.585170611739159 0
1678742344004 8.639019913040102 0
1678742352821 8.65102974139154 0
1678742361505 8.550775880925357 0
1678742370243 8.581118672154844 0
1678742378909 8.51398291811347 0
1678742387630 8.586806898005307 0
1678742396418 8.628914345987141 0
1678742405053 8.482218468096107 0
1678742476684 8.625245700124651 0
1678742485331 8.498118683230132 0
1678742494253 8.795765609946102 0
1678742502984 8.595075021963567 0
1678742511872 8.74869970139116 0
1678742520494 8.480292154010385 0
1678742529166 8.522412231191993 0
1678742537901 8.581312603782862 0
1678742546676 8.646102484781295 0
1678742555276 8.425847278907895 0
1678742626791 8.53512260178104 0
1678742635502 8.573759257793427 0
1678742644548 8.915937896817923 0
1678742653118 8.426091553643346 0
1678742661765 8.488182235974818 0
1678742670381 8.464016415644437 0
1678742679113 8.579262590035796 0
1678742688028 8.788556466344744 0
1678742696608 8.451847236137837 0
1678742705368 8.61454665986821 0
1678742777031 8.561749509070069 0
1678742785929 8.747228160034865 0
1678742794740 8.666519069112837 0
1678742803380 8.481604252010584 0
1678742812003 8.4948347969912 0
1678742820661 8.510776265989989 0
1678742829324 8.499088319018483 0
1678742838060 8.57398316403851 0
1678742846743 8.522473004180938 0
1678742855458 8.557269540149719 0
