1678740002980 0.3257498532633501 0
1678740007508 0.11638095061017578 0
1678740012104 0.052010957066263595 0
1678740016747 0.031178725287068592 0
1678740021258 0.04100732140395106 0
1678740025772 0.03390816368689994 0
1678740030519 0.030841475178305617 0
1678740035138 0.03300141683500799 0
1678740039566 0.04213709837659784 0
1678740044097 0.017267129171646488 0
1678740111299 0.20408114340651043 0
1678740118223 0.03504516553488488 0
1678740125284 0.0344067316688283 0
1678740132241 0.020736343804895755 0
1678740139237 0.0047386541217447715 0
1678740146301 0.008087506369142442 0
1678740153324 0.06322181736607675 0
1678740160256 0.008550062113648133 0
1678740167324 0.0021937224371544775 0
1678740174267 0.0009539729570254237 0
1678740243631 0.22612263235591604 0
1678740252311 0.025029528145928185 0
1678740260922 0.012749506811344326 0
1678740269668 0.027263167422853195 0
1678740278362 0.006879826590270322 0
1678740287146 0.0033836290672994403 0
1678740296000 0.04044293356050314 0
1678740304710 0.004959852072535699 0
1678740313334 0.005420875529177071 0
1678740322077 0.008659128626142026 0
1678740391514 0.41200530510024863 0
1678740400098 0.06509744987025633 0
1678740408934 0.024687003810156587 0
1678740417624 0.020470127603333152 0
1678740426405 0.013518395022156224 0
1678740435069 0.011867032034946875 0
1678740443736 0.02446996359447995 0
1678740452373 0.013429266192010675 0
1678740461106 0.020406486175029295 0
1678740469713 0.013904654500368267 0
1678740539388 0.6213420478717075 0
1678740548055 0.16521756517044922 0
1678740556705 0.06173894897263391 0
1678740565299 0.04821020787824637 0
1678740573931 0.025027776271695848 0
1678740582599 0.030127022009910204 0
1678740591325 0.023791242909256972 0
1678740600195 0.012248702741222504 0
1678740609031 0.01892976552266598 0
1678740617654 0.029018667156810028 0
1678740687322 1.0960962503359832 0
1678740695967 0.5104921289108482 0
1678740704668 0.2027809311461466 0
1678740713176 0.09464792127902573 0
1678740721883 0.06223953316183989 0
1678740730543 0.032826478813050675 0
1678740739203 0.02678155725535605 0
1678740748078 0.035516019570909156 0
1678740756701 0.028411561138335543 0
1678740765358 0.02638234766694222 0
1678740835239 1.2402381573330146 0
1678740843931 0.5902122415461084 0
1678740852558 0.2855575114430705 0
1678740861256 0.1423361934775748 0
1678740870005 0.06809493159669922 0
1678740878714 0.0510721574069307 0
1678740887476 0.04899412370286882 0
1678740896034 0.028456359947233265 0
1678740904678 0.036419178001087786 0
1678740913358 0.023025158509470057 0
1678740983416 1.2939279926465865 0
1678740992111 0.7346055547898114 0
1678741000945 0.3389573234588906 0
1678741009574 0.14994843748514372 0
1678741018229 0.0756845563069355 0
1678741026879 0.04281676536079473 0
1678741035461 0.039803882104386734 0
1678741044291 0.03839498271780281 0
1678741052900 0.035763731129302846 0
1678741061540 0.040744670049905694 0
1678741131795 1.3583819492548002 0
1678741140605 0.6755740326074293 0
1678741149209 0.2799762108117436 0
1678741157751 0.10985900790519464 0
1678741166381 0.06187370605676332 0
1678741175024 0.046835726769842274 0
1678741183657 0.04583068758373188 0
1678741192235 0.030345175394249805 0
1678741200846 0.019885547477976943 0
1678741209521 0.04504174150596164 0
1678741279952 1.217896171753076 0
1678741288776 0.5224444036580488 0
1678741297526 0.20411905138457545 0
1678741306426 0.09554933443743331 0
1678741315203 0.05667779650948657 0
1678741323919 0.046388790467961016 0
1678741332653 0.04775604352759523 0
1678741341255 0.049850108189519404 0
1678741349972 0.03474028940098427 0
1678741359646 0.026368863650999323 0
1678741430012 1.2592933297765054 0
1678741438724 0.5291055470278148 0
1678741447361 0.2153172832390266 0
1678741456185 0.09854982063376837 0
1678741464873 0.06638798731464904 0
1678741473578 0.0596507585250903 0
1678741482291 0.04380806769748811 0
1678741490938 0.04363509503485552 0
1678741499526 0.041848969643311064 0
1678741508211 0.04320443033455082 0
1678741578383 1.328828310248224 0
1678741587130 0.502561072856043 0
1678741595903 0.18652489879851902 0
1678741604685 0.08226296920021607 0
1678741613501 0.0667793991503942 0
1678741622232 0.04366265732181359 0
1678741631011 0.024681195493858124 0
1678741639653 0.02754812251705861 0
1678741648351 0.026461251245551824 0
1678741657094 0.06123752452128099 0
1678741727881 1.3727432534008095 0
1678741736524 0.5717680245674106 0
1678741745185 0.2247051446217668 0
1678741753969 0.10804759528972253 0
1678741762684 0.05501223557412552 0
1678741771516 0.04906968102945447 0
1678741780205 0.0554673368877359 0
1678741789074 0.03489008845200135 0
1678741797715 0.04727988915556401 0
1678741806307 0.06310977454083369 0
1678741877175 1.3116879824155157 0
1678741885890 0.5634125817625955 0
1678741894542 0.2215701720802926 0
1678741903249 0.10149376223074275 0
1678741912148 0.057814967556248896 0
1678741920784 0.05971535454625275 0
1678741929368 0.047861523903625705 0
1678741937996 0.06711398426484076 0
1678741946694 0.04684819860575112 0
1678741955391 0.02763821503898878 0
1678742026245 1.3642694602144638 0
1678742034904 0.6020190616352226 0
1678742043744 0.2334349751689586 0
1678742052531 0.10266488871386527 0
1678742061183 0.049193782017228384 0
1678742070162 0.03776358515150834 0
1678742078893 0.04690486045157145 0
1678742087801 0.03742232174563279 0
1678742096572 0.04239950818020982 0
1678742105403 0.05472968840846523 0
1678742176698 1.337654270248918 0
1678742185661 0.5200150294016043 0
1678742194446 0.20342014325457095 0
1678742203315 0.08403780977672119 0
1678742211963 0.043188842807811705 0
1678742220531 0.027380535631311282 0
1678742229166 0.03596473603872371 0
1678742237826 0.05006131822208039 0
1678742246527 0.03128256321950641 0
1678742255217 0.05381779015298625 0
1678742326484 1.295915067644919 0
1678742335210 0.5275755864302124 0
1678742343993 0.2206837517848716 0
1678742352814 0.09314261094767731 0
1678742361497 0.046054879173111365 0
1678742370229 0.0498098483017192 0
1678742378899 0.048543696191935895 0
1678742387623 0.040823849117245306 0
1678742396403 0.04294123426487133 0
1678742405043 0.06455624707061276 0
1678742476672 1.3764962045645008 0
1678742485320 0.6164339330950196 0
1678742494245 0.22947795341002125 0
1678742502973 0.11076641726683448 0
1678742511862 0.06660398082276639 0
1678742520475 0.05443185694504849 0
1678742529154 0.026227039374110767 0
1678742537889 0.02491651386481218 0
1678742546668 0.02731405652916098 0
1678742555263 0.03414238345795259 0
1678742626775 1.403756740811038 0
1678742635493 0.659103227989451 0
1678742644534 0.2845427359414472 0
1678742653110 0.13430594463908777 0
1678742661755 0.07412526156963484 0
1678742670369 0.04922388954512079 0
1678742679099 0.043711438726140944 0
1678742688020 0.03525979642245324 0
1678742696600 0.04630591446041865 0
1678742705354 0.06707915019946978 0
1678742777022 1.356687029231731 0
1678742785916 0.5294049723986503 0
1678742794730 0.1932065255998769 0
1678742803368 0.0804919681095071 0
1678742811995 0.05517211849165093 0
1678742820651 0.033716806416294036 0
1678742829309 0.030951950343299724 0
1678742838043 0.04194454978009246 0
1678742846734 0.05506040534274862 0
1678742855445 0.048101993739089244 0
