1678740002971 0.8863844045080719 0
1678740007492 0.9628388668900396 0
1678740012088 0.9817240328967408 0
1678740016735 0.9917758148035334 0
1678740021246 0.9862930246725556 0
1678740025755 0.9902528175449284 0
1678740030505 0.9923850137069753 0
1678740035126 0.9896436186414864 0
1678740039556 0.9881206213828815 0
1678740044086 0.9948218093207433 0
1678740111282 0.94924091397025 0
1678740118206 0.9895721515105045 0
1678740125267 0.990032203649747 0
1678740132223 0.9949394264683331 0
1678740139225 0.9989265450084343 0
1678740146290 0.9976997393037877 0
1678740153308 0.9840515258395952 0
1678740160238 0.9976997393037877 0
1678740167313 0.9993865971476767 0
1678740174256 0.9996932985738384 0
1678740243620 0.9516873027433843 0
1678740252293 0.9918669579995144 0
1678740260911 0.9963583394027676 0
1678740269657 0.9927166788055353 0
1678740278351 0.9980577810148095 0
1678740287135 0.9986647244476815 0
1678740295982 0.9887108521485798 0
1678740304700 0.9984219470745327 0
1678740313324 0.9983005583879583 0
1678740322067 0.9975722262685117 0
1678740391503 0.902986886838271 0
1678740400083 0.978630403108305 0
1678740408924 0.9922292374939291 0
1678740417606 0.9933220009713453 0
1678740426386 0.9959932005828072 0
1678740435051 0.9967217095677513 0
1678740443724 0.9925934919864011 0
1678740452361 0.9961146187469645 0
1678740461093 0.994900437105391 0
1678740469695 0.9957503642544925 0
1678740539378 0.840616654527798 0
1678740548036 0.9450109249817917 0
1678740556694 0.9814275309541151 0
1678740565288 0.9848264141781986 0
1678740573920 0.9921097353726632 0
1678740582588 0.9896819616411751 0
1678740591314 0.9927166788055353 0
1678740600184 0.9959941733430444 0
1678740609019 0.9935663996115562 0
1678740617642 0.9912600145666424 0
1678740687311 0.7459334789997573 0
1678740695955 0.840009711094926 0
1678740704656 0.9312940033988832 0
1678740713161 0.9708667152221413 0
1678740721873 0.9799708667152222 0
1678740730532 0.9900461277008983 0
1678740739193 0.9915027919397912 0
1678740748067 0.9879825200291333 0
1678740756690 0.9908958485069191 0
1678740765345 0.9918669579995144 0
1678740835228 0.6965760077707625 0
1678740843919 0.8087663914521612 0
1678740852547 0.9056580864497329 0
1678740861245 0.9517969888295289 0
1678740869994 0.9793589120932491 0
1678740878703 0.9823943661971831 0
1678740887459 0.9847013113161729 0
1678740896024 0.9911364740165128 0
1678740904665 0.9879796017484216 0
1678740913347 0.9930791646430306 0
1678740983404 0.6776347741622146 0
1678740992091 0.7656629431762991 0
1678741000928 0.8913307430791646 0
1678741009559 0.9528897523069452 0
1678741018216 0.9777804759592035 0
1678741026866 0.9859154929577465 0
1678741035450 0.9883438562408936 0
1678741044279 0.9873725109276348 0
1678741052887 0.9878581835842642 0
1678741061529 0.9873725109276348 0
1678741131775 0.6654527798009225 0
1678741140587 0.78453508133042 0
1678741149197 0.9122359796067007 0
1678741157731 0.967831998057781 0
1678741166366 0.9806991988346686 0
1678741175004 0.9851905802379218 0
1678741183643 0.9853119689244962 0
1678741192224 0.9915027919397912 0
1678741200826 0.9945375091041515 0
1678741209499 0.9847050254916242 0
1678741279939 0.7044819628325033 0
1678741288762 0.827037531883882 0
1678741297514 0.9358678489007652 0
1678741306412 0.9719421838940848 0
1678741315181 0.9821450261144176 0
1678741323907 0.9861532855581198 0
1678741332640 0.9856674359285801 0
1678741341243 0.9840884246325762 0
1678741349956 0.9891898457427426 0
1678741359634 0.9924693307421353 0
1678741430001 0.6974993930565672 0
1678741438712 0.830298616168973 0
1678741447349 0.9316581694586065 0
1678741456169 0.9667394998786113 0
1678741464852 0.9811847535809662 0
1678741473564 0.9817916970138383 0
1678741482269 0.9879825200291333 0
1678741490924 0.9872541879096868 0
1678741499504 0.987011410536538 0
1678741508199 0.9878611313425588 0
1678741578360 0.7147716229348883 0
1678741587116 0.843172983479106 0
1678741595890 0.9420553935860059 0
1678741604670 0.9753401360544217 0
1678741613480 0.9800777453838678 0
1678741622217 0.9873663751214772 0
1678741630999 0.9925898931000972 0
1678741639641 0.9916180758017493 0
1678741648340 0.9919825072886297 0
1678741657076 0.9816569484936832 0
1678741727869 0.6902794653705954 0
1678741736503 0.8247873633049818 0
1678741745173 0.9340218712029161 0
1678741753944 0.9668286755771568 0
1678741762660 0.9861482381530984 0
1678741771500 0.9849331713244228 0
1678741780193 0.9848116646415553 0
1678741789049 0.9880923450789794 0
1678741797693 0.9845686512758202 0
1678741806294 0.9804374240583232 0
1678741877160 0.7 0
1678741885874 0.8205346294046173 0
1678741894521 0.9317132442284326 0
1678741903233 0.9719319562575942 0
1678741912136 0.985176184690158 0
1678741920767 0.9818955042527339 0
1678741929344 0.9857837181044957 0
1678741937985 0.9798298906439854 0
1678741946676 0.9848116646415553 0
1678741955370 0.9912515188335358 0
1678742026233 0.7033754249635745 0
1678742034893 0.8104662457503643 0
1678742043728 0.9277561923263721 0
1678742052508 0.9697668771248179 0
1678742061160 0.9857940747935892 0
1678742070136 0.9890723652258377 0
1678742078877 0.9862797474502185 0
1678742087785 0.9889509470616804 0
1678742096561 0.986765420106848 0
1678742105386 0.9830014570179699 0
1678742176682 0.717842827644844 0
1678742185649 0.8399125470666828 0
1678742194421 0.9401190331592372 0
1678742203293 0.9743714320417831 0
1678742211947 0.987246447224584 0
1678742220515 0.9928337179642901 0
1678742229150 0.9890683833353577 0
1678742237806 0.987246447224584 0
1678742246506 0.9902830074092068 0
1678742255205 0.9840884246325762 0
1678742326467 0.7179829890643985 0
1678742335194 0.8347509113001215 0
1678742343976 0.9334143377885784 0
1678742352801 0.9735115431348724 0
1678742361484 0.9877278250303767 0
1678742370214 0.9854191980558931 0
1678742378883 0.9854191980558931 0
1678742387612 0.9889428918590523 0
1678742396388 0.9876063183475091 0
1678742405027 0.9812879708383961 0
1678742476660 0.7100534239922293 0
1678742485296 0.8084021369596892 0
1678742494233 0.9334628460417679 0
1678742502951 0.9685526954832443 0
1678742511849 0.9814230208839242 0
1678742520462 0.9855512384652744 0
1678742529129 0.9938076736279747 0
1678742537871 0.99356483729966 0
1678742546656 0.9917435648372996 0
1678742555244 0.9898008742107819 0
1678742626767 0.6842169260700389 0
1678742635481 0.7876945525291829 0
1678742644522 0.9153696498054474 0
1678742653098 0.9610894941634242 0
1678742661738 0.9801799610894941 0
1678742670351 0.9846789883268483 0
1678742679073 0.986989299610895 0
1678742688008 0.988205252918288 0
1678742696587 0.9866245136186771 0
1678742705339 0.979328793774319 0
1678742777010 0.715725561627201 0
1678742785897 0.8381299332119004 0
1678742794715 0.9406193078324225 0
1678742803343 0.9761991499696417 0
1678742811982 0.983485124468731 0
1678742820635 0.9910139647844566 0
1678742829286 0.9914996964177292 0
1678742838023 0.9887067395264116 0
1678742846723 0.9848208864602307 0
1678742855427 0.986642380085003 0
