1679244593815 0.8777573529411765 0
1679244597751 0.9546568627450981 0
1679244601852 0.9708946078431373 0
1679244605661 0.9782475490196079 0
1679244609604 0.9889705882352942 0
1679244613432 0.9920343137254902 0
1679244617416 0.9892769607843137 0
1679244621285 0.9957107843137255 0
1679244625093 0.9957107843137255 0
1679244629097 0.9981617647058824 0
1679244647424 0.933079268292683 0
1679244654291 0.9852134146341464 0
1679244661272 0.979420731707317 0
1679244668415 0.9922256097560975 0
1679244675595 0.9960365853658537 0
1679244683034 0.99375 0
1679244689396 0.994969512195122 0
1679244696301 0.9989329268292683 0
1679244703330 0.9946646341463414 0
1679244710497 0.99375 0
1679244732957 0.9247760586319218 0
1679244743147 0.9835097719869706 0
1679244753387 0.9884975570032574 0
1679244763592 0.992671009771987 0
1679244773523 0.9920602605863192 0
1679244783483 0.9961319218241043 0
1679244793415 0.9909405537459284 0
1679244803353 0.9978623778501629 0
1679244813298 0.9962337133550488 0
1679244823468 0.9935871335504886 0
1679244849128 0.9345274390243903 0
1679244862617 0.9830030487804878 0
1679244875807 0.9903963414634146 0
1679244888856 0.9885670731707317 0
1679244902056 0.9936737804878049 0
1679244915506 0.9929878048780488 0
1679244928989 0.9959603658536585 0
1679244942173 0.994969512195122 0
1679244955251 0.996265243902439 0
1679244968608 0.9981707317073171 0
1679244996534 0.91522216796875 0
1679245012692 0.9781494140625 0
1679245028697 0.9862060546875 0
1679245045047 0.9871826171875 0
1679245061262 0.99273681640625 0
1679245077664 0.9974365234375 0
1679245094375 0.99249267578125 0
1679245110360 0.99456787109375 0
1679245126657 0.994384765625 0
1679245143237 0.993408203125 0
1679245175217 0.9129573170731707 0
1679245194308 0.9767784552845529 0
1679245213616 0.988109756097561 0
1679245232858 0.9892784552845528 0
1679245251930 0.9897865853658536 0
1679245271199 0.9933943089430894 0
1679245291002 0.9926829268292683 0
1679245310347 0.9934451219512195 0
1679245329963 0.9931910569105691 0
1679245349348 0.9943089430894309 0
1679245384576 0.9189153899721448 0
1679245407145 0.9754526462395543 0
1679245429832 0.9862465181058496 0
1679245452482 0.9877698467966574 0
1679245475327 0.9925574512534819 0
1679245497914 0.9930797353760445 0
1679245520193 0.9919045961002786 0
1679245542867 0.9940372562674095 0
1679245565655 0.9927315459610028 0
1679245588277 0.9945595403899722 0
1679245626710 0.9226753048780488 0
1679245652469 0.9685975609756098 0
1679245677762 0.981592987804878 0
1679245703424 0.9873094512195122 0
1679245728996 0.9897865853658536 0
1679245754789 0.9917301829268292 0
1679245780131 0.9917301829268292 0
1679245805389 0.9947789634146341 0
1679245831048 0.9928734756097561 0
1679245856217 0.993407012195122 0
1679245898017 0.9117348320693391 0
1679245926806 0.9604211809317443 0
1679245955583 0.9754536836403034 0
1679245984433 0.9844596424702059 0
1679246012963 0.9893350487540629 0
1679246042354 0.9892334777898159 0
1679246071455 0.9921113217768147 0
1679246100370 0.9924160346695557 0
1679246128821 0.9924837486457205 0
1679246157233 0.9929238894907909 0
1679246202449 0.916890243902439 0
1679246233955 0.9563719512195122 0
1679246265781 0.9725914634146341 0
1679246297100 0.9818597560975609 0
1679246328823 0.9884451219512195 0
1679246361104 0.9873475609756097 0
1679246392392 0.9905182926829268 0
1679246423801 0.9914939024390244 0
1679246455414 0.9920426829268293 0
1679246487659 0.9906707317073171 0
1679246536102 0.9112644060283688 0
1679246570731 0.9601617907801419 0
1679246605090 0.977061170212766 0
1679246639719 0.9832668439716312 0
1679246674875 0.9880042109929078 0
1679246709787 0.9870068705673759 0
1679246744934 0.9913563829787234 0
1679246779648 0.9898049645390071 0
1679246814667 0.9917165336879432 0
1679246848941 0.9906914893617021 0
1679246901478 0.907950852965069 0
1679246939553 0.950624492282697 0
1679246977602 0.9686484565393989 0
1679247015433 0.979818237205524 0
1679247053360 0.9838545897644192 0
1679247091012 0.9873578391551584 0
1679247128809 0.9890840779853778 0
1679247166902 0.9888556051990252 0
1679247204888 0.9905818440292445 0
1679247242391 0.990988017871649 0
1679247296705 0.9114309827456865 0
1679247337396 0.9493154538634658 0
1679247378061 0.9685858964741185 0
1679247419233 0.97768192048012 0
1679247459862 0.9810108777194299 0
1679247501630 0.9852072393098275 0
1679247542231 0.9880438859714928 0
1679247583048 0.9896380345086272 0
1679247624214 0.9877156789197299 0
1679247665149 0.9893567141785446 0
1679247724140 0.9061847144846796 0
1679247768520 0.9403072771587744 0
1679247813318 0.95897893454039 0
1679247858570 0.971861942896936 0
1679247902917 0.9783687325905293 0
1679247947137 0.9827428621169917 0
1679247991385 0.9852889972144847 0
1679248036020 0.9857242339832869 0
1679248080393 0.9880527506963789 0
1679248125430 0.9875304665738162 0
1679248186639 0.9076926202860858 0
1679248233682 0.9335988296488946 0
1679248281169 0.9515807867360208 0
1679248328364 0.9622480494148244 0
1679248375707 0.9726918075422627 0
1679248422777 0.9811240247074122 0
1679248470075 0.9814897594278283 0
1679248517866 0.9849439206762028 0
1679248565305 0.985370611183355 0
1679248612896 0.9871383289986996 0
1679248677578 0.9072783363802559 0
1679248728002 0.9329677026203534 0
1679248777512 0.9520490554539914 0
1679248827458 0.9637987507617306 0
1679248877521 0.975110450944546 0
1679248927370 0.9790524070688604 0
1679248978265 0.9810709932967703 0
1679249028873 0.9829562766605728 0
1679249079585 0.9834133150517976 0
1679249130579 0.9860031992687386 0
1679249198312 0.9065366972477065 0
1679249251814 0.9298846043577982 0
1679249305478 0.946136754587156 0
1679249358399 0.9575867259174312 0
1679249411798 0.9690366972477065 0
1679249464500 0.9749498279816514 0
1679249517436 0.9786948107798165 0
1679249570071 0.9796624139908257 0
1679249622935 0.9809525516055045 0
1679249676174 0.9848229644495413 0
1679249747535 0.9037445828819068 0
1679249803937 0.9276645449620802 0
1679249860876 0.9452363217768147 0
1679249917260 0.9574756229685807 0
1679249974266 0.9672772210184182 0
1679250030629 0.9727959100758397 0
1679250086696 0.9763001083423619 0
1679250142726 0.9789240249187432 0
1679250199344 0.9800751625135428 0
1679250256172 0.981988082340195 0
1679250331273 0.9079495895330939 0
1679250390598 0.9288898152898922 0
1679250451103 0.9409312467932273 0
1679250510962 0.9538545407901488 0
1679250570503 0.9619676757311442 0
1679250630408 0.9676757311441765 0
1679250690165 0.9732555156490508 0
1679250750531 0.9736242945100051 0
1679250810231 0.9785947922011288 0
1679250869747 0.9782580810672139 0
1679250947412 0.9119332033154559 0
1679251010085 0.9325786201852755 0
1679251073117 0.9459410043881034 0
1679251135392 0.9530411994149196 0
1679251197827 0.9572464651389566 0
1679251260792 0.9663426377376889 0
1679251323209 0.9707916869819601 0
1679251386333 0.9727571916138469 0
1679251448846 0.9752559726962458 0
1679251511876 0.9775414431984398 0
