1679244593821 0.35504097305238247 0
1679244597763 0.1206049151563396 0
1679244601862 0.08607307754173948 0
1679244605672 0.06675598969998058 0
1679244609615 0.04029802013389474 0
1679244613443 0.02541175329550991 0
1679244617428 0.03053523055731442 0
1679244621297 0.013569036629276382 0
1679244625104 0.010463135019973362 0
1679244629109 0.006744822069313337 0
1679244647433 0.3113936796284667 0
1679244654301 0.04914480839606102 0
1679244661284 0.0652467409617313 0
1679244668427 0.023470580628817538 0
1679244675606 0.013464887733443459 0
1679244683045 0.02183380464025171 0
1679244689407 0.01936000979795808 0
1679244696312 0.0038674240146331323 0
1679244703342 0.020050711560827217 0
1679244710510 0.020959409434708948 0
1679244732967 0.3165750057142264 0
1679244743157 0.0521784450127728 0
1679244753399 0.038879409579826364 0
1679244763603 0.024926321654666232 0
1679244773534 0.027437949730693863 0
1679244783495 0.01345376083233446 0
1679244793432 0.030923566066802948 0
1679244803364 0.0066510353090141255 0
1679244813310 0.013680832728079996 0
1679244823478 0.023784961692550607 0
1679244849140 0.3134596465916441 0
1679244862625 0.059824373896969145 0
1679244875821 0.033080854381451655 0
1679244888863 0.037801410552829776 0
1679244902068 0.021049752595930973 0
1679244915520 0.026868596435105713 0
1679244929002 0.0140064457364621 0
1679244942184 0.019579298336793727 0
1679244955262 0.016561992806729417 0
1679244968619 0.00860339128840878 0
1679244996544 0.37261267599387793 0
1679245012705 0.071522239766864 0
1679245028707 0.04414763571924141 0
1679245045061 0.04546000975207676 0
1679245061273 0.0228485649637733 0
1679245077675 0.00977803099934249 0
1679245094384 0.027195214764645925 0
1679245110373 0.019084459313393864 0
1679245126668 0.01870958360531816 0
1679245143250 0.02528787376509456 0
1679245175229 0.3813409261784054 0
1679245194322 0.0758497054047875 0
1679245213628 0.03885382994861774 0
1679245232871 0.034457088702292527 0
1679245251941 0.03485511308758353 0
1679245271211 0.021598447417982686 0
1679245291013 0.026499869047611577 0
1679245310357 0.025160966414812247 0
1679245329977 0.023309156075147185 0
1679245349359 0.020360527260602727 0
1679245384587 0.36506404768945366 0
1679245407157 0.08189629030410359 0
1679245429844 0.04343042370287181 0
1679245452499 0.04370041129941025 0
1679245475335 0.026257031930614266 0
1679245497923 0.022012557572989436 0
1679245520205 0.028405484460930802 0
1679245542881 0.022845415873442482 0
1679245565669 0.02490036028463583 0
1679245588289 0.019662323064318487 0
1679245626725 0.3624734606599526 0
1679245652484 0.1047247960445153 0
1679245677774 0.06162912782328487 0
1679245703435 0.04269276556114186 0
1679245729009 0.03513227146683742 0
1679245754803 0.02759099848973586 0
1679245780143 0.028994425593590698 0
1679245805399 0.019376488691793894 0
1679245831055 0.027268688956809922 0
1679245856228 0.025071276881217495 0
1679245898028 0.40777710363730985 0
1679245926823 0.13357011004659333 0
1679245955596 0.07683031799731814 0
1679245984443 0.0497101770848503 0
1679246012975 0.035590448848549894 0
1679246042366 0.03510745378672892 0
1679246071463 0.0261736373770933 0
1679246100386 0.030521886720305827 0
1679246128833 0.02927843499312424 0
1679246157244 0.024259593545079946 0
1679246202463 0.39713049848586685 0
1679246233966 0.1446576792936454 0
1679246265795 0.09213811720931539 0
1679246297110 0.06210686257453323 0
1679246328836 0.03821631313481215 0
1679246361115 0.04074060864106641 0
1679246392404 0.03346977143601313 0
1679246423816 0.02792465481931974 0
1679246455427 0.027701050093498297 0
1679246487671 0.0346169011779385 0
1679246536121 0.4314910106607366 0
1679246570743 0.1325481391468976 0
1679246605103 0.07502896871458734 0
1679246639735 0.05886548576518503 0
1679246674886 0.040054737757548774 0
1679246709800 0.044188516062610775 0
1679246744946 0.028561159630972978 0
1679246779661 0.03347158080508742 0
1679246814682 0.03254696693071916 0
1679246848948 0.031496619374096466 0
1679246901491 0.4593384541358548 0
1679246939575 0.16391657882560706 0
1679246977615 0.10379653327570564 0
1679247015449 0.06679369532377882 0
1679247053375 0.052299441275214076 0
1679247091023 0.042750349817365356 0
1679247128821 0.03735254234569855 0
1679247166915 0.036669573604985725 0
1679247204902 0.03234710161928514 0
1679247242401 0.03040947928515539 0
1679247296718 0.4266758024924755 0
1679247337409 0.16602869677964865 0
1679247378071 0.09991303551337327 0
1679247419244 0.07103644815664487 0
1679247459875 0.06486571958426406 0
1679247501641 0.04901668703255276 0
1679247542241 0.03911817384343572 0
1679247583061 0.0360271616219948 0
1679247624226 0.03795734183089611 0
1679247665161 0.03406646726982499 0
1679247724153 0.4466277448308698 0
1679247768531 0.2003438047403833 0
1679247813330 0.1307993404711788 0
1679247858582 0.09057696236798982 0
1679247902931 0.06760225435740326 0
1679247947150 0.05690752684291044 0
1679247991399 0.04671492858790348 0
1679248036035 0.04579721842338259 0
1679248080408 0.04007104873198335 0
1679248125443 0.04248783012181854 0
1679248186652 0.4463380926266865 0
1679248233694 0.22308702655596796 0
1679248281181 0.1556035972010951 0
1679248328375 0.11770789613936675 0
1679248375719 0.08686492465200411 0
1679248422787 0.06213263439055466 0
1679248470086 0.05914642495803602 0
1679248517879 0.052731703435361016 0
1679248565317 0.04743919444424949 0
1679248612910 0.043570142321740224 0
1679248677592 0.44713332338541256 0
1679248728018 0.23029071199926188 0
1679248777523 0.15826986307598365 0
1679248827471 0.11297069548293032 0
1679248877536 0.08135138759473586 0
1679248927378 0.06643324490683196 0
1679248978280 0.06147378153232896 0
1679249028884 0.056828809000748846 0
1679249079600 0.05525126444296848 0
1679249130591 0.046363410847763284 0
1679249198324 0.4694997821299043 0
1679249251826 0.24607096793431224 0
1679249305490 0.1780777483636651 0
1679249358407 0.13332639587322173 0
1679249411809 0.09872505450279477 0
1679249464513 0.08120473906163987 0
1679249517451 0.06862820414943424 0
1679249570082 0.06537485067733834 0
1679249622948 0.06145159936503151 0
1679249676185 0.051759919949632735 0
1679249747562 0.48844679697080723 0
1679249803949 0.2640287100016074 0
1679249860888 0.18047174373399447 0
1679249917273 0.13636008892076376 0
1679249974279 0.10408186172902027 0
1679250030644 0.08630740752796891 0
1679250086708 0.07616857276439999 0
1679250142739 0.06596802676790478 0
1679250199356 0.06439472090354752 0
1679250256184 0.057311755330577564 0
1679250331282 0.47668344057760004 0
1679250390616 0.2602841875467138 0
1679250451115 0.18903878974302885 0
1679250510977 0.14498205358758517 0
1679250570521 0.12031764828900375 0
1679250630420 0.09938734300322176 0
1679250690180 0.08400062429084183 0
1679250750543 0.08061375531485089 0
1679250810252 0.06757923949083022 0
1679250869763 0.06842107814800315 0
1679250947424 0.45825279371565236 0
1679251010098 0.24948037531397607 0
1679251073130 0.1777192278961419 0
1679251135407 0.14430915335111996 0
1679251197846 0.1314874658386506 0
1679251260808 0.10440469690348333 0
1679251323227 0.09234588082830628 0
1679251386346 0.08506278254033617 0
1679251448865 0.07705504412299997 0
1679251511894 0.07117063000286589 0
