1678664265115 0.8483094730429486 0
1678664271407 0.908010965580262 0
1678664278144 0.9582698751142248 0
1678664284575 0.9573560767590619 0
1678664291155 0.9853792263173926 0
1678664297885 0.9890344197380445 0
1678664304172 0.9948218093207433 0
1678664310688 0.9972586049345111 0
1678664317121 0.9984770027413951 0
1678664323371 0.9975632043862321 0
1678664396093 0.9720937403638606 0
1678664413828 0.9986123959296948 0
1678664430898 0.9995374653098983 0
1678664448254 0.9996916435399321 0
1678664465486 0.9998458217699661 0
1678664483080 1.0 0
1678664500587 1.0 0
1678664518303 0.9998458217699661 0
1678664535342 0.9998458217699661 0
1678664552564 0.9996916435399321 0
1678664622766 0.925531914893617 0
1678664640582 0.9958371877890841 0
1678664658187 0.9983040394696269 0
1678664675768 0.9990749306197965 0
1678664693255 0.9996916435399321 0
1678664711006 1.0 0
1678664729029 1.0 0
1678664746455 0.9995374653098983 0
1678664764287 0.9996916435399321 0
1678664782150 1.0 0
1678664852402 0.8580018501387604 0
1678664870452 0.9836571076164046 0
1678664888325 0.9950662966389145 0
1678664906524 0.9976873265494912 0
1678664924751 0.9993832870798643 0
1678664942784 0.9983040394696269 0
1678664960905 0.9993832870798643 0
1678664978980 0.9996916435399321 0
1678664996577 1.0 0
1678665014530 0.9998458217699661 0
1678665086751 0.7306506321307431 0
1678665105370 0.9616096207215541 0
1678665123570 0.9892075238976257 0
1678665141592 0.9973789700894233 0
1678665160137 0.9993832870798643 0
1678665178443 0.9996916435399321 0
1678665196776 0.9992291088498304 0
1678665215186 0.9995374653098983 0
1678665233362 1.0 0
1678665251698 0.9998458217699661 0
1678665324085 0.6308973172987974 0
1678665342336 0.9468085106382979 0
1678665361003 0.9884366327474561 0
1678665379566 0.9958371877890841 0
1678665398027 0.9995374653098983 0
1678665416094 0.9998458217699661 0
1678665434863 1.0 0
1678665453607 0.9996916435399321 0
1678665472252 0.9993832870798643 0
1678665490992 0.9996916435399321 0
1678665562410 0.6074622263336417 0
1678665581019 0.9056429232192414 0
1678665600012 0.9771816219549799 0
1678665619012 0.9930619796484736 0
1678665637993 0.9984582176996608 0
1678665656828 0.9993832870798643 0
1678665675283 0.9995374653098983 0
1678665694568 1.0 0
1678665712987 1.0 0
1678665732093 1.0 0
1678665802496 0.5909651557200123 0
1678665820951 0.9094973789700894 0
1678665840262 0.9767190872648782 0
1678665859185 0.9949121184088807 0
1678665878085 0.9976873265494912 0
1678665896927 0.9989207523897625 0
1678665915786 0.9996916435399321 0
1678665934903 0.9998458217699661 0
1678665953723 0.9996916435399321 0
1678665972381 0.9992291088498304 0
1678666044433 0.5912735121800802 0
1678666064046 0.9056429232192414 0
1678666083126 0.9801110083256244 0
1678666102224 0.9958371877890841 0
1678666121169 0.9986123959296948 0
1678666140736 0.9979956830095591 0
1678666159545 0.9998458217699661 0
1678666178448 0.9989207523897625 0
1678666197553 0.9986123959296948 0
1678666216682 1.0 0
1678666289658 0.5780141843971631 0
1678666309116 0.9024051803885291 0
1678666328337 0.982886216466235 0
1678666347668 0.9969164353993216 0
1678666367281 0.9995374653098983 0
1678666386572 0.9996916435399321 0
1678666405950 0.9998458217699661 0
1678666425286 1.0 0
1678666444634 1.0 0
1678666464107 1.0 0
1678666538086 0.5794017884674684 0
1678666557853 0.9181313598519889 0
1678666577685 0.9856614246068455 0
1678666597484 0.9970706136293556 0
1678666617278 0.9990749306197965 0
1678666636935 0.9992291088498304 0
1678666656749 0.9983040394696269 0
1678666676668 0.9996916435399321 0
1678666696195 1.0 0
1678666715802 0.9998458217699661 0
1678666790357 0.5948196114708603 0
1678666810451 0.9235275979031761 0
1678666830131 0.9907493061979649 0
1678666849891 0.9983040394696269 0
1678666870082 0.9996916435399321 0
1678666889810 0.9998458217699661 0
1678666909950 0.9998458217699661 0
1678666930022 1.0 0
1678666949827 1.0 0
1678666969741 0.9995374653098983 0
1678667045284 0.5223558433549182 0
1678667065657 0.8846746839346284 0
1678667086750 0.9794942954054887 0
1678667107623 0.9952204748689485 0
1678667128075 0.9993832870798643 0
1678667148712 0.9995374653098983 0
1678667169368 0.9996916435399321 0
1678667190151 0.9998458217699661 0
1678667210978 0.9998458217699661 0
1678667231841 0.9995374653098983 0
1678667310735 0.562904717853839 0
1678667331589 0.8953129818069688 0
1678667353029 0.9776441566450818 0
1678667373928 0.9956830095590503 0
1678667394442 0.9993832870798643 0
1678667415251 0.9995374653098983 0
1678667436392 0.9990749306197965 0
1678667457121 1.0 0
1678667477644 0.9984582176996608 0
1678667498753 0.9998458217699661 0
1678667576368 0.5311440024668517 0
1678667597569 0.8843663274745606 0
1678667618412 0.9765649090348443 0
1678667639573 0.996299722479186 0
1678667660804 0.9989207523897625 0
1678667681527 0.9995374653098983 0
1678667702748 0.9987665741597287 0
1678667723894 0.9998458217699661 0
1678667745153 0.9998458217699661 0
1678667766307 0.9998458217699661 0
1678667849855 0.513413506012951 0
1678667871300 0.8672525439407955 0
1678667892784 0.9708603145235892 0
1678667914085 0.9938328707986432 0
1678667935628 0.9975331483194573 0
1678667957189 0.9995374653098983 0
1678667978562 0.9989207523897625 0
1678668000034 0.9998458217699661 0
1678668021362 0.9996916435399321 0
1678668042745 0.9996916435399321 0
1678668121509 0.49799568300955904 0
1678668143115 0.8570767807585569 0
1678668164670 0.9646931853222325 0
1678668186128 0.9941412272587111 0
1678668207696 0.9986123959296948 0
1678668229253 0.9995374653098983 0
1678668250614 0.9998458217699661 0
1678668272271 1.0 0
1678668293830 0.9993832870798643 0
1678668315679 0.9996916435399321 0
1678668396903 0.4761023743447425 0
1678668418840 0.8254702436016035 0
1678668440806 0.9548257786000617 0
1678668462650 0.9899784150477953 0
1678668484640 0.9949121184088807 0
1678668506786 0.9973789700894233 0
1678668528728 0.9979956830095591 0
1678668550294 0.9989207523897625 0
1678668572283 0.9989207523897625 0
1678668593902 0.9996916435399321 0
1678668675166 0.5040086339808819 0
1678668697191 0.849213691026827 0
1678668719268 0.9602220166512488 0
1678668741025 0.98859081097749 0
1678668762963 0.996145544249152 0
1678668784804 0.9989207523897625 0
1678668806770 0.9976873265494912 0
1678668828501 0.9983040394696269 0
1678668850382 0.9992291088498304 0
1678668872217 0.9996916435399321 0
1678668950416 0.4842738205365402 0
1678668972885 0.8291705211224175 0
1678668995016 0.9492753623188406 0
1678669017297 0.9876657415972865 0
1678669039525 0.9959913660191181 0
1678669062035 0.9981498612395929 0
1678669084209 0.9990749306197965 0
1678669106858 0.9986123959296948 0
1678669129104 0.9995374653098983 0
1678669151658 0.9995374653098983 0
