1680198011215 0.015244503113809557 0
1680198043102 8.737929318983395e-05 0
1680198074731 2.238898707093459e-05 0
1680198105414 9.402350511635256e-06 0
1680198137378 5.238729664184999e-06 0
1680198168856 3.4491296485118672e-06 0
1680198200148 2.6602428345531008e-06 0
1680198232061 3.0044116825012303e-06 0
1680198263840 2.2631019578961903e-06 0
1680198295060 1.1747889915320315e-06 0
1680198331925 0.0038385924056338044 0
1680198367633 0.0010215907999641073 0
1680198403910 0.0008723502126119284 0
1680198439706 0.0007509400288188291 0
1680198476001 0.0006439911278764503 0
1680198511539 0.0005580808819910185 0
1680198547732 0.00048564707589598803 0
1680198583899 0.00042421757938353036 0
1680198619872 0.0003743435992463651 0
1680198655681 0.0003325757620286553 0
1680198691435 0.006566719654315726 0
1680198726423 0.0025003321843079826 0
1680198761487 0.0021537450474512702 0
1680198797086 0.0017514376431664851 0
1680198832379 0.001441913868481289 0
1680198867688 0.0011938894557385915 0
1680198903115 0.0009930662822363334 0
1680198937755 0.0008220463947072522 0
1680198973395 0.000685420466423482 0
1680199008155 0.0005746720238818892 0
1680199044183 0.004505251408773426 0
1680199078990 0.004169203225411737 0
1680199112926 0.003809824975058786 0
1680199147277 0.003424720328187509 0
1680199182507 0.002534842629099326 0
1680199217631 0.0019656040606268205 0
1680199251810 0.001552853990999868 0
1680199286726 0.0012408451061311043 0
1680199321535 0.0009981034333957578 0
1680199355476 0.0008076567960052615 0
1680199387952 0.00012036057582435054 0
1680199418103 0.0084405493743149 0
1680199448641 0.007845526119199739 0
1680199479419 0.005277289669391457 0
1680199510635 0.0047154871268752195 0
1680199541921 0.0035849484620021593 0
1680199572085 0.0024361689631195475 0
1680199602615 0.001727003289883502 0
1680199633420 0.0022763740773819605 0
1680199664280 0.00655808567816027 0
1680199709708 0.06453926535019759 0
1680199753368 0.01636124285934337 0
1680199795449 0.012715499029534711 0
1680199838576 0.011892841672099905 0
1680199880862 0.008117234485234295 0
1680199923612 0.007006915343849047 0
1680199966685 0.008194091028292808 0
1680200010001 0.008032028114568837 0
1680200052336 0.0060087547397320775 0
1680200095407 0.0029682210647436883 0
1680200125334 0.013832570165673897 0
1680200153904 0.0032633985930182875 0
1680200182108 0.007051541942177247 0
1680200210314 0.0014662470285310945 0
1680200238136 0.0007275940414592294 0
1680200266132 0.0005057907299616629 0
1680200294784 0.00038972711135636036 0
1680200323057 0.00031384898697858494 0
1680200351624 0.0002693075739578028 0
1680200379682 0.00023384534724325953 0
1680200393304 0.07702773067980707 0
1680200404646 0.006913386237914715 0
1680200415763 0.026476386165971644 0
1680200427190 0.006940416767121812 0
1680200438325 0.002305969385743405 0
1680200449081 0.001821522203282313 0
1680200460134 0.0015481326902136866 0
1680200471482 0.001365544400136687 0
1680200482234 0.0012260941887455704 0
1680200493148 0.014810851847225455 0
1680200528554 0.11882123193659243 0
1680200560774 0.007755079069163155 0
1680200592949 0.007690241890329223 0
1680200626031 0.004868476299153534 0
1680200658769 0.006426613435340593 0
1680200691913 0.0021728818765246218 0
1680200723623 0.0016364013037427252 0
1680200757221 0.0017209782438436733 0
1680200790471 0.0011512879379978287 0
1680200822662 0.012673269277485204 0
1680200837207 0.3858454765927115 0
1680200848092 0.008704587379299583 0
1680200858914 0.014719518172819543 0
1680200869696 0.00407559242219143 0
1680200880605 0.015545598120180838 0
1680200891508 0.021016985227123176 0
1680200902321 0.006407748219992863 0
1680200913371 0.014664661401985298 0
1680200924089 0.00285801234646538 0
1680200934834 0.017067990502889412 0
1680200949124 0.05790074777458078 0
1680200959709 0.009152914992367957 0
1680200970056 0.005506004383138274 0
1680200980468 0.013293516500897776 0
1680200991046 0.005732249586099687 0
1680201001283 0.006748135500506928 0
1680201011907 0.0034614354976488706 0
1680201022071 0.0018043099855556367 0
1680201032534 0.0016710100496241536 0
1680201043142 0.001729184765001544 0
1680201057312 0.1190966746250454 0
1680201067963 0.014074018132165432 0
1680201078327 0.014742461344352566 0
1680201088420 0.00618120355983802 0
1680201098752 0.004554003779328643 0
1680201109357 0.00682143456204078 0
1680201119820 0.001751469293734632 0
1680201130215 0.001389153186419907 0
1680201140374 0.0012181331134902744 0
1680201150924 0.0010999612579605756 0
1680201165386 0.018982238622671642 0
1680201175541 0.009825685472326139 0
1680201185945 0.00083864926888894 0
1680201196423 0.0005553897236285803 0
1680201206864 0.00044308733105516207 0
1680201217253 0.00043410531837323035 0
1680201228036 0.00031964004805419023 0
1680201238537 0.0003000554133905098 0
1680201249168 0.0002625746107626653 0
1680201259511 0.00023741510939054514 0
