1680017476369 0.07968303457621544 0
1680017534268 0.03013055896407068 0
1680017592867 0.021683687330389004 0
1680017650781 0.01899048634344299 0
1680017709381 0.016236180236333136 0
1680017766888 0.011056819949741057 0
1680017825009 0.011505061247776286 0
1680017882758 0.009445576841691384 0
1680017941089 0.008775985421193289 0
1680017999457 0.008203501496860171 0
1680018080070 0.04007389236662287 0
1680018141612 0.011593557238669538 0
1680018202848 0.007363811929479597 0
1680018264960 0.006482775248261331 0
1680018326200 0.007790742404463971 0
1680018387412 0.005469549022372978 0
1680018449193 0.005243891166817473 0
1680018511244 0.004659331016987731 0
1680018573091 0.005657795342159116 0
1680018634733 0.005186069880483427 0
1680018715767 0.05528367762261976 0
1680018779856 0.010803992289832937 0
1680018844248 0.00770106259917923 0
1680018909377 0.007632619825516148 0
1680018973885 0.004423977879176327 0
1680019037135 0.007036071742865382 0
1680019102363 0.005684235382508498 0
1680019166486 0.005489311799550038 0
1680019230928 0.004803500313933352 0
1680019294948 0.004173846313525482 0
1680019379991 0.05274479366120518 0
1680019447124 0.009122269402549224 0
1680019514711 0.006584934154850056 0
1680019582346 0.006494220927228677 0
1680019649705 0.0051033411892706226 0
1680019717324 0.0057154906978614745 0
1680019785132 0.004822205772762258 0
1680019852409 0.0062169416108731855 0
1680019919655 0.004063347981438082 0
1680019987107 0.0053937535129485814 0
1680020076040 0.055548135831885684 0
1680020146443 0.011222425147381383 0
1680020217401 0.010631077807552496 0
1680020288751 0.00784228091848905 0
1680020358826 0.00859330135190739 0
1680020429475 0.00728528129290346 0
1680020499899 0.006647799199849184 0
1680020570233 0.006158802613318588 0
1680020640407 0.005871944875119824 0
1680020710715 0.004645909078524575 0
1680020803071 0.07676361218605166 0
1680020876728 0.021931074461911535 0
1680020950571 0.015127892076159857 0
1680021024051 0.013613537227345958 0
1680021097649 0.009804755550526748 0
1680021170966 0.00990124506278058 0
1680021244740 0.00788000102091878 0
1680021317904 0.007728320270309353 0
1680021391109 0.008227251880660364 0
1680021464504 0.006249107931824979 0
1680021559740 0.0885820511230446 0
1680021635933 0.029237532370105557 0
1680021713088 0.020938312040846223 0
1680021789132 0.015334608402689461 0
1680021866306 0.01307870499282757 0
1680021943230 0.0116099837926262 0
1680022019627 0.008956283744721063 0
1680022096640 0.009919456055678228 0
1680022172790 0.007746580813893224 0
1680022248842 0.008151947699344976 0
1680022347553 0.09505256550492606 0
1680022427072 0.046526984682388375 0
1680022506378 0.03640551869718936 0
1680022585725 0.026357808017858586 0
1680022664814 0.019852126544167775 0
1680022744816 0.01727910375115133 0
1680022824189 0.013640021999005176 0
1680022903698 0.01236582221454376 0
1680022983152 0.01149433274887645 0
1680023063014 0.010734948606894166 0
1680023165111 0.12316842938356612 0
1680023247898 0.05236976584129621 0
1680023329846 0.035497080336047926 0
1680023411747 0.027259504104656176 0
1680023493618 0.022256052194338623 0
1680023576737 0.016579847685375775 0
1680023659340 0.015838478362021954 0
1680023741993 0.01487163673107226 0
1680023824447 0.0123627465907431 0
1680023906141 0.013655341213163173 0
1680024012193 0.12224816155137802 0
1680024097697 0.05549280949893491 0
1680024182987 0.041219962005776 0
1680024269046 0.03187669031017 0
1680024354359 0.027209422212297506 0
1680024439844 0.02332912194150148 0
1680024524710 0.019310576425669888 0
1680024610208 0.018210351999210162 0
1680024696001 0.01682345910232624 0
1680024781994 0.014880298892998134 0
1680024892024 0.12772146157081177 0
1680024980831 0.06055190982998096 0
1680025068895 0.04514582875571741 0
1680025157368 0.036075807822187875 0
1680025245638 0.03045547948067561 0
1680025333471 0.025933577835466633 0
1680025422230 0.02100973091353891 0
1680025509739 0.019910533831659145 0
1680025597150 0.018916822632691892 0
1680025686140 0.018434684425725382 0
1680025799946 0.13687150006551374 0
1680025890971 0.07475149028001432 0
1680025982815 0.06148916721131379 0
1680026073842 0.048181001074450634 0
1680026165375 0.04314005038915439 0
1680026257228 0.032020451496948606 0
1680026348805 0.02731561009268103 0
1680026440209 0.022882513304429416 0
1680026531766 0.02135423649410187 0
1680026623163 0.020388850979088383 0
1680026740720 0.1385569447345704 0
1680026834653 0.07562459400348005 0
1680026929418 0.05994344186821472 0
1680027023182 0.0497233302272407 0
1680027117565 0.03906074277854863 0
1680027213211 0.03315118920892309 0
1680027308445 0.02852085128291669 0
1680027402789 0.026439543454739554 0
1680027498648 0.023502377388187362 0
1680027592859 0.021564474421651388 0
1680027713204 0.15119085360044965 0
1680027810185 0.07261244340667494 0
1680027907277 0.05523861495905924 0
1680028005094 0.045745145470523794 0
1680028103022 0.03623042994795422 0
1680028200295 0.03026201615046445 0
1680028298609 0.028539170007320314 0
1680028397177 0.025708983341401846 0
1680028494755 0.023613055510268342 0
1680028592653 0.02175163790441142 0
1680028716692 0.1573423166249863 0
1680028818253 0.07576702405112641 0
1680028918333 0.05624470289012058 0
1680029019161 0.04487914112737929 0
1680029119722 0.03623768294747707 0
1680029220265 0.031198641092842812 0
1680029320746 0.026132361455150077 0
1680029421215 0.024970923259962138 0
1680029522251 0.02557781272837507 0
1680029622611 0.023016473850293307 0
1680029749827 0.1521146633699539 0
1680029853874 0.07663623365444158 0
1680029957980 0.061246596476827654 0
1680030061434 0.04992750032012219 0
1680030164907 0.04325131085271004 0
1680030268912 0.034689010967239045 0
1680030372728 0.0323092342499299 0
1680030477091 0.03006520769372873 0
1680030581267 0.026495752065834526 0
1680030685546 0.027168720045403195 0
1680030816962 0.17857677521882928 0
1680030923216 0.08206307524464158 0
1680031029733 0.06420694863632008 0
1680031136522 0.050484296406459385 0
1680031242641 0.042667451987191705 0
1680031348212 0.035984682354831606 0
1680031454451 0.033127401270491935 0
1680031561886 0.0314312060075005 0
1680031668868 0.028784137346213517 0
1680031776035 0.028012315622124334 0
1680031912339 0.1726840468630388 0
1680032021974 0.08356705277454289 0
1680032131964 0.07158059222204449 0
1680032241262 0.05737102633301907 0
1680032351243 0.05141860561694933 0
1680032460798 0.04263412127832554 0
1680032570749 0.03963550769438558 0
1680032680838 0.03566305395049808 0
1680032789415 0.03082838353742266 0
1680032899308 0.03365063122742631 0
1680033037808 0.1707305523962088 0
1680033150662 0.08492397502248286 0
1680033263383 0.06923091641917524 0
1680033375291 0.05961763231908924 0
1680033487668 0.047520153173935833 0
1680033599928 0.0420419655396912 0
1680033713356 0.037538577382154235 0
1680033826199 0.037024745308966316 0
1680033938761 0.034126910487482925 0
1680034051113 0.03173056864666154 0
1680034193457 0.18362384784194855 0
1680034309479 0.09188311639656113 0
1680034425666 0.07453018693707984 0
1680034540486 0.06207267773893614 0
1680034656742 0.0545675038226579 0
1680034771995 0.04878913067722409 0
1680034886830 0.04360652525851151 0
1680035002279 0.040563256591046565 0
1680035117749 0.03652940725660407 0
1680035232888 0.0355754701206973 0
