1680017476359 0.9767650303364589 0
1680017534251 0.9914506343077771 0
1680017592863 0.9939844180915609 0
1680017650771 0.9943291505791506 0
1680017709370 0.9958976833976834 0
1680017766877 0.9966216216216216 0
1680017824997 0.9972421400992829 0
1680017882742 0.9975351627137341 0
1680017941077 0.9979316050744622 0
1680017999440 0.9978109487038058 0
1680018080059 0.9916677579884756 0
1680018141595 0.9970698009429021 0
1680018202835 0.9981665793609219 0
1680018264949 0.9984939759036144 0
1680018326183 0.998035620743845 0
1680018387400 0.99869041382923 0
1680018449181 0.9987722629649031 0
1680018511227 0.9987558931377685 0
1680018573080 0.9988541121005762 0
1680018634716 0.9985758250392875 0
1680018715757 0.9860660847880299 0
1680018779838 0.9967736907730673 0
1680018844237 0.9977400249376559 0
1680018909359 0.9981296758104738 0
1680018973868 0.9989557356608478 0
1680019037117 0.9983790523690773 0
1680019102352 0.9986128428927681 0
1680019166468 0.9985349127182045 0
1680019230911 0.9988154613466335 0
1680019294937 0.9991895261845386 0
1680019379976 0.9880059523809523 0
1680019447105 0.9973660714285715 0
1680019514699 0.998110119047619 0
1680019582328 0.9982886904761905 0
1680019649687 0.9986160714285715 0
1680019717306 0.99875 0
1680019785120 0.9988839285714286 0
1680019852396 0.9985416666666667 0
1680019919645 0.9990029761904762 0
1680019987102 0.9987797619047619 0
1680020076020 0.9878899134790529 0
1680020146423 0.9963854735883424 0
1680020217382 0.9966273907103825 0
1680020288744 0.9977658242258652 0
1680020358807 0.9975239071038251 0
1680020429457 0.9981642759562842 0
1680020499888 0.9981785063752276 0
1680020570213 0.9984346539162113 0
1680020640395 0.9984488843351548 0
1680020710704 0.9988188752276868 0
1680020803066 0.982772261021388 0
1680020876717 0.9930707114797032 0
1680020950565 0.9953213662156264 0
1680021024045 0.9957851374945439 0
1680021097629 0.9972582933216936 0
1680021170946 0.9969854866870362 0
1680021244727 0.997735704932344 0
1680021317885 0.9980494325621999 0
1680021391103 0.9976402226102139 0
1680021464492 0.9984859231776517 0
1680021559729 0.9768014243820695 0
1680021635921 0.9903775659824047 0
1680021713076 0.9929697318810222 0
1680021789113 0.9947894847088395 0
1680021866295 0.9960724759111856 0
1680021943219 0.9965830540427315 0
1680022019616 0.9974994763301215 0
1680022096620 0.9970936321742774 0
1680022172773 0.9978005865102639 0
1680022248821 0.9978267700041894 0
1680022347542 0.9735073499798631 0
1680022427051 0.9836765002013693 0
1680022506358 0.9873766612968183 0
1680022585712 0.9911649214659686 0
1680022664799 0.9931534434152235 0
1680022744795 0.9946511276681433 0
1680022824182 0.9957712444623439 0
1680022903686 0.9961488119210632 0
1680022983140 0.9964634514699959 0
1680023063001 0.9967277486910995 0
1680023165097 0.969440942591156 0
1680023247885 0.9819506400310318 0
1680023329833 0.988411559348332 0
1680023411737 0.9909935027152832 0
1680023493598 0.992981477889837 0
1680023576725 0.9945694336695112 0
1680023659329 0.9951512800620637 0
1680023741981 0.9952603762606672 0
1680023824426 0.9962907292474786 0
1680023906130 0.9958907098525989 0
1680024012172 0.9691824046372476 0
1680024097674 0.9798289080029918 0
1680024182975 0.9859293193717278 0
1680024269026 0.9889327786088258 0
1680024354338 0.990966249065071 0
1680024439824 0.9925556282722513 0
1680024524687 0.993899588631264 0
1680024610187 0.994016454749439 0
1680024695993 0.9946124719521316 0
1680024781984 0.9955707741211668 0
1680024892013 0.9677233754512635 0
1680024980810 0.9787906137184116 0
1680025068882 0.9848488267148015 0
1680025157347 0.987793321299639 0
1680025245617 0.9898240072202166 0
1680025333454 0.9915726534296029 0
1680025422218 0.9935130866425993 0
1680025509727 0.9936823104693141 0
1680025597138 0.9939305054151625 0
1680025686129 0.9945284296028881 0
1680025799934 0.9650959860383944 0
1680025890960 0.9731893542757417 0
1680025982793 0.9787303664921466 0
1680026073821 0.9837587260034903 0
1680026165363 0.9857984293193718 0
1680026257216 0.9897578534031414 0
1680026348792 0.9913067190226876 0
1680026440189 0.9928010471204188 0
1680026531742 0.9932264397905759 0
1680026623151 0.993586387434555 0
1680026740707 0.9647289766970618 0
1680026834645 0.973942502532928 0
1680026929406 0.9793566362715299 0
1680027023163 0.9836309523809523 0
1680027117553 0.9865649273893955 0
1680027213199 0.9889184397163121 0
1680027308427 0.9907548125633232 0
1680027402777 0.9918735224586288 0
1680027498636 0.9926967240797028 0
1680027592845 0.993435494765282 0
1680027713189 0.9633507853403142 0
1680027810166 0.9746707297120419 0
1680027907264 0.9813174901832461 0
1680028005082 0.9845999672774869 0
1680028103009 0.9881380890052356 0
1680028200281 0.9899787303664922 0
1680028298600 0.9911444698952879 0
1680028397157 0.9919727585078534 0
1680028494743 0.9924942735602095 0
1680028592642 0.993261207460733 0
1680028716671 0.9630690831218274 0
1680028818235 0.9743912595177665 0
1680028918318 0.9808950666243654 0
1680029019153 0.9848013166243654 0
1680029119709 0.9881325348984772 0
1680029220252 0.9902244606598984 0
1680029320735 0.9914439244923858 0
1680029421203 0.9916917829949239 0
1680029522239 0.9919297271573604 0
1680029622591 0.9926931313451777 0
1680029749815 0.9635737376847291 0
1680029853862 0.9744939193349754 0
1680029957969 0.9795547259852216 0
1680030061423 0.9835283251231527 0
1680030164896 0.9856450123152709 0
1680030268899 0.9886468596059114 0
1680030372705 0.9894935344827587 0
1680030477080 0.9906096059113301 0
1680030581241 0.9915909790640394 0
1680030685531 0.9913504464285714 0
1680030816934 0.9621877804367335 0
1680030923193 0.9736015554890817 0
1680031029711 0.9789859407717619 0
1680031136508 0.9836972778941071 0
1680031242628 0.9861744690397847 0
1680031348197 0.9888479658988932 0
1680031454440 0.9898949297038588 0
1680031561878 0.9900818875261741 0
1680031668860 0.9908671103798983 0
1680031776009 0.9911381992222554 0
1680031912327 0.9600265338761268 0
1680032021959 0.9719758650770572 0
1680032131955 0.9755106862460018 0
1680032241253 0.9805993748182611 0
1680032351221 0.9833708927013667 0
1680032460785 0.9860151933701657 0
1680032570722 0.987151061355045 0
1680032680827 0.9884232334981099 0
1680032789392 0.9905859261413201 0
1680032899284 0.9897226664728118 0
1680033037786 0.9604402404526167 0
1680033150649 0.9726838755304101 0
1680033263371 0.9772277227722772 0
1680033375269 0.9805162659123056 0
1680033487657 0.9843263790664781 0
1680033599914 0.9865541018387554 0
1680033713341 0.9880215700141443 0
1680033826186 0.9888171852899575 0
1680033938746 0.9890470297029703 0
1680034051101 0.9901255304101839 0
1680034193443 0.9589789944903582 0
1680034309469 0.9703684573002754 0
1680034425657 0.975129132231405 0
1680034540464 0.9792699724517906 0
1680034656719 0.9819128787878788 0
1680034771981 0.9838240358126722 0
1680034886817 0.9861139807162534 0
1680035002267 0.9868629476584022 0
1680035117736 0.9888946280991735 0
1680035232874 0.9888429752066116 0
