1672488968445 0.9105022831050228 0
1672488972079 0.9792998477929985 0
1672488975785 0.9846270928462709 0
1672488979471 0.9931506849315068 0
1672488983119 0.9901065449010654 0
1672489373821 0.9701805963880722 0
1672489378188 0.991320173596528 0
1672489382589 0.98810023799524 0
1672489386788 0.9959400811983761 0
1672489391136 0.997340053198936 0
1672489775435 0.9825003499930002 0
1672489779841 0.9916001679966401 0
1672489784181 0.996360072798544 0
1672489788454 0.996920061598768 0
1672489793093 0.993840123197536 0
1672490171486 0.9784404311913761 0
1672490175538 0.9932801343973121 0
1672490179595 0.991180176396472 0
