1672488968449 0.2535286997999185 0
1672488972095 0.06398106795116193 0
1672488975802 0.05217207957575129 0
1672488979487 0.020241450049518925 0
1672488983135 0.03621482005389974 0
1672489373838 0.11460134106146201 0
1672489378204 0.03247920142713036 0
1672489382606 0.04609373946116522 0
1672489386805 0.01544806398669556 0
1672489391153 0.009248688728518924 0
1672489775452 0.06904228046890043 0
1672489779858 0.03396757506935835 0
1672489784186 0.011752985523664605 0
1672489788470 0.011174554683360446 0
1672489793110 0.02330906241009593 0
1672490171491 0.09754775459713864 0
1672490175555 0.022758293499181553 0
1672490179612 0.037220908553914786 0
