1672488968454 3.880094773005112 0
1672488972100 3.5236987240059534 0
1672488975806 3.568596800992964 0
1672488979492 3.559115334006492 0
1672488983140 3.518399173000944 0
1672489373842 4.039147243005573 0
1672489378208 4.215992729994468 0
1672489382611 4.252242546994239 0
1672489386810 4.043843446008395 0
1672489391158 4.193810622993624 0
1672489775457 3.884522503009066 0
1672489779863 4.256140384997707 0
1672489784192 4.185818696001661 0
1672489788474 4.126231268994161 0
1672489793115 4.488085643009981 0
1672490171497 4.424818751009298 0
1672490175561 3.892875503996038 0
1672490179617 3.876443212997401 0
