1679439306414 0.8763888888888889 0
1679439309385 0.9722222222222222 0
1679439312470 0.9888888888888889 0
1679439316461 0.9972222222222222 0
1679439320514 1.0 0
1679439324461 1.0 0
1679439328139 0.9996527777777777 0
1679439331029 0.9982638888888888 0
1679439334020 1.0 0
1679439337583 1.0 0
1679439352031 0.8916666666666667 0
1679439356732 0.9902777777777778 0
1679439360445 0.9986111111111111 0
1679439365034 0.9996527777777777 0
1679439368705 1.0 0
1679439372879 1.0 0
1679439376540 0.9996527777777777 0
1679439380488 1.0 0
1679439384862 1.0 0
1679439388667 1.0 0
1679439404587 0.8086805555555555 0
1679439409080 0.9666666666666667 0
1679439413684 0.9895833333333334 0
1679439417955 0.996875 0
1679439422822 0.9986111111111111 0
1679439428323 0.9996527777777777 0
1679439433773 0.9996527777777777 0
1679439438573 1.0 0
1679439442848 1.0 0
1679439448196 1.0 0
1679439464605 0.7475694444444444 0
1679439469809 0.9517361111111111 0
1679439475536 0.9763888888888889 0
1679439480615 0.9927083333333333 0
1679439486471 0.996875 0
1679439492002 0.9975694444444444 0
1679439497098 0.9989583333333333 0
1679439502710 0.9996527777777777 0
1679439507902 0.9996527777777777 0
1679439514027 1.0 0
1679439531300 0.7684027777777778 0
1679439538121 0.9579861111111111 0
1679439544426 0.9777777777777777 0
1679439550957 0.990625 0
1679439557244 0.9975694444444444 0
1679439563616 0.9996527777777777 0
1679439569601 0.9996527777777777 0
1679439575601 0.9996527777777777 0
1679439582055 1.0 0
1679439588240 0.9996527777777777 0
1679439607643 0.7423611111111111 0
1679439614330 0.9430555555555555 0
1679439621043 0.9680555555555556 0
1679439627861 0.9885416666666667 0
1679439635031 0.9951388888888889 0
1679439641784 0.9993055555555556 0
1679439648687 0.9993055555555556 0
1679439655899 0.9993055555555556 0
1679439662848 0.9993055555555556 0
1679439669844 0.9996527777777777 0
1679439688803 0.7888888888888889 0
1679439696239 0.9538194444444444 0
1679439703945 0.9743055555555555 0
1679439711765 0.9888888888888889 0
1679439719560 0.9972222222222222 0
1679439727280 0.9972222222222222 0
1679439734983 0.9979166666666667 0
1679439742353 0.9993055555555556 0
1679439749850 1.0 0
1679439757519 0.9979166666666667 0
1679439778051 0.7958333333333333 0
1679439786666 0.9572916666666667 0
1679439795160 0.9711805555555556 0
1679439803793 0.9868055555555556 0
1679439812163 0.9975694444444444 0
1679439820642 0.9982638888888888 0
1679439829378 0.9989583333333333 0
1679439837578 0.9993055555555556 0
1679439845489 0.9996527777777777 0
1679439853533 0.9996527777777777 0
1679439875160 0.8041666666666667 0
1679439883983 0.9534722222222223 0
1679439893115 0.9666666666666667 0
1679439902144 0.9822916666666667 0
1679439911213 0.9927083333333333 0
1679439920360 0.99375 0
1679439929309 0.996875 0
1679439938412 0.9989583333333333 0
1679439946686 0.9993055555555556 0
1679439955427 0.9989583333333333 0
1679439978165 0.7871527777777778 0
1679439987792 0.9447916666666667 0
1679439997379 0.9694444444444444 0
1679440007047 0.9864583333333333 0
1679440016714 0.9930555555555556 0
1679440026678 0.9961805555555555 0
1679440036075 0.9993055555555556 0
1679440045450 0.9993055555555556 0
1679440054529 1.0 0
1679440064275 0.9993055555555556 0
1679440086467 0.7597222222222222 0
1679440096906 0.9423611111111111 0
1679440107395 0.9628472222222222 0
1679440117903 0.9753472222222223 0
1679440128482 0.9850694444444444 0
1679440138554 0.9920138888888889 0
1679440148469 0.9934027777777777 0
1679440158230 0.9972222222222222 0
1679440168648 0.9996527777777777 0
1679440178887 0.9986111111111111 0
1679440203348 0.7864583333333334 0
1679440214391 0.9489583333333333 0
1679440225459 0.9638888888888889 0
1679440236564 0.9795138888888889 0
1679440247605 0.9847222222222223 0
1679440257708 0.9923611111111111 0
1679440268688 0.996875 0
1679440279553 0.9975694444444444 0
1679440290509 0.9986111111111111 0
1679440301480 0.9993055555555556 0
1679440326222 0.7677083333333333 0
1679440338119 0.9489583333333333 0
1679440349946 0.9715277777777778 0
1679440360468 0.9836805555555556 0
1679440372102 0.9913194444444444 0
1679440383643 0.9972222222222222 0
1679440395340 0.9979166666666667 0
1679440406967 0.9975694444444444 0
1679440418924 0.9982638888888888 0
1679440430380 0.9993055555555556 0
1679440455659 0.8097222222222222 0
1679440466855 0.9559027777777778 0
1679440478680 0.9694444444444444 0
1679440491002 0.9802083333333333 0
1679440503472 0.9864583333333333 0
1679440515875 0.9944444444444445 0
1679440528195 0.9961805555555555 0
1679440540275 0.9993055555555556 0
1679440552619 0.9989583333333333 0
1679440563838 1.0 0
1679440591457 0.7954861111111111 0
1679440604320 0.9586805555555555 0
1679440617248 0.971875 0
1679440630151 0.9857638888888889 0
1679440643156 0.9947916666666666 0
1679440656175 0.9975694444444444 0
1679440667964 0.9979166666666667 0
1679440680542 0.9996527777777777 0
1679440693458 1.0 0
1679440706360 0.9986111111111111 0
1679440733935 0.7979166666666667 0
1679440747358 0.9583333333333334 0
1679440760799 0.9694444444444444 0
1679440773404 0.984375 0
1679440786635 0.9916666666666667 0
1679440799945 0.9951388888888889 0
1679440813649 0.9958333333333333 0
1679440827121 0.9986111111111111 0
1679440840564 0.9986111111111111 0
1679440854184 0.9989583333333333 0
1679440881112 0.7371527777777778 0
1679440895319 0.9458333333333333 0
1679440909506 0.9673611111111111 0
1679440924053 0.978125 0
1679440938037 0.9850694444444444 0
1679440951858 0.9923611111111111 0
1679440965782 0.9975694444444444 0
1679440979176 0.9993055555555556 0
1679440992649 0.9993055555555556 0
1679441006896 1.0 0
1679441037611 0.7854166666666667 0
1679441052306 0.9597222222222223 0
1679441067408 0.9684027777777777 0
1679441082020 0.9805555555555555 0
1679441095539 0.9871527777777778 0
1679441110412 0.9927083333333333 0
1679441125404 0.9954861111111111 0
1679441140309 0.9993055555555556 0
1679441154950 0.9996527777777777 0
1679441169764 0.9996527777777777 0
1679441199247 0.7850694444444445 0
1679441214732 0.9555555555555556 0
1679441230365 0.9666666666666667 0
1679441245192 0.9798611111111111 0
1679441260556 0.9920138888888889 0
1679441276083 0.9944444444444445 0
1679441291304 0.9975694444444444 0
1679441305421 0.9989583333333333 0
1679441320814 0.9989583333333333 0
1679441336289 0.9996527777777777 0
1679441367125 0.8204861111111111 0
1679441382998 0.9618055555555556 0
1679441398671 0.9784722222222222 0
1679441413639 0.9878472222222222 0
1679441429427 0.9951388888888889 0
1679441445540 0.9958333333333333 0
1679441461709 0.9989583333333333 0
1679441477585 1.0 0
1679441493865 0.9982638888888888 0
1679441509207 0.9996527777777777 0
