1679439306429 3.073748770984821 0
1679439309403 2.8013082309626043 0
1679439312483 2.9513465630589053 0
1679439316480 3.8287009380292147 0
1679439320531 3.8952847300097346 0
1679439324472 3.7613606710219756 0
1679439328155 3.5149686289951205 0
1679439331049 2.7200124610681087 0
1679439334037 2.8183986520161852 0
1679439337598 3.368239836068824 0
1679439352047 3.5263463959563524 0
1679439356749 4.512859286973253 0
1679439360462 3.5405518469633535 0
1679439365051 4.406674105091952 0
1679439368723 3.491400269907899 0
1679439372907 4.027995784999803 0
1679439376555 3.4770028999773785 0
1679439380505 3.7716148069594055 0
1679439384878 4.19600596500095 0
1679439388683 3.629148062085733 0
1679439404607 4.751403062022291 0
1679439409099 4.354580316925421 0
1679439413705 4.4304908469785005 0
1679439417974 4.11094914295245 0
1679439422841 4.723216929938644 0
1679439428348 5.331082377932034 0
1679439433786 5.1955603120150045 0
1679439438591 4.638387916958891 0
1679439442866 4.106985531980172 0
1679439448208 5.140932475100271 0
1679439464629 5.162632230902091 0
1679439469821 5.012159503996372 0
1679439475555 5.527854324085638 0
1679439480632 4.870538918999955 0
1679439486489 5.66754879290238 0
1679439492021 5.389990822062828 0
1679439497112 4.894420425989665 0
1679439502724 5.412407202995382 0
1679439507922 4.997463527019136 0
1679439514043 5.937259068945423 0
1679439531314 5.652368952985853 0
1679439538139 6.671148035908118 0
1679439544448 6.143465606961399 0
1679439550970 6.351922288071364 0
1679439557262 6.084115394973196 0
1679439563633 6.1691197119653225 0
1679439569627 5.82535384199582 0
1679439575619 5.788772807922214 0
1679439582073 6.241501864045858 0
1679439588265 5.966591622913256 0
1679439607661 7.504436874995008 0
1679439614352 6.476067384937778 0
1679439621060 6.558974770014174 0
1679439627880 6.632886044913903 0
1679439635052 6.971969285979867 0
1679439641806 6.593919756007381 0
1679439648707 6.740163540001959 0
1679439655917 6.9931311489781365 0
1679439662867 6.7278575820382684 0
1679439669861 6.8428272240562364 0
1679439688825 7.193686165031977 0
1679439696260 7.278852383024059 0
1679439703964 7.474443094106391 0
1679439711781 7.607405621907674 0
1679439719579 7.569726385991089 0
1679439727301 7.501161042950116 0
1679439735002 7.48858357896097 0
1679439742380 7.209885324002244 0
1679439749869 7.3272921099560335 0
1679439757537 7.4446659500245005 0
1679439778069 8.14764759503305 0
1679439786686 8.39621789404191 0
1679439795182 8.25879042292945 0
1679439803816 8.395692426012829 0
1679439812182 8.16349273500964 0
1679439820661 8.248782995971851 0
1679439829397 8.489498595008627 0
1679439837598 7.9942068490199745 0
1679439845510 7.728021732997149 0
1679439853555 7.879457572009414 0
1679439875184 8.991135541931726 0
1679439884003 8.594447641982697 0
1679439893132 8.916984049952589 0
1679439902165 8.815868514939211 0
1679439911233 8.85401082597673 0
1679439920381 8.9280046740314 0
1679439929327 8.734470644034445 0
1679439938433 8.907487594988197 0
1679439946703 8.109068959020078 0
1679439955447 8.572667081025429 0
1679439978189 9.29751473502256 0
1679439987816 9.386387960985303 0
1679439997401 9.376650783931836 0
1679440007069 9.436346775968559 0
1679440016736 9.441621941979975 0
1679440026700 9.793444155948237 0
1679440036102 9.23248613299802 0
1679440045468 9.21620995993726 0
1679440054551 8.9219816949917 0
1679440064298 9.523088569985703 0
1679440086489 9.900490583968349 0
1679440096930 10.219899159972556 0
1679440107415 10.236937306006439 0
1679440117922 10.250035393983126 0
1679440128499 10.417979724006727 0
1679440138571 9.906414555036463 0
1679440148489 9.761164646944962 0
1679440158247 9.547720517031848 0
1679440168672 10.251400901004672 0
1679440178906 10.011023045051843 0
1679440203368 10.81584436900448 0
1679440214412 10.800321527058259 0
1679440225481 10.843186821904965 0
1679440236590 10.875959626981057 0
1679440247627 10.820798481930979 0
1679440257723 9.930599010083824 0
1679440268714 10.749151339987293 0
1679440279571 10.674079050077125 0
1679440290536 10.741739558055997 0
1679440301496 10.746265839086846 0
1679440326245 11.13182812195737 0
1679440338143 11.675121930078603 0
1679440349966 11.615166742005385 0
1679440360501 10.320470944046974 0
1679440372127 11.452450306969695 0
1679440383665 11.305926186032593 0
1679440395362 11.468158759060316 0
1679440406987 11.39218703203369 0
1679440418955 11.700813448056579 0
1679440430401 11.224968279944733 0
1679440455676 11.42623674403876 0
1679440466874 11.028791456017643 0
1679440478706 11.593609452946112 0
1679440491023 12.08740888198372 0
1679440503508 12.221256193006411 0
1679440515896 12.140959319891408 0
1679440528222 12.133355967933312 0
1679440540302 11.846035517053679 0
1679440552637 12.107877935050055 0
1679440563856 11.05214951490052 0
1679440591482 12.714493602979928 0
1679440604337 12.610964008024894 0
1679440617275 12.695234440034255 0
1679440630174 12.644166140002199 0
1679440643180 12.765307756024413 0
1679440656199 12.759440665948205 0
1679440667985 11.608094763942063 0
1679440680569 12.357908214093186 0
1679440693481 12.680974561953917 0
1679440706382 12.676606301916763 0
1679440733959 13.508650400908664 0
1679440747385 13.185633277054876 0
1679440760821 13.185143431997858 0
1679440773425 12.424114385037683 0
1679440786657 13.054247639956884 0
1679440799969 13.067625712952577 0
1679440813671 13.5206201269757 0
1679440827151 13.240012414986268 0
1679440840584 13.253625674988143 0
1679440854211 13.360189555911347 0
1679440881128 12.365987977012992 0
1679440895346 13.969143431982957 0
1679440909528 14.000125462072901 0
1679440924078 14.308849413995631 0
1679440938056 13.735978354001418 0
1679440951883 13.573437185026705 0
1679440965807 13.685569836990908 0
1679440979196 13.22372895409353 0
1679440992684 13.232685804949142 0
1679441006917 14.047414310975 0
1679441037637 14.714074988034554 0
1679441052329 14.468134696013294 0
1679441067434 14.840001065051183 0
1679441082038 14.424313151976094 0
1679441095559 13.280057869968005 0
1679441110445 14.675431874929927 0
1679441125426 14.719358232920058 0
1679441140340 14.652958569000475 0
1679441154974 14.447976500028744 0
1679441169793 14.547119508031756 0
1679441199277 14.1380913319299 0
1679441214752 15.27909531595651 0
1679441230399 15.402384188957512 0
1679441245213 14.584798814030364 0
1679441260586 15.175412985030562 0
1679441276112 15.272276623058133 0
1679441291330 15.027012151083909 0
1679441305447 13.879164460930042 0
1679441320832 15.181895453017205 0
1679441336316 15.217709230957553 0
1679441367162 15.291502722073346 0
1679441383027 15.592552936053835 0
1679441398694 15.487718190997839 0
1679441413666 14.696665126946755 0
1679441429448 15.591274006990716 0
1679441445575 15.823691345984116 0
1679441461737 15.901990712038241 0
1679441477616 15.622227834071964 0
1679441493894 16.000377524993382 0
1679441509242 15.160624861018732 0
