1679439306424 0.4244334355410602 0
1679439309396 0.10503298507796394 0
1679439312479 0.04521059567212231 0
1679439316472 0.018378467674160168 0
1679439320524 0.0063588640988907884 0
1679439324466 0.003906435644603334 0
1679439328150 0.003457919932811314 0
1679439331041 0.007362344645338858 0
1679439334031 0.0031302394998622023 0
1679439337593 0.001773586838842473 0
1679439352041 0.4809880755427811 0
1679439356743 0.04002759162233108 0
1679439360456 0.016313056262313493 0
1679439365045 0.008167056390084327 0
1679439368716 0.005433569098305371 0
1679439372894 0.0049356687167245485 0
1679439376549 0.004808705501879255 0
1679439380499 0.003238260209198213 0
1679439384874 0.0027197857316221216 0
1679439388677 0.002281270455569029 0
1679439404599 0.9016113802790642 0
1679439409091 0.12054868918947048 0
1679439413698 0.050079260450891325 0
1679439417966 0.024980376327099898 0
1679439422834 0.015833683381788432 0
1679439428338 0.010182806021637387 0
1679439433780 0.007926010969094932 0
1679439438584 0.005899223977596396 0
1679439442860 0.005031880231884619 0
1679439448202 0.004481218148592031 0
1679439464620 1.4378455829289225 0
1679439469815 0.1913821972389188 0
1679439475545 0.09050471560201712 0
1679439480622 0.04560455434127814 0
1679439486482 0.03058775834635728 0
1679439492013 0.02324476275179121 0
1679439497105 0.015689320344891813 0
1679439502716 0.010081102031593521 0
1679439507913 0.009250524557299085 0
1679439514038 0.00918767388082213 0
1679439531307 1.3679531169020467 0
1679439538132 0.16515804845839738 0
1679439544440 0.0819640429587 0
1679439550964 0.05421196319576767 0
1679439557255 0.03223305070358846 0
1679439563627 0.017340325895282956 0
1679439569616 0.01442105178721249 0
1679439575612 0.011436447599488827 0
1679439582066 0.009749603840625948 0
1679439588254 0.009410511914433704 0
1679439607654 1.4167608968085712 0
1679439614341 0.21986135022921693 0
1679439621054 0.11203139457437727 0
1679439627873 0.05990730047536393 0
1679439635045 0.033877245404033196 0
1679439641797 0.023493413363272944 0
1679439648699 0.01588552236660487 0
1679439655910 0.01674297507852316 0
1679439662859 0.0119960422679368 0
1679439669855 0.011082262457865808 0
1679439688816 1.3065391960243384 0
1679439696250 0.18253623565865887 0
1679439703957 0.09421646710899141 0
1679439711776 0.05523114365835984 0
1679439719572 0.03308810447860095 0
1679439727293 0.027529062925734454 0
1679439734995 0.020303808809775444 0
1679439742369 0.015178600440008773 0
1679439749861 0.013199955638911989 0
1679439757529 0.015979385727809534 0
1679439778062 1.3091790005150767 0
1679439786678 0.16867001582350996 0
1679439795174 0.10348811915351284 0
1679439803804 0.06018669214099646 0
1679439812174 0.037294235039088464 0
1679439820654 0.026212127175596026 0
1679439829390 0.022343164309859276 0
1679439837590 0.018532201740890743 0
1679439845502 0.01566919952424036 0
1679439853547 0.015186435708569156 0
1679439875174 1.191129906475544 0
1679439883995 0.20184333423773448 0
1679439893124 0.13449476069460312 0
1679439902156 0.09303429085347388 0
1679439911225 0.06224553874797291 0
1679439920373 0.05065185537354814 0
1679439929320 0.04054219184650315 0
1679439938424 0.031673386506736276 0
1679439946696 0.025765883384479417 0
1679439955439 0.024701594499250253 0
1679439978177 1.194504252407286 0
1679439987806 0.2139595232076115 0
1679439997392 0.12994425433377424 0
1679440007060 0.08649144489318132 0
1679440016728 0.06306783037467135 0
1679440026691 0.04523986505551471 0
1679440036091 0.03345775072359376 0
1679440045461 0.030127382340530553 0
1679440054541 0.02647645752876997 0
1679440064287 0.027105148860977757 0
1679440086479 1.2316194727189012 0
1679440096918 0.23980955605705578 0
1679440107406 0.15527826667659814 0
1679440117914 0.1241096286724011 0
1679440128493 0.0914342711162236 0
1679440138564 0.07148962840437889 0
1679440148482 0.05633339213414325 0
1679440158239 0.04582695977555381 0
1679440168663 0.034815871901810166 0
1679440178900 0.03357016657375627 0
1679440203361 1.2574228112896284 0
1679440214404 0.263708718203836 0
1679440225471 0.18258731961250305 0
1679440236578 0.12678308511773745 0
1679440247616 0.1017712947809034 0
1679440257717 0.0761270477126042 0
1679440268704 0.05849331956770685 0
1679440279565 0.05359997380938795 0
1679440290526 0.04987420327961445 0
1679440301489 0.04649948813021183 0
1679440326235 1.0512033376428815 0
1679440338132 0.22227466619677014 0
1679440349956 0.14692412730720308 0
1679440360482 0.11176739426122771 0
1679440372115 0.08411596255997816 0
1679440383655 0.06555027763048808 0
1679440395352 0.058821008230249085 0
1679440406980 0.05424193644689189 0
1679440418944 0.05095594653652774 0
1679440430390 0.04709286048180527 0
1679440455670 1.0954816704822912 0
1679440466866 0.2196932275262144 0
1679440478696 0.15623689740896224 0
1679440491015 0.12073604584568076 0
1679440503497 0.09927113594280348 0
1679440515886 0.08123318946195973 0
1679440528210 0.07208126232855849 0
1679440540290 0.05930173724061913 0
1679440552630 0.05637970446712441 0
1679440563849 0.05188908895684613 0
1679440591470 0.9994651137954659 0
1679440604330 0.2142714554236995 0
1679440617264 0.13846170736683738 0
1679440630164 0.10972844362258911 0
1679440643169 0.08349453653726313 0
1679440656188 0.07159648115436236 0
1679440667977 0.06456049904227257 0
1679440680556 0.0596886588467492 0
1679440693471 0.05550588299002912 0
1679440706372 0.05664740490416686 0
1679440733948 1.1711506808797518 0
1679440747371 0.23207047945923276 0
1679440760810 0.16123952857322163 0
1679440773415 0.12355899467236466 0
1679440786648 0.10016500453154246 0
1679440799958 0.09133421873880757 0
1679440813662 0.07858229685160849 0
1679440827134 0.0655129976156685 0
1679440840576 0.06421296666893694 0
1679440854200 0.05899392163587941 0
1679440881120 1.511240984665023 0
1679440895333 0.3308249323732323 0
1679440909519 0.22274322013060252 0
1679440924067 0.16655883449647163 0
1679440938048 0.13820260903901524 0
1679440951871 0.11454849532908863 0
1679440965796 0.09713742774393823 0
1679440979188 0.08954995373884837 0
1679440992671 0.08155369245343738 0
1679441006908 0.07640403004156218 0
1679441037622 1.2939388740393851 0
1679441052319 0.2890156227681372 0
1679441067422 0.21202073925071294 0
1679441082030 0.1609352062145869 0
1679441095551 0.14055134902397792 0
1679441110430 0.12261943187978533 0
1679441125417 0.10307209855980343 0
1679441140328 0.09098418512278134 0
1679441154965 0.0858484562072489 0
1679441169777 0.08188628910316362 0
1679441199264 1.2952385966976483 0
1679441214744 0.29070714563131334 0
1679441230383 0.21313204111324416 0
1679441245204 0.1696830468873183 0
1679441260567 0.13539914844764603 0
1679441276097 0.12139894689122836 0
1679441291316 0.10756871344314681 0
1679441305435 0.09718404652343857 0
1679441320824 0.09163435474038124 0
1679441336303 0.08909002418319384 0
1679441367146 1.120915406776799 0
1679441383012 0.24619328619705305 0
1679441398684 0.1774559047487047 0
1679441413653 0.14479204350047642 0
1679441429439 0.12515137733684645 0
1679441445561 0.11129579759306378 0
1679441461724 0.099261777020163 0
1679441477602 0.09252874453862509 0
1679441493881 0.091877495083544 0
1679441509219 0.08458269553052054 0
