1679258349440 0.32684518318331124 0
1679258353000 0.1284582532540548 0
1679258356859 0.05420862667732781 0
1679258360730 0.03778632149481507 0
1679258364387 0.01663910318037618 0
1679258368292 0.022313951704763538 0
1679258372218 0.008766566608149636 0
1679258376176 0.0749915338032331 0
1679258379796 0.05133095930810383 0
1679258383576 0.016310616362270415 0
1679258401432 0.31114809658923526 0
1679258408182 0.06573822748699656 0
1679258415036 0.03681381061991177 0
1679258421784 0.023935429240958823 0
1679258429095 0.017866697704927745 0
1679258437066 0.041089227474606936 0
1679258444064 0.009344694487787443 0
1679258450427 0.011940352008276953 0
1679258457239 0.014392926389310315 0
1679258464238 0.01848026144674272 0
1679258485326 0.34963898173402935 0
1679258495245 0.0524954520109419 0
1679258505015 0.03848782029627262 0
1679258514514 0.0370758184612348 0
1679258524634 0.02183273675456584 0
1679258534609 0.01915220428976391 0
1679258544253 0.020085469411760672 0
1679258553984 0.018479485276292826 0
1679258563630 0.011568070955329381 0
1679258573418 0.0205156837637451 0
1679258599128 0.42198371082748765 0
1679258612880 0.07180468931797006 0
1679258625434 0.035823879554575284 0
1679258638727 0.030013320301787178 0
1679258651912 0.029995637804144857 0
1679258665149 0.024203252089101603 0
1679258678512 0.02174968173427127 0
1679258692744 0.014603553235859336 0
1679258706235 0.0225346283187519 0
1679258719041 0.012259573184289876 0
1679258747454 0.3627385275613051 0
1679258762999 0.06607214412724716 0
1679258778741 0.04769685343205765 0
1679258794448 0.034428273325573855 0
1679258810564 0.03221602371844767 0
1679258828147 0.02087566272222574 0
1679258843749 0.021043442968419868 0
1679258859785 0.017267058055736584 0
1679258875925 0.020184744248034292 0
1679258891686 0.010576505388478097 0
1679258922297 0.39920618386325857 0
1679258941220 0.07829762116846878 0
1679258959483 0.04814436804007254 0
1679258980076 0.034100337866000446 0
1679258998723 0.03672759797503581 0
1679259017364 0.02940453932844424 0
1679259035416 0.025253268255370886 0
1679259054010 0.02313670063191032 0
1679259072570 0.021797431108058023 0
1679259090984 0.022151355747911015 0
1679259124970 0.38144000542861173 0
1679259148477 0.09316047183743842 0
1679259170213 0.05961067529031546 0
1679259192090 0.035476158152428106 0
1679259213792 0.04290532348590164 0
1679259235620 0.02633734134355499 0
1679259257278 0.02066070959796096 0
1679259279215 0.02973821465186074 0
1679259302978 0.020472763362278813 0
1679259324318 0.019920288786438874 0
1679259361790 0.42426279011330137 0
1679259386426 0.11434884169018293 0
1679259411109 0.06444335230629715 0
1679259436129 0.03701674210464173 0
1679259462354 0.042787889616498966 0
1679259487571 0.03181367807744054 0
1679259512126 0.03126840035424166 0
1679259536608 0.030104501097869104 0
1679259560921 0.016984696232909144 0
1679259585080 0.022699045222168757 0
1679259627113 0.4378096067254812 0
1679259654606 0.1471899634173931 0
1679259682340 0.09504923027545821 0
1679259709802 0.06298491200700831 0
1679259737603 0.04552927819813576 0
1679259765969 0.03799253618230835 0
1679259793622 0.03519703575877975 0
1679259821350 0.03959433764569421 0
1679259848832 0.02641533901848383 0
1679259876201 0.03053857950892657 0
1679259919435 0.4548594809995919 0
1679259950628 0.16656019450063114 0
1679259981518 0.08746034182564116 0
1679260012001 0.05862433349645538 0
1679260041961 0.044196043377529214 0
1679260072456 0.040954777066455304 0
1679260104199 0.033878819483313526 0
1679260134545 0.029771020262446764 0
1679260165157 0.031039449714724734 0
1679260196009 0.030090988678566646 0
1679260243882 0.4723945365713394 0
1679260276850 0.15506399383624778 0
1679260310598 0.10272067997170167 0
1679260343622 0.07116067243726752 0
1679260377024 0.052250975166381 0
1679260412182 0.041605055367118754 0
1679260445345 0.04228864016742772 0
1679260478811 0.03355994937623535 0
1679260512562 0.038321166486902265 0
1679260545806 0.03349299544890579 0
1679260595637 0.4391336987751357 0
1679260631919 0.15798378619696388 0
1679260668106 0.09403191498623253 0
1679260704336 0.06896250847610313 0
1679260743129 0.0510160344679181 0
1679260779876 0.041791200782769114 0
1679260815996 0.035341988492888395 0
1679260852440 0.037860817594251216 0
1679260890310 0.0420065058347163 0
1679260926182 0.029457382701106375 0
1679260978422 0.4544110272389914 0
1679261018101 0.173468672454405 0
1679261059052 0.1065462781600193 0
1679261098379 0.07501951436054458 0
1679261138091 0.05669950404878336 0
1679261177174 0.04687281525825052 0
1679261218682 0.042463045705882996 0
1679261257432 0.04853489154335984 0
1679261296246 0.03373145676927985 0
1679261335474 0.03585782756608198 0
1679261393192 0.4621466515932108 0
1679261435925 0.18636915121124706 0
1679261477629 0.11048942441495284 0
1679261520054 0.07478616750518276 0
1679261564972 0.05869193398515294 0
1679261607794 0.05671677609268721 0
1679261650439 0.04350262087394902 0
1679261693823 0.043809334312759865 0
1679261737756 0.0335882108445776 0
1679261782149 0.04166604897858643 0
1679261842787 0.47572457612224495 0
1679261888182 0.2081052103293006 0
1679261936032 0.11739218664700432 0
1679261982046 0.08471619339746252 0
1679262026880 0.05805974855378244 0
1679262074476 0.0523795323530866 0
1679262119325 0.04797164411654403 0
1679262165153 0.04833708528907231 0
1679262210272 0.0418461213985459 0
1679262257146 0.04372288365964551 0
1679262319053 0.4337686454249565 0
1679262367008 0.19262427845389493 0
1679262416959 0.12649907017130085 0
1679262464825 0.08721710361471079 0
1679262512470 0.06414144982158242 0
1679262562709 0.05948433187989969 0
1679262610102 0.05243037558825233 0
1679262658088 0.05397551196300916 0
1679262708848 0.04366366302257507 0
1679262757987 0.04776261395529572 0
1679262823274 0.42500092490648833 0
1679262876137 0.20262630330585585 0
1679262927061 0.1243312435319173 0
1679262978731 0.08587023744425464 0
1679263031514 0.06831546814397087 0
1679263083295 0.06060425129349206 0
1679263134919 0.058390973330394086 0
1679263188112 0.04929437394453882 0
1679263239909 0.05126623693388723 0
1679263291534 0.046037375624664575 0
1679263362257 0.42275608839730267 0
1679263416249 0.20332631182640928 0
1679263471794 0.13836628099900816 0
1679263527070 0.10632832846936632 0
1679263581404 0.079677864002799 0
1679263637395 0.06723298727317804 0
1679263690566 0.058293064550372024 0
1679263744833 0.06053841467829154 0
1679263801287 0.05453948586241106 0
1679263855050 0.05251877689797401 0
1679263927370 0.41729035197251624 0
1679263986135 0.22271427259200002 0
1679264042157 0.16119476730031906 0
1679264099978 0.12192675538959934 0
1679264158516 0.09729802529437774 0
1679264214873 0.0815677474864717 0
1679264274210 0.06995244327227444 0
1679264330832 0.06627414566404394 0
1679264387790 0.058940968821405204 0
1679264447307 0.05699413928833057 0
1679264522359 0.40289960676547176 0
1679264582616 0.23423602833432566 0
1679264643796 0.1830500815340024 0
1679264704209 0.14611098800325173 0
1679264766491 0.12073103070123097 0
1679264828156 0.1068566572552852 0
1679264892215 0.08824839792345592 0
1679264952555 0.07732629224593363 0
1679265013784 0.0745457973464628 0
1679265073496 0.06865256388569968 0
