1679258349428 0.8863357843137255 0
1679258352990 0.9571078431372549 0
1679258356847 0.9803921568627451 0
1679258360718 0.9880514705882353 0
1679258364376 0.9947916666666666 0
1679258368282 0.9941789215686274 0
1679258372206 0.9978553921568627 0
1679258376167 0.977328431372549 0
1679258379785 0.9856004901960784 0
1679258383562 0.9966299019607843 0
1679258401419 0.9233231707317073 0
1679258408169 0.9820121951219513 0
1679258415026 0.9900914634146342 0
1679258421772 0.99375 0
1679258429089 0.9939024390243902 0
1679258437056 0.9888719512195122 0
1679258444053 0.9975609756097561 0
1679258450415 0.9969512195121951 0
1679258457229 0.9951219512195122 0
1679258464225 0.9934451219512195 0
1679258485317 0.9154112377850163 0
1679258495235 0.9853420195439739 0
1679258505004 0.988599348534202 0
1679258514502 0.9892100977198697 0
1679258524617 0.9932817589576547 0
1679258534598 0.9947068403908795 0
1679258544242 0.9937907166123778 0
1679258553973 0.9952157980456026 0
1679258563622 0.9966408794788274 0
1679258573406 0.9940960912052117 0
1679258599117 0.9083079268292683 0
1679258612868 0.9788871951219512 0
1679258625422 0.9895579268292682 0
1679258638716 0.9914634146341463 0
1679258651900 0.9916158536585366 0
1679258665139 0.9924542682926829 0
1679258678499 0.9929878048780488 0
1679258692731 0.9963414634146341 0
1679258706228 0.9924542682926829 0
1679258719030 0.9965701219512195 0
1679258747443 0.93084716796875 0
1679258762980 0.98095703125 0
1679258778729 0.9859619140625 0
1679258794435 0.99029541015625 0
1679258810553 0.9906005859375 0
1679258828134 0.9937744140625 0
1679258843740 0.99420166015625 0
1679258859773 0.9949951171875 0
1679258875914 0.99407958984375 0
1679258891673 0.9971923828125 0
1679258922287 0.917530487804878 0
1679258941210 0.9768292682926829 0
1679258959470 0.9849085365853658 0
1679258980064 0.990650406504065 0
1679258998716 0.9889735772357724 0
1679259017351 0.991260162601626 0
1679259035406 0.9925813008130081 0
1679259053997 0.9941056910569106 0
1679259072558 0.9944613821138212 0
1679259090972 0.9932926829268293 0
1679259124963 0.9168262534818942 0
1679259148462 0.97070856545961 0
1679259170201 0.9818071030640668 0
1679259192080 0.989467270194986 0
1679259213782 0.986725278551532 0
1679259235609 0.9926444986072424 0
1679259257263 0.9938631615598886 0
1679259279202 0.9906859331476323 0
1679259302965 0.9938631615598886 0
1679259324306 0.9946465877437326 0
1679259361779 0.9140625 0
1679259386415 0.9660823170731707 0
1679259411094 0.9798780487804878 0
1679259436116 0.9882621951219512 0
1679259462345 0.9883384146341463 0
1679259487559 0.9907393292682927 0
1679259512114 0.9905106707317073 0
1679259536599 0.9916920731707317 0
1679259560909 0.9953506097560976 0
1679259585065 0.99375 0
1679259627099 0.9085861321776815 0
1679259654592 0.9543607800650055 0
1679259682326 0.9704767063921993 0
1679259709789 0.9806338028169014 0
1679259737590 0.9865926327193932 0
1679259765955 0.9887933369447454 0
1679259793606 0.9895381906825569 0
1679259821333 0.9891657638136512 0
1679259848818 0.9918066088840737 0
1679259876189 0.991332611050921 0
1679259919424 0.9013414634146342 0
1679259950616 0.948719512195122 0
1679259981507 0.973780487804878 0
1679260011992 0.9819512195121951 0
1679260041946 0.98625 0
1679260072445 0.9882621951219512 0
1679260104188 0.9903353658536586 0
1679260134531 0.9911280487804878 0
1679260165146 0.9906707317073171 0
1679260195996 0.9914024390243903 0
1679260243875 0.9085771276595744 0
1679260276838 0.9515735815602837 0
1679260310585 0.9678080673758865 0
1679260343605 0.9781139184397163 0
1679260377011 0.9845689273049646 0
1679260412172 0.987145390070922 0
1679260445333 0.9881981382978723 0
1679260478799 0.9906914893617021 0
1679260512549 0.9901374113475178 0
1679260545794 0.9899711879432624 0
1679260595625 0.908483956133225 0
1679260631906 0.9516653127538587 0
1679260668095 0.9707300974817222 0
1679260704328 0.9787266450040617 0
1679260743117 0.9850477254264826 0
1679260779863 0.9875101543460602 0
1679260815985 0.9889063769293257 0
1679260852428 0.9880686433793664 0
1679260890303 0.9867739642567018 0
1679260926171 0.9910134037367994 0
1679260978412 0.9075628282070518 0
1679261018092 0.9468539009752438 0
1679261059039 0.9659836834208552 0
1679261098365 0.9768614028507127 0
1679261138080 0.9830973368342085 0
1679261177162 0.9852306826706677 0
1679261218671 0.9873171417854464 0
1679261257413 0.9856057764441111 0
1679261296234 0.9901303450862715 0
1679261335464 0.9889347336834209 0
1679261393179 0.9009401114206128 0
1679261435914 0.9438326949860725 0
1679261477616 0.9649634401114207 0
1679261520045 0.9775635445682451 0
1679261564956 0.9821117688022284 0
1679261607780 0.9825687674094707 0
1679261650421 0.9873346100278552 0
1679261693811 0.9862465181058496 0
1679261737742 0.9899242688022284 0
1679261782136 0.9874216573816156 0
1679261842775 0.9062906371911573 0
1679261888171 0.940303966189857 0
1679261936017 0.9629795188556567 0
1679261982026 0.973728055916775 0
1679262026869 0.981327210663199 0
1679262074462 0.9841514954486346 0
1679262119314 0.9851674252275683 0
1679262165141 0.9854112483745123 0
1679262210260 0.9868741872561768 0
1679262257130 0.9871586475942783 0
1679262319041 0.9111441194393662 0
1679262366991 0.9424512492382694 0
1679262416946 0.9601424436319318 0
1679262464811 0.9730347349177331 0
1679262512459 0.979319012797075 0
1679262562691 0.9818136806825106 0
1679262610088 0.9834514015843998 0
1679262658076 0.9840036563071298 0
1679262708835 0.9861936319317489 0
1679262757975 0.984613040828763 0
1679262823260 0.9140625 0
1679262876125 0.9420154816513762 0
1679262927047 0.9613675458715596 0
1679262978720 0.9729608658256881 0
1679263031502 0.9787306479357798 0
1679263083281 0.9817588876146789 0
1679263134906 0.981651376146789 0
1679263188099 0.984787127293578 0
1679263239898 0.9841241399082569 0
1679263291522 0.9853605217889908 0
1679263362241 0.9148496749729144 0
1679263416234 0.9425277627302275 0
1679263471780 0.9578141928494042 0
1679263527048 0.9660752979414952 0
1679263581390 0.9747765438786565 0
1679263637384 0.9794488082340195 0
1679263690546 0.9808200162513543 0
1679263744816 0.9806507313109426 0
1679263801276 0.9829868634886241 0
1679263855039 0.9831561484290358 0
1679263927359 0.920183427398666 0
1679263986125 0.9398249102103643 0
1679264042143 0.9519144433042586 0
1679264099960 0.9611659825551565 0
1679264158504 0.9690546434068753 0
1679264214846 0.974089276552078 0
1679264274196 0.9779534376603386 0
1679264330819 0.9789475371985633 0
1679264387778 0.9809678040020523 0
1679264447295 0.9821543099025141 0
1679264522349 0.9177992442710873 0
1679264582607 0.9363115553388591 0
1679264643784 0.9446154314968308 0
1679264704194 0.9543515358361775 0
1679264766480 0.9617564602632862 0
1679264828142 0.9657636518771331 0
1679264892204 0.9717820575329108 0
1679264952538 0.9756673573866407 0
1679265013772 0.9768862749878108 0
1679265073485 0.9781966114090688 0
