1679227663588 0.5888342981537183 0
1679227666864 0.11294471134669055 0
1679227670934 0.04825827911240505 0
1679227675133 0.021976623387422924 0
1679227679381 0.014817636719147 0
1679227683438 0.006581049999701516 0
1679227687739 0.005134547715344667 0
1679227692100 0.004258857348901859 0
1679227696180 0.0031487776860183872 0
1679227700357 0.0024247075883014235 0
1679227720413 2.3281562807513216 0
1679227725046 1.6550990109350168 0
1679227729874 1.5172803343511094 0
1679227734970 1.4376142515855677 0
1679227739882 1.402135690053304 0
1679227744725 1.3580502330088149 0
1679227749526 1.3505702264168684 0
1679227754440 1.3372598792992385 0
1679227759233 1.3164442123151292 0
1679227764050 1.3039741212246465 0
1679227783109 2.999408645957124 0
1679227788044 1.9076051747097689 0
1679227792869 1.7605796175844528 0
1679227797865 1.6626068470524806 0
1679227802631 1.6193680950239593 0
1679227807779 1.582410565778321 0
1679227812741 1.5710664403204824 0
1679227817761 1.5566500016287261 0
1679227822621 1.5479883633407892 0
1679227827674 1.5301404758995654 0
1679227844819 3.142042532855389 0
1679227849725 2.0211209082135966 0
1679227854584 1.8265301690382116 0
1679227859573 1.7170849313922958 0
1679227864390 1.6600266858643176 0
1679227869352 1.6271127240330565 0
1679227874190 1.601517307992075 0
1679227878908 1.5780237246962154 0
1679227883712 1.5531353319392485 0
1679227888680 1.5350838969735539 0
1679227905068 3.2619057987250533 0
1679227909794 2.1535049793766996 0
1679227914869 1.890338519040276 0
1679227919745 1.7648478524357665 0
1679227924549 1.7011307442889494 0
1679227929517 1.650069704242781 0
1679227934302 1.6136725953980988 0
1679227939189 1.589530309041341 0
1679227943989 1.5715551621773665 0
1679227948714 1.56160965386559 0
1679227966631 3.5448450621436622 0
1679227971434 2.342344924515369 0
1679227976153 2.0241911972270294 0
1679227980922 1.8611948758948083 0
1679227985815 1.7552766180505939 0
1679227990540 1.6890356634177415 0
1679227995391 1.6590965565513163 0
1679228000370 1.6307024675257065 0
1679228005346 1.6095210243673885 0
1679228009903 1.600382879668591 0
1679228028072 3.769556580805311 0
1679228033389 2.5432996960247265 0
1679228038375 2.164751134666742 0
1679228043225 1.9425222347764408 0
1679228048280 1.810517216429991 0
1679228053010 1.76224411352008 0
1679228057911 1.7016154504289813 0
1679228062842 1.6634053552851957 0
1679228067244 1.6453181797382879 0
1679228072234 1.6354797201998093 0
1679228090563 3.8884274749194874 0
1679228095380 2.597059310651293 0
1679228100410 2.224186275519577 0
1679228105443 1.9869612630675821 0
1679228110188 1.8350324572301377 0
1679228115341 1.7565367350391312 0
1679228120314 1.715496655772714 0
1679228124896 1.6831065696828507 0
1679228129728 1.6671611853674346 0
1679228134538 1.639016445945291 0
1679228153217 3.9335287201638316 0
1679228158195 2.547159330517638 0
1679228163051 2.168687279317893 0
1679228167936 1.9677763943578683 0
1679228172903 1.820965866247813 0
1679228177914 1.7739463366714179 0
1679228182281 1.727613925933838 0
1679228187252 1.6944294174512227 0
1679228192051 1.6547542915624731 0
1679228196859 1.649990768993602 0
1679228214471 3.979860934556699 0
1679228219591 2.588189022213805 0
1679228224491 2.185331079305387 0
1679228229628 1.9553196757447486 0
1679228234662 1.8184900540931552 0
1679228238963 1.7665852553704207 0
1679228243808 1.7302786404011297 0
1679228248722 1.6987514530911165 0
1679228253759 1.6731086151272643 0
1679228258854 1.6624988504484588 0
1679228277548 4.018909400584651 0
1679228282633 2.673156824766421 0
1679228287815 2.2255285393957998 0
1679228292914 1.987364465115117 0
1679228297280 1.8379336560473722 0
1679228302250 1.7749372744092755 0
1679228307329 1.7281519209637362 0
1679228312286 1.7057448076266868 0
1679228317200 1.6795886603056216 0
1679228322044 1.6480031819904553 0
1679228341032 3.8818123083488616 0
1679228346074 2.5307763838300517 0
1679228351112 2.1515998068977806 0
1679228355591 1.9376380712378258 0
1679228360569 1.815602094519372 0
1679228365551 1.7688207544532477 0
1679228370568 1.7265337799109666 0
1679228375622 1.6912094915614408 0
1679228380469 1.6755431902174855 0
1679228385447 1.6366569762136423 0
1679228404966 3.790517944915622 0
1679228409761 2.46647227044199 0
1679228414393 2.106355516349568 0
1679228419092 1.9150946888269162 0
1679228424024 1.7966037614672792 0
1679228428849 1.7394933969366784 0
1679228433868 1.6952706096219081 0
1679228438951 1.6614351272583008 0
1679228443941 1.6431749030655505 0
1679228448763 1.626420070143307 0
1679228467810 3.813361735904918 0
1679228472835 2.5475151094735837 0
1679228477587 2.173131954436209 0
1679228482720 1.9563545689863318 0
1679228487382 1.837928777816249 0
1679228492520 1.7649325973847334 0
1679228497399 1.7112477188016855 0
1679228502426 1.6879425866931093 0
1679228507379 1.6655144644718545 0
1679228512370 1.6457427997215122 0
1679228531856 3.811982514811497 0
1679228536904 2.5514624703164195 0
1679228541979 2.1708467707914463 0
1679228546753 1.9467683142306758 0
1679228551693 1.840323015755298 0
1679228556779 1.7606926174724804 0
1679228561859 1.6936197806807125 0
1679228566799 1.6752328814244737 0
1679228571742 1.6459389025089788 0
1679228576745 1.6321760906892664 0
1679228595906 3.921629218494191 0
1679228600338 2.5742805541730394 0
1679228605240 2.1714402776138457 0
1679228610342 1.9644434744236516 0
1679228615248 1.8283252645941341 0
1679228619929 1.7665742612352557 0
1679228624792 1.728255171401828 0
1679228629762 1.6955160895983379 0
1679228634625 1.6759658724653954 0
1679228639709 1.6504275705300124 0
1679228661153 3.8998340368270874 0
1679228666105 2.6941032736909154 0
1679228670949 2.3146444418851067 0
1679228675836 2.055804377677394 0
1679228680665 1.9016070354218577 0
1679228685869 1.8029928978751688 0
1679228690661 1.7372112566349553 0
1679228695679 1.7042964357955783 0
1679228700548 1.674759146045236 0
1679228705588 1.65643335908067 0
1679228725028 3.8193320760539935 0
1679228729927 2.50561084466822 0
1679228735060 2.1477128372472873 0
1679228739801 1.9541432027723276 0
1679228744753 1.8252737183196872 0
1679228749742 1.7492230522866343 0
1679228754644 1.7015556389210271 0
1679228759669 1.6876506361306882 0
1679228764678 1.6537864792580699 0
1679228769127 1.6365223117903167 0
1679228789461 3.865698954638313 0
1679228794415 2.5984845021191765 0
1679228799491 2.186054298690721 0
1679228804784 1.9483707184885062 0
1679228809790 1.8320827869807972 0
1679228814543 1.763135436703177 0
1679228819504 1.718061111721338 0
1679228824516 1.6884967848366381 0
1679228829520 1.670093573775946 0
1679228834456 1.6372188388132582 0
1679228854882 3.8556125304278206 0
1679228860177 2.4749898957271204 0
1679228865262 2.132624997812159 0
1679228870131 1.9504603790301902 0
1679228875081 1.8249466851645826 0
1679228880007 1.7594215332293044 0
1679228885183 1.7146252019732606 0
1679228890218 1.6802925607737373 0
1679228895310 1.655307864441591 0
1679228900168 1.6337254771999283 0
