1679227663596 4.514966489048675 0
1679227666870 3.157611270027701 0
1679227670940 3.9313711909926496 0
1679227675141 4.055916832992807 0
1679227679390 4.1030347750056535 0
1679227683445 3.9084498870070092 0
1679227687748 4.159530992037617 0
1679227692107 4.215035556000657 0
1679227696187 3.9265271429903805 0
1679227700362 4.034708368999418 0
1679227720419 4.770234122988768 0
1679227725055 4.474901869019959 0
1679227729882 4.673547424026765 0
1679227734978 4.877099383971654 0
1679227739889 4.7680698379990645 0
1679227744732 4.6895839649951085 0
1679227749533 4.655997208028566 0
1679227754445 4.766921518021263 0
1679227759244 4.639830046973657 0
1679227764056 4.664911169966217 0
1679227783115 5.003036456007976 0
1679227788050 4.799704655946698 0
1679227792876 4.679341460985597 0
1679227797873 4.839282184024341 0
1679227802641 4.611194463970605 0
1679227807787 4.979286157002207 0
1679227812753 4.798500625998713 0
1679227817769 4.857725580048282 0
1679227822628 4.7290158799733035 0
1679227827682 4.8929980469984 0
1679227844826 4.63079447101336 0
1679227849736 4.754497045010794 0
1679227854592 4.698321586009115 0
1679227859581 4.834476516989525 0
1679227864403 4.664548602013383 0
1679227869358 4.80575979402056 0
1679227874196 4.684641736035701 0
1679227878915 4.556954340951052 0
1679227883718 4.637464758998249 0
1679227888690 4.810334538051393 0
1679227905074 4.886270047049038 0
1679227909799 4.576764927012846 0
1679227914876 4.924808300042059 0
1679227919753 4.714041324972641 0
1679227924559 4.650637193000875 0
1679227929525 4.812390397011768 0
1679227934308 4.6338316250476055 0
1679227939197 4.745354866026901 0
1679227943996 4.640116866037715 0
1679227948721 4.550577969988808 0
1679227966640 4.718870404991321 0
1679227971445 4.629654388001654 0
1679227976160 4.5770025120000355 0
1679227980933 4.615010600013193 0
1679227985821 4.730138948012609 0
1679227990549 4.561794373032171 0
1679227995400 4.679448309005238 0
1679228000382 4.80879056698177 0
1679228005358 4.825812513998244 0
1679228009908 4.3937052200199105 0
1679228028078 4.686677094025072 0
1679228033398 5.146296500985045 0
1679228038382 4.835810036980547 0
1679228043232 4.6991603130009025 0
1679228048286 4.905210189055651 0
1679228053018 4.581322515965439 0
1679228057923 4.753543089958839 0
1679228062849 4.779777976975311 0
1679228067255 4.23499632300809 0
1679228072241 4.828119056997821 0
1679228090569 4.803655297961086 0
1679228095390 4.673746485030279 0
1679228100415 4.820723703014664 0
1679228105451 4.8728267349652015 0
1679228110194 4.594334300956689 0
1679228115353 4.9864221989992075 0
1679228120323 4.801184406969696 0
1679228124903 4.418951230996754 0
1679228129736 4.668969872989692 0
1679228134554 4.648734603018966 0
1679228153223 4.71470314799808 0
1679228158203 4.848705419979524 0
1679228163057 4.701036473968998 0
1679228167944 4.735024208959658 0
1679228172912 4.800711428048089 0
1679228177923 4.865453775040805 0
1679228182287 4.203207515995018 0
1679228187262 4.802879479015246 0
1679228192059 4.635623374022543 0
1679228196865 4.646831870952155 0
1679228214481 4.834134907985572 0
1679228219598 4.9075557489995845 0
1679228224497 4.755374807980843 0
1679228229636 4.957851499028038 0
1679228234674 4.8647219319827855 0
1679228238971 4.136864310014062 0
1679228243817 4.668862310005352 0
1679228248730 4.747138655046001 0
1679228253766 4.873636343982071 0
1679228258861 4.937149482022505 0
1679228277556 4.915351571980864 0
1679228282646 4.9259922510245815 0
1679228287827 5.0094371199957095 0
1679228292921 4.937652260996401 0
1679228297290 4.213497955992352 0
1679228302256 4.806393669045065 0
1679228307340 4.926493361999746 0
1679228312294 4.792924466019031 0
1679228317214 4.764148248010315 0
1679228322052 4.668495196965523 0
1679228341049 4.728215728013311 0
1679228346082 4.865927169972565 0
1679228351120 4.860726538056042 0
1679228355598 4.3236518210032955 0
1679228360582 4.81198866100749 0
1679228365559 4.809566496987827 0
1679228370575 4.856280929001514 0
1679228375631 4.873752767976839 0
1679228380477 4.666265584004577 0
1679228385456 4.805080043035559 0
1679228404974 4.964651120011695 0
1679228409770 4.617694748973008 0
1679228414404 4.42842221702449 0
1679228419100 4.533428354014177 0
1679228424031 4.761856547032949 0
1679228428863 4.681897783011664 0
1679228433876 4.833325486979447 0
1679228438958 4.915794258995447 0
1679228443949 4.819401030021254 0
1679228448771 4.651702692965046 0
1679228467827 4.703252342005726 0
1679228472842 4.856231832993217 0
1679228477596 4.579048009007238 0
1679228482728 4.96072654298041 0
1679228487393 4.466597680002451 0
1679228492529 4.980438744998537 0
1679228497411 4.715604836004786 0
1679228502434 4.85391486500157 0
1679228507389 4.790038517967332 0
1679228512377 4.835935806040652 0
1679228531869 4.674087335006334 0
1679228536911 4.886255056015216 0
1679228541987 4.902459183998872 0
1679228546760 4.598510876006912 0
1679228551705 4.7758210389874876 0
1679228556791 4.909838654042687 0
1679228561871 4.899062092998065 0
1679228566807 4.769842247013003 0
1679228571750 4.782175765954889 0
1679228576754 4.844808255031239 0
1679228595914 4.78198531200178 0
1679228600346 4.271594263031147 0
1679228605248 4.739039651001804 0
1679228610350 4.924283969041426 0
1679228615266 4.7391576720401645 0
1679228619938 4.5254659070051275 0
1679228624804 4.707532472035382 0
1679228629773 4.808745578979142 0
1679228634632 4.697977303992957 0
1679228639717 4.913286282971967 0
1679228661160 4.880375417007599 0
1679228666113 4.787156221980695 0
1679228670961 4.671981610008515 0
1679228675844 4.735852900019381 0
1679228680674 4.66969001601683 0
1679228685878 4.962382432015147 0
1679228690674 4.628524789004587 0
1679228695698 4.839603653002996 0
1679228700556 4.669993041956332 0
1679228705597 4.851057079969905 0
1679228725045 4.7277178060030565 0
1679228729936 4.737834175990429 0
1679228735068 4.967969656980131 0
1679228739809 4.559307936986443 0
1679228744762 4.783496371994261 0
1679228749755 4.827318539028056 0
1679228754653 4.7178167490055785 0
1679228759678 4.835858224018011 0
1679228764686 4.838499550009146 0
1679228769139 4.295087140984833 0
1679228789470 4.912453714990988 0
1679228794425 4.766180444974452 0
1679228799506 4.887311113998294 0
1679228804795 5.119639554992318 0
1679228809799 4.8258745379862376 0
1679228814551 4.577175120997708 0
1679228819514 4.773136629955843 0
1679228824529 4.799390721949749 0
1679228829529 4.823510713002179 0
1679228834465 4.769009070005268 0
1679228854890 4.6691461249720305 0
1679228860185 5.138640639022924 0
1679228865277 4.910839842981659 0
1679228870142 4.689306385989767 0
1679228875090 4.7761592289898545 0
1679228880015 4.709140782011673 0
1679228885192 5.001920301991049 0
1679228890231 4.863857424992602 0
1679228895322 4.915394495008513 0
1679228900179 4.691314977011643 0
