1678808353139 0.8682598039215687 0
1678808355758 0.9595588235294118 0
1678808358290 0.9613970588235294 0
1678808360881 0.9825367647058824 0
1678808363474 0.9767156862745098 0
1678808366116 0.9859068627450981 0
1678808368762 0.9901960784313726 0
1678808371420 0.9981617647058824 0
1678808374013 0.9996936274509803 0
1678808376621 0.9990808823529411 0
1678808410878 0.9455049261083743 0
1678808415122 0.9842980295566502 0
1678808419335 0.9961514778325123 0
1678808423466 0.9981527093596059 0
1678808427087 0.9979987684729064 0
1678808430768 0.9932266009852216 0
1678808434488 0.9889162561576355 0
1678808438768 0.9990763546798029 0
1678808443079 0.9990763546798029 0
1678808447457 0.9995381773399015 0
1678808484638 0.9544613486842105 0
1678808490873 0.9931126644736842 0
1678808496897 0.9917763157894737 0
1678808503134 0.9975328947368421 0
1678808509242 0.99609375 0
1678808515102 0.9955797697368421 0
1678808520802 0.9955797697368421 0
1678808526069 0.9969161184210527 0
1678808532267 0.9974300986842105 0
1678808537746 0.9942434210526315 0
1678808576701 0.9355757389162561 0
1678808584874 0.9904556650246306 0
1678808592924 0.9982296798029556 0
1678808599491 0.9946120689655172 0
1678808607486 0.9968442118226601 0
1678808615534 0.9953817733990148 0
1678808623553 0.9994612068965517 0
1678808631665 0.9987684729064039 0
1678808639777 0.9937653940886699 0
1678808647788 0.9983066502463054 0
1678808691779 0.9069280078895463 0
1678808701610 0.9813239644970414 0
1678808711324 0.9893984220907298 0
1678808721067 0.995870315581854 0
1678808730474 0.9947608481262328 0
1678808739674 0.9967948717948718 0
1678808747818 0.9920488165680473 0
1678808756070 0.9974112426035503 0
1678808764342 0.9969797830374754 0
1678808773857 0.9969181459566075 0
1678808819419 0.8891858552631579 0
1678808831041 0.962890625 0
1678808841995 0.980725740131579 0
1678808853362 0.9881784539473685 0
1678808864869 0.9919819078947368 0
1678808876394 0.9928556743421053 0
1678808888017 0.9952713815789473 0
1678808899559 0.9931640625 0
1678808910430 0.9932668585526315 0
1678808920164 0.9942948190789473 0
1678808966333 0.8798483779971791 0
1678808978225 0.9512958392101551 0
1678808990979 0.9778296897038082 0
1678809004396 0.9848377997179125 0
1678809017919 0.9892894922425952 0
1678809031405 0.9924188998589563 0
1678809044966 0.993564880112835 0
1678809058325 0.9910966149506347 0
1678809071656 0.9936971086036671 0
1678809083428 0.9944023272214386 0
1678809132369 0.8889274691358025 0
1678809147060 0.946604938271605 0
1678809162083 0.970949074074074 0
1678809177413 0.9833719135802469 0
1678809190229 0.9897376543209877 0
1678809204416 0.9893904320987654 0
1678809218782 0.9915895061728395 0
1678809233588 0.9917052469135802 0
1678809247713 0.9937114197530864 0
1678809262845 0.9936342592592593 0
1678809312050 0.8904194078947368 0
1678809328719 0.9410978618421053 0
1678809345813 0.9693667763157895 0
1678809361043 0.979577850877193 0
1678809377982 0.9876987390350878 0
1678809395087 0.9880413925438597 0
1678809409203 0.9907140899122807 0
1678809425429 0.9914336622807017 0
1678809442186 0.9935923793859649 0
1678809459435 0.9923930921052632 0
1678809510010 0.8949592793682132 0
1678809528737 0.9386722606120435 0
1678809547724 0.9602973840078973 0
1678809566635 0.9741177196446199 0
1678809583636 0.9842978775913129 0
1678809600495 0.9848531589338598 0
1678809619683 0.9903751233958539 0
1678809639790 0.9900666337611056 0
1678809658856 0.9904368213228035 0
1678809676378 0.9917633267522211 0
1678809721632 0.8925044883303411 0
1678809741706 0.9354802513464991 0
1678809761849 0.9557899461400359 0
1678809782788 0.9699562387791741 0
1678809801994 0.9782596499102334 0
1678809823078 0.9834773339317774 0
1678809844202 0.987629039497307 0
1678809865364 0.9865911131059246 0
1678809886742 0.9901817773788151 0
1678809907648 0.988891382405745 0
1678809961767 0.9048868312757201 0
1678809984309 0.9452417695473251 0
1678810006240 0.9592078189300411 0
1678810028939 0.972093621399177 0
1678810052055 0.9811728395061728 0
1678810072216 0.9813528806584362 0
1678810095333 0.9850308641975308 0
1678810118386 0.9867026748971194 0
1678810139946 0.987988683127572 0
1678810162622 0.988477366255144 0
1678810219547 0.8989599164133738 0
1678810243797 0.9351728723404256 0
1678810268768 0.9503941869300911 0
1678810293212 0.9643332066869301 0
1678810317977 0.9740691489361702 0
1678810341634 0.9801006838905775 0
1678810363473 0.982404065349544 0
1678810387468 0.9853960866261399 0
1678810410338 0.9860134878419453 0
1678810434623 0.9887917933130699 0
1678810496402 0.8981179478138223 0
1678810521053 0.9345028208744711 0
1678810547579 0.9532131523272215 0
1678810571406 0.967273448519041 0
1678810595975 0.9745460155148096 0
1678810622724 0.9807166784203103 0
1678810647103 0.9824356488011283 0
1678810671162 0.9846394569816643 0
1678810697784 0.9858074753173484 0
1678810724514 0.9865126939351199 0
1678810784507 0.899399275839368 0
1678810812676 0.9376028637261357 0
1678810840784 0.9557891705069125 0
1678810867597 0.9675979262672811 0
1678810895801 0.9757447333772219 0
1678810922699 0.9786660631994734 0
1678810950774 0.9822251481237656 0
1678810979594 0.9844470046082949 0
1678811007529 0.9833772218564846 0
1678811035267 0.9858870967741935 0
1678811102093 0.9032600308641975 0
1678811131140 0.9383873456790124 0
1678811160304 0.9537808641975308 0
1678811190653 0.9677276234567901 0
1678811219692 0.9756558641975308 0
1678811249111 0.9776427469135802 0
1678811279231 0.9845486111111111 0
1678811310007 0.9822337962962963 0
1678811337161 0.9845293209876543 0
1678811366939 0.9836998456790124 0
1678811433067 0.9054328878558977 0
1678811464909 0.939678965717606 0
1678811496812 0.9545140906449738 0
1678811528535 0.9671157757117955 0
1678811561059 0.9751053166763509 0
1678811591382 0.9805890470656595 0
1678811620775 0.980425624636839 0
1678811652519 0.9827680127832655 0
1678811682922 0.9828224869262057 0
1678811714872 0.9840390761185357 0
1678811774277 0.9091314489571899 0
1678811808183 0.9391979967069155 0
1678811842301 0.9569669319429198 0
1678811873422 0.9671034577387486 0
1678811907472 0.9739812019758507 0
1678811941719 0.9786807080131723 0
1678811975010 0.9784062843029637 0
1678812008837 0.9825226399560922 0
1678812041420 0.9822139132821076 0
1678812075308 0.9834659714599341 0
1678812146085 0.9128965158606345 0
1678812176626 0.9406038741549662 0
1678812211913 0.9565457618304732 0
1678812246231 0.9677424596983879 0
1678812281972 0.9737064482579303 0
1678812317698 0.9783541341653667 0
1678812351768 0.9796216848673946 0
1678812388008 0.9795891835673427 0
1678812423042 0.9826930577223089 0
1678812457720 0.9816367654706188 0
1678812523557 0.9186882716049383 0
1678812560196 0.9434104938271605 0
1678812595701 0.9578086419753087 0
1678812633431 0.967716049382716 0
1678812671474 0.9725308641975309 0
1678812708605 0.9764351851851852 0
1678812744686 0.9779938271604939 0
1678812781954 0.9799228395061729 0
1678812820638 0.9806944444444444 0
1678812856982 0.981712962962963 0
