1678808353159 2.5586801860190462 0
1678808355766 2.4858022129919846 0
1678808358310 2.4018017339985818 0
1678808360889 2.4611968270037323 0
1678808363494 2.464975761977257 0
1678808366124 2.497097190003842 0
1678808368782 2.512185989005957 0
1678808371428 2.5141950430115685 0
1678808374033 2.469602933997521 0
1678808376629 2.4687077270064037 0
1678808410886 4.158335473010084 0
1678808415143 4.117582172009861 0
1678808419343 4.070935010007815 0
1678808423487 4.001969220000319 0
1678808427108 3.471833312010858 0
1678808430789 3.5374340459820814 0
1678808434509 3.575293273985153 0
1678808438788 4.144217788998503 0
1678808443087 4.161595818994101 0
1678808447477 4.2513312110095285 0
1678808484659 6.0317734379787 0
1678808490893 6.096643076016335 0
1678808496918 5.877415132999886 0
1678808503155 6.086520746001042 0
1678808509250 5.953601789980894 0
1678808515123 5.72098735999316 0
1678808520823 5.54414034599904 0
1678808526078 5.123925060004694 0
1678808532288 6.068351246009115 0
1678808537756 5.329493261990137 0
1678808576722 7.902786633989308 0
1678808584896 8.036724347010022 0
1678808592934 7.895586496015312 0
1678808599512 6.428889385017101 0
1678808607507 7.857413955003722 0
1678808615555 7.901203934976365 0
1678808623563 7.886304722982459 0
1678808631686 7.967184024018934 0
1678808639798 7.965733022021595 0
1678808647809 7.869331993017113 0
1678808691789 9.953205902012996 0
1678808701631 9.691974644985748 0
1678808711346 9.56322110601468 0
1678808721089 9.604473825980676 0
1678808730496 9.260426307999296 0
1678808739684 9.053190547972918 0
1678808747828 8.017403131001629 0
1678808756091 8.091962418984622 0
1678808764364 8.123598706006305 0
1678808773867 9.344937995017972 0
1678808819429 11.295345140009886 0
1678808831051 11.476178801007336 0
1678808842017 10.819295814988436 0
1678808853384 11.222674104006728 0
1678808864890 11.35270404999028 0
1678808876416 11.36918744299328 0
1678808888039 11.483722215984017 0
1678808899581 11.393087928998284 0
1678808910452 10.712815428007161 0
1678808920185 9.567356467014179 0
1678808966344 13.384712108992971 0
1678808978235 11.740297048992943 0
1678808990990 12.625308357994072 0
1678809004418 13.279945360991405 0
1678809017941 13.36881141900085 0
1678809031427 13.333717998000793 0
1678809044988 13.408274277986493 0
1678809058347 13.205114609998418 0
1678809071667 13.177857116010273 0
1678809083450 11.633305709983688 0
1678809132391 14.860293214005651 0
1678809147071 14.537134409009013 0
1678809162105 14.88573741100845 0
1678809177436 15.150982718012528 0
1678809190251 12.657728681020672 0
1678809204438 14.026538008009084 0
1678809218804 14.212141591997351 0
1678809233610 14.648536572000012 0
1678809247735 13.969702715985477 0
1678809262868 14.979236059996765 0
1678809312073 15.748448972008191 0
1678809328731 16.503875079011777 0
1678809345836 16.93985560000874 0
1678809361066 15.083444832998794 0
1678809377994 16.789176777994726 0
1678809395110 16.954750459000934 0
1678809409215 13.96030275701196 0
1678809425452 16.085774749983102 0
1678809442209 16.598640015989076 0
1678809459447 17.09458706501755 0
1678809510033 18.178948047978338 0
1678809528761 18.570825000002515 0
1678809547747 18.827227229019627 0
1678809566647 18.74569122598041 0
1678809583648 16.852996988018276 0
1678809600518 16.713251282984857 0
1678809619695 19.034705541998846 0
1678809639814 19.967530068999622 0
1678809658879 18.898870756005635 0
1678809676402 17.375349884008756 0
1678809721655 19.82577436999418 0
1678809741730 19.9275403060019 0
1678809761862 19.98744906700449 0
1678809782812 20.79875679599354 0
1678809802017 19.041496343998006 0
1678809823091 20.929545742023038 0
1678809844226 20.96501748697483 0
1678809865388 21.001224278006703 0
1678809886766 21.21355126000708 0
1678809907672 20.738286498002708 0
1678809961792 22.002527851000195 0
1678809984334 22.390416078997077 0
1678810006264 21.767122811987065 0
1678810028963 22.549296384007903 0
1678810052079 22.95430123899132 0
1678810072240 19.99326309899334 0
1678810095346 22.96687569198548 0
1678810118410 22.91229862900218 0
1678810139971 21.39294167899061 0
1678810162635 22.486651087994687 0
1678810219572 21.68650441497448 0
1678810243822 24.091367832996184 0
1678810268783 24.803615640994394 0
1678810293237 24.307514283020282 0
1678810318002 24.61210421900614 0
1678810341659 23.484080716996687 0
1678810363487 21.679603575001238 0
1678810387492 23.85317297000438 0
1678810410363 22.706619717006106 0
1678810434637 24.11064918100601 0
1678810496428 25.63216564297909 0
1678810521068 24.49569642698043 0
1678810547604 26.373979797994252 0
1678810571430 23.66221722602495 0
1678810596000 24.412819354998646 0
1678810622749 26.588116219994845 0
1678810647128 24.220186774007743 0
1678810671176 23.896134581998922 0
1678810697810 26.482791362999706 0
1678810724539 26.56871505000163 0
1678810784532 28.6256793239736 0
1678810812701 27.998718731978443 0
1678810840810 27.940455784002552 0
1678810867622 26.658308192010736 0
1678810895832 28.047444644005736 0
1678810922725 26.73030428600032 0
1678810950800 27.904890486999648 0
1678810979620 28.653188864991535 0
1678811007555 27.76287720599794 0
1678811035292 27.573493153002346 0
1678811102119 30.40766883798642 0
1678811131155 28.86018326098565 0
1678811160330 29.015468392986804 0
1678811190679 30.194494524999755 0
1678811219718 28.866972393007018 0
1678811249137 29.256332221004413 0
1678811279256 29.931172557000536 0
1678811310037 30.610410063003656 0
1678811337187 26.991350254014833 0
1678811366964 29.613014463015134 0
1678811433094 30.91381312799058 0
1678811464936 31.683205023000482 0
1678811496838 31.739810119004687 0
1678811528561 31.55514295899775 0
1678811561075 32.36882997100474 0
1678811591409 30.156744333013194 0
1678811620802 29.22533967200434 0
1678811652546 31.588174057018477 0
1678811682949 30.242874546995154 0
1678811714888 31.78521894401638 0
1678811774303 33.873293256008765 0
1678811808210 33.726665007998236 0
1678811842327 33.94840594998095 0
1678811873449 30.950141850014916 0
1678811907499 33.8903264440014 0
1678811941750 34.074571175995516 0
1678811975036 33.12440034397878 0
1678812008864 33.65739474899601 0
1678812041447 32.41370563101373 0
1678812075335 33.71806299799937 0
1678812146113 34.45843392200186 0
1678812176653 30.374111199984327 0
1678812211940 35.12129342701519 0
1678812246258 34.14960179198533 0
1678812282000 35.57020120800007 0
1678812317716 35.545173679012805 0
1678812351795 33.91178758299793 0
1678812388025 36.077685633004876 0
1678812423069 34.88092649000464 0
1678812457747 34.51163453099434 0
1678812523585 33.8935385250079 0
1678812560224 36.46538428799249 0
1678812595730 35.34107272399706 0
1678812633459 37.565271917992504 0
1678812671501 37.88234999202541 0
1678812708634 36.95751796400873 0
1678812744713 35.9072893789853 0
1678812781981 37.08771993700066 0
1678812820666 38.521519229980186 0
1678812857001 36.17414950701641 0
