1679832395976 0.9766099007170436 0
1679832540907 0.9909852454495311 0
1679832680541 0.9922779922779923 0
1679832819071 0.9950530888030888 0
1679832955621 0.9961734693877551 0
1679833094776 0.9952599282956426 0
1679833232303 0.9970697738554881 0
1679833371917 0.9974145063430778 0
1679833516560 0.9979316050744622 0
1679833655089 0.9981212079426365 0
1679833679629 0.6595394736842105 0
1679833689031 0.9766447368421053 0
1679833698474 0.9953947368421052 0
1679833707771 0.9953947368421052 0
1679833717030 0.9980263157894737 0
1679833726540 0.9990131578947369 0
1679833736170 0.9986842105263158 0
1679833745480 0.9973684210526316 0
1679833755184 0.999671052631579 0
1679833764643 0.9976973684210526 0
1679833789423 0.5743421052631579 0
1679833798530 0.9315789473684211 0
1679833808024 0.9776315789473684 0
1679833817377 0.9825657894736842 0
1679833826786 0.9914473684210526 0
1679833836460 0.9993421052631579 0
1679833845850 0.9950657894736842 0
1679833855498 0.9963815789473685 0
1679833864912 0.9950657894736842 0
1679833874252 0.9944078947368421 0
1679833899719 0.7608552631578948 0
1679833909039 0.9644736842105263 0
1679833918752 0.9756578947368421 0
1679833928392 0.9871710526315789 0
1679833937814 0.9898026315789473 0
1679833947440 0.9973684210526316 0
1679833956880 0.9970394736842105 0
1679833966345 0.9980263157894737 0
1679833975708 0.9980263157894737 0
1679833985467 0.999671052631579 0
1679834011394 0.8210526315789474 0
1679834020848 0.9835526315789473 0
1679834030076 0.9940789473684211 0
1679834039583 0.9921052631578947 0
1679834049024 0.9967105263157895 0
1679834058591 0.9960526315789474 0
1679834067987 0.9963815789473685 0
1679834077465 0.9957236842105263 0
1679834086850 0.9980263157894737 0
1679834096349 0.9921052631578947 0
1679834123016 0.8148026315789474 0
1679834132429 0.9845394736842106 0
1679834141780 0.9861842105263158 0
1679834151525 0.9904605263157895 0
1679834161161 0.9940789473684211 0
1679834170529 0.993421052631579 0
1679834180065 0.9960526315789474 0
1679834189513 0.9953947368421052 0
1679834198781 0.9944078947368421 0
1679834208006 0.9921052631578947 0
1679834235251 0.7927631578947368 0
1679834244576 0.9677631578947369 0
1679834254394 0.9786184210526315 0
1679834264039 0.9858552631578947 0
1679834273412 0.9940789473684211 0
1679834282829 0.9921052631578947 0
1679834292353 0.9930921052631579 0
1679834302068 0.9967105263157895 0
1679834311356 0.9970394736842105 0
1679834321285 0.9983552631578947 0
1679834348659 0.8246710526315789 0
1679834358144 0.98125 0
1679834367935 0.9835526315789473 0
1679834377286 0.9927631578947368 0
1679834386749 0.9970394736842105 0
1679834396198 0.9960526315789474 0
1679834405506 0.9957236842105263 0
1679834415271 0.9967105263157895 0
1679834424712 0.9970394736842105 0
1679834434166 0.9957236842105263 0
1679834461844 0.6618421052631579 0
1679834472252 0.9138157894736842 0
1679834485765 0.9578947368421052 0
1679834495825 0.9805921052631579 0
1679834505228 0.9792763157894737 0
1679834515076 0.9881578947368421 0
1679834524630 0.9898026315789473 0
1679834534209 0.9970394736842105 0
1679834543508 0.9980263157894737 0
1679834552964 0.9930921052631579 0
1679834581955 0.8957236842105263 0
1679834591717 1.0 0
1679834601550 1.0 0
1679834611598 1.0 0
1679834621064 1.0 0
1679834630629 1.0 0
1679834640125 1.0 0
1679834649660 1.0 0
1679834659160 1.0 0
1679834668600 1.0 0
1679834698401 0.7266447368421053 0
1679834708045 0.9559210526315789 0
1679834718031 0.9766447368421053 0
1679834727793 0.9825657894736842 0
1679834737426 0.9904605263157895 0
1679834746905 0.9884868421052632 0
1679834756613 0.9940789473684211 0
1679834766180 0.9930921052631579 0
1679834775968 0.9901315789473685 0
1679834785468 0.9907894736842106 0
1679834815978 0.7289473684210527 0
1679834825429 0.9411184210526315 0
1679834835057 0.975 0
1679834844749 0.9851973684210527 0
1679834854177 0.9904605263157895 0
1679834863856 0.9940789473684211 0
1679834873393 0.9940789473684211 0
1679834883071 0.99375 0
1679834892758 0.9940789473684211 0
1679834902412 0.9973684210526316 0
1679834933319 0.7519736842105263 0
1679834943077 0.9592105263157895 0
1679834952958 0.9789473684210527 0
1679834962403 0.9875 0
1679834971790 0.99375 0
1679834981360 0.9957236842105263 0
1679834990837 0.9921052631578947 0
1679835000479 0.9976973684210526 0
1679835010125 0.9960526315789474 0
1679835019715 0.9901315789473685 0
1679835051174 0.7006578947368421 0
1679835060709 0.925 0
1679835070432 0.9644736842105263 0
1679835080173 0.9756578947368421 0
1679835090225 0.9911184210526316 0
1679835099603 0.9953947368421052 0
1679835109210 0.9957236842105263 0
1679835119070 0.9990131578947369 0
1679835128539 0.9967105263157895 0
1679835138108 0.9884868421052632 0
1679835169904 0.7914473684210527 0
1679835179440 0.95 0
1679835189006 0.9799342105263158 0
1679835198662 0.975 0
1679835208412 0.9927631578947368 0
1679835218002 0.9957236842105263 0
1679835227583 0.9960526315789474 0
1679835237491 0.9976973684210526 0
1679835247381 0.9990131578947369 0
1679835256946 0.99375 0
1679835291192 0.5598684210526316 0
1679835301003 0.8470394736842105 0
1679835311008 0.9269736842105263 0
1679835320704 0.9529605263157894 0
1679835330519 0.9667763157894737 0
1679835339966 0.9756578947368421 0
1679835349818 0.98125 0
1679835359493 0.9875 0
1679835368918 0.9855263157894737 0
1679835378748 0.9930921052631579 0
1679835412665 0.8523026315789474 0
1679835422224 0.9858552631578947 0
1679835432303 0.9917763157894737 0
1679835442390 0.9947368421052631 0
1679835452089 0.9993421052631579 0
1679835461770 0.9986842105263158 0
1679835471448 0.9983552631578947 0
1679835481230 0.9990131578947369 0
1679835490914 0.9986842105263158 0
1679835500551 0.999671052631579 0
1679835535050 0.8990131578947368 0
1679835549793 0.9973684210526316 0
1679835559708 0.9976973684210526 0
1679835569477 0.9953947368421052 0
1679835579009 0.9980263157894737 0
1679835588690 0.9993421052631579 0
1679835598566 0.9990131578947369 0
1679835608464 0.9983552631578947 0
1679835618319 0.9944078947368421 0
1679835628228 0.9960526315789474 0
1679835662291 0.8608552631578947 0
1679835672423 0.9950657894736842 0
1679835682406 0.9963815789473685 0
1679835692060 0.9960526315789474 0
1679835702083 0.9973684210526316 0
1679835711939 0.9990131578947369 0
1679835721813 0.999671052631579 0
1679835731885 0.9993421052631579 0
1679835741628 0.9986842105263158 0
1679835751318 0.999671052631579 0
1679835786605 0.7009868421052632 0
1679835796258 0.9213815789473684 0
1679835805895 0.9598684210526316 0
1679835815500 0.9717105263157895 0
1679835825490 0.9805921052631579 0
1679835835414 0.9881578947368421 0
1679835845102 0.9930921052631579 0
1679835854919 0.9898026315789473 0
1679835864509 0.9927631578947368 0
1679835874218 0.9940789473684211 0
