1679832395990 136.7125106229214 0
1679832540928 144.39078779902775 0
1679832680563 139.075756985927 0
1679832819092 137.98519232997205 0
1679832955642 135.9976209109882 0
1679833094793 138.59471137996297 0
1679833232319 136.97628189600073 0
1679833371934 139.07606706605293 0
1679833516577 144.09981923096348 0
1679833655110 137.9870966039598 0
1679833679646 9.167380144936033 0
1679833689045 9.094481982989237 0
1679833698491 9.141591099090874 0
1679833707789 8.991200338001363 0
1679833717051 8.958956260001287 0
1679833726554 9.211790522094816 0
1679833736192 9.318170964950696 0
1679833745498 8.978209306951612 0
1679833755202 9.39512368303258 0
1679833764663 9.15201987104956 0
1679833789450 9.127692096983083 0
1679833798551 8.786921442020684 0
1679833808039 9.175473175942898 0
1679833817399 9.034838760038838 0
1679833826805 9.072146801976487 0
1679833836484 9.361745122936554 0
1679833845867 9.068706592079252 0
1679833855518 9.355654610903002 0
1679833864936 9.111485267058015 0
1679833874274 9.00593551399652 0
1679833899739 9.19950051791966 0
1679833909059 8.992710313992575 0
1679833918769 9.413459189003333 0
1679833928410 9.300190867041238 0
1679833937833 9.101871165912598 0
1679833947456 9.326986124040559 0
1679833956891 9.138523424044251 0
1679833966365 9.160228319000453 0
1679833975724 9.05761096405331 0
1679833985485 9.430747457081452 0
1679834011410 9.098938122042455 0
1679834020865 9.132811613962986 0
1679834030098 8.913391473004594 0
1679834039602 9.176001157029532 0
1679834049043 9.125913482974283 0
1679834058613 9.24832501495257 0
1679834067997 9.082915293984115 0
1679834077482 9.190499400952831 0
1679834086863 9.06083693599794 0
1679834096371 9.189940273063257 0
1679834123028 9.30581713700667 0
1679834132444 9.119502131012268 0
1679834141805 9.04611366300378 0
1679834151549 9.398451462038793 0
1679834161171 9.308281637029722 0
1679834170552 9.024831125047058 0
1679834180080 9.219309806008823 0
1679834189541 9.118101133033633 0
1679834198801 8.957111369003542 0
1679834208023 8.896499615046196 0
1679834235270 9.257790390984155 0
1679834244601 8.981139700044878 0
1679834254416 9.492477436899208 0
1679834264056 9.312627520994283 0
1679834273430 9.0281709569972 0
1679834282847 9.13109927996993 0
1679834292371 9.212607327965088 0
1679834302079 9.385037000058219 0
1679834311374 8.986542143044062 0
1679834321313 9.587752789026126 0
1679834348678 9.26080202194862 0
1679834358165 9.153767764917575 0
1679834367954 9.437382468022406 0
1679834377307 9.043818027945235 0
1679834386764 9.126761635066941 0
1679834396217 9.13617900502868 0
1679834405525 8.965125650982372 0
1679834415283 9.435735211940482 0
1679834424729 9.130503369029611 0
1679834434185 9.155783339054324 0
1679834461862 9.096477349987254 0
1679834472281 10.08751439198386 0
1679834485784 13.175760132959113 0
1679834495857 9.760277303983457 0
1679834505254 9.052628041943535 0
1679834515093 9.4901119209826 0
1679834524652 9.236221539904363 0
1679834534226 9.26762945507653 0
1679834543525 8.977633923990652 0
1679834552985 9.119768465985544 0
1679834581974 9.315720446058549 0
1679834591739 9.41451973898802 0
1679834601579 9.487540927017108 0
1679834611619 9.684037409024313 0
1679834621083 9.132429638993926 0
1679834630649 9.239338957937434 0
1679834640151 9.136169770965353 0
1679834649679 9.182524711941369 0
1679834659178 9.166250605951063 0
1679834668619 9.110586486989632 0
1679834698415 9.446026434074156 0
1679834708062 9.313502609962597 0
1679834718058 9.64463524601888 0
1679834727819 9.425160754006356 0
1679834737453 9.28621776390355 0
1679834746925 9.156283549964428 0
1679834756630 9.382474737009034 0
1679834766194 9.217586281942204 0
1679834776001 9.469223812106065 0
1679834785496 9.170199355925433 0
1679834815997 9.06164994102437 0
1679834825454 9.148094059084542 0
1679834835081 9.291807617992163 0
1679834844782 9.349057351006195 0
1679834854204 9.07606686197687 0
1679834863873 9.327029930893332 0
1679834873410 9.208887164015323 0
1679834883093 9.357471714960411 0
1679834892780 9.342925328062847 0
1679834902440 9.304006009013392 0
1679834933349 9.303887018933892 0
1679834943105 9.41310018405784 0
1679834952985 9.504069464979693 0
1679834962434 9.095287211006507 0
1679834971809 9.034868522081524 0
1679834981384 9.273953154915944 0
1679834990856 9.13188809005078 0
1679835000499 9.283949797973037 0
1679835010155 9.304833401925862 0
1679835019732 9.231203119968995 0
1679835051193 9.683158137951978 0
1679835060729 9.183944808901288 0
1679835070451 9.411265493021347 0
1679835080194 9.39964074396994 0
1679835090251 9.701234599924646 0
1679835099633 8.98768509796355 0
1679835109230 9.274515504948795 0
1679835119086 9.527115180972032 0
1679835128557 9.13024846103508 0
1679835138139 9.230029209982604 0
1679835169922 9.233993505011313 0
1679835179457 9.211215510033071 0
1679835189026 9.272804677952081 0
1679835198682 9.314621162018739 0
1679835208446 9.421280866023153 0
1679835218023 9.238684102077968 0
1679835227606 9.253630009945482 0
1679835237511 9.550110636046156 0
1679835247399 9.57017225108575 0
1679835256966 9.230636444990523 0
1679835291220 9.515073510934599 0
1679835301023 9.459951724042185 0
1679835311035 9.65853961801622 0
1679835320730 9.332745847990736 0
1679835330538 9.49150769400876 0
1679835339990 9.08757181908004 0
1679835349842 9.49390574998688 0
1679835359515 9.36162137798965 0
1679835368950 9.090728984912857 0
1679835378779 9.438744129030965 0
1679835412692 9.182040493935347 0
1679835422242 9.18914346396923 0
1679835432339 9.713888437021524 0
1679835442408 9.724484083009884 0
1679835452108 9.34584507404361 0
1679835461789 9.323104834067635 0
1679835471469 9.338084309943952 0
1679835481250 9.419760965043679 0
1679835490950 9.320435336092487 0
1679835500576 9.25195438391529 0
1679835535070 9.81172900099773 0
1679835549813 14.388898084987886 0
1679835559728 9.570402459939942 0
1679835569500 9.428250206983648 0
1679835579028 9.188654885976575 0
1679835588721 9.340181810082868 0
1679835598597 9.509522104053758 0
1679835608486 9.544847012031823 0
1679835618339 9.500447747996077 0
1679835628249 9.556900607072748 0
1679835662311 9.245172822964378 0
1679835672445 9.804844444966875 0
1679835682430 9.640759195084684 0
1679835692079 9.28503525594715 0
1679835702104 9.688473914982751 0
1679835711958 9.507728612981737 0
1679835721843 9.536518815089948 0
1679835731907 9.701052043004893 0
1679835741649 9.370274500921369 0
1679835751337 9.329472317011096 0
1679835786625 9.379496083012782 0
1679835796296 9.309487418970093 0
1679835805914 9.270323703996837 0
1679835815518 9.235155913978815 0
1679835825510 9.635306479060091 0
1679835835444 9.553919525933452 0
1679835845123 9.318677186965942 0
1679835854951 9.433973046950996 0
1679835864535 9.228142377920449 0
1679835874246 9.364088495029137 0
