1679832395986 0.08044928873520767 0
1679832540919 0.031507154610117404 0
1679832680556 0.026495046275331096 0
1679832819084 0.01812079404999995 0
1679832955633 0.014591385778007006 0
1679833094786 0.01883570029742552 0
1679833232313 0.011130862950446919 0
1679833371927 0.010173804778751981 0
1679833516572 0.008192633515842249 0
1679833655102 0.007381225772715136 0
1679833679639 2.0114522329286526 0
1679833689039 0.08706127227725168 0
1679833698485 0.024054818816090884 0
1679833707782 0.020957380734187993 0
1679833717041 0.01612100568354914 0
1679833726550 0.011242482732785376 0
1679833736182 0.011892244533488625 0
1679833745489 0.014289593137800694 0
1679833755197 0.00881334784881849 0
1679833764656 0.014503983442524546 0
1679833789440 2.088299654188909 0
1679833798542 0.24294622465968133 0
1679833808034 0.08714959356737764 0
1679833817390 0.057847090918374686 0
1679833826798 0.03238079915509412 0
1679833836474 0.014361466173278659 0
1679833845861 0.029266886932677344 0
1679833855510 0.02011703442488062 0
1679833864924 0.02245085749677137 0
1679833874265 0.027851582014639126 0
1679833899731 1.6033008107229283 0
1679833909051 0.14901809947271097 0
1679833918763 0.09462091842862336 0
1679833928403 0.05310346075872842 0
1679833937826 0.049092198628932236 0
1679833947449 0.018652518578854048 0
1679833956886 0.0166514945069426 0
1679833966358 0.019878813085195266 0
1679833975719 0.013686199407828482 0
1679833985479 0.009302711143697562 0
1679834011405 0.7553420385247782 0
1679834020858 0.060915286961550776 0
1679834030089 0.03279301750620729 0
1679834039594 0.03161515048950126 0
1679834049036 0.01755475447464146 0
1679834058604 0.019007516024928343 0
1679834067992 0.01721371750984537 0
1679834077477 0.024682853826762816 0
1679834086857 0.01556684665970112 0
1679834096363 0.029955129227355905 0
1679834123023 0.7477137145243193 0
1679834132437 0.07138389199727067 0
1679834141799 0.0642219290039257 0
1679834151539 0.038850958150272306 0
1679834161166 0.03428385254289759 0
1679834170543 0.025922447050872603 0
1679834180075 0.019591934371151424 0
1679834189528 0.019530989847293026 0
1679834198794 0.03089570236441336 0
1679834208016 0.04052052291012124 0
1679834235263 0.928521798511869 0
1679834244591 0.13367201489837546 0
1679834254407 0.08449245911385668 0
1679834264050 0.05007614118390177 0
1679834273423 0.029061695070643174 0
1679834282840 0.029285724260109034 0
1679834292364 0.035697883774379366 0
1679834302074 0.017210829463836393 0
1679834311367 0.016676129400730134 0
1679834321298 0.0190023198821827 0
1679834348670 0.8459699233601752 0
1679834358157 0.0801897892581397 0
1679834367947 0.058789418515210086 0
1679834377299 0.03544501181887953 0
1679834386759 0.013523334186328085 0
1679834396210 0.015597277722860637 0
1679834405517 0.02142310275843269 0
1679834415278 0.012883031284926754 0
1679834424723 0.020786325373735867 0
1679834434178 0.018732153266472252 0
1679834461855 1.4886896767114337 0
1679834472270 0.2935440723049013 0
1679834485777 0.14636466991352406 0
1679834495846 0.07300373138369698 0
1679834505240 0.0608819454908371 0
1679834515086 0.0548504832151689 0
1679834524644 0.036643217200119246 0
1679834534219 0.0235233185616763 0
1679834543519 0.017896445370034167 0
1679834552976 0.028132242630971107 0
1679834581966 0.6301310704040685 0
1679834591730 0.005429705587754908 0
1679834601562 0.003936515280388688 0
1679834611610 0.0031512619290304813 0
1679834621076 0.002806055744325644 0
1679834630642 0.00351639701494653 0
1679834640141 0.00269430821614438 0
1679834649671 0.0024870785051270537 0
1679834659171 0.0021994316950440405 0
1679834668612 0.0020260451116452093 0
1679834698408 1.047526829336819 0
1679834708055 0.17014110358922105 0
1679834718048 0.09726755845997678 0
1679834727807 0.06589672727706401 0
1679834737438 0.04241745007273398 0
1679834746916 0.04435782169334983 0
1679834756624 0.027722018270900376 0
1679834766188 0.024908786458208373 0
1679834775990 0.03887518602178285 0
1679834785483 0.03065397971750874 0
1679834815989 1.4105332806706428 0
1679834825443 0.18475302097044494 0
1679834835072 0.08875100213642183 0
1679834844763 0.05786143850143018 0
1679834854194 0.04134247164781156 0
1679834863866 0.032431912431983574 0
1679834873404 0.02889363353483771 0
1679834883084 0.025325906678642096 0
1679834892771 0.027543852958632143 0
1679834902429 0.018845719662740044 0
1679834933334 1.1132662903321418 0
1679834943095 0.13617467938579228 0
1679834952974 0.07264704179803008 0
1679834962417 0.043042804599788625 0
1679834971801 0.02613304293175277 0
1679834981373 0.019809188973158597 0
1679834990849 0.037175556953604284 0
1679835000491 0.011973554116526716 0
1679835010143 0.018384524023062305 0
1679835019725 0.037729094461782985 0
1679835051185 1.2870196482068614 0
1679835060721 0.22740021697000454 0
1679835070443 0.10867281090468169 0
1679835080185 0.07889143240294959 0
1679835090241 0.041420362056478074 0
1679835099617 0.02522478559985757 0
1679835109222 0.020870050596759507 0
1679835119079 0.016835766349379954 0
1679835128550 0.018877190111303017 0
1679835138126 0.04588841736120613 0
1679835169914 1.0543172212807757 0
1679835179450 0.16319166300328156 0
1679835189018 0.07972893480113462 0
1679835198674 0.0875428702045036 0
1679835208430 0.030393075369494527 0
1679835218015 0.02055841759827576 0
1679835227597 0.017169815321501934 0
1679835237503 0.013535072830946822 0
1679835247392 0.010462536976525659 0
1679835256958 0.02138154969893788 0
1679835291210 1.8222601652145385 0
1679835301015 0.46260323446047935 0
1679835311024 0.23074926471239643 0
1679835320719 0.1520056601809828 0
1679835330530 0.11073720864951611 0
1679835339981 0.08279678081407359 0
1679835349831 0.06396601488323587 0
1679835359506 0.04862654517943922 0
1679835368930 0.05475665759295225 0
1679835378767 0.03573513835864632 0
1679835412680 0.8138744904512637 0
1679835422234 0.06808779715854478 0
1679835432320 0.04580781912235053 0
1679835442399 0.025544662180503733 0
1679835452100 0.009800577742096625 0
1679835461781 0.00930473620170041 0
1679835471460 0.009851944569106165 0
1679835481242 0.007039997560021124 0
1679835490936 0.006213069589514481 0
1679835500567 0.005199517826794794 0
1679835535062 0.42583638081621183 0
1679835549805 0.015547828807642586 0
1679835559720 0.008765706576799091 0
1679835569491 0.023032094771042465 0
1679835579020 0.009735542717144677 0
1679835588708 0.005758863817410249 0
1679835598586 0.007065073089478047 0
1679835608477 0.00965260316274668 0
1679835618331 0.021309915483978235 0
1679835628240 0.016080289584045348 0
1679835662303 0.6396005181693717 0
1679835672437 0.02766011020805883 0
1679835682420 0.023470043432653735 0
1679835692071 0.016431544353499226 0
1679835702095 0.024111009227406038 0
1679835711950 0.009253142913803459 0
1679835721831 0.006470915562424221 0
1679835731898 0.006229309472990664 0
1679835741640 0.008683417877182364 0
1679835751329 0.005245129862114003 0
1679835786616 1.3522508053403153 0
1679835796282 0.2548179846453039 0
1679835805906 0.13488221523400984 0
1679835815509 0.08862303418940619 0
1679835825501 0.06918786147511319 0
1679835835433 0.044870150393169175 0
1679835845114 0.03546498908514255 0
1679835854940 0.036566522982167574 0
1679835864525 0.029566008867205756 0
1679835874233 0.031252861552332575 0
