1679226384978 0.5669213785406422 0
1679226389385 0.09442326966125299 0
1679226393650 0.03857421877739184 0
1679226397768 0.017023065819076318 0
1679226401929 0.011341528104179922 0
1679226406252 0.005763776522750656 0
1679226410510 0.003813553964445258 0
1679226414388 0.003953683025696699 0
1679226418532 0.0036309843445790236 0
1679226422495 0.0036525561082788615 0
1679226442447 2.4037520943903457 0
1679226447641 1.6861262531841503 0
1679226452753 1.5467945033428716 0
1679226457410 1.4667361752659667 0
1679226462288 1.4421214613260007 0
1679226467140 1.4028326448272257 0
1679226472092 1.3761921969114566 0
1679226476963 1.3616731564203899 0
1679226481820 1.3372075546021556 0
1679226486515 1.3289781528360702 0
1679226504228 3.2120755887499044 0
1679226509259 1.964810821355558 0
1679226513747 1.7822854261772305 0
1679226518519 1.6939739281055974 0
1679226523402 1.6429544874266082 0
1679226528419 1.6109865074064218 0
1679226533346 1.583572037079755 0
1679226538206 1.570058544476827 0
1679226542913 1.565190548990287 0
1679226547780 1.5386068797578998 0
1679226565741 3.123202686216317 0
1679226570515 2.026832627315147 0
1679226575552 1.8195909027959787 0
1679226580397 1.7152468982864828 0
1679226585340 1.651809174640506 0
1679226590354 1.6160471754915573 0
1679226595311 1.598376829250186 0
1679226600222 1.5699695640919256 0
1679226604859 1.5572856454288257 0
1679226609916 1.5425131846876705 0
1679226629153 3.4275320417740764 0
1679226634178 2.3185788182651295 0
1679226639056 1.9974939869899375 0
1679226643638 1.8296071922077852 0
1679226648588 1.7237731452081717 0
1679226653346 1.6524066889987272 0
1679226658097 1.6284143188420463 0
1679226662989 1.6216632291382433 0
1679226667976 1.595671131330378 0
1679226672951 1.578470399566725 0
1679226690068 3.5984953454896513 0
1679226694895 2.407273023736243 0
1679226699759 2.0842454129574346 0
1679226704506 1.88197818106296 0
1679226709362 1.768534636964985 0
1679226714326 1.7046724814994663 0
1679226719302 1.658262644328323 0
1679226724373 1.6458065907160442 0
1679226729169 1.6278941163829728 0
1679226734230 1.6029202026479386 0
1679226751319 3.732403977244508 0
1679226756423 2.5326050029081455 0
1679226761249 2.1572058364456774 0
1679226766089 1.9372755698129243 0
1679226771214 1.8162735303243 0
1679226776211 1.7603897989964952 0
1679226781268 1.6989235352067387 0
1679226786242 1.678035574800828 0
1679226791248 1.6570302259688283 0
1679226795574 1.6351017507852292 0
1679226813826 3.8488001987045886 0
1679226818725 2.5321110603856107 0
1679226823513 2.172980465140997 0
1679226828324 1.9508801207822912 0
1679226833259 1.8161766400524215 0
1679226838015 1.753696805121852 0
1679226842995 1.6998821555399428 0
1679226847885 1.6776199387569053 0
1679226852538 1.6560645933244742 0
1679226857598 1.6511907460642796 0
1679226876088 3.873381210308449 0
1679226880999 2.5093189150679347 0
1679226885674 2.1343315793018713 0
1679226890750 1.9194754432229435 0
1679226895772 1.8267856672698377 0
1679226900833 1.7692242229686064 0
1679226905949 1.7125736439929289 0
1679226910997 1.6841123314464794 0
1679226916150 1.67326308816087 0
1679226921025 1.6594235511387097 0
1679226939383 3.880425490585028 0
1679226944372 2.542090324794545 0
1679226949265 2.1721248790329577 0
1679226954190 1.9592994580081864 0
1679226959084 1.8491588456957948 0
1679226963930 1.7703512030489303 0
1679226968979 1.7224478055449093 0
1679226974024 1.6936988538386775 0
1679226979135 1.6720150977957482 0
1679226984151 1.652769408973993 0
1679227002730 3.9299858387778785 0
1679227007725 2.6522499393014347 0
1679227012890 2.2829046576630834 0
1679227017804 2.0303414744489334 0
1679227023003 1.8777910225531633 0
1679227028141 1.7849586161912656 0
1679227032871 1.7361334281809189 0
1679227037828 1.6981689252105414 0
1679227042723 1.6739132544573616 0
1679227047743 1.6543020267112583 0
1679227066952 3.9438124357485305 0
1679227071636 2.5696693588705624 0
1679227076466 2.174805460022945 0
1679227081363 1.9698908469256233 0
1679227086337 1.854511256311454 0
1679227091447 1.7876703446986628 0
1679227096296 1.7330576695647895 0
1679227101140 1.7054746583396314 0
1679227105875 1.6768907577383751 0
1679227110809 1.6624050642929824 0
1679227129962 3.8561842768800023 0
1679227134959 2.5733834247963103 0
1679227139790 2.2221565059587065 0
1679227144863 1.9893145970269746 0
1679227150314 1.849626229089849 0
1679227155421 1.7527193579019285 0
1679227160484 1.7131662205153821 0
1679227165466 1.692872235587999 0
1679227170450 1.664788098896251 0
1679227175567 1.66314758272732 0
1679227194617 3.8051036876790665 0
1679227199578 2.3896652857462564 0
1679227204412 2.062753216893065 0
1679227209707 1.8745099119111603 0
1679227214703 1.7722847812315996 0
1679227219602 1.7316372768551695 0
1679227224630 1.6894045577329748 0
1679227229530 1.6679299871126811 0
1679227234152 1.6416424442740047 0
1679227239088 1.630555390142927 0
1679227258911 3.853457710322212 0
1679227263812 2.587316080635669 0
1679227269358 2.198879230256174 0
1679227274302 1.9670417460740781 0
1679227278981 1.8301235659449708 0
1679227283912 1.7584755736238815 0
1679227288849 1.7127443727324991 0
1679227294010 1.6791161181879979 0
1679227299028 1.6490578861797558 0
1679227304051 1.6528130956724578 0
1679227324700 3.8576515492270973 0
1679227329818 2.604805354978524 0
1679227334907 2.200104901603624 0
1679227339238 1.9827123471334869 0
1679227344335 1.8434241986742206 0
1679227349320 1.7659765306641073 0
1679227354516 1.7137547766461092 0
1679227359670 1.6829914918132858 0
1679227364531 1.6684465829063864 0
1679227369402 1.638019628384534 0
1679227389807 3.854395405918944 0
1679227394521 2.5705465662713145 0
1679227399698 2.192831128251319 0
1679227404629 1.967192904621947 0
1679227409597 1.8474265103246652 0
1679227414522 1.764373570096259 0
1679227419515 1.7172345028204077 0
1679227424549 1.6844435556262147 0
1679227429624 1.6752324992535161 0
1679227434420 1.6441199066592198 0
1679227455193 3.7702848256803025 0
1679227460076 2.4887897290435492 0
1679227465172 2.146558308133892 0
1679227470192 1.9403839485318053 0
1679227475237 1.8175805772052092 0
1679227480247 1.7452822163993238 0
1679227485304 1.7020242342761918 0
1679227490106 1.6792033875689787 0
1679227494872 1.6591414598857654 0
1679227499756 1.6398828298437829 0
1679227520470 3.9777372421002855 0
1679227525715 2.782819808698168 0
1679227530713 2.3740525666405174 0
1679227535847 2.093764578594881 0
1679227540711 1.9170604126126158 0
1679227545648 1.8181131154883141 0
1679227550619 1.764272627877254 0
1679227555674 1.721888515294767 0
1679227560407 1.689952042757296 0
1679227565322 1.674653265990463 0
1679227586017 3.8313396958743824 0
1679227590904 2.528934357213039 0
1679227595846 2.1467686505878674 0
1679227600770 1.9424612416940576 0
1679227605816 1.8129053361275618 0
1679227610631 1.7616282537871717 0
1679227615566 1.7115475476956834 0
1679227620534 1.6852106288367628 0
1679227625513 1.6608798597373216 0
1679227630525 1.6458068980890161 0
