1679226384983 4.131560356996488 0
1679226389392 4.2650516770081595 0
1679226393658 4.12068056804128 0
1679226397774 3.962377150019165 0
1679226401933 4.020330077968538 0
1679226406258 4.19358420005301 0
1679226410517 4.112883275025524 0
1679226414396 3.7484308650018647 0
1679226418537 4.011383159959223 0
1679226422505 3.822846135008149 0
1679226442454 4.661696704977658 0
1679226447648 5.0278375199995935 0
1679226452757 4.9116735169664025 0
1679226457420 4.508497380011249 0
1679226462296 4.72091176599497 0
1679226467148 4.691360582015477 0
1679226472096 4.757849090034142 0
1679226476973 4.725389957020525 0
1679226481831 4.6992677700473 0
1679226486520 4.542405890999362 0
1679226504235 4.884675041015726 0
1679226509268 4.896452007989865 0
1679226513756 4.336505671963096 0
1679226518527 4.607085187046323 0
1679226523410 4.720381278020795 0
1679226528426 4.8474091719836 0
1679226533352 4.779397370002698 0
1679226538214 4.704527619003784 0
1679226542921 4.555436238995753 0
1679226547787 4.720246008015238 0
1679226565750 4.634298269986175 0
1679226570522 4.615873665956315 0
1679226575558 4.866805601050146 0
1679226580403 4.703540636983234 0
1679226585348 4.7859810320078395 0
1679226590363 4.860509619989898 0
1679226595318 4.796988552028779 0
1679226600230 4.7668031780049205 0
1679226604867 4.482781245955266 0
1679226609922 4.902112788986415 0
1679226629168 5.173225427977741 0
1679226634188 4.854121730022598 0
1679226639068 4.723079935007263 0
1679226643644 4.428914848016575 0
1679226648601 4.785438193997834 0
1679226653354 4.604007215006277 0
1679226658102 4.6088142190128565 0
1679226662995 4.73394545604242 0
1679226667983 4.821549893997144 0
1679226672957 4.829084045952186 0
1679226690080 4.777404412976466 0
1679226694911 4.6679497479926795 0
1679226699766 4.700078388035763 0
1679226704513 4.58957868302241 0
1679226709369 4.709255408030003 0
1679226714336 4.792981459992006 0
1679226719312 4.813578512985259 0
1679226724387 4.9042557119973935 0
1679226729182 4.620725738001056 0
1679226734239 4.883659939980134 0
1679226751327 4.771817636035848 0
1679226756430 4.928019039041828 0
1679226761254 4.67432381096296 0
1679226766097 4.696811930043623 0
1679226771224 4.972892627993133 0
1679226776219 4.823900864983443 0
1679226781275 4.869981969008222 0
1679226786248 4.806389021978248 0
1679226791255 4.83023519301787 0
1679226795582 4.169126620981842 0
1679226813834 4.65494434395805 0
1679226818737 4.7400586209842 0
1679226823519 4.632154088001698 0
1679226828332 4.655889846035279 0
1679226833269 4.777629507996608 0
1679226838024 4.6038276519975625 0
1679226843003 4.829331545974128 0
1679226847893 4.710546822985634 0
1679226852547 4.474404231994413 0
1679226857611 4.904354906000663 0
1679226876094 4.860331336967647 0
1679226881005 4.756284278992098 0
1679226885683 4.510469759989064 0
1679226890760 4.909873752039857 0
1679226895778 4.859217336052097 0
1679226900840 4.901368256018031 0
1679226905957 4.934571567981038 0
1679226911004 4.8410672129830346 0
1679226916163 4.961702746048104 0
1679226921033 4.725319282035343 0
1679226939402 4.660097989020869 0
1679226944379 4.815140194026753 0
1679226949272 4.739203892997466 0
1679226954197 4.78011885198066 0
1679226959091 4.73973102204036 0
1679226963941 4.673089238989633 0
1679226968986 4.899552368035074 0
1679226974030 4.8738017629948445 0
1679226979142 4.900432013033424 0
1679226984158 4.846771673997864 0
1679227002737 4.661764552001841 0
1679227007733 4.8333605760126375 0
1679227012901 4.980638596985955 0
1679227017819 4.736793065967504 0
1679227023013 5.02454753004713 0
1679227028149 4.921104755019769 0
1679227032878 4.55439641198609 0
1679227037846 4.799164709984325 0
1679227042730 4.72781400202075 0
1679227047750 4.863777555990964 0
1679227066969 5.086945621005725 0
1679227071644 4.516377767955419 0
1679227076485 4.649464418995194 0
1679227081373 4.71214025199879 0
1679227086348 4.787672515958548 0
1679227091459 4.926556963007897 0
1679227096306 4.694544668018352 0
1679227101153 4.687820565013681 0
1679227105882 4.571104209986515 0
1679227110823 4.761096722970251 0
1679227129970 4.576005070994142 0
1679227134968 4.811742413963657 0
1679227139806 4.665916055033449 0
1679227144874 4.875014331017155 0
1679227150322 5.279249709972646 0
1679227155428 4.958142885006964 0
1679227160492 4.859830458008219 0
1679227165478 4.818788542994298 0
1679227170458 4.82289516297169 0
1679227175579 4.935124850017019 0
1679227194624 4.878226466011256 0
1679227199593 4.787947280041408 0
1679227204423 4.641523349971976 0
1679227209719 5.0430434760055505 0
1679227214710 4.824498693982605 0
1679227219611 4.736150955024641 0
1679227224638 4.8598003489896655 0
1679227229538 4.729989386047237 0
1679227234161 4.466251098026987 0
1679227239095 4.778366900980473 0
1679227258920 5.041019240044989 0
1679227263823 4.700124919996597 0
1679227269378 5.306271444016602 0
1679227274319 4.759391692990903 0
1679227278990 4.502966679050587 0
1679227283920 4.779509204963688 0
1679227288856 4.77334657497704 0
1679227294021 4.985461636970285 0
1679227299037 4.846561015001498 0
1679227304060 4.851051404955797 0
1679227324708 5.034317465964705 0
1679227329826 4.9669187210383825 0
1679227334916 4.924538723018486 0
1679227339247 4.149119033012539 0
1679227344343 4.9323414620012045 0
1679227349329 4.822998397983611 0
1679227354524 5.0173001550138 0
1679227359678 4.990373286011163 0
1679227364540 4.687757709005382 0
1679227369414 4.723814512020908 0
1679227389814 4.837135604990181 0
1679227394531 4.528281350038014 0
1679227399715 4.956494462036062 0
1679227404646 4.758651371987071 0
1679227409604 4.79488414095249 0
1679227414530 4.758586990996264 0
1679227419527 4.817046917974949 0
1679227424558 4.854048826964572 0
1679227429634 4.886458103021141 0
1679227434428 4.6494935740483925 0
1679227455202 4.705459152988624 0
1679227460085 4.713838123017922 0
1679227465181 4.937795134959742 0
1679227470201 4.850192284968216 0
1679227475245 4.8657393109751865 0
1679227480269 4.832490455999505 0
1679227485321 4.846245413005818 0
1679227490114 4.6482239429606125 0
1679227494881 4.607584268960636 0
1679227499774 4.734773610020056 0
1679227520483 4.8550702829961665 0
1679227525723 5.053149150044192 0
1679227530723 4.831456276006065 0
1679227535855 4.971673445019405 0
1679227540720 4.707524197991006 0
1679227545658 4.760030139004812 0
1679227550636 4.7958545869914815 0
1679227555685 4.866321950976271 0
1679227560416 4.557437752024271 0
1679227565332 4.740336820017546 0
1679227586037 4.852108908991795 0
1679227590915 4.688298094959464 0
1679227595855 4.772800322971307 0
1679227600780 4.751290429965593 0
1679227605825 4.871572743984871 0
1679227610640 4.62007236701902 0
1679227615582 4.769803154980764 0
1679227620544 4.782373906986322 0
1679227625522 4.814158429042436 0
1679227630536 4.824977803044021 0
