1680231504970 0.993455497382199 0
1680231529137 0.9995909685863874 0
1680231550900 0.99967277486911 0
1680231574984 1.0 0
1680231598587 0.9999181937172775 0
1680231622963 1.0 0
1680231644171 0.9999181937172775 0
1680231667873 0.9999181937172775 0
1680231691778 0.9999181937172775 0
1680231715924 0.9999181937172775 0
1680231791432 0.9999644482366326 0
1680231867365 1.0 0
1680231941931 1.0 0
1680232016277 1.0 0
1680232091147 1.0 0
1680232165515 1.0 0
1680232240521 1.0 0
1680232314679 1.0 0
1680232388913 1.0 0
1680232464243 1.0 0
1680232540742 1.0 0
1680232616197 1.0 0
1680232691571 1.0 0
1680232766377 1.0 0
1680232841442 1.0 0
1680232916790 1.0 0
1680232991736 1.0 0
1680233067137 1.0 0
1680233142569 1.0 0
1680233218061 1.0 0
1680233295068 1.0 0
1680233371120 1.0 0
1680233446076 1.0 0
1680233521786 1.0 0
1680233596548 1.0 0
1680233671493 1.0 0
1680233747483 1.0 0
1680233822757 1.0 0
1680233898597 1.0 0
1680233974407 1.0 0
1680234042926 0.999958109919571 0
1680234110231 1.0 0
1680234177655 1.0 0
1680234244726 1.0 0
1680234311540 1.0 0
1680234378807 1.0 0
1680234446056 1.0 0
1680234512392 1.0 0
1680234579847 1.0 0
1680234647679 1.0 0
1680234745938 0.9948837209302326 0
1680234843362 0.999156976744186 0
1680234941145 0.9994767441860465 0
1680235037480 0.9998837209302326 0
1680235135651 0.9999709302325581 0
1680235232418 0.9998255813953488 0
1680235329167 0.9998255813953488 0
1680235426512 0.9997383720930233 0
1680235524080 0.999796511627907 0
1680235620939 0.9999127906976745 0
1680235685760 0.9978829160530192 0
1680235748719 0.9994937407952872 0
1680235811932 0.9998159057437408 0
1680235875012 0.9999079528718704 0
1680235937162 1.0 0
1680235999651 1.0 0
1680236062169 1.0 0
1680236124799 1.0 0
1680236187671 0.9999539764359352 0
1680236249934 1.0 0
1680236275532 0.9929480088495575 0
1680236297968 0.9980641592920354 0
1680236320633 0.9990320796460177 0
1680236343212 1.0 0
1680236366052 1.0 0
1680236388309 1.0 0
1680236411036 1.0 0
1680236433902 1.0 0
1680236455505 1.0 0
1680236478193 1.0 0
1680236556622 0.9936951754385965 0
1680236633064 0.9998433583959899 0
1680236708416 0.9999608395989975 0
1680236783718 0.9999608395989975 0
1680236859462 0.9999608395989975 0
1680236935004 1.0 0
1680237010821 1.0 0
1680237086536 0.99968671679198 0
1680237161960 0.999921679197995 0
1680237237328 1.0 0
1680237263313 0.9901089449541285 0
1680237285916 0.9995699541284404 0
1680237308870 0.9997133027522935 0
1680237331456 0.9994266055045872 0
1680237353910 1.0 0
1680237376556 1.0 0
1680237399347 1.0 0
1680237421675 1.0 0
1680237444292 1.0 0
1680237466743 1.0 0
1680237492926 0.9910287081339713 0
1680237514999 0.9983552631578947 0
1680237536481 0.999700956937799 0
1680237558356 1.0 0
1680237580153 1.0 0
1680237602130 1.0 0
1680237623884 1.0 0
1680237645741 1.0 0
1680237667899 0.999700956937799 0
1680237690089 1.0 0
1680237712928 0.9869916267942583 0
1680237733275 0.9971590909090909 0
1680237752209 0.9995514354066986 0
1680237771195 0.9992523923444976 0
1680237790832 0.9989533492822966 0
1680237810395 0.999700956937799 0
1680237830323 1.0 0
1680237849770 1.0 0
1680237869321 1.0 0
1680237889400 1.0 0
1680237912422 0.9953425480769231 0
1680237932752 0.9993990384615384 0
1680237952093 0.9983473557692307 0
1680237972254 0.9996995192307693 0
1680237991923 0.9995492788461539 0
1680238011323 0.9996995192307693 0
1680238030656 0.9996995192307693 0
1680238050094 0.9996995192307693 0
1680238070379 0.9998497596153846 0
1680238090403 0.9998497596153846 0
