1671295552844 0.979798287113802 0
1671295713148 0.9976725436207919 0
1671295872527 0.999026423475364 0
1671296032528 0.9991024841413512 0
1671296192117 0.9993915146721025 0
1671296632945 0.9922 0
1671296896423 0.99875 0
1671297154950 0.999075 0
1671297418882 0.9989625 0
1671297684594 0.9994125 0
1671298227360 0.997775 0
1671298545253 0.9995625 0
1671298865196 0.999775 0
1671299182047 0.9999125 0
1671299505666 0.9997625 0
1671300131168 0.9970125 0
1671300504766 0.9994375 0
1671300878886 0.9995875 0
1671301257085 0.99965 0
1671301632772 0.9996875 0
1671302332243 0.9984125 0
1671302770054 0.999625 0
1671303206555 0.99985 0
1671303640732 0.9997375 0
1671304074122 0.9999375 0
1671304847843 0.9978875 0
1671305344005 0.999575 0
1671305836611 0.9997875 0
1671306330429 0.9998125 0
1671306824152 0.9998375 0
1671307667282 0.998025 0
1671308213132 0.9999125 0
1671308755901 0.9997 0
1671309306800 0.9998875 0
1671309851112 0.9999375 0
1671310765337 0.998125 0
1671311359332 0.999525 0
1671311951063 0.9997 0
1671312548589 0.9996875 0
1671313146764 0.999925 0
1671314153742 0.9984375 0
1671314819096 0.99985 0
1671315479412 0.999975 0
1671316140053 0.9999125 0
1671316800169 0.9997125 0
1671317869712 0.998125 0
1671318585766 0.999825 0
1671319300473 0.99955 0
1671320016563 0.9999 0
1671320732825 0.999875 0
1671321881292 0.9984 0
1671322651928 0.999825 0
1671323421335 0.999825 0
1671324187015 0.9999 0
1671324954185 0.9998875 0
1671326170397 0.9981875 0
1671326997494 0.9993125 0
1671327825599 0.999575 0
1671328652459 0.9997875 0
1671329484107 0.99975 0
1671330770739 0.9985625 0
1671331651825 0.9995875 0
1671332533062 0.999775 0
1671333410981 0.9997125 0
1671334292450 0.999875 0
1671335652565 0.9981 0
1671336591907 0.99945 0
1671337528523 0.9995625 0
1671338466144 0.9995625 0
1671339404756 0.9996 0
