1671295552860 165.25963968294673 0
1671295713162 160.15072229399811 0
1671295872542 159.22803967096843 0
1671296032546 159.84527934307698 0
1671296192133 159.4455367079936 0
1671296632961 257.8914980259724 0
1671296896440 263.28665919497143 0
1671297154973 258.3242867330555 0
1671297418900 263.7365867870394 0
1671297684613 265.51770844799466 0
1671298227375 315.49610722693615 0
1671298545277 317.67249117197935 0
1671298865220 319.7150588289369 0
1671299182059 316.6213266629493 0
1671299505682 323.39423109102063 0
1671300131184 377.9330018280307 0
1671300504785 373.3451081109233 0
1671300878899 373.8722925570328 0
1671301257100 377.9814263799926 0
1671301632791 375.44319945096504 0
1671302332255 435.40330867201556 0
1671302770072 437.538286332041 0
1671303206571 436.2125576909166 0
1671303640748 433.8827023769263 0
1671304074146 433.0904940289911 0
1671304847866 490.35131941805594 0
1671305344026 495.84880154998973 0
1671305836634 492.29373927100096 0
1671306330451 493.4940320060123 0
1671306824171 493.3972681129817 0
1671307667295 548.5365960530471 0
1671308213151 545.4953772659646 0
1671308755917 542.4163861119887 0
1671309306810 550.577058327035 0
1671309851131 543.9517266580369 0
1671310765356 600.3439578950638 0
1671311359353 593.6132822060026 0
1671311951074 591.3740210590186 0
1671312548602 597.1515885069966 0
1671313146778 597.8058845179621 0
1671314153762 669.5879458349664 0
1671314819115 664.8990891370922 0
1671315479434 659.8816562071443 0
1671316140074 660.2173495949246 0
1671316800192 659.7292698549572 0
1671317869726 711.6386975019705 0
1671318585787 715.5938368439674 0
1671319300493 714.2392952360678 0
1671320016579 715.6128741169814 0
1671320732847 715.781596360961 0
1671321881308 769.1617051030044 0
1671322651944 770.1684461371042 0
1671323421351 768.9493519049138 0
1671324187035 765.2008142499253 0
1671324954209 766.7121343980543 0
1671326170426 825.3788781221956 0
1671326997514 826.5756650569383 0
1671327825620 827.5981224749703 0
1671328652480 826.3575454708189 0
1671329484125 831.1477474388666 0
1671330770766 881.6180824879557 0
1671331651844 880.5319525180385 0
1671332533075 880.7061741000507 0
1671333411001 877.4018076090142 0
1671334292470 880.9439709328581 0
1671335652580 934.0662732049823 0
1671336591926 938.7831608990673 0
1671337528541 936.0268465289846 0
1671338466163 937.0807485231198 0
1671339404779 938.0438690329902 0
