1679828745640 137.06673743308056 0
1679828885788 139.5993749690242 0
1679829025604 139.26409079995938 0
1679829164855 138.7072004720103 0
1679829312609 147.19386100000702 0
1679829450572 137.41179470100906 0
1679829590750 139.62816865602508 0
1679829730153 138.86225956992712 0
1679829868902 138.20270721009 0
1679830009377 139.92463501100428 0
1679830033795 9.276756525039673 0
1679830043315 9.18709330400452 0
1679830052746 9.131325433962047 0
1679830062883 9.815649752970785 0
1679830072400 9.233745430014096 0
1679830081955 9.252340598963201 0
1679830091724 9.428057249984704 0
1679830100993 8.963988136034459 0
1679830110322 9.0326646839967 0
1679830119650 9.007680442999117 0
1679830144945 9.262199108023196 0
1679830154359 9.109388599987142 0
1679830163928 9.222411348018795 0
1679830173344 9.119569660048 0
1679830182968 9.306398009997793 0
1679830192791 9.489505183999427 0
1679830202284 9.177326585049741 0
1679830212275 9.69205980899278 0
1679830221843 9.267994066001847 0
1679830231075 8.888303530984558 0
1679830256324 8.977980086929165 0
1679830265786 9.126704527065158 0
1679830275255 9.164237336954102 0
1679830284766 9.19742874999065 0
1679830294408 9.314810505951755 0
1679830304037 9.313052185927518 0
1679830313670 9.31755202903878 0
1679830323414 9.454951222985983 0
1679830332723 8.97197595902253 0
1679830342033 8.99279213103 0
1679830367407 9.00981995696202 0
1679830376762 9.035947809112258 0
1679830386144 9.06445068900939 0
1679830395697 9.22711011802312 0
1679830405201 9.19867086794693 0
1679830414588 9.076041233027354 0
1679830424048 9.133254321059212 0
1679830433465 9.084087752038613 0
1679830442799 9.025748173007742 0
1679830452498 9.398706940934062 0
1679830479078 9.059452250949107 0
1679830488494 9.088825526996516 0
1679830498186 9.364054024918005 0
1679830507646 9.141796947922558 0
1679830517152 9.18200811801944 0
1679830527124 9.66080733796116 0
1679830536553 9.102553035016172 0
1679830545721 8.885810545063578 0
1679830555337 9.264739596983418 0
1679830564866 9.223866548971273 0
1679830592256 9.258464512997307 0
1679830602249 9.63553609000519 0
1679830612107 9.526106205070391 0
1679830621945 9.54228199296631 0
1679830631848 9.574950263020582 0
1679830642038 9.789794760989025 0
1679830651707 9.327124001923949 0
1679830661160 9.12329892301932 0
1679830670720 9.216583596076816 0
1679830680199 9.156624917988665 0
1679830709068 9.25178946100641 0
1679830718406 9.032721565919928 0
1679830728147 9.415521400049329 0
1679830737749 9.247145546018146 0
1679830747006 8.923102439963259 0
1679830756795 9.474620118038729 0
1679830766326 9.202415175037459 0
1679830775947 9.286548545933329 0
1679830785258 9.00846876297146 0
1679830794618 9.058450247044675 0
1679830823771 9.275861611007713 0
1679830833028 8.935046890052035 0
1679830842585 9.227931043016724 0
1679830852282 9.383980825077742 0
1679830861544 8.939216863946058 0
1679830870924 9.046634939033538 0
1679830880427 9.177883452968672 0
1679830889887 9.152807669015601 0
1679830899821 9.608537255087867 0
1679830909285 9.114370072027668 0
1679830938147 9.407024026033469 0
1679830947754 9.257219204911962 0
1679830957176 9.098821808001958 0
1679830966605 9.099001190974377 0
1679830976111 9.17148135509342 0
1679830986067 9.59950706793461 0
1679830995613 9.211058716988191 0
1679831005328 9.39746143098455 0
1679831014843 9.179101241985336 0
1679831024225 9.04554228996858 0
1679831054103 9.127700346987695 0
1679831063570 9.148536124033853 0
1679831073642 9.70420026697684 0
1679831083380 9.399461059016176 0
1679831092655 8.931254144059494 0
1679831102187 9.222975965007208 0
1679831111543 9.012835252913646 0
1679831121113 9.231727924081497 0
1679831130572 9.101552578969859 0
1679831140233 9.318293471005745 0
1679831170337 9.124862935976125 0
1679831179687 9.032139718998224 0
1679831189372 9.331184512935579 0
1679831198828 9.11399452202022 0
1679831208321 9.161081890924834 0
1679831217894 9.241971147013828 0
1679831227345 9.111447116942145 0
1679831237328 9.660410579992458 0
1679831246852 9.206491203978658 0
1679831256645 9.426299900980666 0
1679831287353 9.226073122001253 0
1679831296837 9.179060835042037 0
1679831306338 9.18673860898707 0
1679831316046 9.339149286970496 0
1679831326110 9.74243690399453 0
1679831335565 9.112416979041882 0
1679831345124 9.195677433046512 0
1679831354749 9.290863878908567 0
1679831364288 9.195896524004638 0
1679831374043 9.40778331400361 0
1679831405924 9.64736984798219 0
1679831415567 9.308521575061604 0
1679831425188 9.301831647055224 0
1679831434871 9.311728646047413 0
1679831444441 9.21415811299812 0
1679831454177 9.388693345012143 0
1679831463669 9.175856221001595 0
1679831473301 9.283755645970814 0
1679831482988 9.352074963971972 0
1679831496290 12.976938926964067 0
1679831533346 9.499179354985245 0
1679831542922 9.219257215969265 0
1679831552781 9.511307469918393 0
1679831562564 9.43817854905501 0
1679831571959 9.054321372997947 0
1679831581489 9.147037580027245 0
1679831590864 9.044676928082481 0
1679831600465 9.258755140006542 0
1679831610238 9.381508535007015 0
1679831619742 9.15502630197443 0
1679831652443 9.664589478052221 0
1679831662456 9.6961620580405 0
1679831671861 9.029738085111603 0
1679831681596 9.409724536002614 0
1679831691142 9.214522792957723 0
1679831700713 9.207486492930911 0
1679831710710 9.656826872960664 0
1679831720244 9.157519772066735 0
1679831729667 9.071032757055946 0
1679831739081 9.0849183939863 0
1679831772899 9.554317265981808 0
1679831782614 9.362767037935555 0
1679831792200 9.238899988937192 0
1679831802369 9.81883139105048 0
1679831811826 9.121341177029535 0
1679831821332 9.149588046013378 0
1679831830821 9.160909743979573 0
1679831840499 9.357016124995425 0
1679831850086 9.244779963046312 0
1679831859716 9.260029550059699 0
1679831892747 9.415863047004677 0
1679831902618 9.530071396031417 0
1679831912513 9.52684936998412 0
1679831922027 9.168282889993861 0
1679831931506 9.119020079029724 0
1679831941244 9.40493774402421 0
1679831951298 9.65001188206952 0
1679831960729 9.089595988043584 0
1679831970495 9.38053103198763 0
1679831980214 9.359277214971371 0
1679832014689 9.38659299898427 0
1679832024021 8.998978907009587 0
1679832033834 9.46093143709004 0
1679832043658 9.457454200950451 0
1679832053339 9.312342980061658 0
1679832063010 9.314448611927219 0
1679832073149 9.750695161055773 0
1679832082932 9.398782406933606 0
1679832093108 9.81002545694355 0
1679832102847 9.374738315003924 0
1679832137790 9.80439836194273 0
1679832147586 9.428282515029423 0
1679832157087 9.154461270896718 0
1679832166712 9.273926755064167 0
1679832176307 9.244019075995311 0
1679832186529 9.839182788040489 0
1679832196272 9.391521737910807 0
1679832205861 9.241811968036927 0
1679832215631 9.415008161100559 0
1679832225421 9.426495919935405 0
