1679828745631 0.07866220036133878 0
1679828885781 0.032915906370292056 0
1679829025599 0.022852736821918445 0
1679829164850 0.018194489618995273 0
1679829312605 0.015372142540773822 0
1679829450564 0.013934295767137986 0
1679829590741 0.009963420294816557 0
1679829730142 0.007827892693238291 0
1679829868894 0.009674091791837142 0
1679830009367 0.006436993081243477 0
1679830033789 1.7164330805602828 0
1679830043305 0.051700569904948535 0
1679830052739 0.0254598560497949 0
1679830062876 0.012748718717576641 0
1679830072393 0.011618103464379123 0
1679830081946 0.010572053036211353 0
1679830091711 0.015800356320840748 0
1679830100985 0.006149590108543634 0
1679830110311 0.006209777447542078 0
1679830119641 0.005752851235631265 0
1679830144938 1.5052575668810229 0
1679830154352 0.04402919353329037 0
1679830163916 0.02420134374773816 0
1679830173336 0.01084153593370789 0
1679830182962 0.01212918304985291 0
1679830192784 0.012405865516905722 0
1679830202279 0.010482770351595 0
1679830212269 0.006511527638098127 0
1679830221838 0.006277587338301696 0
1679830231068 0.004737086309806297 0
1679830256316 2.2657481268832558 0
1679830265779 0.5297134744493585 0
1679830275250 0.1999937570016635 0
1679830284759 0.08109240623092966 0
1679830294398 0.03449820238900812 0
1679830304030 0.02576398564208495 0
1679830313661 0.0469158783064861 0
1679830323407 0.02329619365107072 0
1679830332714 0.021237770918952792 0
1679830342027 0.022935136662502038 0
1679830367399 1.5829403390519714 0
1679830376754 0.09113377340530095 0
1679830386135 0.05004026205524018 0
1679830395692 0.0290580882494779 0
1679830405194 0.0263304819009806 0
1679830414583 0.012143497394495889 0
1679830424042 0.008339674270858891 0
1679830433459 0.007757065033442096 0
1679830442791 0.0064307026712125855 0
1679830452491 0.00602051059372331 0
1679830479066 0.8286231638961716 0
1679830488485 0.08693740550722731 0
1679830498178 0.04521167841494868 0
1679830507638 0.028679468350386934 0
1679830517143 0.0469550456410568 0
1679830527111 0.023260219203994462 0
1679830536545 0.011272690881435808 0
1679830545716 0.008697642493796976 0
1679830555331 0.007794582735943167 0
1679830564860 0.010401124776782174 0
1679830592247 1.009185513687369 0
1679830602240 0.08502380464618144 0
1679830612099 0.036536975224551405 0
1679830621937 0.02530671492905209 0
1679830631839 0.023683468316142497 0
1679830642032 0.018245598668918797 0
1679830651692 0.01063503338220088 0
1679830661150 0.027209761812302627 0
1679830670712 0.04239279902295062 0
1679830680192 0.024526104850596503 0
1679830709062 1.3448677215921252 0
1679830718400 0.17441922034087934 0
1679830728141 0.08723552047618126 0
1679830737742 0.06321922455375131 0
1679830746997 0.042189947868648325 0
1679830756783 0.019657047303687586 0
1679830766317 0.022276809507686842 0
1679830775940 0.029352701381829223 0
1679830785251 0.02000460147759632 0
1679830794610 0.010860025652341152 0
1679830823765 0.9322402974492625 0
1679830833021 0.08250405738424314 0
1679830842578 0.07871046049128237 0
1679830852275 0.03786990792049389 0
1679830861539 0.034141709420241806 0
1679830870917 0.029275033711210676 0
1679830880418 0.017815449304486575 0
1679830889879 0.017592216714432365 0
1679830899813 0.012718064803630113 0
1679830909275 0.012432010197325757 0
1679830938138 0.5877272647388868 0
1679830947742 0.055951034240914806 0
1679830957169 0.02884950433661671 0
1679830966592 0.027279143694690183 0
1679830976103 0.020784053623088095 0
1679830986057 0.012117147857421323 0
1679830995607 0.007994008115737847 0
1679831005322 0.009583962323928349 0
1679831014833 0.014736500487809903 0
1679831024213 0.015725295892671534 0
1679831054095 1.4589034184029228 0
1679831063562 0.23171123807367525 0
1679831073628 0.08760208746320323 0
1679831083371 0.04871201275994903 0
1679831092647 0.04130874309492739 0
1679831102180 0.02662664919503425 0
1679831111537 0.021688683468260264 0
1679831121105 0.02316379245664728 0
1679831130565 0.020992905587742205 0
1679831140224 0.034472893501975035 0
1679831170325 0.7543014030021272 0
1679831179681 0.036255163086676284 0
1679831189364 0.024492343877883335 0
1679831198820 0.010370166560536936 0
1679831208314 0.006102773750593003 0
1679831217887 0.009119258632295226 0
1679831227337 0.017646935552750764 0
1679831237318 0.01006992352440169 0
1679831246844 0.007953433099349863 0
1679831256637 0.006493245535775235 0
1679831287345 1.2622444703390723 0
1679831296829 0.24351133955152413 0
1679831306330 0.09920624125944941 0
1679831316039 0.05963154765532205 0
1679831326103 0.036368245366764695 0
1679831335557 0.034674056320402186 0
1679831345116 0.026258585067760003 0
1679831354739 0.0271631248589409 0
1679831364273 0.02835756717739921 0
1679831374035 0.017388517605630975 0
1679831405916 1.0451112322607323 0
1679831415560 0.07101203131146337 0
1679831425180 0.05110866285272335 0
1679831434858 0.035516472131406004 0
1679831444434 0.024645249271079115 0
1679831454169 0.015139603129539051 0
1679831463661 0.006703460785119157 0
1679831473284 0.005821189887233471 0
1679831482977 0.004717011796310544 0
1679831496282 0.004413827520942218 0
1679831533339 1.0262135140205684 0
1679831542913 0.17226587114365477 0
1679831552772 0.09504695338638205 0
1679831562556 0.060491079866494005 0
1679831571952 0.03840993975632285 0
1679831581481 0.04441774063008396 0
1679831590856 0.027615464959097537 0
1679831600457 0.018637706447196634 0
1679831610221 0.017480603125142425 0
1679831619730 0.011566596684095107 0
1679831652435 0.5710347119914858 0
1679831662448 0.04210074889522634 0
1679831671853 0.014535252416604444 0
1679831681587 0.015461173866826453 0
1679831691134 0.012281391323593103 0
1679831700705 0.005458128653270633 0
1679831710703 0.013074313133562866 0
1679831720228 0.020518621135699123 0
1679831729659 0.009308450259758454 0
1679831739073 0.0075784400522120685 0
1679831772890 1.1514985980171906 0
1679831782605 0.21303767501131485 0
1679831792192 0.09610768809522453 0
1679831802357 0.04257789288500422 0
1679831811818 0.037119914297210545 0
1679831821316 0.024146860877149984 0
1679831830814 0.01669239057718139 0
1679831840491 0.019509036814499843 0
1679831850078 0.016250875209899325 0
1679831859706 0.021336223322309947 0
1679831892730 0.9343237857873502 0
1679831902608 0.09013436268524903 0
1679831912496 0.03514403536131507 0
1679831922019 0.015301765658353504 0
1679831931497 0.010712041573500947 0
1679831941236 0.018370594559727532 0
1679831951281 0.017871503698590554 0
1679831960721 0.02507157253689672 0
1679831970479 0.0069027053780461615 0
1679831980204 0.005488628791155 0
1679832014679 2.0120084925701742 0
1679832024011 0.3538628366432692 0
1679832033826 0.11937233393913821 0
1679832043649 0.06721829177909776 0
1679832053330 0.032319723559837595 0
1679832063002 0.030772813086054826 0
1679832073140 0.01697364611257064 0
1679832082920 0.01742257916025425 0
1679832093087 0.013305443937056943 0
1679832102836 0.011556056112443145 0
1679832137778 0.8458807013046584 0
1679832147574 0.08050349387095163 0
1679832157078 0.04875693681012643 0
1679832166702 0.03124314522566764 0
1679832176298 0.022130142735611452 0
1679832186518 0.009536114991887619 0
1679832196258 0.015551679723552968 0
1679832205852 0.012147242012188622 0
1679832215623 0.02078042990086894 0
1679832225412 0.016872215457260607 0
