1679797024991 0.9808148734177216 0
1679797088972 0.9958465189873418 0
1679797152778 0.9970940847127556 0
1679797216141 0.9971397273612463 0
1679797280224 0.9981286514118792 0
1679797344100 0.9984481499513145 0
1679797408612 0.9979765092502434 0
1679797472050 0.9990262901655307 0
1679797535289 0.9984025073028238 0
1679797599168 0.9992545034079844 0
1679797640388 0.9647727272727272 0
1679797661764 0.9968636363636364 0
1679797683479 0.9985909090909091 0
1679797704838 0.9971363636363636 0
1679797726257 0.9981818181818182 0
1679797747298 0.9992272727272727 0
1679797768612 0.9985909090909091 0
1679797789857 0.9995909090909091 0
1679797811364 0.9990454545454546 0
1679797832706 0.9985909090909091 0
1679797874868 0.9297727272727273 0
1679797895992 0.9898636363636364 0
1679797917569 0.9945454545454545 0
1679797938738 0.9974090909090909 0
1679797959932 0.9956818181818182 0
1679797981296 0.9968181818181818 0
1679798002329 0.9972727272727273 0
1679798024114 0.9985 0
1679798045228 0.9980454545454546 0
1679798066270 0.997 0
1679798109503 0.9123556686971542 0
1679798130858 0.9798618056186926 0
1679798152391 0.9935903263933085 0
1679798173127 0.9942722065642331 0
1679798194012 0.9960905536866987 0
1679798215440 0.9953632148377125 0
1679798236921 0.9961360123647605 0
1679798258698 0.9975906900627329 0
1679798282144 0.9961360123647605 0
1679798306090 0.9975906900627329 0
1679798351498 0.8595 0
1679798372938 0.9592727272727273 0
1679798394457 0.9833181818181819 0
1679798415713 0.9896363636363636 0
1679798436465 0.9908181818181818 0
1679798457521 0.994 0
1679798478837 0.9940909090909091 0
1679798499869 0.9945454545454545 0
1679798521412 0.9948181818181818 0
1679798542639 0.9956363636363637 0
1679798589095 0.8599545454545454 0
1679798611254 0.9648181818181818 0
1679798633005 0.9835454545454545 0
1679798653840 0.9905454545454545 0
1679798674805 0.9937272727272727 0
1679798696289 0.9931363636363636 0
1679798717951 0.9936363636363637 0
1679798739290 0.9957727272727273 0
1679798761189 0.992909090909091 0
1679798783517 0.9954090909090909 0
1679798832301 0.8577143376670606 0
1679798853837 0.9665424129466315 0
1679798875089 0.9857259750886445 0
1679798896321 0.9897263387580689 0
1679798917516 0.9916356032366579 0
1679798939416 0.9929993635785072 0
1679798961071 0.9942267478861715 0
1679798982737 0.994544958632603 0
1679799004043 0.9940449131739248 0
1679799026050 0.9945904173106646 0
1679799076164 0.8433734939759037 0
1679799097921 0.956490111388952 0
1679799119392 0.9803591725392135 0
1679799140254 0.9869515799045238 0
1679799161860 0.9907706296885656 0
1679799183281 0.9912707433507615 0
1679799205156 0.9929529438508752 0
1679799226480 0.9927710843373494 0
1679799247542 0.9939077062968856 0
1679799269310 0.9918617867697204 0
1679799321590 0.83 0
1679799343253 0.9527727272727273 0
1679799364823 0.9797727272727272 0
1679799386998 0.9856818181818182 0
1679799408557 0.9905 0
1679799430271 0.9901363636363636 0
1679799451456 0.9893636363636363 0
1679799473047 0.9925454545454545 0
1679799494638 0.9928636363636364 0
1679799516325 0.9933181818181818 0
1679799569614 0.8186198745340485 0
1679799591096 0.9544958632602963 0
1679799612494 0.9808618965360487 0
1679799633741 0.9850895535957814 0
1679799655528 0.9882716610600963 0
1679799676818 0.9916810619147195 0
1679799698482 0.9893626693335758 0
1679799720134 0.9921811073733976 0
1679799741457 0.9919992726611511 0
1679799763366 0.9933630330030002 0
1679799818766 0.8474545454545455 0
1679799840485 0.9659545454545454 0
1679799862152 0.9857727272727272 0
1679799883435 0.9896818181818182 0
1679799904991 0.9901363636363636 0
1679799926222 0.9923181818181818 0
1679799947838 0.9907272727272727 0
1679799969437 0.9928636363636364 0
1679799990811 0.9939545454545454 0
1679800012276 0.9932272727272727 0
1679800070139 0.8402983038515757 0
1679800091990 0.9588468009640307 0
1679800113601 0.9847210222363694 0
1679800135238 0.98954117593561 0
1679800157601 0.9897230685280342 0
1679800179463 0.9910872629712155 0
1679800201903 0.9909508435268973 0
1679800223484 0.9924969305625029 0
1679800245586 0.993724705561366 0
1679800267417 0.9952707925969715 0
1679800327126 0.8302109858130229 0
1679800348642 0.9559385230993088 0
1679800369884 0.9812659148781375 0
1679800391508 0.9860858493997817 0
1679800413424 0.9888595853037468 0
1679800435629 0.9886777009821753 0
1679800457311 0.9921335030920335 0
1679800479284 0.9906329574390688 0
1679800500867 0.9916333212077119 0
1679800522585 0.9937249909057839 0
1679800583565 0.8633407612897358 0
1679800605011 0.9640274682795943 0
1679800626015 0.9863113374869252 0
1679800647264 0.991495747873937 0
1679800668819 0.9899949974987494 0
1679800690499 0.9922688617035791 0
1679800712537 0.9932693619537041 0
1679800733696 0.9930419755332212 0
1679800755557 0.9945427259084088 0
1679800776870 0.9938150893628632 0
1679800840756 0.7416317991631799 0
1679800862278 0.9286883754775332 0
1679800884060 0.9684373294524286 0
1679800905927 0.9792614153174459 0
1679800928277 0.9820811351646352 0
1679800950016 0.9861742768782973 0
1679800971942 0.9858559214116791 0
1679800994099 0.985583045297435 0
1679801015759 0.9900400218300891 0
1679801037515 0.9903583772967073 0
1679801103069 0.7791770857012957 0
1679801125013 0.9498067742668789 0
1679801147265 0.9798590588770175 0
1679801169603 0.985769493066606 0
1679801190941 0.9882245964992044 0
1679801212175 0.9880427369856786 0
1679801233843 0.9904523755398954 0
1679801255481 0.9930438736076381 0
1679801277677 0.9896340077290293 0
1679801299117 0.9926801545805864 0
1679801366727 0.7372727272727273 0
1679801388402 0.9145 0
1679801410104 0.962590909090909 0
1679801432004 0.9759545454545454 0
1679801453117 0.9824090909090909 0
1679801474456 0.9826363636363636 0
1679801495971 0.9845 0
1679801517485 0.9865 0
1679801539351 0.9881363636363636 0
1679801561816 0.9868181818181818 0
1679801631590 0.7510573468552458 0
1679801653416 0.9281913684114784 0
1679801675113 0.9713493110191459 0
1679801696400 0.9787166310427942 0
1679801718128 0.9826731547591978 0
1679801739989 0.9802173814179818 0
1679801762264 0.9850834508163172 0
1679801783604 0.9858110873618627 0
1679801805416 0.9869480194642776 0
1679801827792 0.9899949974987494 0
1679801899937 0.7637967087917084 0
1679801922029 0.9280389126284208 0
1679801943733 0.9627693426675152 0
1679801965587 0.9727702518410765 0
1679801987422 0.9795890535503228 0
1679802009144 0.9797254295845077 0
1679802030431 0.9842258387126103 0
1679802052220 0.9846804254932267 0
1679802074038 0.9862260205473224 0
1679802095937 0.9854077643422129 0
1679802170450 0.7713571266196863 0
1679802192113 0.9312116390088656 0
1679802214246 0.9696294612411912 0
1679802235926 0.9790861559445329 0
1679802257569 0.9824960218231417 0
1679802279938 0.9836326437826779 0
1679802301856 0.9822232325528529 0
1679802324606 0.984360081836781 0
1679802349233 0.9884519208911117 0
1679802371745 0.9879972721072972 0
