1679797025011 63.36761927406769 0
1679797088988 63.63880996010266 0
1679797152794 63.48069574998226 0
1679797216158 63.02264474600088 0
1679797280241 63.750251590972766 0
1679797344117 63.55448981805239 0
1679797408630 64.1714662470622 0
1679797472070 63.10303252900485 0
1679797535310 62.90263795503415 0
1679797599187 63.546738532953896 0
1679797640405 21.84662474691868 0
1679797661781 21.195071406080388 0
1679797683495 21.553235823987052 0
1679797704854 21.1896689820569 0
1679797726275 21.235439701005816 0
1679797747313 20.873859748011455 0
1679797768628 21.13862683798652 0
1679797789877 21.059909636038356 0
1679797811380 21.345772115979344 0
1679797832735 21.151591073954478 0
1679797874886 21.68987382389605 0
1679797896011 20.945355172036216 0
1679797917586 21.3963560560951 0
1679797938755 20.98646344197914 0
1679797959943 21.035741630010307 0
1679797981313 21.203855861909688 0
1679798002345 20.859370485064574 0
1679798024131 21.60714552900754 0
1679798045246 20.935662588919513 0
1679798066286 20.888239023042843 0
1679798109521 20.63423528894782 0
1679798130875 21.175632706959732 0
1679798152408 21.364893676014617 0
1679798173146 20.531064337003045 0
1679798194036 20.69055716705043 0
1679798215458 21.25751412496902 0
1679798236938 21.30515683197882 0
1679798258721 21.590284980949946 0
1679798282163 23.260774698923342 0
1679798306114 23.756395186996087 0
1679798351510 21.332864887081087 0
1679798372955 21.25341986201238 0
1679798394476 21.319504241109826 0
1679798415730 21.07868157699704 0
1679798436482 20.58107164001558 0
1679798457541 20.903452798957005 0
1679798478859 21.113968683057465 0
1679798499886 20.832929645082913 0
1679798521432 21.34599184896797 0
1679798542658 21.02578085998539 0
1679798589109 20.821317530004308 0
1679798611271 21.972682457999326 0
1679798633022 21.564445929951034 0
1679798653860 20.64960677595809 0
1679798674825 20.77358195395209 0
1679798696306 21.28948646702338 0
1679798717970 21.45496119908057 0
1679798739311 21.14774842991028 0
1679798761206 21.706531956908293 0
1679798783535 22.14185656805057 0
1679798832328 21.439021668047644 0
1679798853854 21.32780068507418 0
1679798875104 21.049013563082553 0
1679798896338 21.04363868199289 0
1679798917534 20.98600053205155 0
1679798939437 21.690236394060776 0
1679798961106 21.462573032011278 0
1679798982755 21.456369337975048 0
1679799004060 21.114706480992027 0
1679799026068 21.842071937047876 0
1679799076182 21.256859558983706 0
1679799097940 21.562520044040866 0
1679799119410 21.284701844095252 0
1679799140271 20.668742027017288 0
1679799161878 21.398597460007295 0
1679799183302 21.233403968974017 0
1679799205182 21.661446538986638 0
1679799226497 21.11037616804242 0
1679799247560 20.86710548400879 0
1679799269330 21.588441452011466 0
1679799321610 21.322289505042136 0
1679799343277 21.45733827992808 0
1679799364841 21.36128618195653 0
1679799387024 21.96605339704547 0
1679799408576 21.354965470032766 0
1679799430287 21.513847424997948 0
1679799451474 20.999116400955245 0
1679799473070 21.372960470966063 0
1679799494657 21.380057882983238 0
1679799516342 21.4741511590546 0
1679799569630 21.134028446977027 0
1679799591120 21.26842730701901 0
1679799612512 21.183898797957227 0
1679799633759 21.04450849199202 0
1679799655550 21.580544472904876 0
1679799676837 21.07948666997254 0
1679799698500 21.446374026010744 0
1679799720153 21.44609554496128 0
1679799741475 21.11817605991382 0
1679799763386 21.723619285039604 0
1679799818794 21.21969452605117 0
1679799840504 21.531071359990165 0
1679799862168 21.438478220952675 0
1679799883454 21.087707760976627 0
1679799905016 21.346085412893444 0
1679799926241 21.026719218003564 0
1679799947864 21.413166538928635 0
1679799969458 21.384054047986865 0
1679799990830 21.163639144971967 0
1679800012309 21.233893747907132 0
1679800070154 21.662242478923872 0
1679800092004 21.628157316008583 0
1679800113620 21.422907175961882 0
1679800135257 21.425281535019167 0
1679800157628 22.137007251032628 0
1679800179481 21.66311839793343 0
1679800201922 22.235812683939002 0
1679800223511 21.368315125000663 0
1679800245605 21.90231366700027 0
1679800267452 21.624564556055702 0
1679800327153 21.655379076953977 0
1679800348659 21.28176354302559 0
1679800369903 21.024680156027898 0
1679800391528 21.405124258017167 0
1679800413443 21.685996364918537 0
1679800435649 21.978120247018524 0
1679800457331 21.46614758297801 0
1679800479304 21.73663454200141 0
1679800500886 21.360899701016024 0
1679800522610 21.519623724976555 0
1679800583584 20.980250091059133 0
1679800605031 21.218507878948003 0
1679800626038 20.779413068899885 0
1679800647283 21.05008984799497 0
1679800668838 21.33517663704697 0
1679800690519 21.46235727192834 0
1679800712557 21.808824483072385 0
1679800733716 20.960502990987152 0
1679800755576 21.622777378070168 0
1679800776895 21.065973279997706 0
1679800840786 21.729792951024137 0
1679800862307 21.29098810290452 0
1679800884081 21.543453980004415 0
1679800905947 21.641181835904717 0
1679800928304 22.11274839192629 0
1679800950036 21.504948996007442 0
1679800971975 21.686720820027404 0
1679800994145 21.92671893897932 0
1679801015779 21.41738777095452 0
1679801037534 21.5582037930144 0
1679801103089 21.453755634021945 0
1679801125041 21.703348131035455 0
1679801147282 22.009911864995956 0
1679801169626 22.09768912999425 0
1679801190961 21.110128007014282 0
1679801212195 21.008244661032222 0
1679801233866 21.429560253978707 0
1679801255512 21.403791285003535 0
1679801277702 21.94448679103516 0
1679801299148 21.197591594071127 0
1679801366757 21.57918213296216 0
1679801388438 21.414337859023362 0
1679801410125 21.444333505933173 0
1679801432023 21.651107675977983 0
1679801453147 20.866774667054415 0
1679801474477 21.089058454032056 0
1679801495995 21.268337629036978 0
1679801517506 21.27976621000562 0
1679801539379 21.621020575985312 0
1679801561836 22.223242553067394 0
1679801631619 21.496115821995772 0
1679801653437 21.58375370700378 0
1679801675138 21.43487019999884 0
1679801696430 21.023309668991715 0
1679801718146 21.474360613967292 0
1679801740014 21.65701383596752 0
1679801762282 22.05667373398319 0
1679801783625 21.103252799017355 0
1679801805437 21.574959279038012 0
1679801827810 22.122141151106916 0
1679801899958 21.78123010089621 0
1679801922068 21.855165727087297 0
1679801943763 21.422780459048226 0
1679801965626 21.613746763090603 0
1679801987444 21.583658693009056 0
1679802009166 21.463061703019775 0
1679802030452 21.06356214801781 0
1679802052246 21.554226858890615 0
1679802074059 21.56577326497063 0
1679802095958 21.673401526990347 0
1679802170472 21.442022148985416 0
1679802192135 21.415856592007913 0
1679802214289 21.887407587026246 0
1679802235948 21.44658634904772 0
1679802257591 21.374623178038746 0
1679802279960 22.112473443034105 0
1679802301878 21.66400608594995 0
1679802324628 22.505550605012104 0
1679802349255 24.4069791440852 0
1679802371767 22.271050879033282 0
