1680107610689 0.8565740485383343 0
1680107684898 0.9529612520683949 0
1680107761625 0.9565809431880861 0
1680107836804 0.9622517926089355 0
1680107910746 0.973903750689465 0
1680107984891 0.9805398510755654 0
1680108059691 0.9841078323221181 0
1680108133520 0.9863141202426917 0
1680108208919 0.9879860728075014 0
1680108285514 0.9894511858797573 0
1680108337520 0.3269382911392405 0
1680108347625 0.3403876582278481 0
1680108357623 0.3384098101265823 0
1680108367690 0.34454113924050633 0
1680108377683 0.34572784810126583 0
1680108387822 0.3407832278481013 0
1680108397810 0.3425632911392405 0
1680108407882 0.3490901898734177 0
1680108418115 0.34869462025316456 0
1680108428034 0.34651898734177217 0
1680108462366 0.16712816455696203 0
1680108472273 0.16594145569620253 0
1680108482007 0.1649525316455696 0
1680108491976 0.16475474683544303 0
1680108502250 0.1673259493670886 0
1680108512412 0.16791930379746836 0
1680108522587 0.1673259493670886 0
1680108532849 0.16890822784810128 0
1680108542852 0.1687104430379747 0
1680108552954 0.16969936708860758 0
1680108587318 0.1105617088607595 0
1680108597260 0.11135284810126582 0
1680108607762 0.11095727848101265 0
1680108617702 0.11095727848101265 0
1680108627864 0.11016613924050633 0
1680108638069 0.1105617088607595 0
1680108647998 0.1115506329113924 0
1680108658155 0.10957278481012658 0
1680108668386 0.109375 0
1680108678798 0.1115506329113924 0
1680108713828 0.08326740506329114 0
1680108724038 0.08306962025316456 0
1680108734385 0.08465189873417721 0
1680108744602 0.08287183544303797 0
1680108754683 0.08208069620253164 0
1680108764920 0.08346518987341772 0
1680108775273 0.08208069620253164 0
1680108785488 0.0836629746835443 0
1680108795605 0.08484968354430379 0
1680108805860 0.08544303797468354 0
1680108841712 0.0668512658227848 0
1680108851990 0.06764240506329114 0
1680108862268 0.06724683544303797 0
1680108872571 0.06724683544303797 0
1680108882735 0.06606012658227849 0
1680108893045 0.06863132911392406 0
1680108903448 0.06744462025316456 0
1680108913425 0.06764240506329114 0
1680108923595 0.06764240506329114 0
1680108933842 0.06823575949367089 0
1680108970296 0.05522798742138365 0
1680108980867 0.05738993710691824 0
1680108991302 0.05562106918238994 0
1680109001528 0.05660377358490566 0
1680109011658 0.05738993710691824 0
1680109021755 0.05699685534591195 0
1680109032163 0.05640723270440252 0
1680109042527 0.05660377358490566 0
1680109052905 0.05660377358490566 0
1680109063179 0.05699685534591195 0
1680109100292 0.04806170886075949 0
1680109110608 0.04845727848101266 0
1680109120737 0.04806170886075949 0
1680109131084 0.04806170886075949 0
1680109141186 0.04786392405063291 0
1680109151229 0.046875 0
1680109161550 0.048259493670886076 0
1680109171920 0.04885284810126582 0
1680109182206 0.049248417721518986 0
1680109192274 0.04865506329113924 0
1680109230071 0.04212816455696203 0
1680109240252 0.04212816455696203 0
1680109250493 0.04371044303797468 0
1680109260867 0.042919303797468354 0
1680109271017 0.042325949367088604 0
1680109281232 0.041337025316455694 0
1680109291300 0.04252373417721519 0
1680109301593 0.042919303797468354 0
1680109311932 0.041930379746835444 0
1680109322110 0.041337025316455694 0
1680109360711 0.038765822784810125 0
1680109370761 0.038370253164556965 0
1680109381172 0.03856803797468354 0
1680109391623 0.03856803797468354 0
1680109401763 0.037776898734177215 0
1680109411831 0.037776898734177215 0
1680109422121 0.03856803797468354 0
1680109432299 0.03856803797468354 0
1680109442630 0.03856803797468354 0
1680109452966 0.03856803797468354 0
1680109492639 0.0349609375 0
1680109503344 0.0353515625 0
1680109513634 0.03515625 0
1680109524132 0.03515625 0
1680109534482 0.0349609375 0
1680109545074 0.0337890625 0
1680109555355 0.03515625 0
1680109565696 0.033984375 0
1680109576143 0.0345703125 0
1680109586650 0.0345703125 0
1680109627006 0.0318359375 0
1680109637320 0.0310546875 0
1680109647732 0.0310546875 0
1680109658178 0.030859375 0
1680109668508 0.031640625 0
1680109678999 0.0310546875 0
1680109689653 0.0306640625 0
1680109700220 0.030859375 0
1680109710511 0.031640625 0
1680109720993 0.0318359375 0
1680109762608 0.028891509433962265 0
1680109773110 0.02830188679245283 0
1680109783520 0.02830188679245283 0
1680109793894 0.028498427672955975 0
1680109804236 0.028498427672955975 0
1680109814717 0.02790880503144654 0
1680109824831 0.028105345911949686 0
1680109835391 0.02790880503144654 0
1680109846035 0.028105345911949686 0
1680109856528 0.02869496855345912 0
1680109898301 0.026785714285714284 0
1680109908841 0.027562111801242236 0
1680109919444 0.0265916149068323 0
1680109929816 0.026397515527950312 0
1680109940326 0.026203416149068324 0
1680109950806 0.026397515527950312 0
1680109961344 0.02562111801242236 0
1680109972049 0.0265916149068323 0
1680109982657 0.0265916149068323 0
1680109993379 0.0265916149068323 0
1680110036195 0.023931962025316455 0
1680110046729 0.024129746835443038 0
1680110057080 0.02432753164556962 0
1680110067598 0.024129746835443038 0
1680110077726 0.0245253164556962 0
1680110088056 0.024129746835443038 0
1680110098581 0.02353639240506329 0
1680110109088 0.02432753164556962 0
1680110119678 0.023931962025316455 0
1680110129953 0.02432753164556962 0
1680110173709 0.02254746835443038 0
1680110183870 0.022745253164556962 0
1680110194199 0.023140822784810125 0
1680110204434 0.022151898734177215 0
1680110214878 0.02254746835443038 0
1680110225206 0.022745253164556962 0
1680110235546 0.022745253164556962 0
1680110245906 0.021756329113924052 0
1680110256405 0.0223496835443038 0
1680110267150 0.02254746835443038 0
1680110311450 0.020371835443037976 0
1680110321920 0.021360759493670885 0
1680110332346 0.02076740506329114 0
1680110342550 0.020371835443037976 0
1680110353189 0.021162974683544302 0
1680110363739 0.021360759493670885 0
1680110374184 0.02076740506329114 0
1680110384581 0.020371835443037976 0
1680110395476 0.020569620253164556 0
1680110405609 0.021360759493670885 0
1680110450863 0.02025462962962963 0
1680110461442 0.020061728395061727 0
1680110472059 0.01986882716049383 0
1680110482854 0.019675925925925927 0
1680110493655 0.02025462962962963 0
1680110504385 0.019483024691358024 0
1680110514896 0.019097222222222224 0
1680110525573 0.019483024691358024 0
1680110536251 0.019483024691358024 0
1680110547038 0.019483024691358024 0
1680110593430 0.018633540372670808 0
1680110604118 0.018633540372670808 0
1680110614554 0.018051242236024844 0
1680110625170 0.017663043478260868 0
1680110635794 0.01746894409937888 0
1680110646315 0.017274844720496896 0
1680110656960 0.018245341614906832 0
1680110667650 0.018633540372670808 0
1680110678177 0.018051242236024844 0
1680110688674 0.018051242236024844 0
1680110736089 0.01690251572327044 0
1680110746588 0.016705974842767295 0
1680110757079 0.017099056603773585 0
1680110767564 0.015919811320754717 0
1680110777720 0.015919811320754717 0
1680110788117 0.016312893081761006 0
1680110798635 0.015133647798742138 0
1680110809196 0.016312893081761006 0
1680110819610 0.015919811320754717 0
1680110830168 0.01650943396226415 0
