1679272307890 9.514927119016647 0
1679272317899 9.794928225979675 0
1679272327660 9.528028250962961 0
1679272337198 9.338046321994625 0
1679272346735 9.347534887026995 0
1679272356024 9.0925896979752 0
1679272365264 9.062299412034918 0
1679272374544 9.086584762961138 0
1679272383795 9.056448516028468 0
1679272392792 8.794986267050263 0
1679272417396 9.28564426698722 0
1679272426757 9.13711853401037 0
1679272436326 9.357572312001139 0
1679272445735 9.186493219982367 0
1679272455039 9.074319406994618 0
1679272464785 9.530092212022282 0
1679272474632 9.586685700982343 0
1679272484125 9.252704349986743 0
1679272493890 9.553233368031215 0
1679272503544 9.426951434987132 0
1679272526523 9.656217375944834 0
1679272535903 9.13939466199372 0
1679272545485 9.332356530008838 0
1679272555207 9.500067097018473 0
1679272564782 9.345123789971694 0
1679272574692 9.588313107029535 0
1679272584700 9.786649961955845 0
1679272594474 9.503454431018326 0
1679272604017 9.318902216036804 0
1679272613710 9.446504912979435 0
1679272636272 9.660161903011613 0
1679272645996 9.398485271027312 0
1679272655482 9.242907611012924 0
1679272665121 9.39401186502073 0
1679272674956 9.60150618199259 0
1679272684906 9.711846526013687 0
1679272694583 9.450379453017376 0
1679272704139 9.32929422298912 0
1679272713995 9.624031825980637 0
1679272723651 9.400197452050634 0
1679272748574 9.502083108993247 0
1679272758241 9.448335634951945 0
1679272767661 9.174183663039003 0
1679272777182 9.30330952903023 0
1679272787016 9.61377168202307 0
1679272797049 9.803925168002024 0
1679272806662 9.372720445971936 0
1679272816250 9.355284934979863 0
1679272825976 9.431448267016094 0
1679272835652 9.464707471022848 0
1679272858132 9.135240909992717 0
1679272867549 9.208726720011327 0
1679272877012 9.162062917021103 0
1679272886536 9.292592626996338 0
1679272896078 9.277585039031692 0
1679272905528 9.228650363977067 0
1679272914835 9.090538393007591 0
1679272924169 9.107173250988126 0
1679272934145 9.673419470957015 0
1679272943453 9.062548399961088 0
1679272965990 9.202061499992851 0
1679272975386 9.177376848994754 0
1679272984934 9.29889621399343 0
1679272994602 9.426126423000824 0
1679273004066 9.253793208976276 0
1679273013760 9.48659087496344 0
1679273023196 9.210059820034076 0
1679273032856 9.355620652029756 0
1679273042185 9.043337962997612 0
1679273051839 9.410398598003667 0
1679273074589 9.073647759039886 0
1679273084105 9.291321309981868 0
1679273093919 9.586278041999321 0
1679273103247 9.083930594963022 0
1679273112659 9.174571782001294 0
1679273122138 9.257822221028619 0
1679273131717 9.349720195983537 0
1679273141169 9.200442037021276 0
1679273150516 9.103966754977591 0
1679273159922 9.184788538026623 0
1679273182076 9.456446549040265 0
1679273191510 9.18025116098579 0
1679273200876 9.133796087000519 0
1679273210508 9.409702548000496 0
1679273220369 9.608463855984155 0
1679273230207 9.614412753027864 0
1679273239978 9.536888655973598 0
1679273249688 9.480955061037093 0
1679273259404 9.481145452999044 0
1679273269224 9.562919837015215 0
1679273293234 9.37118370103417 0
1679273302660 9.21004111302318 0
1679273312220 9.315730742004234 0
1679273321649 9.178311739990022 0
1679273331125 9.236737424973398 0
1679273340658 9.31901460204972 0
1679273350381 9.468205804005265 0
1679273360192 9.593276684987359 0
1679273370005 9.556152278964873 0
1679273379497 9.25565429998096 0
1679273402712 9.361463078996167 0
1679273412270 9.32365288498113 0
1679273422199 9.650494862988126 0
1679273431922 9.506349309987854 0
1679273441413 9.230992014985532 0
1679273450948 9.313696217024699 0
1679273460504 9.339040514023509 0
1679273470182 9.437520236999262 0
1679273479657 9.234508995956276 0
1679273489252 9.358295578043908 0
1679273512886 9.150168959982693 0
1679273522143 9.016342615010217 0
1679273531455 9.09379254898522 0
1679273541027 9.317786474013701 0
1679273550279 8.953048959025182 0
1679273559788 9.274151498975698 0
1679273569586 9.547603434999473 0
1679273579235 9.398349603987299 0
1679273588547 9.075546616979409 0
1679273598263 9.482827079016715 0
1679273622562 9.304599559982307 0
1679273632257 9.463505400985014 0
1679273641956 9.428136841044761 0
1679273651486 9.300170194008388 0
1679273661177 9.455659621977247 0
1679273670899 9.474100261984859 0
1679273680596 9.44297935202485 0
1679273690063 9.232791821006685 0
1679273699636 9.340778730984312 0
1679273708824 8.963582328986377 0
1679273731276 9.119049452012405 0
1679273740962 9.453140470955987 0
1679273750419 9.203092495037708 0
1679273760067 9.407010396011174 0
1679273769633 9.30039880599361 0
1679273779135 9.265566346002743 0
1679273788607 9.19880644098157 0
1679273798389 9.5429868499632 0
1679273807909 9.281519307987764 0
1679273817463 9.325827646011021 0
1679273842256 9.422030703979544 0
1679273851652 9.163544396986254 0
1679273861142 9.26358893600991 0
1679273870994 9.58980120299384 0
1679273880382 9.152743190992624 0
1679273889949 9.316429308033548 0
1679273899534 9.327977580949664 0
1679273909011 9.213205902953632 0
1679273918709 9.435884108999744 0
1679273928560 9.580271270009689 0
1679273953094 9.128690743993502 0
1679273962801 9.480865962977987 0
1679273972572 9.511107010999694 0
1679273982026 9.21676977199968 0
1679273991932 9.633641296997666 0
1679274001639 9.457964105997235 0
1679274011249 9.346615192014724 0
1679274021268 9.767087102052756 0
1679274030853 9.306076252018102 0
1679274040678 9.572382435959298 0
1679274065070 9.352968927007169 0
1679274074864 9.529766095976811 0
1679274084481 9.371455490007065 0
1679274094247 9.500569097988773 0
1679274103613 9.126793182978872 0
1679274113162 9.26052216195967 0
1679274122642 9.224488999054302 0
1679274132438 9.534438767004758 0
1679274142152 9.48938356898725 0
1679274151690 9.283892793988343 0
1679274176526 9.183478427003138 0
1679274186367 9.577955979970284 0
1679274195980 9.325151607976295 0
1679274205715 9.479730025981553 0
1679274215373 9.397792796022259 0
1679274224931 9.289553299022373 0
1679274234572 9.380928665981628 0
1679274244500 9.686609069991391 0
1679274254148 9.401823388994671 0
1679274263871 9.47481952200178 0
1679274289045 9.306688049982768 0
1679274298702 9.401072327978909 0
1679274308029 9.093345851986669 0
1679274317529 9.250438474991824 0
1679274327047 9.269394083006773 0
1679274336584 9.297357634000946 0
1679274346266 9.41951443097787 0
1679274355628 9.105166897992603 0
1679274365298 9.419865946983919 0
1679274375005 9.421231440966949 0
1679274400579 9.404951158037875 0
1679274410145 9.287200813996606 0
1679274419631 9.206327097956091 0
1679274429267 9.385063627967611 0
1679274438782 9.265079084958415 0
1679274448390 9.374969349009916 0
1679274458003 9.376354323001578 0
1679274467746 9.483584926987533 0
1679274477105 9.110631930001546 0
1679274486498 9.130964633019175 0
