1679272307884 0.35504097305238247 0
1679272317894 0.1206049151563396 0
1679272327654 0.08607307754173948 0
1679272337193 0.06675598969998058 0
1679272346729 0.04029802013389474 0
1679272356017 0.02541175329550991 0
1679272365257 0.03053523055731442 0
1679272374538 0.013569036629276382 0
1679272383789 0.010463135019973362 0
1679272392787 0.006744822069313337 0
1679272417391 0.6849286407962734 0
1679272426750 0.09824457597078792 0
1679272436322 0.05253030931321429 0
1679272445729 0.045534678362766465 0
1679272455030 0.0483955430373659 0
1679272464779 0.023096692017918707 0
1679272474621 0.025886964237810495 0
1679272484116 0.017120537863971264 0
1679272493883 0.015503047438174048 0
1679272503537 0.013788460379502937 0
1679272526516 0.9936453752840558 0
1679272535895 0.09957798047666895 0
1679272545475 0.05160544283331975 0
1679272555200 0.043395243215319866 0
1679272564774 0.022968832588316324 0
1679272574687 0.03765368620938092 0
1679272584695 0.04444748203854496 0
1679272594466 0.03134547614985529 0
1679272604011 0.043861106517450774 0
1679272613695 0.04201291917421508 0
1679272636266 1.2029267208029826 0
1679272645989 0.15066176800824263 0
1679272655475 0.06252809572398808 0
1679272665114 0.08825210115287964 0
1679272674948 0.037471659504351953 0
1679272684899 0.05085458028057188 0
1679272694574 0.03760570356184069 0
1679272704132 0.022057483735147352 0
1679272713987 0.02338297052455007 0
1679272723643 0.028389384837675037 0
1679272748567 1.3280865760410534 0
1679272758236 0.19075962063838162 0
1679272767647 0.10606770285898272 0
1679272777176 0.044937004225657266 0
1679272787010 0.038856248243474494 0
1679272797041 0.05905067005797344 0
1679272806650 0.05227016378194094 0
1679272816241 0.04087256820981994 0
1679272825969 0.03789344276575481 0
1679272835646 0.02291956435268124 0
1679272858124 1.3398826066039355 0
1679272867543 0.2269399851268413 0
1679272877005 0.11259833385473957 0
1679272886529 0.07322690780183264 0
1679272896070 0.06330322372891448 0
1679272905521 0.04490801725792242 0
1679272914829 0.042002148606686614 0
1679272924162 0.01798755411679546 0
1679272934137 0.041889248548221646 0
1679272943441 0.06320401127724086 0
1679272965980 2.0374874250561583 0
1679272975381 0.365449696048802 0
1679272984926 0.18801529820570173 0
1679272994595 0.0979917659150327 0
1679273004061 0.054702007786973435 0
1679273013755 0.06749875806089417 0
1679273023190 0.0550767532184574 0
1679273032848 0.05309875999741694 0
1679273042179 0.030184075701981783 0
1679273051830 0.029434856018234118 0
1679273074583 2.1317002808346466 0
1679273084098 0.3891814750637494 0
1679273093908 0.1502605638667649 0
1679273103233 0.09110393398897905 0
1679273112651 0.04732301810245011 0
1679273122132 0.023444452953031835 0
1679273131710 0.03263163991162882 0
1679273141162 0.03302742146393832 0
1679273150507 0.08933311054373488 0
1679273159916 0.05454163697968219 0
1679273182070 2.3176319280675814 0
1679273191502 0.2674023102895886 0
1679273200865 0.08974031925055326 0
1679273210502 0.04754642403556728 0
1679273220362 0.05113061427997023 0
1679273230200 0.03927878533289129 0
1679273239972 0.03418401455251025 0
1679273249680 0.013631055788958775 0
1679273259393 0.03554329463262476 0
1679273269203 0.024507130523595738 0
1679273293220 1.8389818206721662 0
1679273302654 0.3444332069918221 0
1679273312210 0.1192622787739132 0
1679273321639 0.055834248661994934 0
1679273331117 0.05263793499519428 0
1679273340652 0.04813950269610858 0
1679273350374 0.032674012486548984 0
1679273360186 0.03562729470614417 0
1679273369995 0.032349821983599196 0
1679273379486 0.08173971854186818 0
1679273402704 2.1063858761506924 0
1679273412259 0.4276073945357519 0
1679273422189 0.14808024778304732 0
1679273431915 0.06266830283600618 0
1679273441401 0.061484739576995955 0
1679273450941 0.0648546280960242 0
1679273460497 0.02788939294131363 0
1679273470175 0.04895315438910734 0
1679273479647 0.05111398182663263 0
1679273489243 0.04502925490412642 0
1679273512878 1.9557755811541688 0
1679273522136 0.3361075996768241 0
1679273531448 0.13810223456033888 0
1679273541020 0.0763663734291114 0
1679273550272 0.04601924335949269 0
1679273559777 0.04541847157273807 0
1679273569579 0.032574404432785274 0
1679273579228 0.049615654911772875 0
1679273588538 0.056690268930705154 0
1679273598255 0.03356385042927429 0
1679273622551 1.9412669822865842 0
1679273632249 0.3244796692229369 0
1679273641947 0.12802961917922778 0
1679273651473 0.05885765986407504 0
1679273661163 0.04177572798239542 0
1679273670892 0.039511048527178814 0
1679273680588 0.01960026447241213 0
1679273690055 0.027230761680459858 0
1679273699629 0.0285150594370184 0
1679273708817 0.03504619454307591 0
1679273731268 1.80760177619317 0
1679273740954 0.2930290226039349 0
1679273750410 0.1225701071066307 0
1679273760055 0.0836408426528614 0
1679273769625 0.05274632377732618 0
1679273779128 0.04685498746659826 0
1679273788596 0.037806310581372064 0
1679273798382 0.030109095332377097 0
1679273807902 0.02008586722955692 0
1679273817454 0.04732215174419038 0
1679273842247 2.010457960998311 0
1679273851645 0.3178324775733784 0
1679273861135 0.12671097119649252 0
1679273870985 0.0714250566328273 0
1679273880374 0.046633300471904816 0
1679273889938 0.0470476253962546 0
1679273899524 0.03321567828785263 0
1679273909002 0.039461699761815516 0
1679273918697 0.04516570572284799 0
1679273928546 0.039885078538574426 0
1679273953085 1.8401478590334164 0
1679273962793 0.2798779589288375 0
1679273972561 0.11936523385492026 0
1679273982018 0.07504710766906832 0
1679273991909 0.05047678736531559 0
1679274001631 0.04124885428623826 0
1679274011240 0.04138791788478985 0
1679274021259 0.04436654454170197 0
1679274030845 0.02105421782014709 0
1679274040670 0.03871110850470323 0
1679274065061 1.8922055121145995 0
1679274074846 0.3047575350558641 0
1679274084472 0.11888451965562269 0
1679274094229 0.06459476236327022 0
1679274103605 0.053240136909937744 0
1679274113145 0.06708247316818611 0
1679274122630 0.03435199109691323 0
1679274132425 0.024453280822319144 0
1679274142144 0.02962813047947837 0
1679274151682 0.02877518848753443 0
1679274176517 1.7726205836470221 0
1679274186359 0.192374647083674 0
1679274195972 0.07916841835842706 0
1679274205707 0.043927394721072675 0
1679274215364 0.03908734923849503 0
1679274224923 0.039967685106995644 0
1679274234550 0.053417714714419605 0
1679274244486 0.03525972523379559 0
1679274254140 0.020821239808391706 0
1679274263863 0.015120932138433643 0
1679274289034 2.1955143598949207 0
1679274298693 0.42604682156268286 0
1679274308020 0.1677030574201661 0
1679274317519 0.11636717628468485 0
1679274327039 0.0657216285026687 0
1679274336567 0.049068351696227114 0
1679274346257 0.05498678077414047 0
1679274355619 0.06473655809703119 0
1679274365289 0.05090888443530774 0
1679274374996 0.03455836805241073 0
1679274400568 2.1001628426944507 0
1679274410136 0.2659784745351941 0
1679274419621 0.11766673761474736 0
1679274429258 0.06692831745992105 0
1679274438761 0.040479055167559314 0
1679274448381 0.045215772154430546 0
1679274457995 0.05144792891965777 0
1679274467736 0.0311232235319182 0
1679274477096 0.01857217997495158 0
1679274486486 0.027505522402112976 0
