1678674071856 6.549984133802354 0
1678674078461 6.483636651653796 0
1678674084885 6.304150453768671 0
1678674091281 6.284168042242527 0
1678674097609 6.1987775969319046 0
1678674104150 6.426479761023074 0
1678674110936 6.654409628827125 0
1678674118044 6.972065554000437 0
1678674124870 6.681023139040917 0
1678674131732 6.7192955440841615 0
1678674204403 16.903730649966747 0
1678674221600 17.069919158238918 0
1678674239170 17.43670946918428 0
1678674256591 17.272488684859127 0
1678674273901 17.173638205975294 0
1678674291215 17.172778114676476 0
1678674308309 16.96368546690792 0
1678674325248 16.817650578916073 0
1678674342376 16.99824905116111 0
1678674359335 16.829739224165678 0
1678674430897 17.682415099348873 0
1678674448519 17.489853431936353 0
1678674466089 17.445191885810345 0
1678674483622 17.395582098979503 0
1678674501392 17.634851483162493 0
1678674518888 17.373311293311417 0
1678674536412 17.333255401812494 0
1678674553852 17.302361633162946 0
1678674571511 17.52519369823858 0
1678674588937 17.293706877622753 0
1678674658635 17.890087300911546 0
1678674676337 17.570456904824823 0
1678674694564 18.097816504072398 0
1678674712167 17.472926976159215 0
1678674730360 18.05324617307633 0
1678674748182 17.693956202361733 0
1678674765958 17.64536937698722 0
1678674783985 17.88552943104878 0
1678674801686 17.587536294944584 0
1678674819414 17.54892577789724 0
1678674892237 18.26642010640353 0
1678674910658 18.3010789998807 0
1678674929123 18.326741749886423 0
1678674947222 17.95225909492001 0
1678674965698 18.336358218919486 0
1678674984245 18.395310264080763 0
1678675002676 18.300730073824525 0
1678675021336 18.518731893971562 0
1678675039284 17.81015792535618 0
1678675057732 18.31936985300854 0
1678675128908 18.44898775778711 0
1678675147641 18.602842746768147 0
1678675166261 18.46734598558396 0
1678675185141 18.744212228339165 0
1678675203876 18.605417327955365 0
1678675222444 18.433557661715895 0
1678675240755 18.176797466818243 0
1678675259297 18.405989930965006 0
1678675278117 18.67009671172127 0
1678675296714 18.458075826987624 0
1678675370321 18.442604738287628 0
1678675389019 18.561226811725646 0
1678675407581 18.43091021804139 0
1678675426479 18.754144601058215 0
1678675445575 18.968840128276497 0
1678675464259 18.543497037142515 0
1678675482878 18.478366828057915 0
1678675501893 18.87413791101426 0
1678675520277 18.247958969324827 0
1678675538921 18.50123688019812 0
1678675615334 18.59579521184787 0
1678675634244 18.764342991169542 0
1678675653068 18.684115920681506 0
1678675672245 19.045946329832077 0
1678675690850 18.471047489903867 0
1678675709559 18.569416726008058 0
1678675728495 18.816399074625224 0
1678675747357 18.728555382229388 0
1678675766509 19.01868125097826 0
1678675785441 18.783883597701788 0
1678675861875 19.011288851033896 0
1678675880880 18.8696317570284 0
1678675900081 19.05674141412601 0
1678675919575 19.354620687197894 0
1678675938802 19.07369210384786 0
1678675958046 19.11295242002234 0
1678675977291 19.103391444310546 0
1678675996475 19.05403654370457 0
1678676015611 18.999050800222903 0
1678676034977 19.222875055857003 0
1678676107922 19.112689116969705 0
1678676127233 19.167945534922183 0
1678676146919 19.54362773289904 0
1678676166164 19.091542968992144 0
1678676185691 19.399258117657155 0
1678676205035 19.200508293695748 0
1678676224288 19.11111074872315 0
1678676243974 19.53514281101525 0
1678676263447 19.337565234862268 0
1678676282877 19.291513602714986 0
1678676356551 19.69180665165186 0
1678676376128 19.434278720989823 0
1678676395808 19.533224530052394 0
1678676415678 19.715087497141212 0
1678676435417 19.594026178121567 0
1678676455385 19.81973073305562 0
1678676474947 19.422616839874536 0
1678676494413 19.318707970902324 0
1678676514011 19.449001147877425 0
1678676533855 19.699913650751114 0
1678676607952 19.597111294046044 0
1678676627826 19.72250227537006 0
1678676647626 19.660265266895294 0
1678676667750 19.980349010787904 0
1678676687820 19.918201724998653 0
1678676707544 19.579112194944173 0
1678676727973 20.284741648007184 0
1678676747650 19.53337327670306 0
1678676767972 20.1729627372697 0
1678676787769 19.655655620153993 0
1678676860853 20.307904838118702 0
1678676881164 20.161209051962942 0
1678676901087 19.77535607898608 0
1678676921194 19.963169700931758 0
1678676941578 20.240540027152747 0
1678676961803 20.091126518324018 0
1678676982160 20.212045597378165 0
1678677002244 19.94055974809453 0
1678677022164 19.76735441805795 0
1678677042179 19.873151320032775 0
1678677116637 20.213564326055348 0
1678677136768 19.987911844160408 0
1678677157155 20.22294760029763 0
1678677177410 20.115060029085726 0
1678677197698 20.148881494998932 0
1678677218116 20.274221852887422 0
1678677238932 20.67311936803162 0
1678677259234 20.158751622773707 0
1678677279516 20.127947894856334 0
1678677299833 20.173900519963354 0
1678677373389 19.90289202798158 0
1678677393657 20.115257909987122 0
1678677414308 20.496615898795426 0
1678677434879 20.424263286869973 0
1678677455267 20.24274250306189 0
1678677475663 20.258757748641074 0
1678677496159 20.34027612907812 0
1678677516500 20.208015646785498 0
1678677536920 20.252233606763184 0
1678677557239 20.17864777473733 0
1678677632061 20.413153135217726 0
1678677653077 20.85947838705033 0
1678677673991 20.76781648211181 0
1678677695091 20.962619746103883 0
1678677715964 20.717622564174235 0
1678677736764 20.649964683689177 0
1678677757390 20.477966416161507 0
1678677778202 20.66080185305327 0
1678677799141 20.79401587508619 0
1678677820032 20.731503596995026 0
1678677894257 21.010860175359994 0
1678677915367 20.964545140974224 0
1678677936339 20.8192285890691 0
1678677957720 21.228971085045487 0
1678677978732 20.864284926094115 0
1678677999758 20.87174353701994 0
1678678020393 20.49031995795667 0
1678678041184 20.64701160090044 0
1678678062416 21.06681953696534 0
1678678083538 20.969288005959243 0
1678678159131 21.26729385415092 0
1678678180201 20.91375290695578 0
1678678201516 21.157632916234434 0
1678678222954 21.27900213189423 0
1678678244321 21.217783950734884 0
1678678265755 21.28030051989481 0
1678678287160 21.195638847071677 0
1678678308571 21.254499108996242 0
1678678330055 21.317365701775998 0
1678678351302 21.086821211036295 0
1678678426805 21.109015204012394 0
1678678447931 20.975721950177103 0
1678678469197 21.109383879695088 0
1678678490410 21.0609070379287 0
1678678512079 21.50654182303697 0
1678678533294 21.048786885105073 0
1678678554581 21.1301850117743 0
1678678575825 21.08987833466381 0
1678678596938 20.95513844722882 0
1678678618443 21.348891869187355 0
1678678694646 21.522640762850642 0
1678678716503 21.677981894928962 0
1678678737932 21.283590954728425 0
1678678759443 21.35709705296904 0
1678678781564 21.949672405142337 0
1678678803327 21.61629641102627 0
1678678825113 21.61446716915816 0
1678678846828 21.563181896228343 0
1678678868434 21.449266902636737 0
1678678890002 21.41684211185202 0
