1678674071851 0.49897958198916864 0
1678674078455 0.20119407076298954 0
1678674084880 0.34227983127942435 0
1678674091274 0.15114232645396447 0
1678674097605 0.1236576087366616 0
1678674104145 0.07660580512920313 0
1678674110930 0.03587768129985116 0
1678674118039 0.01198116916183869 0
1678674124857 0.08340539371732655 0
1678674131726 0.05805573126422017 0
1678674204396 0.2558961247475637 0
1678674221592 0.019852455273199388 0
1678674239159 0.00822545789745632 0
1678674256577 0.005805885919228752 0
1678674273892 0.0039600770201992375 0
1678674291207 0.0029323612863322557 0
1678674308302 0.0027951145060894586 0
1678674325242 0.001838162506281792 0
1678674342370 0.0015637434870688141 0
1678674359328 0.0014173942288533748 0
1678674430887 0.3630806566231846 0
1678674448511 0.0286429056434252 0
1678674466084 0.012101439844427507 0
1678674483614 0.007423342018917483 0
1678674501386 0.006102666445478517 0
1678674518883 0.00397926078798583 0
1678674536402 0.003035073147934749 0
1678674553844 0.002314879387390814 0
1678674571503 0.0022972457041527997 0
1678674588928 0.0021252104275705677 0
1678674658626 0.7895649507810654 0
1678674676331 0.07571590814258153 0
1678674694556 0.028250615730924192 0
1678674712159 0.015555780829681986 0
1678674730350 0.007880849714212596 0
1678674748176 0.0061371568017479835 0
1678674765951 0.005055419806617298 0
1678674783977 0.003350532450576807 0
1678674801680 0.003034012465537596 0
1678674819406 0.003377610296321125 0
1678674892224 1.1278622331550892 0
1678674910652 0.1449702666969605 0
1678674929115 0.05268785498824948 0
1678674947208 0.024413658432935883 0
1678674965689 0.01451131313719887 0
1678674984231 0.014703453274922186 0
1678675002669 0.006733060375343052 0
1678675021329 0.0057029622784840715 0
1678675039278 0.005391010719791142 0
1678675057724 0.003056694645775787 0
1678675128903 1.6745381345452623 0
1678675147635 0.30151898700846147 0
1678675166251 0.11156640158730122 0
1678675185133 0.04224981192983009 0
1678675203866 0.02464976079699951 0
1678675222436 0.014968743856514985 0
1678675240747 0.010900721491541055 0
1678675259289 0.008509125381034996 0
1678675278107 0.004625086036789042 0
1678675296707 0.005378840270765514 0
1678675370313 1.9003876304133895 0
1678675389010 0.3962267378699511 0
1678675407575 0.13099351182299707 0
1678675426471 0.053734272121096556 0
1678675445564 0.025752804737458838 0
1678675464246 0.01550688177652742 0
1678675482867 0.009247680274511777 0
1678675501884 0.009159517117365023 0
1678675520270 0.005701897510925019 0
1678675538909 0.006945469664226536 0
1678675615328 1.9811291197384355 0
1678675634232 0.3378270234989598 0
1678675653061 0.1551732071343668 0
1678675672238 0.050616489674504286 0
1678675690842 0.02705509899884251 0
1678675709551 0.015717876184245815 0
1678675728489 0.00966664371311876 0
1678675747351 0.007318502668816294 0
1678675766504 0.006251919365091972 0
1678675785431 0.005979557795323158 0
1678675861861 2.1259008384287594 0
1678675880874 0.4689858446022334 0
1678675900070 0.1515475612155567 0
1678675919566 0.06221049398670879 0
1678675938790 0.02579331693460351 0
1678675958040 0.015455605782685624 0
1678675977284 0.012808010057206465 0
1678675996468 0.010024566203930147 0
1678676015602 0.008935025453336612 0
1678676034969 0.008488606378686508 0
1678676107913 2.180451363040237 0
1678676127225 0.4386445567485105 0
1678676146910 0.13464650184127455 0
1678676166156 0.04943227261819481 0
1678676185685 0.02735850002502921 0
1678676205027 0.01957100079527841 0
1678676224279 0.013211821830529068 0
1678676243966 0.00870013516827053 0
1678676263441 0.008611222024061616 0
1678676282869 0.005778005218573863 0
1678676356537 2.155110590663031 0
1678676376117 0.41680774310471064 0
1678676395796 0.15010028607474776 0
1678676415668 0.05720567099251499 0
1678676435405 0.02668959222219349 0
1678676455371 0.01925791266356772 0
1678676474939 0.012446187299308938 0
1678676494401 0.010621341163332158 0
1678676513997 0.007998402586831122 0
1678676533849 0.007361370616977574 0
1678676607944 2.2721232128040385 0
1678676627813 0.4736608308551858 0
1678676647618 0.14575953367836786 0
1678676667743 0.05827886658607811 0
1678676687811 0.025715654869249416 0
1678676707536 0.01683116948586434 0
1678676727964 0.01235258977686756 0
1678676747641 0.009716327989952379 0
1678676767964 0.009460747039799627 0
1678676787760 0.007181262704559564 0
1678676860846 2.2587572232904236 0
1678676881155 0.42827174612448754 0
1678676901072 0.14112931256984584 0
1678676921186 0.05970592651834394 0
1678676941570 0.027513356741220265 0
1678676961793 0.01686777987649806 0
1678676982153 0.013514338851818195 0
1678677002231 0.010678180768245024 0
1678677022151 0.00915957573655392 0
1678677042171 0.008079528466850344 0
1678677116626 2.2400966629252697 0
1678677136759 0.4038746418075873 0
1678677157142 0.12878936659653833 0
1678677177401 0.051336801653102414 0
1678677197691 0.02760654374741126 0
1678677218108 0.017686077667847667 0
1678677238924 0.014233549566887207 0
1678677259227 0.009752658947198352 0
1678677279508 0.007909863152820646 0
1678677299826 0.006957682777618897 0
1678677373372 2.337545381664237 0
1678677393648 0.5327091371061035 0
1678677414300 0.1722083118340133 0
1678677434871 0.06272965334436241 0
1678677455259 0.030004213598272222 0
1678677475656 0.01998715962028011 0
1678677496151 0.014826240733373856 0
1678677516493 0.011648430661598437 0
1678677536908 0.01012751457261021 0
1678677557231 0.009179229512374194 0
1678677632042 2.4154479305868417 0
1678677653063 0.5559696718163598 0
1678677673982 0.18718992534368964 0
1678677695084 0.06402026275370984 0
1678677715957 0.040643252261187465 0
1678677736755 0.023101710610153717 0
1678677757382 0.015306755105470604 0
1678677778194 0.010858896972724696 0
1678677799133 0.010919910812227217 0
1678677820020 0.00861249148823847 0
1678677894243 2.413088758382171 0
1678677915359 0.5964662037328037 0
1678677936328 0.22002665630064738 0
1678677957712 0.09033935126508785 0
1678677978724 0.042540599442983974 0
1678677999749 0.028549521744499373 0
1678678020385 0.01938907564665078 0
1678678041176 0.013261608367902406 0
1678678062406 0.010453548195656715 0
1678678083529 0.008034307063096859 0
1678678159122 2.5845800426099683 0
1678678180192 0.7410154187528579 0
1678678201501 0.2932361680491633 0
1678678222937 0.1187845640001641 0
1678678244311 0.04971047048004659 0
1678678265743 0.029721287702621776 0
1678678287151 0.028859119456820823 0
1678678308560 0.015232835902343957 0
1678678330045 0.015275536260113576 0
1678678351285 0.011084929602568142 0
1678678426797 2.5177014999245553 0
1678678447922 0.7080718614769834 0
1678678469189 0.2623874126045269 0
1678678490398 0.10251035181517738 0
1678678512070 0.049266565454399516 0
1678678533285 0.04003431559794485 0
1678678554562 0.02291134034688095 0
1678678575816 0.018289296247692266 0
1678678596916 0.014503560948231284 0
1678678618434 0.010773371682237264 0
1678678694637 2.511243558025566 0
1678678716490 0.6853060862035102 0
1678678737923 0.23647942728294916 0
1678678759424 0.098969921203186 0
1678678781545 0.05347552736563481 0
1678678803319 0.031122191903599793 0
1678678825093 0.01992134847415475 0
1678678846819 0.015897517664874367 0
1678678868425 0.01213649312517285 0
1678678889993 0.010684442194078188 0
