1678674071840 0.83643009442583 0
1678674078444 0.9262869326835211 0
1678674084870 0.8702406335668595 0
1678674091263 0.9430399025281755 0
1678674097594 0.9555284800487359 0
1678674104135 0.9753274444106 0
1678674110917 0.9884252208346025 0
1678674118028 0.9972586049345111 0
1678674124842 0.9762412427657631 0
1678674131716 0.9808102345415778 0
1678674204383 0.9514338575393154 0
1678674221581 0.996145544249152 0
1678674239148 0.9983040394696269 0
1678674256565 0.9992291088498304 0
1678674273877 0.9993832870798643 0
1678674291196 0.9996916435399321 0
1678674308290 0.9998458217699661 0
1678674325231 1.0 0
1678674342360 1.0 0
1678674359317 0.9998458217699661 0
1678674430874 0.9272278754239901 0
1678674448501 0.9935245143385754 0
1678674466073 0.9976873265494912 0
1678674483600 0.9989207523897625 0
1678674501373 0.9995374653098983 0
1678674518872 0.9995374653098983 0
1678674536390 0.9998458217699661 0
1678674553832 0.9998458217699661 0
1678674571491 0.9998458217699661 0
1678674588917 0.9995374653098983 0
1678674658611 0.8393462843046562 0
1678674676320 0.9794942954054887 0
1678674694544 0.9938328707986432 0
1678674712146 0.9969164353993216 0
1678674730340 0.9990749306197965 0
1678674748166 0.9993832870798643 0
1678674765939 0.9996916435399321 0
1678674783962 1.0 0
1678674801669 0.9998458217699661 0
1678674819398 0.9995374653098983 0
1678674892213 0.759481961147086 0
1678674910641 0.9616096207215541 0
1678674929103 0.9870490286771508 0
1678674947196 0.996145544249152 0
1678674965673 0.9987665741597287 0
1678674984216 0.9969164353993216 0
1678675002656 0.9998458217699661 0
1678675021318 0.9993832870798643 0
1678675039267 0.9993832870798643 0
1678675057712 1.0 0
1678675128894 0.6327474560592045 0
1678675147625 0.9215232809127352 0
1678675166231 0.9747147702744372 0
1678675185120 0.9925994449583718 0
1678675203854 0.9969164353993216 0
1678675222423 0.9989207523897625 0
1678675240735 0.9990749306197965 0
1678675259278 0.9992291088498304 0
1678675278095 0.9998458217699661 0
1678675296696 0.9996916435399321 0
1678675370301 0.5963613937711995 0
1678675388995 0.8899167437557817 0
1678675407564 0.975331483194573 0
1678675426459 0.9909034844279988 0
1678675445552 0.9969164353993216 0
1678675464235 0.9990749306197965 0
1678675482856 1.0 0
1678675501872 0.9990749306197965 0
1678675520257 1.0 0
1678675538897 0.9993832870798643 0
1678675615318 0.5827937095282146 0
1678675634220 0.914122725871107 0
1678675653051 0.9663891458526056 0
1678675672228 0.9932161578785076 0
1678675690831 0.9975331483194573 0
1678675709535 0.9990749306197965 0
1678675728478 1.0 0
1678675747339 1.0 0
1678675766495 0.9998458217699661 0
1678675785419 0.9996916435399321 0
1678675861847 0.5567375886524822 0
1678675880863 0.8717237126117792 0
1678675900056 0.9653098982423681 0
1678675919554 0.9896700585877274 0
1678675938773 0.9983040394696269 0
1678675958027 0.9990749306197965 0
1678675977274 0.9993832870798643 0
1678675996457 0.9995374653098983 0
1678676015589 0.9995374653098983 0
1678676034958 0.9993832870798643 0
1678676107900 0.5518038852913969 0
1678676127214 0.8746530989824237 0
1678676146893 0.9745605920444034 0
1678676166144 0.9939870490286772 0
1678676185673 0.9969164353993216 0
1678676205016 0.9987665741597287 0
1678676224262 0.9992291088498304 0
1678676243955 0.9996916435399321 0
1678676263430 0.9995374653098983 0
1678676282854 0.9998458217699661 0
1678676356520 0.5670675300647549 0
1678676376103 0.8886833179155104 0
1678676395783 0.9662349676225717 0
1678676415652 0.9927536231884058 0
1678676435393 0.9975331483194573 0
1678676455356 0.9981498612395929 0
1678676474927 0.9992291088498304 0
1678676494388 0.9996916435399321 0
1678676513984 0.9996916435399321 0
1678676533838 0.9998458217699661 0
1678676607932 0.541936478569226 0
1678676627795 0.8672525439407955 0
1678676647605 0.9690101757631823 0
1678676667731 0.9929078014184397 0
1678676687797 0.9983040394696269 0
1678676707524 0.9993832870798643 0
1678676727949 0.9990749306197965 0
1678676747627 0.9996916435399321 0
1678676767950 0.9995374653098983 0
1678676787745 1.0 0
1678676860835 0.5411655874190564 0
1678676881143 0.8811285846438482 0
1678676901057 0.973172987974098 0
1678676921174 0.9916743755781684 0
1678676941557 0.9981498612395929 0
1678676961779 0.9989207523897625 0
1678676982142 0.9992291088498304 0
1678677002218 0.9993832870798643 0
1678677022132 0.9996916435399321 0
1678677042158 0.9996916435399321 0
1678677116609 0.5534998458217699 0
1678677136747 0.8939253777366636 0
1678677157128 0.9747147702744372 0
1678677177387 0.9938328707986432 0
1678677197680 0.9979956830095591 0
1678677218098 0.9986123959296948 0
1678677238914 0.9992291088498304 0
1678677259216 0.9998458217699661 0
1678677279495 0.9998458217699661 0
1678677299814 0.9998458217699661 0
1678677373360 0.5101757631822387 0
1678677393637 0.8522972556275054 0
1678677414289 0.9645390070921985 0
1678677434859 0.9919827320382362 0
1678677455247 0.9975331483194573 0
1678677475644 0.9989207523897625 0
1678677496139 0.9990749306197965 0
1678677516481 0.9990749306197965 0
1678677536889 0.9995374653098983 0
1678677557219 0.9993832870798643 0
1678677632026 0.48041936478569225 0
1678677653046 0.8402713536848597 0
1678677673967 0.958063521430774 0
1678677695072 0.9919827320382362 0
1678677715947 0.9956830095590503 0
1678677736741 0.9979956830095591 0
1678677757370 0.9990749306197965 0
1678677778180 0.9998458217699661 0
1678677799122 0.9993832870798643 0
1678677820004 0.9998458217699661 0
1678677894227 0.4879740980573543 0
1678677915345 0.8231575701510947 0
1678677936312 0.9474252235584335 0
1678677957700 0.9836571076164046 0
1678677978711 0.996145544249152 0
1678677999736 0.9973789700894233 0
1678678020371 0.9986123959296948 0
1678678041164 0.9992291088498304 0
1678678062392 0.9996916435399321 0
1678678083517 0.9998458217699661 0
1678678159108 0.45621338267036693 0
1678678180177 0.7736663583102066 0
1678678201486 0.9259944495837188 0
1678678222918 0.9761023743447426 0
1678678244296 0.9946037619488128 0
1678678265725 0.9970706136293556 0
1678678287137 0.9964539007092199 0
1678678308542 0.9990749306197965 0
1678678330028 0.9987665741597287 0
1678678351266 0.9984582176996608 0
1678678426784 0.4469626888683318 0
1678678447908 0.7852297255627505 0
1678678469176 0.9333950046253469 0
1678678490386 0.9807277212457601 0
1678678512057 0.9946037619488128 0
1678678533270 0.9944495837187789 0
1678678554547 0.9976873265494912 0
1678678575806 0.9979956830095591 0
1678678596903 0.9990749306197965 0
1678678618422 0.9995374653098983 0
1678678694625 0.4492753623188406 0
1678678716460 0.799722479185939 0
1678678737910 0.9394079555966698 0
1678678759412 0.9819611470860314 0
1678678781531 0.9905951279679309 0
1678678803308 0.996299722479186 0
1678678825079 0.9978415047795252 0
1678678846804 0.9989207523897625 0
1678678868414 0.9993832870798643 0
1678678889979 0.9992291088498304 0
