1680238143230 0.9925556282722513 0
1680238164672 0.9993455497382199 0
1680238188129 0.9994273560209425 0
1680238211785 0.9997545811518325 0
1680238236046 0.9997545811518325 0
1680238259924 0.9997545811518325 0
1680238284184 0.9999181937172775 0
1680238307773 0.9998363874345549 0
1680238331346 1.0 0
1680238355117 1.0 0
1680238430194 1.0 0
1680238505230 1.0 0
1680238580228 1.0 0
1680238655096 1.0 0
1680238729496 1.0 0
1680238804557 1.0 0
1680238878682 1.0 0
1680238953194 1.0 0
1680239027182 1.0 0
1680239102455 1.0 0
1680239178606 0.9999278290993071 0
1680239253672 0.9996391454965358 0
1680239328759 1.0 0
1680239403930 1.0 0
1680239478650 1.0 0
1680239554334 1.0 0
1680239629366 1.0 0
1680239704380 1.0 0
1680239779556 1.0 0
1680239853800 1.0 0
1680239929819 0.9999633215962441 0
1680240004823 1.0 0
1680240078435 1.0 0
1680240153027 1.0 0
1680240226778 1.0 0
1680240301268 1.0 0
1680240376585 1.0 0
1680240451213 1.0 0
1680240525946 1.0 0
1680240601094 1.0 0
1680240669489 1.0 0
1680240736520 1.0 0
1680240803386 1.0 0
1680240869517 1.0 0
1680240936458 1.0 0
1680241002254 1.0 0
1680241069590 1.0 0
1680241137192 1.0 0
1680241204200 1.0 0
1680241270932 1.0 0
1680241369955 0.9954651162790698 0
1680241466670 0.999156976744186 0
1680241562779 0.9993313953488372 0
1680241658903 0.9996511627906977 0
1680241755186 0.9999709302325581 0
1680241851625 1.0 0
1680241948598 1.0 0
1680242045175 1.0 0
1680242140362 1.0 0
1680242237808 1.0 0
1680242302572 0.9980209867452136 0
1680242365901 0.9999539764359352 0
1680242428266 1.0 0
1680242490989 1.0 0
1680242553900 0.999769882179676 0
1680242617110 1.0 0
1680242679744 0.9999539764359352 0
1680242742606 1.0 0
1680242805005 1.0 0
1680242867611 1.0 0
1680242892846 0.994054203539823 0
1680242915639 0.999308628318584 0
1680242938331 0.9998617256637168 0
1680242960956 0.9998617256637168 0
1680242983583 1.0 0
1680243006122 1.0 0
1680243028603 1.0 0
1680243051005 1.0 0
1680243073297 1.0 0
1680243095948 1.0 0
1680243173036 0.9944392230576441 0
1680243247283 0.9997258771929824 0
1680243322009 0.999921679197995 0
1680243396422 0.9999608395989975 0
1680243470809 1.0 0
1680243545461 1.0 0
1680243620396 1.0 0
1680243695001 1.0 0
1680243769565 1.0 0
1680243844351 1.0 0
1680243869951 0.9946961009174312 0
1680243892306 0.9984231651376146 0
1680243914379 1.0 0
1680243936533 1.0 0
1680243959329 1.0 0
1680243981668 1.0 0
1680244003767 1.0 0
1680244025934 1.0 0
1680244048149 1.0 0
1680244070832 1.0 0
1680244096205 0.9892344497607656 0
1680244117935 0.9989533492822966 0
1680244139775 0.9998504784688995 0
1680244161335 0.9998504784688995 0
1680244182896 1.0 0
1680244204457 0.9983552631578947 0
1680244226062 0.9995514354066986 0
1680244247617 1.0 0
1680244269125 1.0 0
1680244290554 1.0 0
1680244314641 0.9851973684210527 0
1680244335030 0.9953648325358851 0
1680244354974 0.9994019138755981 0
1680244375564 1.0 0
1680244396067 0.9998504784688995 0
1680244416096 0.999700956937799 0
1680244436683 0.9988038277511961 0
1680244456981 0.9995514354066986 0
1680244477151 0.9994019138755981 0
1680244497433 1.0 0
1680244522109 0.9969951923076923 0
1680244542894 0.9986478365384616 0
1680244563311 0.9969951923076923 0
1680244583615 0.9995492788461539 0
1680244604197 0.9992487980769231 0
1680244624870 1.0 0
1680244645785 1.0 0
1680244666490 1.0 0
1680244686765 0.9998497596153846 0
1680244707220 1.0 0
