1680238143255 24.864366105000954 0
1680238164686 21.141440519000753 0
1680238188150 23.152942738001002 0
1680238211805 23.247366231997148 0
1680238236067 23.82458386899816 0
1680238259941 23.559535089996643 0
1680238284200 23.812644145000377 0
1680238307795 23.28516960200068 0
1680238331371 23.28265655299765 0
1680238355135 23.333512295997934 0
1680238430222 74.35383592800645 0
1680238505251 74.71525144499901 0
1680238580248 74.69459333600389 0
1680238655118 74.547463668001 0
1680238729514 74.10675489099958 0
1680238804576 74.7697415970033 0
1680238878694 73.83994053700007 0
1680238953220 74.21531314599997 0
1680239027197 73.67655417100468 0
1680239102472 74.98089427300147 0
1680239178628 75.1494776699983 0
1680239253689 74.74863787299546 0
1680239328781 74.78368878300535 0
1680239403949 74.85290657400037 0
1680239478671 74.41608703399834 0
1680239554354 75.34943091099558 0
1680239629384 74.73988863300474 0
1680239704398 74.70153660600045 0
1680239779577 74.79414903900033 0
1680239853816 73.9202999879999 0
1680239929855 74.7472111810057 0
1680240004843 74.65805874599755 0
1680240078471 73.30701249199774 0
1680240153060 74.245304363998 0
1680240226798 73.42344229299488 0
1680240301288 74.16912446499919 0
1680240376607 74.98030740000104 0
1680240451247 74.30998662099591 0
1680240525971 74.41690617700078 0
1680240601113 74.82352638999873 0
1680240669517 66.86284006300411 0
1680240736544 66.70736894800211 0
1680240803411 66.54837353600306 0
1680240869550 65.81597905200033 0
1680240936488 66.63520775100187 0
1680241002282 65.47583537700848 0
1680241069613 67.00786329600669 0
1680241137215 67.28672791500867 0
1680241204223 66.68678948101297 0
1680241270953 66.41081652000139 0
1680241369984 97.15624986200419 0
1680241466692 96.35637827099708 0
1680241562794 95.78363057901151 0
1680241658927 95.77913956300472 0
1680241755206 95.93943417500122 0
1680241851646 96.08928943700448 0
1680241948626 96.61099324098905 0
1680242045202 96.22650476399576 0
1680242140394 94.8190233350033 0
1680242237837 97.08018664100382 0
1680242302604 62.22603727600654 0
1680242365922 63.02845127499313 0
1680242428290 62.05744551999669 0
1680242491010 62.39700975500455 0
1680242553929 62.60177355101041 0
1680242617135 62.8832586260105 0
1680242679762 62.32108064599743 0
1680242742629 62.54621019300248 0
1680242805023 62.10433347900107 0
1680242867648 62.294192782996106 0
1680242892866 22.205292372003896 0
1680242915659 22.513785631992505 0
1680242938363 22.42184577000444 0
1680242960976 22.351407715003006 0
1680242983608 22.339709310996113 0
1680243006150 22.271428720006952 0
1680243028621 22.209202854006435 0
1680243051045 22.130682474991772 0
1680243073319 21.985593417004566 0
1680243095967 22.37201389299298 0
1680243173054 73.83382846499444 0
1680243247326 73.92860689900408 0
1680243322045 74.39019936499244 0
1680243396454 74.0853116060025 0
1680243470831 74.05099184899882 0
1680243545483 74.33480485899781 0
1680243620416 74.62213505199179 0
1680243695027 74.2837795610103 0
1680243769584 74.26111230900278 0
1680243844373 74.49243232200388 0
1680243869976 21.856052761009778 0
1680243892335 22.088403628993547 0
1680243914399 21.79724017099943 0
1680243936549 21.884181998990243 0
1680243959360 22.51764233900758 0
1680243981706 22.061844177995226 0
1680244003798 21.815692173986463 0
1680244025955 21.88303384599567 0
1680244048172 21.949672670991276 0
1680244070851 22.410125863010762 0
1680244096234 21.444461188992136 0
1680244117950 21.463908860998345 0
1680244139799 21.583414184991852 0
1680244161372 21.286519583009067 0
1680244182917 21.28123675000097 0
1680244204497 21.301397643997916 0
1680244226098 21.315442573002656 0
1680244247652 21.275653163000243 0
1680244269149 21.218950990005396 0
1680244290581 21.151892676993157 0
1680244314670 19.92726769699948 0
1680244335053 20.06447479900089 0
1680244354994 19.604038871009834 0
1680244375583 20.268928424993646 0
1680244396091 20.198485752000124 0
1680244416122 19.7126713990001 0
1680244436702 20.27933640300762 0
1680244457006 19.970752284003538 0
1680244477172 19.864199057992664 0
1680244497453 19.953230600003735 0
1680244522143 20.31449290100136 0
1680244542914 20.429538515993045 0
1680244563334 20.07390141299402 0
1680244583646 19.991422064995277 0
1680244604218 20.250263269990683 0
1680244624900 20.37411951601098 0
1680244645805 20.595458349998808 0
1680244666513 20.388053139002295 0
1680244686787 19.96579470099823 0
1680244707242 20.11735107000277 0
