1679455058201 0.311929170994295 0
1679455062881 0.10854911094841858 0
1679455067675 0.08515129252207569 0
1679455072340 0.06987363678247978 0
1679455076990 0.04265824016183615 0
1679455081559 0.040276121783729954 0
1679455086216 0.03811070424789149 0
1679455090761 0.06401680551660117 0
1679455095454 0.05237370162568469 0
1679455099966 0.044585439988360225 0
1679455118999 0.21946970659507772 0
1679455125411 0.07336632346153815 0
1679455131825 0.04967815073835189 0
1679455138267 0.02029859217139434 0
1679455144618 0.01889309827500326 0
1679455151009 0.018297171894865818 0
1679455157420 0.012792492644120494 0
1679455164013 0.023127647960680855 0
1679455170386 0.04727737733431695 0
1679455176952 0.0336457581620692 0
1679455198291 0.2873237367138706 0
1679455206767 0.0779744449173127 0
1679455215210 0.039592273195007174 0
1679455223623 0.02790809982828112 0
1679455231977 0.01886472467540008 0
1679455240380 0.03668143592406443 0
1679455248843 0.03615989387656881 0
1679455257357 0.010815252352775872 0
1679455265753 0.008051257495945504 0
1679455274169 0.02630983163088371 0
1679455295842 0.2708547618010089 0
1679455304296 0.08905445293118167 0
1679455312736 0.059637026639744885 0
1679455321188 0.0773150219152044 0
1679455329614 0.015404172080121887 0
1679455338009 0.008476001723092038 0
1679455346389 0.0041800601841272735 0
1679455354779 0.02316175846322077 0
1679455363192 0.023171684686613563 0
1679455371706 0.029440780911220685 0
1679455393457 0.213000874404075 0
1679455401863 0.0795262203642284 0
1679455410564 0.04859235775544077 0
1679455418964 0.029540208124548602 0
1679455427486 0.01138771636390408 0
1679455436055 0.008835524573374916 0
1679455444547 0.03707880437425652 0
1679455453051 0.021732720877685463 0
1679455461589 0.0068969869913883125 0
1679455470056 0.02779724838132262 0
1679455491896 0.3950084230645678 0
1679455500296 0.10705393321913104 0
1679455508732 0.05733324299964238 0
1679455517093 0.03283355923479677 0
1679455525508 0.020173734405588766 0
1679455533914 0.021862154409095478 0
1679455542511 0.033537015309760165 0
1679455551037 0.02313356309477228 0
1679455559388 0.0172734188563053 0
1679455567804 0.010681045505685402 0
1679455590180 0.30461351769758677 0
1679455598627 0.16062376804465806 0
1679455607207 0.03542978043801861 0
1679455615644 0.02666022406461601 0
1679455624040 0.03030232997063224 0
1679455632556 0.016426500217149188 0
1679455641043 0.022154457336736984 0
1679455649544 0.020305788716150328 0
1679455658160 0.02341242639520138 0
1679455666564 0.018968725487373963 0
1679455689099 0.3156485156225131 0
1679455697585 0.12802861781532512 0
1679455706141 0.03473400043129291 0
1679455714609 0.022277327093866105 0
1679455723092 0.01927101486167877 0
1679455731601 0.015899602058971746 0
1679455739998 0.019754007506137684 0
1679455748606 0.02808453665521766 0
1679455757135 0.01321126564444639 0
1679455765608 0.015168404798220991 0
1679455788299 0.33565665038421183 0
1679455796846 0.13943554053423418 0
1679455805293 0.05210309292610977 0
1679455813844 0.025262576406215428 0
1679455822240 0.023230497591969133 0
1679455830770 0.016399922466605602 0
1679455839168 0.022528016487159127 0
1679455847589 0.028295830439429927 0
1679455855942 0.028704338197054938 0
1679455864541 0.015292544968329994 0
1679455887591 0.3088974387036118 0
1679455896057 0.07761320372447711 0
1679455904334 0.023889509997119605 0
1679455912919 0.01838700579468952 0
1679455921332 0.010023095859461302 0
1679455929837 0.016786594051542817 0
1679455938290 0.007475208757092725 0
1679455946926 0.005714970473799971 0
1679455955481 0.003114574580742442 0
1679455963981 0.0006446980621784801 0
1679455987126 0.2919210289602957 0
1679455995653 0.15005966726307482 0
1679456004056 0.05131162775985164 0
1679456012503 0.01249929809467215 0
1679456020926 0.007968734968195371 0
1679456029465 0.009010739081284668 0
1679456037893 0.0026694123298834317 0
1679456046434 0.019778403700732698 0
1679456054831 0.021809696606109177 0
1679456063203 0.029351935532672336 0
1679456086927 0.34873212605031206 0
1679456095391 0.1123409484664292 0
1679456103829 0.026900670381161163 0
1679456112337 0.012305940061194147 0
1679456120765 0.010554846969853057 0
1679456129235 0.011570717850628912 0
1679456137854 0.0108919670023017 0
1679456146470 0.025666541545869018 0
1679456155025 0.02303530890686668 0
1679456163716 0.01546294930627916 0
1679456187486 0.2634123576391101 0
1679456195954 0.09420768000914587 0
1679456204387 0.025640365098956227 0
1679456212857 0.013234042379384633 0
1679456221445 0.016775695206865428 0
1679456230020 0.011309517848915209 0
1679456238653 0.017110899177654144 0
1679456247147 0.01647886868001478 0
1679456255546 0.00879980655516969 0
1679456264074 0.022013544279358085 0
1679456287071 0.30342393485260927 0
1679456295839 0.08949156891422846 0
1679456304397 0.017465056262730098 0
1679456312816 0.008971008747002227 0
1679456321326 0.006360261698184628 0
1679456329747 0.004269673772295719 0
1679456338381 0.02540319420448251 0
1679456346965 0.012092115560337475 0
1679456355430 0.01966632368781459 0
1679456363878 0.011103193132833927 0
1679456388274 0.3152212422244378 0
1679456396855 0.10628537923342975 0
1679456405368 0.03721279920426217 0
1679456413861 0.019095652433822406 0
1679456422309 0.021134849536357102 0
1679456430827 0.01830639687335523 0
1679456439336 0.015890037754159526 0
1679456447812 0.010968513198722121 0
1679456456267 0.011212270586587579 0
1679456464800 0.015630044712345314 0
1679456489372 0.32572678773386854 0
1679456497930 0.12548593901573585 0
1679456506538 0.04621904711694552 0
1679456515072 0.017200624950414686 0
1679456523617 0.015645322757968996 0
1679456532083 0.02143391221617143 0
1679456540714 0.01573138164455006 0
1679456549169 0.014288743247761398 0
1679456557815 0.017574746720292224 0
1679456566504 0.02128015800746341 0
1679456591226 0.20020769898285445 0
1679456599781 0.06487403783314699 0
1679456608269 0.01793359688997655 0
1679456616705 0.007375037019432286 0
1679456625223 0.012505992399922183 0
1679456633810 0.011267176701537408 0
1679456642393 0.0037091784836841392 0
1679456650912 0.009664119254074148 0
1679456659774 0.011925166157387842 0
1679456668362 0.02560030593851067 0
1679456693951 0.43401851959625626 0
1679456702547 0.17929749990411767 0
1679456711173 0.0630304039317343 0
1679456719717 0.038732824015340866 0
1679456728337 0.021731421802525585 0
1679456737005 0.016312662771849305 0
1679456745537 0.01100974383916142 0
1679456754111 0.014561994597073963 0
1679456762614 0.01617173954762711 0
1679456771048 0.028081299749835902 0
1679456796407 0.21770751902217583 0
1679456804880 0.07097529622259595 0
1679456813369 0.015315514115602384 0
1679456822007 0.008608029841052273 0
1679456830611 0.009205849001615743 0
1679456839297 0.025856998608486954 0
1679456847880 0.008734668623386078 0
1679456856851 0.00960627198746144 0
1679456865424 0.005787373575906157 0
1679456874052 0.015172901906419371 0
1679456899897 0.2479650781845968 0
1679456908514 0.08764922927238268 0
1679456917206 0.025530726243256918 0
1679456925878 0.019978046028327454 0
1679456934508 0.009289103388719482 0
1679456942996 0.007709830589907755 0
1679456951606 0.009214326697001165 0
1679456960151 0.01580881912143365 0
1679456968622 0.029132417825981857 0
1679456977231 0.01932963921085863 0
