1679455058211 4.634798795101233 0
1679455062890 4.486461810069159 0
1679455067686 4.587801927002147 0
1679455072348 4.467173796030693 0
1679455076999 4.441329260007478 0
1679455081573 4.360975628951564 0
1679455086226 4.453259299974889 0
1679455090771 4.354391089058481 0
1679455095461 4.492752960068174 0
1679455099973 4.330146462074481 0
1679455119004 6.186204825062305 0
1679455125417 6.262288199970499 0
1679455131838 6.258142817998305 0
1679455138276 6.270391133031808 0
1679455144628 6.199672310962342 0
1679455151022 6.227733109029941 0
1679455157431 6.244816996972077 0
1679455164022 6.4221959710121155 0
1679455170392 6.220818517962471 0
1679455176958 6.413015226018615 0
1679455198296 8.283770089037716 0
1679455206773 8.323640243965201 0
1679455215221 8.286995735019445 0
1679455223630 8.243639894993976 0
1679455231988 8.197452579974197 0
1679455240388 8.243664918933064 0
1679455248851 8.292276947991922 0
1679455257370 8.35660541697871 0
1679455265763 8.234928334946744 0
1679455274183 8.254606968956068 0
1679455295851 8.322617148980498 0
1679455304304 8.29765905404929 0
1679455312746 8.26509782706853 0
1679455321193 8.29034954099916 0
1679455329624 8.270138693973422 0
1679455338016 8.246240180917084 0
1679455346399 8.221905956044793 0
1679455354785 8.241665375069715 0
1679455363197 8.259420517948456 0
1679455371720 8.344185285037383 0
1679455393464 8.272702210932039 0
1679455401874 8.247691635042429 0
1679455410570 8.540431978995912 0
1679455418979 8.231251195073128 0
1679455427496 8.348368778009899 0
1679455436070 8.39395370602142 0
1679455444553 8.329802775988355 0
1679455453057 8.350047021987848 0
1679455461595 8.389461526996456 0
1679455470067 8.310775153920986 0
1679455491904 8.239884895971045 0
1679455500311 8.241333529003896 0
1679455508743 8.264089777017944 0
1679455517098 8.220194936031476 0
1679455525514 8.259589866967872 0
1679455533920 8.251657122047618 0
1679455542522 8.430207917932421 0
1679455551048 8.362049192073755 0
1679455559395 8.204537276993506 0
1679455567812 8.252612435957417 0
1679455590190 8.250247983029112 0
1679455598636 8.286208612960763 0
1679455607219 8.417211839929223 0
1679455615650 8.26489946898073 0
1679455624048 8.22746104397811 0
1679455632567 8.35584666300565 0
1679455641051 8.311220990959555 0
1679455649551 8.33287406002637 0
1679455658172 8.453123947023414 0
1679455666571 8.245259099989198 0
1679455689111 8.260143412975594 0
1679455697597 8.302181767998263 0
1679455706153 8.38574385899119 0
1679455714621 8.29220362904016 0
1679455723099 8.321909593068995 0
1679455731607 8.349987242021598 0
1679455740006 8.236090120044537 0
1679455748619 8.439779557986185 0
1679455757142 8.359885507030413 0
1679455765614 8.315812031039968 0
1679455788307 8.308992519974709 0
1679455796861 8.369586757966317 0
1679455805304 8.26034634897951 0
1679455813850 8.387454491923563 0
1679455822252 8.237614635960199 0
1679455830780 8.357100832043216 0
1679455839175 8.239780288888142 0
1679455847596 8.261989556020126 0
1679455855948 8.194600863964297 0
1679455864555 8.430072842980735 0
1679455887599 8.25456430297345 0
1679455896064 8.300445453962311 0
1679455904344 8.108839953085408 0
1679455912934 8.392481626011431 0
1679455921346 8.220817707013339 0
1679455929849 8.315337847918272 0
1679455938302 8.277530260034837 0
1679455946933 8.456540687009692 0
1679455955492 8.387608706951141 0
1679455963991 8.328381043975241 0
1679455987137 8.311613140976988 0
1679455995662 8.325885744998232 0
1679456004064 8.242851521936245 0
1679456012514 8.278832206036896 0
1679456020942 8.228511338005774 0
1679456029474 8.35980943404138 0
1679456037900 8.270099144079722 0
1679456046441 8.379821565002203 0
1679456054841 8.226864465977997 0
1679456063215 8.196910778991878 0
1679456086933 8.573830137960613 0
1679456095403 8.284694398054853 0
1679456103836 8.259757652063854 0
1679456112344 8.332709257956594 0
1679456120783 8.255247564055026 0
1679456129247 8.28559227893129 0
1679456137863 8.434157433919609 0
1679456146477 8.446885403012857 0
1679456155040 8.37986483098939 0
1679456163728 8.507676505949348 0
1679456187494 8.305922043975443 0
1679456195961 8.297976602101699 0
1679456204394 8.275743543053977 0
1679456212865 8.280869696987793 0
1679456221464 8.416574619011953 0
1679456230028 8.382441906956956 0
1679456238660 8.465372501988895 0
1679456247161 8.31112348800525 0
1679456255553 8.21693769400008 0
1679456264091 8.342042300966568 0
1679456287080 8.44854805804789 0
1679456295855 8.581952937063761 0
1679456304404 8.380183683009818 0
1679456312827 8.239495367044583 0
1679456321337 8.314672178006731 0
1679456329754 8.241238296963274 0
1679456338393 8.463787004933693 0
1679456346981 8.415530987083912 0
1679456355439 8.289553816895932 0
1679456363893 8.271889013936743 0
1679456388281 8.403352982946672 0
1679456396863 8.402841654024087 0
1679456405376 8.33407683193218 0
1679456413868 8.31439529499039 0
1679456422316 8.27047897898592 0
1679456430839 8.332914458005689 0
1679456439343 8.337282852968201 0
1679456447819 8.303002406959422 0
1679456456279 8.262507218983956 0
1679456464812 8.339722510892898 0
1679456489383 8.283004626980983 0
1679456497941 8.371578134014271 0
1679456506550 8.420107634039596 0
1679456515086 8.340607809950598 0
1679456523624 8.362100773025304 0
1679456532090 8.295136277098209 0
1679456540729 8.443355901050381 0
1679456549176 8.27681407192722 0
1679456557822 8.470814833999611 0
1679456566517 8.496883354033343 0
1679456591236 8.341606272966601 0
1679456599801 8.360331535921432 0
1679456608279 8.296191915986128 0
1679456616716 8.223208931041881 0
1679456625231 8.337273067911156 0
1679456633818 8.401110496022739 0
1679456642413 8.398428551037796 0
1679456650919 8.331434037885629 0
1679456659782 8.677236992050894 0
1679456668374 8.39497013099026 0
1679456693965 8.886937158065848 0
1679456702562 8.39796066598501 0
1679456711185 8.425184073043056 0
1679456719725 8.353554276982322 0
1679456728350 8.429876388050616 0
1679456737013 8.49637726508081 0
1679456745549 8.35184963606298 0
1679456754123 8.382414945983328 0
1679456762626 8.313836573972367 0
1679456771056 8.250239436049014 0
1679456796418 8.383816087967716 0
1679456804892 8.263363203033805 0
1679456813377 8.3050829640124 0
1679456822021 8.452475054073147 0
1679456830620 8.402650399017148 0
1679456839309 8.488872144022025 0
1679456847889 8.380280554993078 0
1679456856862 8.758988335961476 0
1679456865432 8.390363121055998 0
1679456874062 8.453330368967727 0
1679456899909 8.394590429961681 0
1679456908528 8.422324394923635 0
1679456917221 8.473687547026202 0
1679456925887 8.48849501600489 0
1679456934517 8.440524982986972 0
1679456943005 8.309499266091734 0
1679456951618 8.413482781033963 0
1679456960170 8.335001240018755 0
1679456968631 8.279698319034651 0
1679456977243 8.41251753596589 0
