1679455058185 0.909375 0
1679455062865 0.9677083333333333 0
1679455067659 0.9756944444444444 0
1679455072324 0.9809027777777778 0
1679455076978 0.9875 0
1679455081546 0.9885416666666667 0
1679455086199 0.9875 0
1679455090749 0.9795138888888889 0
1679455095443 0.9854166666666667 0
1679455099955 0.9857638888888889 0
1679455118989 0.9547808077321367 0
1679455125399 0.9770452191922678 0
1679455131808 0.9842940973420781 0
1679455138251 0.9943044528822921 0
1679455144601 0.9937866758715913 0
1679455150991 0.9958577839143942 0
1679455157403 0.9958577839143942 0
1679455164002 0.9934414911977908 0
1679455170375 0.9861926130479807 0
1679455176941 0.988608905764584 0
1679455198280 0.9473217677599088 0
1679455206755 0.9787260985184247 0
1679455215193 0.9877168545017095 0
1679455223612 0.9920222869444093 0
1679455231960 0.9935418513359504 0
1679455240370 0.9903760921869064 0
1679455248832 0.9894896796251741 0
1679455257339 0.9973407623148031 0
1679455265736 0.9974673926807649 0
1679455274151 0.9936684817019121 0
1679455295824 0.9550348321722609 0
1679455304281 0.9797340088663711 0
1679455312716 0.9851804939835339 0
1679455321177 0.9832805573147562 0
1679455329596 0.9939202026599113 0
1679455337998 0.9974667511082964 0
1679455346375 0.9987333755541482 0
1679455354768 0.9926535782140595 0
1679455363181 0.9932868904369855 0
1679455371687 0.9927802406586447 0
1679455393444 0.9622641509433962 0
1679455401844 0.9787260985184247 0
1679455410552 0.9860706597442067 0
1679455418945 0.9908826136507535 0
1679455427468 0.9962010890211472 0
1679455436041 0.9967076104849943 0
1679455444536 0.9892364188932506 0
1679455453040 0.9936684817019121 0
1679455461577 0.9982271748765353 0
1679455470038 0.9924021780422946 0
1679455491886 0.9323793845764214 0
1679455500278 0.9715081676586045 0
1679455508720 0.9820184880334304 0
1679455517081 0.9897429403570976 0
1679455525497 0.9940483727997974 0
1679455533903 0.9917690262124857 0
1679455542492 0.9896163099911359 0
1679455551018 0.9934152209699886 0
1679455559377 0.9954413068253767 0
1679455567789 0.9968342408509561 0
1679455590161 0.9462951234958835 0
1679455598614 0.9639012032932236 0
1679455607187 0.9869537682077264 0
1679455615633 0.9913869537682077 0
1679455624028 0.9910069664344522 0
1679455632538 0.995060164661178 0
1679455641032 0.993666877770741 0
1679455649532 0.9948068397720076 0
1679455658140 0.9927802406586447 0
1679455666554 0.9940468651044965 0
1679455689078 0.9428752374920836 0
1679455697566 0.9683343888537049 0
1679455706128 0.9899936668777708 0
1679455714589 0.9929069031032299 0
1679455723081 0.9937935402153262 0
1679455731589 0.9951868271057631 0
1679455739987 0.9939202026599113 0
1679455748594 0.9925269157694744 0
1679455757125 0.9953134895503484 0
1679455765597 0.9948068397720076 0
1679455788288 0.9413701405597062 0
1679455796828 0.9640369760668608 0
1679455805273 0.9849309864505509 0
1679455813833 0.9924021780422946 0
1679455822220 0.992655438774218 0
1679455830750 0.9955679371913385 0
1679455839157 0.9945548942636444 0
1679455847577 0.9906293529188299 0
1679455855931 0.991642395846524 0
1679455864529 0.9951880460934532 0
1679455887580 0.9515965534718702 0
1679455896045 0.978839330968069 0
1679455904321 0.991637100861632 0
1679455912906 0.9948048656867714 0
1679455921321 0.9972123669538774 0
1679455929816 0.9954384186517993 0
1679455938269 0.9983527622909275 0
1679455946915 0.9989863152559554 0
1679455955468 0.999113025848961 0
1679455963967 1.0 0
1679455987106 0.9430163353172091 0
1679455995639 0.9673293655818666 0
1679456004043 0.9875902241357477 0
1679456012483 0.9972141319488413 0
1679456020911 0.9974673926807649 0
1679456029450 0.9977206534126883 0
1679456037881 0.9993668481701912 0
1679456046422 0.9954413068253767 0
1679456054810 0.9935418513359504 0
1679456063181 0.9918956565784475 0
1679456086915 0.9382841211506779 0
1679456095369 0.9712330503104802 0
1679456103818 0.9918894943606641 0
1679456112326 0.9968318337346344 0
1679456120742 0.9972120136864783 0
1679456129213 0.9968318337346344 0
1679456137841 0.9973387403370929 0
1679456146458 0.9935369408186542 0
1679456155001 0.993917120770498 0
1679456163694 0.9958180205297174 0
1679456187475 0.9449866903283053 0
1679456195942 0.9756623146152871 0
1679456204375 0.9925212320953226 0
1679456212846 0.9961972366586386 0
1679456221423 0.9950564076562302 0
1679456230008 0.9968310305488655 0
1679456238642 0.9949296488781848 0
1679456247134 0.9950564076562302 0
1679456255535 0.9975915832171378 0
1679456264050 0.995309925212321 0
1679456287059 0.9523386994549372 0
1679456295827 0.9788312840664216 0
1679456304384 0.995690201546457 0
1679456312794 0.9980986183293193 0
1679456321308 0.99835213588541 0
1679456329735 0.9991126885536823 0
1679456338360 0.9931550259855495 0
1679456346940 0.9972113068830016 0
1679456355416 0.9946761313220941 0
1679456363854 0.9975915832171378 0
1679456388262 0.935402153261558 0
1679456396843 0.9718809373020899 0
1679456405356 0.988093730208993 0
1679456413849 0.9941735275490817 0
1679456422296 0.9943001899936669 0
1679456430805 0.9941735275490817 0
1679456439324 0.9960734642178594 0
1679456447800 0.9967067764407853 0
1679456456244 0.9960734642178594 0
1679456464778 0.9964534515516149 0
1679456489348 0.9374049670552458 0
1679456497908 0.9661682716675114 0
1679456506514 0.9872022301064369 0
1679456515054 0.9963253928028383 0
1679456523604 0.9955651292448049 0
1679456532071 0.9939178915357324 0
1679456540691 0.9963253928028383 0
1679456549157 0.9961986822098328 0
1679456557803 0.9948048656867714 0
1679456566488 0.9941713127217435 0
1679456591208 0.9641272658131576 0
1679456599757 0.9833946000760553 0
1679456608256 0.9951831664342756 0
1679456616688 0.9986056534415009 0
1679456625211 0.9970845481049563 0
1679456633798 0.9970845481049563 0
1679456642369 0.9993662061097731 0
1679456650900 0.9987324122195462 0
1679456659762 0.9969577893269109 0
1679456668338 0.9923944733172773 0
1679456693934 0.9165294490183661 0
1679456702525 0.9517416086130462 0
1679456711152 0.9815072830905637 0
1679456719704 0.9878404053198226 0
1679456728320 0.9937935402153262 0
1679456736993 0.9956934768841038 0
1679456745525 0.9968334388853705 0
1679456754088 0.9962001266624446 0
1679456762591 0.9943001899936669 0
1679456771036 0.9926535782140595 0
1679456796385 0.9629582646200685 0
1679456804856 0.9832551059241406 0
1679456813357 0.9965749080299379 0
1679456821995 0.9973360395788405 0
1679456830599 0.9979703158695928 0
1679456839280 0.9930229608017253 0
1679456847869 0.9978434606114424 0
1679456856833 0.9975897500951414 0
1679456865412 0.998858302676646 0
1679456874040 0.9965749080299379 0
1679456899879 0.9479351406131239 0
1679456908501 0.9756777299214593 0
1679456917185 0.9922726121104637 0
1679456925865 0.9940461109703572 0
1679456934496 0.997466430200152 0
1679456942984 0.9982265011401064 0
1679456951581 0.9972130732201672 0
1679456960124 0.9956929313402584 0
1679456968610 0.9929060045604257 0
1679456977206 0.9942994679503421 0
