1679878896698 0.9792478091528725 0
1679879030065 0.9982655793573515 0
1679879163110 0.9994370740019474 0
1679879296162 0.9994066455696202 0
1679879428641 0.9998326436222006 0
1679879561086 0.9997565725413826 0
1679879693929 0.9998935004868549 0
1679879826751 0.9999239289191821 0
1679879959545 0.9999847857838364 0
1679880091891 0.9999543573515093 0
1679880218720 0.9711 0
1679880323092 0.997425 0
1679880428995 0.998525 0
1679880534137 0.999175 0
1679880639523 0.99975 0
1679880744037 0.99975 0
1679880849561 0.999875 0
1679880955051 0.999825 0
1679881059471 0.9998 0
1679881164080 0.9998 0
1679881292341 0.942075 0
1679881398910 0.99385 0
1679881506309 0.997525 0
1679881612153 0.998775 0
1679881719192 0.9993 0
1679881826927 0.999375 0
1679881933807 0.99975 0
1679882041234 0.99985 0
1679882149466 0.99975 0
1679882256033 0.9999 0
1679882389032 0.91985 0
1679882497053 0.990125 0
1679882605995 0.9968 0
1679882715028 0.99845 0
1679882823851 0.9991 0
1679882932909 0.999375 0
1679883040751 0.99975 0
1679883147432 0.999825 0
1679883257212 0.999725 0
1679883365731 0.9997 0
1679883501822 0.9262 0
1679883611505 0.99 0
1679883721766 0.997275 0
1679883832699 0.999075 0
1679883943354 0.999225 0
1679884053496 0.9997 0
1679884166048 0.999625 0
1679884276406 0.9994 0
1679884387553 0.99975 0
1679884500773 0.99975 0
1679884639901 0.9202 0
1679884751605 0.99095 0
1679884863249 0.996325 0
1679884975593 0.998775 0
1679885088929 0.99895 0
1679885201538 0.99925 0
1679885313588 0.999775 0
1679885426725 0.99965 0
1679885538836 0.99975 0
1679885650330 0.99985 0
1679885790703 0.90355 0
1679885903435 0.9881 0
1679886016492 0.99625 0
1679886129316 0.9985 0
1679886244290 0.999 0
1679886357903 0.999475 0
1679886471981 0.999825 0
1679886585625 0.999875 0
1679886699415 0.99985 0
1679886812070 0.999825 0
1679886954598 0.90525 0
1679887068002 0.986825 0
1679887182080 0.994075 0
1679887296192 0.9968 0
1679887410641 0.998575 0
1679887524417 0.998375 0
1679887638331 0.999075 0
1679887752133 0.999525 0
1679887865286 0.99945 0
1679887979099 0.999575 0
1679888125043 0.905675 0
1679888239890 0.98615 0
1679888355588 0.994825 0
1679888470275 0.9964 0
1679888585033 0.998175 0
1679888700329 0.998975 0
1679888814870 0.9992 0
1679888930047 0.99935 0
1679889045020 0.9996 0
1679889159992 0.9998 0
1679889310013 0.896975 0
1679889426270 0.9845 0
1679889542415 0.99505 0
1679889658987 0.9963 0
1679889775147 0.9988 0
1679889891757 0.99875 0
1679890007253 0.99865 0
1679890123414 0.9993 0
1679890240074 0.999875 0
1679890356795 0.999325 0
1679890508969 0.894325 0
1679890626594 0.981575 0
1679890744544 0.993475 0
1679890861733 0.997075 0
1679890978922 0.99765 0
1679891095669 0.998425 0
1679891212260 0.99855 0
1679891329822 0.9992 0
1679891447588 0.999525 0
1679891565436 0.99945 0
1679891720937 0.879825 0
1679891840206 0.9778 0
1679891958216 0.990475 0
1679892076781 0.992025 0
1679892196341 0.9959 0
1679892314921 0.9968 0
1679892432858 0.997875 0
1679892551790 0.9982 0
1679892671186 0.998625 0
1679892789165 0.998875 0
1679892948696 0.886125 0
1679893068489 0.9831 0
1679893188590 0.99405 0
1679893308900 0.996325 0
1679893429210 0.998225 0
1679893548957 0.9989 0
1679893669796 0.999175 0
1679893791431 0.999275 0
1679893912486 0.999475 0
1679894032883 0.9996 0
1679894195820 0.86975 0
1679894317521 0.975675 0
1679894438876 0.988775 0
1679894560618 0.993325 0
1679894682900 0.995975 0
1679894803916 0.99665 0
1679894925412 0.99735 0
1679895046070 0.997525 0
1679895168744 0.9967 0
1679895290791 0.996975 0
1679895456650 0.8719 0
1679895579525 0.976275 0
1679895702078 0.991925 0
1679895824261 0.99635 0
1679895946364 0.99775 0
1679896068008 0.9988 0
1679896187906 0.999125 0
1679896309317 0.999075 0
1679896430524 0.9993 0
1679896551295 0.99945 0
1679896720352 0.868225 0
1679896845869 0.974775 0
1679896970970 0.98775 0
1679897096399 0.99295 0
1679897221275 0.994675 0
1679897345762 0.995525 0
1679897470726 0.996675 0
1679897594903 0.997475 0
1679897719496 0.99745 0
1679897843856 0.997125 0
1679898016646 0.858175 0
1679898143434 0.9731 0
1679898269269 0.98925 0
1679898395061 0.994625 0
1679898520539 0.99585 0
1679898645250 0.99705 0
1679898770923 0.997325 0
1679898897152 0.998325 0
1679899023690 0.998625 0
1679899149977 0.99815 0
1679899326230 0.844425 0
1679899454024 0.966875 0
1679899581499 0.98625 0
1679899710004 0.993325 0
1679899837706 0.9951 0
1679899965130 0.9955 0
1679900093102 0.994625 0
1679900220155 0.995625 0
1679900348221 0.9966 0
1679900476363 0.9971 0
1679900654870 0.851475 0
1679900783826 0.9735 0
1679900912489 0.98985 0
1679901040789 0.99415 0
1679901168735 0.9953 0
1679901296563 0.996725 0
1679901424683 0.997725 0
1679901553003 0.997775 0
1679901680303 0.9986 0
1679901808322 0.999225 0
1679901990769 0.8526 0
1679902120492 0.9726 0
1679902250195 0.9887 0
1679902380057 0.993875 0
1679902510333 0.99485 0
1679902640650 0.994825 0
1679902771583 0.997475 0
1679902901536 0.997975 0
1679903031326 0.99795 0
1679903160767 0.9988 0
