1679878896708 0.06067025370850588 0
1679879030081 0.006364165895088161 0
1679879163116 0.0020523850332202745 0
1679879296180 0.0023616230376568726 0
1679879428650 0.0006521701316727361 0
1679879561103 0.000883904932404267 0
1679879693942 0.0005489850224266937 0
1679879826760 0.0003716202364799179 0
1679879959557 0.00019061659897306383 0
1679880091901 0.0002669885945699593 0
1679880218733 0.12978153022802436 0
1679880323105 0.009462172901263693 0
1679880429007 0.005604876263087499 0
1679880534155 0.0027656991541414756 0
1679880639534 0.0014139375496626599 0
1679880744057 0.0011239572727878113 0
1679880849569 0.0007597989657595462 0
1679880955066 0.000773514341632108 0
1679881059483 0.000895590932084815 0
1679881164086 0.0007365724989653245 0
1679881292354 0.2503144386568107 0
1679881398921 0.02195884487106232 0
1679881506323 0.009469222717580852 0
1679881612167 0.005201251682193833 0
1679881719211 0.002940381885372335 0
1679881826940 0.0026990087496786145 0
1679881933818 0.0016716021602973341 0
1679882041249 0.0011523863269831053 0
1679882149478 0.0010403668021135672 0
1679882256045 0.0007279447130276822 0
1679882389053 0.3555576966775581 0
1679882497065 0.033565939136827365 0
1679882606014 0.012628357020695693 0
1679882715039 0.006065716323378729 0
1679882823863 0.004477197769659688 0
1679882932922 0.002873803271565703 0
1679883040762 0.0018964448887927574 0
1679883147443 0.0014452958278561709 0
1679883257223 0.0012827344624587568 0
1679883365750 0.0014681124256472684 0
1679883501836 0.3487864313250408 0
1679883611525 0.03387925401357934 0
1679883721776 0.011047924046951811 0
1679883832717 0.005238864038739121 0
1679883943370 0.004128331094159512 0
1679884053504 0.002451939160088659 0
1679884166062 0.002348110426418134 0
1679884276420 0.0023751581861753946 0
1679884387571 0.001453260153743031 0
1679884500785 0.0014747488236229401 0
1679884639915 0.3838774208081886 0
1679884751623 0.033111247293185445 0
1679884863260 0.013347041147155687 0
1679884975605 0.006130826512770728 0
1679885088945 0.004857961874746252 0
1679885201550 0.003575457285120501 0
1679885313604 0.0017159297535166843 0
1679885426737 0.0019272372314560926 0
1679885538850 0.0016498366487416205 0
1679885650344 0.0011402479219279485 0
1679885790725 0.43540753727257253 0
1679885903447 0.0402026572804898 0
1679886016503 0.01478019096525386 0
1679886129327 0.0067503909173887225 0
1679886244302 0.0051015384453115984 0
1679886357915 0.003244911831757054 0
1679886471993 0.0014711664638714865 0
1679886585637 0.0012157121982847457 0
1679886699427 0.0011502563891845057 0
1679886812080 0.001117113588329812 0
1679886954618 0.43878685427606107 0
1679887068023 0.044071929162181916 0
1679887182099 0.020236409095837734 0
1679887296204 0.011914325920282864 0
1679887410652 0.006329046090191696 0
1679887524439 0.005857932984014042 0
1679887638347 0.004152933696808759 0
1679887752148 0.0024446874494329675 0
1679887865297 0.00238725610440888 0
1679887979111 0.0020022112177146482 0
1679888125056 0.43616671266183255 0
1679888239904 0.047636739213671536 0
1679888355600 0.018689326664456166 0
1679888470286 0.013044418840680737 0
1679888585046 0.007181983406399377 0
1679888700341 0.0046123793139995544 0
1679888814881 0.0039909677810035646 0
1679888930059 0.003068122528074309 0
1679889045032 0.002156659227961791 0
1679889160003 0.0013514999514998634 0
1679889310025 0.467120374738425 0
1679889426282 0.05270515531701967 0
1679889542438 0.018958678537257946 0
1679889659003 0.012896560588479043 0
1679889775161 0.006454547274671495 0
1679889891768 0.00481112422546139 0
1679890007267 0.0053447255246748685 0
1679890123424 0.0035818911580368876 0
1679890240090 0.0014728580178751144 0
1679890356814 0.0024548191053108894 0
1679890508980 0.48653866781666877 0
1679890626614 0.0600057999195531 0
1679890744556 0.022758844126947224 0
1679890861744 0.011599723973579239 0
1679890978934 0.00896895216013072 0
1679891095682 0.006687019945081556 0
1679891212272 0.0051075803229003215 0
1679891329834 0.0038616607980424306 0
1679891447600 0.002570130897205672 0
1679891565448 0.002578170502795547 0
1679891720953 0.5372106447800994 0
1679891840217 0.07106302615422755 0
1679891958229 0.033676576349511746 0
1679892076799 0.025702149496227504 0
1679892196353 0.01480147513957927 0
1679892314936 0.01114099757890217 0
1679892432871 0.007660190289741149 0
1679892551805 0.0069432609693147245 0
1679892671199 0.005835308451933088 0
1679892789182 0.004366627377577243 0
1679892948709 0.5267280719712376 0
1679893068508 0.055896886413171885 0
1679893188604 0.022438699578726663 0
1679893308918 0.012866437718109228 0
1679893429226 0.00830802883785218 0
1679893548969 0.005200129355106037 0
1679893669808 0.004460786427860148 0
1679893791457 0.003564136952869012 0
1679893912500 0.0027949249898665584 0
1679894032904 0.0022378283698839367 0
1679894195843 0.5607994719430804 0
1679894317537 0.07892391897458582 0
1679894438887 0.03619610134232789 0
1679894560633 0.02251410483904183 0
1679894682911 0.01418290521389572 0
1679894803927 0.01176967325239675 0
1679894925437 0.009866757594340015 0
1679895046086 0.009161611784639536 0
1679895168756 0.011128607574128545 0
1679895290807 0.009903672551637283 0
1679895456668 0.5823172041714192 0
1679895579536 0.07685099241510034 0
1679895702096 0.029052130849240347 0
1679895824273 0.014971616581012495 0
1679895946386 0.008886685733310879 0
1679896068027 0.005503280736377928 0
1679896187918 0.004189250095974421 0
1679896309341 0.004023951271761325 0
1679896430533 0.00364241584285337 0
1679896551307 0.002893701736984076 0
1679896720365 0.5885677467003465 0
1679896845881 0.08205423702187836 0
1679896970980 0.04112374122766778 0
1679897096409 0.022861689146840943 0
1679897221288 0.01792713557248935 0
1679897345773 0.014806462434248532 0
1679897470737 0.011323262599715963 0
1679897594915 0.008705799085122999 0
1679897719509 0.008496260968520073 0
1679897843869 0.009960311109467875 0
1679898016675 0.6101558028429747 0
1679898143454 0.0903867522323504 0
1679898269282 0.03636602106615901 0
1679898395074 0.019935281607788055 0
1679898520558 0.01546971921112854 0
1679898645263 0.011004679226962617 0
1679898770936 0.009681870794220594 0
1679898897164 0.00708963423097739 0
1679899023701 0.00516917749227141 0
1679899149993 0.006405886546568945 0
1679899326254 0.6831586721777916 0
1679899454036 0.10484436653330922 0
1679899581513 0.044520663857227194 0
1679899710016 0.023402729629795067 0
1679899837724 0.018415252461656928 0
1679899965152 0.01603320824393304 0
1679900093114 0.017082627925183624 0
1679900220180 0.014856668506038841 0
1679900348233 0.01163718017602805 0
1679900476377 0.009503737476328388 0
1679900654883 0.6586943602368236 0
1679900783841 0.08669350071344524 0
1679900912504 0.0331265961852856 0
1679901040804 0.021308394561475142 0
1679901168754 0.016781921614101157 0
1679901296581 0.012370884541608394 0
1679901424700 0.00899073137701489 0
1679901553025 0.007776072928617941 0
1679901680317 0.005497737930715084 0
1679901808333 0.0043799372061272155 0
1679901990788 0.6370949350163341 0
1679902120513 0.09074265784583986 0
1679902250209 0.03795151135311462 0
1679902380072 0.022142245938722046 0
1679902510346 0.017494984038500114 0
1679902640666 0.016145463818055577 0
1679902771596 0.009262978000962175 0
1679902901551 0.007315239380177809 0
1679903031346 0.007585787717191852 0
1679903160778 0.005671668772835983 0
