1671120698312 203.31126987899188 0
1671120900178 201.68102176394314 0
1671121102884 202.5226546250051 0
1671121304848 201.76933936902788 0
1671121506476 201.42825693299528 0
1671121707930 201.27313801902346 0
1671121909721 201.60816047899425 0
1671122112065 202.15188601997215 0
1671122313553 201.30042830004822 0
1671122515264 201.52671560505405 0
1671122981076 445.5672854030272 0
1671123428341 447.0288814139785 0
1671123874896 446.33011175110005 0
1671124321649 446.5467366450466 0
1671124768099 446.2105863119941 0
1671125214928 446.5926910690032 0
1671125661867 446.71988089801744 0
1671126108644 446.5503861219622 0
1671126555765 446.8840731160017 0
1671127002504 446.5312547130743 0
1671127726317 692.9626485570334 0
1671128417855 691.2812819679966 0
1671129107901 689.7825516399462 0
1671129799209 691.053813652019 0
1671130491896 692.4398927319562 0
1671131183944 691.8017237669555 0
1671131875352 691.1675844999263 0
1671132566591 690.9760875370121 0
1671133257562 690.732578850002 0
1671133949770 691.9542317480082 0
1671135046956 934.5963686089963 0
1671135984502 937.2551773260348 0
1671136920936 936.1671398740727 0
1671137857622 936.4016700480133 0
1671138794581 936.6712322710082 0
1671139731154 936.2884217780083 0
1671140668579 937.1535774590448 0
1671141605469 936.6312833779957 0
1671142541080 935.3457140619867 0
1671143478064 936.7026501360815 0
1671144746599 1180.414970224956 0
1671145928163 1181.2693669820437 0
1671147109576 1181.1259434360545 0
1671148291054 1181.2112790349638 0
1671149471100 1179.770126834046 0
1671150652994 1181.5898828930221 0
1671151834339 1181.0346788530005 0
1671153015668 1181.0507650509244 0
1671154198475 1182.492220924003 0
1671155378807 1180.0146905389847 0
1671156940759 1425.0437794229947 0
1671158367988 1426.899725447991 0
1671159791154 1422.8442373829894 0
1671161215959 1424.4791850630427 0
1671162640711 1424.433318826952 0
1671164066720 1425.71184892999 0
1671165493980 1426.9226072489982 0
1671166918745 1424.441632681992 0
1671168345296 1426.2158285100013 0
1671169771597 1425.973161907983 0
