1671120698302 0.0847788784583099 0
1671120900172 0.026277086274303058 0
1671121102878 0.015968333053159447 0
1671121304839 0.011402040306201185 0
1671121506466 0.010955826036017642 0
1671121707924 0.007697009864193122 0
1671121909712 0.008159435896256095 0
1671122112055 0.006165290045202659 0
1671122313548 0.0056462399866689045 0
1671122515256 0.004966376611322837 0
1671122981066 0.02316584966485214 0
1671123428333 0.006289273499304584 0
1671123874884 0.0038041713991436472 0
1671124321641 0.003695159403874555 0
1671124768093 0.0032671636359041275 0
1671125214917 0.0029666547908978403 0
1671125661862 0.002727925925635452 0
1671126108633 0.002562490829046454 0
1671126555756 0.002142475312866879 0
1671127002495 0.0016150407887330343 0
1671127726310 0.001966192177304917 0
1671128417843 0.0018054498035306023 0
1671129107894 0.0015971615637253868 0
1671129799202 0.0016160294816685602 0
1671130491887 0.0015696799242366029 0
1671131183935 0.0011747262598492637 0
1671131875348 0.0013359402005674447 0
1671132566581 0.001501946785496657 0
1671133257555 0.0016030696737871978 0
1671133949763 0.0010020721094994214 0
1671135046944 0.00928539138742233 0
1671135984493 0.0019619456770913796 0
1671136920926 0.001470561471593046 0
1671137857610 0.0014151155127782868 0
1671138794571 0.0016306483931811614 0
1671139731142 0.0015523430708372656 0
1671140668571 0.0012140508170431492 0
1671141605459 0.0011238885178611164 0
1671142541073 0.001329604222935132 0
1671143478051 0.0012863661718197862 0
1671144746589 0.007501825252111869 0
1671145928153 0.001590818953263233 0
1671147109566 0.00145624875182857 0
1671148291047 0.0014464621198008397 0
1671149471093 0.0012421189643870398 0
1671150652985 0.0013175093065467996 0
1671151834328 0.0014572256275709819 0
1671153015661 0.0014651902710553111 0
1671154198471 0.0011615467383890403 0
1671155378796 0.0013399901434996172 0
1671156940751 0.0015388888113807885 0
1671158367981 0.001164139978029479 0
1671159791146 0.0015566099596154574 0
1671161215953 0.001201751890195936 0
1671162640701 0.0014370903602154972 0
1671164066713 0.0012343881914069334 0
1671165493970 0.0010925996992057977 0
1671166918740 0.0011600301860178186 0
1671168345285 0.0010595776787162268 0
1671169771589 0.0013390886443742137 0
