1671120698287 0.9744284040951062 0
1671120900161 0.9927894488644142 0
1671121102867 0.9956797541719276 0
1671121304824 0.9971096946924868 0
1671121506450 0.9973226645572508 0
1671121707913 0.9978855134855561 0
1671121909696 0.9979615741515433 0
1671122112039 0.9986156958790331 0
1671122313537 0.9985548473462433 0
1671122515245 0.9988438778769947 0
1671122981049 0.9940372040044738 0
1671123428321 0.9986482499296678 0
1671123874867 0.9990119187303156 0
1671124321629 0.9992246306703171 0
1671124768079 0.9991422905645101 0
1671125214901 0.9993755875309633 0
1671125661851 0.9993824492064473 0
1671126108617 0.9994716509877382 0
1671126555745 0.9994373426103186 0
1671127002482 0.9995951611464488 0
1671127726297 0.9995747263408302 0
1671128417826 0.9995658664729309 0
1671129107883 0.9995747263408302 0
1671129799191 0.9996278855482265 0
1671130491870 0.9996145957463775 0
1671131183920 0.9997474937648679 0
1671131875338 0.999676614821673 0
1671132566570 0.9996810447556227 0
1671133257545 0.999605735878478 0
1671133949752 0.999760783566717 0
1671135046933 0.9981421941080079 0
1671135984476 0.9994799451816431 0
1671136920914 0.9996107765824875 0
1671137857594 0.999653296787762 0
1671138794553 0.9996140473675087 0
1671139731127 0.9996434844326987 0
1671140668557 0.9997187124881843 0
1671141605449 0.9997350664132899 0
1671142541062 0.9996990877780576 0
1671143478036 0.9996860046379732 0
1671144746573 0.9985948975597363 0
1671145928136 0.9995852096117303 0
1671147109548 0.9996655752494575 0
1671148291036 0.999644835730044 0
1671149471081 0.9996940920886511 0
1671150652975 0.9996733525692376 0
1671151834309 0.9996811298890177 0
1671153015650 0.9996655752494575 0
1671154198459 0.9996992769685045 0
1671155378779 0.9996552054897508 0
1671156940739 0.9995727202262221 0
1671158367970 0.9997058425678012 0
1671159791135 0.9996757826842187 0
1671161215941 0.9997144311059676 0
1671162640684 0.9997036954332595 0
1671164066701 0.9997294610477587 0
1671165493955 0.9997187253750507 0
1671166918730 0.9997251667786755 0
1671168345267 0.9997401967204667 0
1671169771578 0.999680076953302 0
