1679848372629 0.9796435466078324 0
1679848425518 0.995777027027027 0
1679848479240 0.9981901544401545 0
1679848532685 0.9988623827909542 0
1679848586418 0.9995001378929951 0
1679848640038 0.9993105350248207 0
1679848693835 0.9995863210148924 0
1679848746929 0.9996897407611693 0
1679848800231 0.9998103971318257 0
1679848853763 0.9998276337562052 0
1679848926382 0.8309210526315789 0
1679848931980 0.9904605263157895 0
1679848937706 0.9990131578947369 0
1679848943519 0.999671052631579 0
1679848949324 0.999671052631579 0
1679848955336 1.0 0
1679848961333 1.0 0
1679848967058 1.0 0
1679848972641 1.0 0
1679848977341 1.0 0
1679849001578 0.7523026315789474 0
1679849007906 0.9805921052631579 0
1679849014146 0.9967105263157895 0
1679849020417 0.9983552631578947 0
1679849026631 0.9990131578947369 0
1679849032937 0.999671052631579 0
1679849039193 0.999671052631579 0
1679849045563 0.999671052631579 0
1679849051923 1.0 0
1679849058238 1.0 0
1679849083698 0.5950657894736842 0
1679849090544 0.9496710526315789 0
1679849097355 0.9901315789473685 0
1679849104001 0.9970394736842105 0
1679849110989 0.9983552631578947 0
1679849117835 0.9986842105263158 0
1679849124616 0.9993421052631579 0
1679849131521 0.9990131578947369 0
1679849138556 0.999671052631579 0
1679849145496 0.9993421052631579 0
1679849171446 0.7019736842105263 0
1679849178957 0.968421052631579 0
1679849186222 0.9828947368421053 0
1679849193796 0.9921052631578947 0
1679849201244 0.9986842105263158 0
1679849208618 0.9990131578947369 0
1679849216028 0.9993421052631579 0
1679849223526 1.0 0
1679849230851 0.999671052631579 0
1679849238087 1.0 0
1679849265040 0.7319078947368421 0
1679849272808 0.9865131578947368 0
1679849280747 0.9990131578947369 0
1679849288807 1.0 0
1679849296670 0.999671052631579 0
1679849304376 1.0 0
1679849312272 1.0 0
1679849320267 0.999671052631579 0
1679849328045 0.999671052631579 0
1679849335828 0.999671052631579 0
1679849364169 0.5950657894736842 0
1679849372754 0.9578947368421052 0
1679849381249 0.993421052631579 0
1679849390164 0.9967105263157895 0
1679849398687 0.9986842105263158 0
1679849407325 0.999671052631579 0
1679849415708 0.999671052631579 0
1679849424215 0.9993421052631579 0
1679849432674 1.0 0
1679849441286 0.999671052631579 0
1679849470353 0.7585526315789474 0
1679849479430 0.9884868421052632 0
1679849488993 0.9967105263157895 0
1679849498190 0.9970394736842105 0
1679849507125 0.9983552631578947 0
1679849516189 0.999671052631579 0
1679849525238 0.9993421052631579 0
1679849534501 0.9993421052631579 0
1679849543795 1.0 0
1679849552855 0.999671052631579 0
1679849583371 0.7171052631578947 0
1679849593103 0.975328947368421 0
1679849602912 0.9947368421052631 0
1679849612637 0.9976973684210526 0
1679849622305 0.9967105263157895 0
1679849631743 0.9973684210526316 0
1679849641543 0.9990131578947369 0
1679849651115 1.0 0
1679849660896 1.0 0
1679849670448 1.0 0
1679849702408 0.7703947368421052 0
1679849712723 0.9878289473684211 0
1679849723097 0.9927631578947368 0
1679849733356 0.9976973684210526 0
1679849743559 0.9990131578947369 0
1679849753977 0.9990131578947369 0
1679849764382 0.9993421052631579 0
1679849774559 0.9993421052631579 0
1679849784754 0.9990131578947369 0
1679849795064 0.999671052631579 0
1679849827774 0.7220394736842105 0
1679849838601 0.9776315789473684 0
1679849849531 0.993421052631579 0
1679849860302 0.9976973684210526 0
1679849871204 0.9976973684210526 0
1679849882081 0.9990131578947369 0
1679849892877 1.0 0
1679849904038 0.9993421052631579 0
1679849914859 0.9990131578947369 0
1679849925695 0.9990131578947369 0
1679849961052 0.7875 0
1679849972766 0.9950657894736842 0
1679849984429 0.9980263157894737 0
1679849996277 0.9990131578947369 0
1679850007813 0.999671052631579 0
1679850019154 0.999671052631579 0
1679850030446 0.999671052631579 0
1679850041886 0.9993421052631579 0
1679850053225 0.999671052631579 0
1679850064413 0.9993421052631579 0
1679850099013 0.6296052631578948 0
1679850110898 0.9398026315789474 0
1679850123037 0.9845394736842106 0
1679850134947 0.9927631578947368 0
1679850147010 0.9960526315789474 0
1679850159000 0.9976973684210526 0
1679850170914 0.9990131578947369 0
1679850182905 0.9983552631578947 0
1679850194653 0.9983552631578947 0
1679850206776 0.9993421052631579 0
1679850243715 0.805921052631579 0
1679850256411 0.9967105263157895 0
1679850268837 0.9986842105263158 0
1679850281699 1.0 0
1679850294676 0.9993421052631579 0
1679850307511 0.999671052631579 0
1679850320193 1.0 0
1679850332766 1.0 0
1679850345148 1.0 0
1679850357872 1.0 0
1679850395624 0.5651315789473684 0
1679850408878 0.8970394736842106 0
1679850421877 0.9730263157894737 0
1679850434845 0.9881578947368421 0
1679850448077 0.9957236842105263 0
1679850460979 0.9953947368421052 0
1679850474260 0.9980263157894737 0
1679850487446 0.9986842105263158 0
1679850500292 0.999671052631579 0
1679850513210 0.9993421052631579 0
1679850551431 0.8394736842105263 0
1679850565227 0.9930921052631579 0
1679850578799 0.9976973684210526 0
1679850592727 0.9976973684210526 0
1679850606786 0.999671052631579 0
1679850620594 0.9990131578947369 0
1679850634387 1.0 0
1679850648204 1.0 0
1679850662144 1.0 0
1679850675982 0.999671052631579 0
1679850716497 0.4819078947368421 0
1679850730930 0.8766447368421053 0
1679850745463 0.9733552631578948 0
1679850760093 0.9930921052631579 0
1679850774271 0.9967105263157895 0
1679850788782 0.9980263157894737 0
1679850802954 0.9993421052631579 0
1679850817421 0.9993421052631579 0
1679850831659 0.999671052631579 0
1679850846188 0.999671052631579 0
1679850887906 0.8006578947368421 0
1679850902448 0.9894736842105263 0
1679850917266 0.9973684210526316 0
1679850932102 0.9970394736842105 0
1679850947265 0.9986842105263158 0
1679850962070 0.9990131578947369 0
1679850976822 0.9993421052631579 0
1679850991734 0.9990131578947369 0
1679851007015 0.999671052631579 0
1679851022033 0.999671052631579 0
1679851064884 0.6845394736842105 0
1679851080258 0.9648026315789474 0
1679851095675 0.9957236842105263 0
1679851111306 0.9957236842105263 0
1679851127247 0.9986842105263158 0
1679851142847 0.9983552631578947 0
1679851158551 0.9986842105263158 0
1679851174170 0.9993421052631579 0
1679851189946 0.9993421052631579 0
1679851205650 0.999671052631579 0
1679851248935 0.7842105263157895 0
1679851264830 0.9914473684210526 0
1679851280819 0.9970394736842105 0
1679851296651 0.9990131578947369 0
1679851312382 0.9976973684210526 0
1679851328752 0.9983552631578947 0
1679851344734 0.9993421052631579 0
1679851360870 0.999671052631579 0
1679851376722 0.999671052631579 0
1679851392620 0.999671052631579 0
