1679848372655 52.90922530204989 0
1679848425533 52.370370710035786 0
1679848479253 53.23230466200039 0
1679848532705 52.917585839983076 0
1679848586433 53.23410437582061 0
1679848640053 53.12702116719447 0
1679848693851 53.301463747164235 0
1679848746947 52.59316145605408 0
1679848800250 52.79367499006912 0
1679848853781 53.0155284688808 0
1679848926400 5.39999489299953 0
1679848932004 5.4101316190790385 0
1679848937727 5.504835530882701 0
1679848943536 5.597789397928864 0
1679848949346 5.603909634053707 0
1679848955354 5.789458291139454 0
1679848961353 5.770675614010543 0
1679848967082 5.495583212934434 0
1679848972662 5.358827184187248 0
1679848977356 4.496791530167684 0
1679849001593 6.0162421418353915 0
1679849007922 6.1368819191120565 0
1679849014165 6.052383902017027 0
1679849020437 6.082364234840497 0
1679849026648 6.02219614200294 0
1679849032962 6.1013262420892715 0
1679849039212 6.05682417191565 0
1679849045583 6.153764326125383 0
1679849051943 6.141692923149094 0
1679849058258 6.115043438971043 0
1679849083719 6.699286505812779 0
1679849090561 6.650487805949524 0
1679849097376 6.627083068946376 0
1679849104019 6.4517903798259795 0
1679849111006 6.7863786718808115 0
1679849117854 6.653303574072197 0
1679849124635 6.574802555842325 0
1679849131540 6.703652017982677 0
1679849138577 6.825398487970233 0
1679849145516 6.729762566974387 0
1679849171465 7.103597929002717 0
1679849178967 7.289079793961719 0
1679849186245 7.053561744047329 0
1679849193816 7.354444571072236 0
1679849201261 7.258847769116983 0
1679849208633 7.181786167901009 0
1679849216046 7.206515275873244 0
1679849223542 7.302904943935573 0
1679849230868 7.10354419099167 0
1679849238106 7.041199540952221 0
1679849265059 7.678149240789935 0
1679849272821 7.570892347022891 0
1679849280763 7.743670167867094 0
1679849288826 7.8636265189852566 0
1679849296691 7.639945012982935 0
1679849304398 7.4901758569758385 0
1679849312293 7.690243063960224 0
1679849320282 7.769869426963851 0
1679849328067 7.588650066871196 0
1679849335846 7.565605655778199 0
1679849364187 8.447609724942595 0
1679849372774 8.374546244973317 0
1679849381260 8.29568810411729 0
1679849390182 8.704950282815844 0
1679849398706 8.31977518205531 0
1679849407341 8.443729238118976 0
1679849415729 8.165030358824879 0
1679849424235 8.300688246032223 0
1679849432693 8.258219087030739 0
1679849441309 8.364996331976727 0
1679849470371 8.8235327959992 0
1679849479458 8.856662471080199 0
1679849489013 9.329480723943561 0
1679849498207 8.99356086901389 0
1679849507143 8.716491213068366 0
1679849516205 8.847080061910674 0
1679849525267 8.824433485046029 0
1679849534523 9.031407108996063 0
1679849543811 9.077742672059685 0
1679849552868 8.854557543992996 0
1679849583390 9.380710412049666 0
1679849593120 9.531595421023667 0
1679849602937 9.57455327315256 0
1679849612650 9.507604797137901 0
1679849622330 9.456817174097523 0
1679849631762 9.202709479955956 0
1679849641555 9.588468802161515 0
1679849651136 9.366423526080325 0
1679849660918 9.561985678039491 0
1679849670466 9.330790939042345 0
1679849702428 9.980554912006482 0
1679849712742 10.107694898964837 0
1679849723118 10.155215320875868 0
1679849733379 10.041461778106168 0
1679849743578 9.992197197163478 0
1679849753998 10.164918181952089 0
1679849764406 10.175392229110003 0
1679849774577 9.96963513083756 0
1679849784772 9.973244382068515 0
1679849795086 10.095376919955015 0
1679849827795 10.472446876810864 0
1679849838615 10.61944782990031 0
1679849849553 10.725560917053372 0
1679849860321 10.558844653889537 0
1679849871234 10.668482722016051 0
1679849882109 10.620503714075312 0
1679849892901 10.558770949952304 0
1679849904056 10.89153492404148 0
1679849914880 10.613263686187565 0
1679849925713 10.619822650915012 0
1679849961071 11.294383842032403 0
1679849972793 11.504686646861956 0
1679849984458 11.433636125875637 0
1679849996301 11.613579340046272 0
1679850007834 11.30992023809813 0
1679850019172 11.124865269986913 0
1679850030465 11.091576139908284 0
1679850041905 11.231356458039954 0
1679850053247 11.08590487902984 0
1679850064440 10.975464251125231 0
1679850099034 11.582429832778871 0
1679850110919 11.668231471907347 0
1679850123061 11.917303120950237 0
1679850134973 11.7003283649683 0
1679850147039 11.843171655200422 0
1679850159018 11.727964639896527 0
1679850170928 11.693468858953565 0
1679850182922 11.773843288887292 0
1679850194673 11.50485307793133 0
1679850206798 11.889543696073815 0
1679850243740 12.688117068028077 0
1679850256432 12.449974834220484 0
1679850268858 12.205379558959976 0
1679850281728 12.611023437930271 0
1679850294701 12.732580435927957 0
1679850307537 12.611392023041844 0
1679850320224 12.432204862125218 0
1679850332788 12.317599229048938 0
1679850345179 12.12882595602423 0
1679850357890 12.481708053965122 0
1679850395649 12.924381220014766 0
1679850408901 13.029086884111166 0
1679850421897 12.753358789952472 0
1679850434874 12.746457422152162 0
1679850448093 12.995699237799272 0
1679850461011 12.667464835103601 0
1679850474285 13.031038258923218 0
1679850487471 12.9681939878501 0
1679850500311 12.632591460132971 0
1679850513232 12.706048978958279 0
1679850551457 13.68184490990825 0
1679850565252 13.54867005487904 0
1679850578818 13.328689653193578 0
1679850592749 13.69986478285864 0
1679850606805 13.803980994969606 0
1679850620619 13.577358552021906 0
1679850634417 13.565535438014194 0
1679850648227 13.581990143982694 0
1679850662160 13.70666655502282 0
1679850676001 13.617959316819906 0
1679850716513 14.523919587023556 0
1679850730958 14.207097942009568 0
1679850745484 14.287485075183213 0
1679850760110 14.397542087826878 0
1679850774292 13.944160423008725 0
1679850788805 14.282724807970226 0
1679850802980 13.893726851092651 0
1679850817443 14.22415058198385 0
1679850831679 14.004069638205692 0
1679850846215 14.296875812113285 0
1679850887926 14.869908469030634 0
1679850902467 14.317678927211091 0
1679850917287 14.595068163005635 0
1679850932124 14.607498964993283 0
1679850947293 14.907527037197724 0
1679850962097 14.573400849010795 0
1679850976840 14.514460223959759 0
1679850991757 14.669686278095469 0
1679851007031 15.041022683028132 0
1679851022050 14.788624678039923 0
1679851064903 15.360109627014026 0
1679851080278 15.135954564902931 0
1679851095703 15.17789951292798 0
1679851111325 15.380318462150171 0
1679851127285 15.674239287851378 0
1679851142874 15.347174567868933 0
1679851158577 15.44623457500711 0
1679851174194 15.363240336999297 0
1679851189971 15.522104145027697 0
1679851205690 15.458235353929922 0
1679851248967 15.919969663023949 0
1679851264851 15.655178518034518 0
1679851280840 15.748319832840934 0
1679851296680 15.593935448909178 0
1679851312409 15.46926732501015 0
1679851328772 16.12537313112989 0
1679851344754 15.723481572931632 0
1679851360891 15.897212041076273 0
1679851376743 15.614719916135073 0
1679851392647 15.65876873396337 0
