1679848372644 0.07087845794035412 0
1679848425528 0.014836905968441609 0
1679848479247 0.007101992926856534 0
1679848532697 0.004369571423744942 0
1679848586427 0.002636022686685567 0
1679848640048 0.0034318462853875115 0
1679848693845 0.0020805131860443193 0
1679848746938 0.001586203939520375 0
1679848800242 0.0015307731961158506 0
1679848853774 0.001184676504342753 0
1679848926394 0.8907666078915721 0
1679848931995 0.056269179343392976 0
1679848937718 0.026649336330592632 0
1679848943530 0.01968726507927242 0
1679848949337 0.01756362445456417 0
1679848955345 0.014457104247259467 0
1679848961345 0.013038503025707446 0
1679848967069 0.012648304983189232 0
1679848972653 0.010829511284828185 0
1679848977351 0.009886496229783485 0
1679849001588 0.9827752658411076 0
1679849007916 0.09420545109008488 0
1679849014158 0.04851585105061531 0
1679849020429 0.03587521453829188 0
1679849026642 0.027219958662202483 0
1679849032952 0.025061080506757687 0
1679849039205 0.022568586860832414 0
1679849045575 0.022046268319613056 0
1679849051933 0.02000291780813744 0
1679849058250 0.018070822405187707 0
1679849083710 1.6181139993040186 0
1679849090555 0.23321183323860167 0
1679849097368 0.0832557473135622 0
1679849104012 0.04783165603876114 0
1679849111000 0.03614875605623973 0
1679849117846 0.03032126191415285 0
1679849124627 0.028987991790238178 0
1679849131533 0.026171118628821873 0
1679849138569 0.023075692453666738 0
1679849145508 0.02252615386326062 0
1679849171458 1.3079268987241544 0
1679849178962 0.14526104236903944 0
1679849186234 0.0861966419376825 0
1679849193808 0.058217311199558405 0
1679849201255 0.03710348992363403 0
1679849208629 0.031227509971511993 0
1679849216040 0.0261454068712498 0
1679849223536 0.02336730819783713 0
1679849230862 0.021006523131539948 0
1679849238098 0.021068917940321723 0
1679849265051 1.1564365788509972 0
1679849272815 0.08489155445836093 0
1679849280757 0.041548400078164904 0
1679849288819 0.029558140510006953 0
1679849296683 0.028231565673884594 0
1679849304389 0.024371342694288804 0
1679849312281 0.023286682445751994 0
1679849320277 0.021486945254238027 0
1679849328059 0.02136128395795822 0
1679849335839 0.019355342792052973 0
1679849364179 1.589834145495766 0
1679849372766 0.20545300527622826 0
1679849381255 0.0724268536818655 0
1679849390175 0.05470278190546914 0
1679849398697 0.039582597719211327 0
1679849407335 0.030733848853330862 0
1679849415718 0.027128351009205767 0
1679849424228 0.025305379162493504 0
1679849432686 0.022486128363954392 0
1679849441300 0.023699804983640972 0
1679849470364 1.0627337700442263 0
1679849479443 0.08396753404093416 0
1679849489004 0.051128553305017324 0
1679849498201 0.04022184216270321 0
1679849507137 0.03079407644507132 0
1679849516199 0.02731354230720746 0
1679849525255 0.026886186454641192 0
1679849534515 0.024500175389020065 0
1679849543805 0.02291612881971033 0
1679849552862 0.02224887238913461 0
1679849583383 1.1256096537175933 0
1679849593114 0.12180041957058405 0
1679849602925 0.053782870385207626 0
1679849612644 0.04044528740801309 0
1679849622318 0.04113811417237708 0
1679849631754 0.03627984329665962 0
1679849641549 0.029546989363275076 0
1679849651126 0.026638879019178843 0
1679849660909 0.025150067967019584 0
1679849670459 0.023611497212397425 0
1679849702419 1.1302052901763664 0
1679849712735 0.09267996502550024 0
1679849723110 0.055529158660455755 0
1679849733369 0.04467631400023636 0
1679849743570 0.034457182394046534 0
1679849753990 0.03112450685156019 0
1679849764396 0.030219700912895955 0
1679849774570 0.0293264544323871 0
1679849784763 0.02711713027797247 0
1679849795078 0.02524744807497451 0
1679849827786 1.183584487438202 0
1679849838608 0.11779254071022335 0
1679849849545 0.06062593838494075 0
1679849860313 0.04527562215532127 0
1679849871226 0.04017087191735443 0
1679849882096 0.03255494072249061 0
1679849892889 0.028352423227931325 0
1679849904049 0.030581532242266757 0
1679849914872 0.027967342008885586 0
1679849925706 0.02842786696396376 0
1679849961063 0.9636045780621076 0
1679849972780 0.06383839084913856 0
1679849984441 0.048196598005137946 0
1679849996288 0.03682306730433514 0
1679850007825 0.034205829528601545 0
1679850019165 0.03029637336730957 0
1679850030458 0.028276686017450533 0
1679850041897 0.027255314549333172 0
1679850053238 0.027280609819449877 0
1679850064427 0.0262981064225498 0
1679850099026 1.4275378907981673 0
1679850110910 0.24266155424870942 0
1679850123052 0.1052590308220763 0
1679850134958 0.07156496961650095 0
1679850147027 0.05382733929314112 0
1679850159011 0.04618152523119198 0
1679850170921 0.03936640749636449 0
1679850182915 0.03779469716705774 0
1679850194665 0.03555398032461342 0
1679850206789 0.03367950577092798 0
1679850243726 0.8765038745575829 0
1679850256424 0.05985345467925072 0
1679850268850 0.045662105671669305 0
1679850281712 0.03726857582989492 0
1679850294689 0.03648956002373444 0
1679850307525 0.032131203067930124 0
1679850320205 0.03082411908789685 0
1679850332778 0.030444585669197534 0
1679850345167 0.028778969241600286 0
1679850357883 0.028225457334988997 0
1679850395635 1.6193494169335616 0
1679850408891 0.384391179053407 0
1679850421890 0.15834023113313475 0
1679850434858 0.09559976513448515 0
1679850448086 0.06470587610414154 0
1679850460998 0.05719364614863145 0
1679850474272 0.05107036915264632 0
1679850487459 0.04486804337877976 0
1679850500304 0.041296456479712536 0
1679850513222 0.04042377087630724 0
1679850551445 0.6040093065876709 0
1679850565239 0.07664807493749418 0
1679850578811 0.05490334426101885 0
1679850592740 0.05015755860429061 0
1679850606797 0.042956905106180596 0
1679850620606 0.04304859014718156 0
1679850634402 0.03877573617194828 0
1679850648219 0.03691764050408414 0
1679850662152 0.03555242987839799 0
1679850675993 0.03742853014876968 0
1679850716505 1.7920143792503758 0
1679850730948 0.4574307789928035 0
1679850745474 0.16771188550873806 0
1679850760102 0.09251918518229535 0
1679850774280 0.06941577156907634 0
1679850788797 0.05957704860913126 0
1679850802970 0.055943752550765086 0
1679850817433 0.05222226032300999 0
1679850831670 0.04803448550795254 0
1679850846199 0.04549048013593021 0
1679850887917 0.9437187050518236 0
1679850902459 0.108572739519571 0
1679850917279 0.0729933585775526 0
1679850932113 0.06568408137873599 0
1679850947280 0.05715188835012285 0
1679850962081 0.05281576745604214 0
1679850976832 0.05036829396298057 0
1679850991748 0.04589699047960733 0
1679851007023 0.04483189084812215 0
1679851022042 0.04720822596236279 0
1679851064895 1.3721777487742273 0
1679851080270 0.17415412578143571 0
1679851095693 0.08401986909540075 0
1679851111317 0.06985492604343514 0
1679851127266 0.06123458947006025 0
1679851142864 0.05583919565144338 0
1679851158567 0.051566849884233976 0
1679851174182 0.049624511795608624 0
1679851189961 0.04784653449529096 0
1679851205677 0.04761619850208885 0
1679851248952 0.9835681561576692 0
1679851264842 0.11461680460917323 0
1679851280831 0.07428128154654252 0
1679851296663 0.060369274961320975 0
1679851312399 0.056409902478519236 0
1679851328764 0.052159136141601364 0
1679851344745 0.05157868552364801 0
1679851360882 0.05006386386720758 0
1679851376734 0.04681440085956925 0
1679851392634 0.04465323368969717 0
