1671660967372 0.2535286997999185 0
1671660972042 0.06398106795116193 0
1671660976748 0.05217207957575129 0
1671660981467 0.020241450049518925 0
1671660986184 0.03621482005389974 0
1671661013076 0.07740003373366969 0
1671661018224 0.017070149610776846 0
1671661023502 0.05047268218394219 0
1671661028678 0.027333496021435144 0
1671661033824 0.012072386216740191 0
1671661062236 0.04405679547289981 0
1671661067201 0.0236185752751346 0
1671661072179 0.05507199166211712 0
1671661077365 0.012737680069489082 0
1671661082311 0.011335690649300853 0
1671661110178 0.027056715141351245 0
1671661114973 0.03880744630537416 0
1671661119898 0.011741466276288085 0
1671661124840 0.01335199935125775 0
1671661130202 0.007132168118815136 0
1671661157961 0.024906674212852628 0
1671661162833 0.03026632404418137 0
1671661167611 0.017730353769057152 0
1671661172759 0.008672857705720927 0
1671661177680 0.030055324490948655 0
1671661215855 0.02519420876719072 0
1671661220800 0.012689602769394754 0
1671661225964 0.005862309826672644 0
1671661230856 0.033736671320222615 0
1671661235715 0.002253715293594523 0
1671661275075 0.025130363466611783 0
1671661280171 0.009812680350156068 0
1671661285337 0.006221134212086251 0
1671661290350 0.007120296994547712 0
1671661295919 0.03362454515984838 0
1671661335645 0.0240145740717192 0
1671661341086 0.018689367224297405 0
1671661346313 0.002258654331982886 0
1671661351285 0.006691755371671518 0
1671661356572 0.006854760361691773 0
1671661415425 0.03129618019987656 0
1671661420462 0.011553445918306423 0
1671661426356 0.012964596629020397 0
1671661431483 0.003735911215227002 0
1671661436506 0.0024254916505763438 0
1671661495831 0.018548058234310497 0
1671661501077 0.008978645105798868 0
1671661506406 0.001818059040983516 0
1671661511429 0.004447440973926008 0
1671661517456 0.011587272579437645 0
