1671660967375 4.5768082269933075 0
1671660972046 4.452133630999015 0
1671660976752 4.494819468003698 0
1671660981471 4.51519078000274 0
1671660986188 4.500271595999948 0
1671661013080 4.910730857998715 0
1671661018228 4.912182774991379 0
1671661023506 5.050784520004527 0
1671661028682 4.937009211003897 0
1671661033828 4.926861965999706 0
1671661062240 4.983803336988785 0
1671661067206 4.741802288990584 0
1671661072183 4.730510965004214 0
1671661077370 4.975475441999151 0
1671661082315 4.692497149997507 0
1671661110182 4.525861315007205 0
1671661114977 4.541028653999092 0
1671661119902 4.6668923149991315 0
1671661124844 4.694956146995537 0
1671661130207 5.13454984400596 0
1671661157965 4.557203477001167 0
1671661162838 4.6060284430132015 0
1671661167616 4.522208945010789 0
1671661172763 4.908272250002483 0
1671661177684 4.6671191659988835 0
1671661215859 4.477996504007024 0
1671661220805 4.698118401996908 0
1671661225969 4.929310182007612 0
1671661230861 4.634762561006937 0
1671661235720 4.610482591000618 0
1671661275080 4.889146209010505 0
1671661280176 4.829367553000338 0
1671661285342 4.903750019002473 0
1671661290354 4.735538759006886 0
1671661295923 5.3014457000099355 0
1671661335650 4.82378026600054 0
1671661341091 5.167423420003615 0
1671661346318 4.968544491988723 0
1671661351290 4.68686341799912 0
1671661356577 5.0187806930043735 0
1671661415430 4.795095912995748 0
1671661420467 4.760597055006656 0
1671661426362 5.605320963004488 0
1671661431488 4.836288261998561 0
1671661436511 4.75797776899708 0
1671661495836 4.8352819270076 0
1671661501082 4.964914839991252 0
1671661506411 5.0603717240010155 0
1671661511435 4.73901513099554 0
1671661517461 5.755363887990825 0
