1671660967368 0.9105022831050228 0
1671660972038 0.9792998477929985 0
1671660976744 0.9846270928462709 0
1671660981451 0.9931506849315068 0
1671660986168 0.9901065449010654 0
1671661013072 0.9780204395912082 0
1671661018220 0.995520089598208 0
1671661023498 0.9860002799944001 0
1671661028661 0.9916001679966401 0
1671661033820 0.996220075598488 0
1671661062232 0.9897802043959121 0
1671661067197 0.994820103597928 0
1671661072163 0.9885202295954081 0
1671661077361 0.99580008399832 0
1671661082294 0.996080078398432 0
1671661110162 0.992440151196976 0
1671661114956 0.991180176396472 0
1671661119882 0.996920061598768 0
1671661124823 0.996640067198656 0
1671661130198 0.997620047599048 0
1671661157944 0.9928601427971441 0
1671661162817 0.9916001679966401 0
1671661167595 0.996360072798544 0
1671661172755 0.996920061598768 0
1671661177675 0.9930001399972 0
1671661215838 0.996640067198656 0
1671661220784 0.998320033599328 0
1671661225960 0.998180036399272 0
1671661230851 0.993140137197256 0
1671661235698 0.99930001399972 0
1671661275059 0.993140137197256 0
1671661280166 0.997620047599048 0
1671661285332 0.9977600447991041 0
1671661290333 0.99790004199916 0
1671661295902 0.991880162396752 0
1671661335640 0.9935601287974241 0
1671661341069 0.9941201175976481 0
1671661346308 0.999160016799664 0
1671661351269 0.997620047599048 0
1671661356567 0.9977600447991041 0
1671661415419 0.9934201315973681 0
1671661420445 0.996360072798544 0
1671661426339 0.997060058798824 0
1671661431478 0.9984600307993841 0
1671661436498 0.99930001399972 0
1671661495825 0.994820103597928 0
1671661501071 0.9965000699986001 0
1671661506400 0.99930001399972 0
1671661511412 0.998740025199496 0
1671661517439 0.9972000559988801 0
