1679627589125 0.06182079374186328 0
1679627633590 0.015973975953908006 0
1679627677873 0.010570482803735412 0
1679627722160 0.012295841005022084 0
1679627765994 0.008810560626726558 0
1679627809766 0.00766133561688186 0
1679627856890 0.003917130814459142 0
1679627905816 0.007726087543630516 0
1679627950023 0.0024746106413989365 0
1679627994777 0.005246395638437268 0
1679628075245 0.06591826654780202 0
1679628132508 0.008014004711502152 0
1679628190263 0.004913932021246073 0
1679628247903 0.004762753205247474 0
1679628305206 0.0042475675581854664 0
1679628362618 0.00431799555715092 0
1679628430401 0.0029580132795927892 0
1679628487837 0.0036261198615374366 0
1679628545290 0.0030555799619964978 0
1679628603165 0.0028250979446219292 0
1679628696249 0.08278713149930607 0
1679628766906 0.009225970597583575 0
1679628837165 0.006554267106376476 0
1679628914037 0.00506040246567804 0
1679628987827 0.004345565307451164 0
1679629058133 0.004067378761211147 0
1679629129159 0.0031210285400720674 0
1679629199542 0.0036717802175562524 0
1679629269479 0.0038484471918903596 0
1679629340986 0.002594890941708351 0
1679629460277 0.09517237385594689 0
1679629543743 0.01709412432040594 0
1679629627870 0.011746986618498016 0
1679629711853 0.009292078709502565 0
1679629796039 0.0076753935754433344 0
1679629880413 0.007136871587758056 0
1679629970744 0.006508755311025232 0
1679630057970 0.0058903453331380865 0
1679630142451 0.0048362414697607405 0
1679630226168 0.004465215962476511 0
1679630349083 0.1212550963725247 0
1679630445495 0.024416247113925878 0
1679630554822 0.015994436662702793 0
1679630652248 0.012595461299827321 0
1679630750109 0.011431362631077135 0
1679630847334 0.009969648750779022 0
1679630945182 0.00921907141117485 0
1679631055252 0.0075789008567306365 0
1679631152169 0.007758892267867782 0
1679631249122 0.0077168454569254315 0
1679631386390 0.12289064831391226 0
1679631496324 0.03168331587636247 0
1679631620121 0.022348918958830927 0
1679631729973 0.0169670608919123 0
1679631840142 0.015065616305584789 0
1679631950128 0.01433769586650564 0
1679632059365 0.012064096651598502 0
1679632183620 0.011161116029868716 0
1679632293722 0.011399115695451647 0
1679632404727 0.010450331964370048 0
1679632558524 0.13151196753112906 0
1679632696725 0.03968782370522195 0
1679632821241 0.02704392311865254 0
1679632944394 0.02261600081964014 0
1679633068164 0.01952103489263157 0
1679633205220 0.017103388723794574 0
1679633329027 0.01735655673135476 0
1679633452480 0.014389039005747617 0
1679633576172 0.015193861208251287 0
1679633699376 0.014011496911682934 0
1679633875175 0.16046789147095616 0
1679634013076 0.0573117666637963 0
1679634148281 0.040089474240086416 0
1679634299812 0.031664075253238756 0
1679634437059 0.026661733212531298 0
1679634574869 0.02470924450718213 0
1679634712529 0.023449105111487994 0
1679634865259 0.02085666095849326 0
1679635000423 0.020480781656430254 0
1679635134348 0.0197138668372854 0
1679635315382 0.15967430726146511 0
1679635462509 0.06651591684285645 0
1679635609259 0.048488724039671645 0
1679635756802 0.04056723192011068 0
1679635903859 0.03404264323898367 0
1679636050434 0.031149658977752504 0
1679636198507 0.028487081628905682 0
1679636346492 0.027266762832589914 0
1679636502153 0.0250059172088275 0
1679636650023 0.02430900563213451 0
1679636845522 0.18693501219766007 0
1679637014936 0.08605329426397165 0
1679637177746 0.06460203438412049 0
1679637341174 0.052652374970410684 0
1679637510186 0.045166037074119585 0
1679637671235 0.03950814770266787 0
1679637833338 0.03625834346797601 0
1679638003357 0.03533754985155207 0
1679638166225 0.03440409400491304 0
1679638328553 0.03186114275550522 0
1679638548709 0.19798380095272586 0
1679638724505 0.09594299481276089 0
1679638900558 0.07400946785737426 0
1679639084676 0.06265104761401408 0
1679639260606 0.05486048594809745 0
1679639437115 0.04932322349116781 0
1679639622301 0.04539873668759814 0
1679639797882 0.043718756751116035 0
1679639974776 0.04188083241328739 0
1679640159947 0.040868550091323216 0
1679640387737 0.21918064662252537 0
1679640585124 0.11386452260816173 0
1679640773153 0.09013979980260368 0
1679640960852 0.07703082297841038 0
1679641160733 0.06720466008736856 0
1679641351421 0.0616259229217659 0
1679641539818 0.05807149167126067 0
1679641740606 0.05425192138146575 0
1679641929900 0.052145634526578125 0
1679642131151 0.049524474940494334 0
1679642377110 0.25972955662438935 0
1679642579888 0.14634705407474433 0
1679642795068 0.11733947688200737 0
1679642998502 0.10000676987401189 0
1679643215625 0.0888967666838978 0
1679643417008 0.08060453136119512 0
1679643619717 0.07418464383003548 0
1679643837192 0.07124301861205834 0
1679644039910 0.0667363186851944 0
1679644250845 0.06426731911099412 0
1679644509081 0.30092512158972246 0
1679644724736 0.19006330200193797 0
1679644955259 0.15684584055344658 0
1679645171562 0.13761286728730165 0
1679645403805 0.1260804779212031 0
1679645619251 0.11436239311533915 0
1679645834781 0.10522614486700681 0
1679646068177 0.09682752634250819 0
1679646285910 0.09130725356016456 0
1679646519785 0.08754680962088363 0
1679646792983 0.3423853192747971 0
1679647015437 0.2308409887708301 0
1679647241619 0.19303132714145416 0
1679647467060 0.16937428237040322 0
1679647690951 0.15421797891714437 0
1679647916200 0.1419123341877059 0
1679648148435 0.1325041281664928 0
1679648375643 0.1220965070754862 0
1679648609757 0.11705906053323821 0
1679648836726 0.1087459674660141 0
1679649132926 0.37944034263657456 0
1679649374236 0.2734107833889114 0
1679649624643 0.23166670706715733 0
1679649865196 0.2079686030626901 0
1679650113649 0.19023926889955686 0
1679650354338 0.1765386758976663 0
1679650602820 0.16432024840172638 0
1679650844492 0.1558381383992629 0
1679651088454 0.145706517806834 0
1679651334630 0.1365816556283894 0
1679651652567 0.4132239149347342 0
1679651906458 0.3043895023795648 0
1679652170512 0.2616657559736258 0
1679652425057 0.23565642705104878 0
1679652690593 0.21901158265869267 0
1679652944545 0.20267540286782473 0
1679653211541 0.19049757347160376 0
1679653465386 0.17970426129765035 0
1679653734786 0.17199579607053 0
1679653990044 0.16105853135372936 0
1679654324093 0.4175830737358427 0
1679654592461 0.32029495758984144 0
1679654872686 0.2812452055819611 0
1679655141803 0.25675465635423456 0
1679655422089 0.23979555686279436 0
1679655690799 0.22529341770191585 0
1679655974872 0.21396839006943713 0
1679656242837 0.20453948855023504 0
1679656526989 0.19495557880151695 0
1679656795376 0.1869825679464246 0
1679657150567 0.4542967918619909 0
1679657430971 0.3614253949831641 0
1679657729476 0.3238992452221059 0
1679658022253 0.2991281379566509 0
1679658306322 0.28022932394530403 0
1679658582729 0.2683514804209421 0
1679658860329 0.2571096680261158 0
1679659136815 0.2452913687442417 0
1679659414045 0.23548790361882646 0
1679659697458 0.22849649416334014 0
1679660048971 0.5098178807967777 0
1679660348419 0.41989720295463445 0
1679660645157 0.38327956595322693 0
1679660939587 0.35894397729799826 0
1679661240821 0.3441760268807732 0
1679661534401 0.3288524063768825 0
1679661836374 0.3172482744824646 0
1679662130609 0.3056617629083399 0
1679662431718 0.295230636389368 0
1679662733401 0.28517162702729665 0
