1679627589114 0.9790195959104186 0
1679627633578 0.9953748782862707 0
1679627677866 0.9972310126582279 0
1679627722152 0.9972766553067186 0
1679627765984 0.9975657254138267 0
1679627809755 0.997991723466407 0
1679627856879 0.9987676484907497 0
1679627905805 0.9981134371957157 0
1679627950011 0.9993610029211295 0
1679627994766 0.9987524342745862 0
1679628075235 0.9879619260918253 0
1679628132496 0.9977836879432624 0
1679628190252 0.998436916759985 0
1679628247890 0.9985185703620754 0
1679628305198 0.9988335199701381 0
1679628362606 0.9989035087719298 0
1679628430390 0.9991951287793953 0
1679628487826 0.9989968271743188 0
1679628545279 0.9992767823814857 0
1679628603154 0.9991951287793953 0
1679628696238 0.9833156779661016 0
1679628766894 0.9973422366828087 0
1679628837154 0.9981840193704601 0
1679628914023 0.9985528904358354 0
1679628987816 0.9987042221549637 0
1679629058121 0.9989028450363197 0
1679629129147 0.9991487590799032 0
1679629199532 0.9989406779661016 0
1679629269468 0.9988177209443099 0
1679629340975 0.9993190072639225 0
1679629460266 0.979280669381522 0
1679629543731 0.994734665309239 0
1679629627859 0.9964128913209468 0
1679629711839 0.9972241664545686 0
1679629796029 0.9976934334436244 0
1679629880401 0.998003626877068 0
1679629970732 0.998266098243828 0
1679630057958 0.9983376813438534 0
1679630142440 0.998568337999491 0
1679630226156 0.9986637821328582 0
1679630349071 0.9724829819938515 0
1679630445479 0.9926644158981115 0
1679630554807 0.9952171168203777 0
1679630652237 0.9960474308300395 0
1679630750096 0.9963836736934563 0
1679630847324 0.9970698836187967 0
1679630945173 0.9972551602986386 0
1679631055240 0.9978315766359245 0
1679631152157 0.9977149209486166 0
1679631249112 0.9976257136583223 0
1679631386379 0.9700955782969686 0
1679631496312 0.9903335586020467 0
1679631620108 0.9931936667310292 0
1679631729962 0.9946116528287314 0
1679631840130 0.9952210851515737 0
1679631950116 0.9955650222050589 0
1679632059352 0.9963916779301023 0
1679632183609 0.9966813091330373 0
1679632293710 0.996476153697625 0
1679632404715 0.9965485614983588 0
1679632558512 0.9665155496209511 0
1679632696713 0.9875247674017918 0
1679632821227 0.9914337095106823 0
1679632944380 0.9926990006891798 0
1679633068152 0.9938404548587181 0
1679633205212 0.9946265506547208 0
1679633329012 0.9944488714679531 0
1679633452468 0.9953534200551344 0
1679633576160 0.995331883184011 0
1679633699364 0.9955364834596829 0
1679633875161 0.9562237517498834 0
1679634013061 0.9816019209830456 0
1679634148270 0.9870897495722507 0
1679634299798 0.9896562451392129 0
1679634437046 0.9914936226473791 0
1679634574857 0.9920671955202987 0
1679634712516 0.9924998055685177 0
1679634865247 0.9933018354331934 0
1679635000411 0.9934865453414217 0
1679635134333 0.9935983434437704 0
1679635315373 0.955814077119365 0
1679635462494 0.9789746952083924 0
1679635609243 0.9847294088460448 0
1679635756790 0.987072937340516 0
1679635903837 0.989035476325489 0
1679636050419 0.9900189608732634 0
1679636198487 0.9909625744258577 0
1679636346480 0.9911752197334845 0
1679636502137 0.9920701020697477 0
1679636650008 0.9919682095265098 0
1679636845510 0.9488418088292746 0
1679637014923 0.972734079958328 0
1679637177728 0.9793633611147284 0
1679637341160 0.9831765203802578 0
1679637510174 0.9854636020315145 0
1679637671221 0.9872582693058992 0
1679637833327 0.9882919325433 0
1679638003344 0.9884140187524417 0
1679638166212 0.9890977015236359 0
1679638328541 0.9897284802708686 0
1679638548697 0.9440894448458574 0
1679638724493 0.9690698759633911 0
1679638900545 0.9761937018304432 0
1679639084661 0.9797612596339114 0
1679639260594 0.9823616630539499 0
1679639437102 0.9840062018304432 0
1679639622286 0.9853271013969171 0
1679639797868 0.986012012283237 0
1679639974763 0.9865614462909441 0
1679640159934 0.9869114282273603 0
1679640387726 0.9403383637585396 0
1679640585112 0.9640462257811625 0
1679640773136 0.9711298857654832 0
1679640960838 0.9750706966065629 0
1679641160721 0.9776220741404412 0
1679641351408 0.9797149736812633 0
1679641539806 0.9811394053085452 0
1679641740590 0.982451842311569 0
1679641929887 0.9829698174487624 0
1679642131140 0.9839742692350767 0
1679642377096 0.9268042181285325 0
1679642579876 0.9534586298932385 0
1679642795054 0.9615769572953736 0
1679642998489 0.9675430447979904 0
1679643215611 0.9710134498639313 0
1679643416997 0.9736170713837137 0
1679643619706 0.9753898890517061 0
1679643837179 0.9768323477077664 0
1679644039898 0.9780327611471635 0
1679644250829 0.979439240108855 0
1679644509067 0.9136979320168975 0
1679644724722 0.9387617889773062 0
1679644955245 0.9481806906375871 0
1679645171548 0.9541058797524314 0
1679645403792 0.958262722271343 0
1679645619238 0.9619958984183122 0
1679645834769 0.9650198938992043 0
1679646068161 0.9680223990568818 0
1679646285894 0.9700025788387857 0
1679646519771 0.9710249042145593 0
1679646792969 0.9016770409107738 0
1679647015423 0.9268268696778971 0
1679647241605 0.937025638652351 0
1679647467049 0.9439935440577564 0
1679647690937 0.9492606904850055 0
1679647916187 0.9531336773417253 0
1679648148421 0.9563471862273232 0
1679648375629 0.9595202008515364 0
1679648609743 0.9615622686042207 0
1679648836713 0.9642059653831914 0
1679649132912 0.8891361886429259 0
1679649374222 0.9122571966051273 0
1679649624629 0.9238587146731998 0
1679649865183 0.9310635226179018 0
1679650113635 0.9371144675824656 0
1679650354326 0.9413170443608365 0
1679650602806 0.9452188511680812 0
1679650844479 0.9485519293026512 0
1679651088441 0.9519369586140519 0
1679651334616 0.9546794338962289 0
1679651652553 0.8820827111332338 0
1679651906445 0.9035097270615563 0
1679652170500 0.9147196988551518 0
1679652425042 0.9222198025551684 0
1679652690580 0.9276303509208561 0
1679652944531 0.9329968267794922 0
1679653211530 0.9372200099552016 0
1679653465372 0.9402428654388585 0
1679653734772 0.9429261033681765 0
1679653990030 0.9463767214202754 0
1679654324074 0.8816916752109788 0
1679654592446 0.8994079777584983 0
1679654872671 0.9086481583721113 0
1679655141789 0.9154975747298683 0
1679655422074 0.9203555091095512 0
1679655690787 0.9254845610852591 0
1679655974858 0.9296400544206956 0
1679656242822 0.9326716420853379 0
1679656526974 0.9355282356652733 0
1679656795359 0.9385598233299156 0
1679657150553 0.8740815732110644 0
1679657430956 0.8875901984365604 0
1679657729459 0.8960181148526759 0
1679658022241 0.902411868610944 0
1679658306308 0.9075419046903187 0
1679658582714 0.9113283598917619 0
1679658860315 0.9147436861094408 0
1679659136800 0.9185512815694528 0
1679659414031 0.9218773489176187 0
1679659697440 0.9238621843054721 0
1679660048956 0.8611395290401321 0
1679660348404 0.8705623160313016 0
1679660645145 0.8774588987005528 0
1679660939573 0.8822106755689568 0
1679661240800 0.8864060593007395 0
1679661534386 0.8904847799554886 0
1679661836359 0.8937580766745639 0
1679662130594 0.8978121186014789 0
1679662431703 0.9014645703209132 0
1679662733385 0.9043093545839616 0
