1680076325460 0.9786841742486904 0
1680076443226 0.9961917562724014 0
1680076560611 0.9977943203749655 0
1680076678681 0.9982595809208712 0
1680076795778 0.9991901020126827 0
1680076913382 0.9993451888613178 0
1680077030477 0.9993968844775296 0
1680077148483 0.9997242900468707 0
1680077265677 0.9995347394540943 0
1680077383425 0.9997070581748001 0
1680077420577 0.930628272251309 0
1680077438118 0.9977094240837696 0
1680077455957 0.99967277486911 0
1680077473888 0.99967277486911 0
1680077491792 0.9998363874345549 0
1680077509810 0.99967277486911 0
1680077527872 1.0 0
1680077545719 1.0 0
1680077563414 1.0 0
1680077581261 1.0 0
1680077616580 0.8542212041884817 0
1680077634471 0.993946335078534 0
1680077653009 0.9993455497382199 0
1680077671083 0.9995091623036649 0
1680077689046 0.9998363874345549 0
1680077707183 1.0 0
1680077725267 1.0 0
1680077743113 1.0 0
1680077761219 1.0 0
1680077779402 1.0 0
1680077815244 0.8365510471204188 0
1680077833703 0.981020942408377 0
1680077852125 0.9950916230366492 0
1680077870810 0.9978730366492147 0
1680077889477 0.9993455497382199 0
1680077907803 0.99967277486911 0
1680077925907 1.0 0
1680077944404 0.9991819371727748 0
1680077963123 0.99967277486911 0
1680077981632 1.0 0
1680078018314 0.8110274869109948 0
1680078036977 0.9911649214659686 0
1680078055634 0.9983638743455497 0
1680078074361 0.9986910994764397 0
1680078092957 0.9993455497382199 0
1680078111799 0.9998363874345549 0
1680078130324 0.9995091623036649 0
1680078149210 1.0 0
1680078167716 0.9998363874345549 0
1680078186190 1.0 0
1680078223358 0.8039921465968587 0
1680078242464 0.9896924083769634 0
1680078261501 0.9968913612565445 0
1680078280193 0.9985274869109948 0
1680078299461 0.99967277486911 0
1680078318363 0.9995091623036649 0
1680078337199 0.9995091623036649 0
1680078356199 0.99967277486911 0
1680078375121 1.0 0
1680078394219 0.99967277486911 0
1680078432637 0.7486910994764397 0
1680078451451 0.96842277486911 0
1680078470797 0.993946335078534 0
1680078490134 0.9973821989528796 0
1680078509322 0.9990183246073299 0
1680078528604 0.9993455497382199 0
1680078547561 0.99967277486911 0
1680078566632 0.9995091623036649 0
1680078585693 1.0 0
1680078604893 1.0 0
1680078643723 0.8167539267015707 0
1680078662909 0.987892670157068 0
1680078682235 0.9978730366492147 0
1680078701672 0.9988547120418848 0
1680078720955 0.9991819371727748 0
1680078740223 0.99967277486911 0
1680078759791 0.9993455497382199 0
1680078779269 0.9991819371727748 0
1680078798551 0.9998363874345549 0
1680078818059 0.9998363874345549 0
1680078857537 0.7002617801047121 0
1680078876893 0.9520615183246073 0
1680078896861 0.9919829842931938 0
1680078916470 0.9972185863874345 0
1680078935883 0.9990183246073299 0
1680078955397 0.9995091623036649 0
1680078974964 0.9980366492146597 0
1680078994367 0.99967277486911 0
1680079013764 0.9988547120418848 0
1680079033323 0.9985274869109948 0
1680079073782 0.8092277486910995 0
1680079093637 0.9905104712041884 0
1680079113679 0.9970549738219895 0
1680079133722 0.9983638743455497 0
1680079153569 0.9995091623036649 0
1680079173327 0.99967277486911 0
1680079193508 0.9995091623036649 0
1680079213453 0.9998363874345549 0
1680079233389 1.0 0
1680079253368 1.0 0
1680079294208 0.6855366492146597 0
1680079314275 0.9415903141361257 0
1680079334327 0.987892670157068 0
1680079354639 0.9972185863874345 0
1680079374632 0.9995091623036649 0
1680079394716 0.9995091623036649 0
1680079414970 0.9982002617801047 0
1680079435231 0.9991819371727748 0
1680079455696 0.9991819371727748 0
1680079476097 0.9998363874345549 0
1680079516204 0.7920484293193717 0
1680079535114 0.9834751308900523 0
1680079554190 0.9952552356020943 0
1680079573125 0.9991819371727748 0
1680079592283 0.9982002617801047 0
1680079611372 0.9986910994764397 0
1680079629933 0.9986910994764397 0
1680079648836 0.99967277486911 0
1680079668003 0.9995091623036649 0
1680079686872 1.0 0
1680079728216 0.7392015706806283 0
1680079747327 0.9554973821989529 0
1680079766635 0.9887107329842932 0
1680079786052 0.9967277486910995 0
1680079805439 0.9990183246073299 0
1680079824812 0.9993455497382199 0
1680079844412 0.9995091623036649 0
1680079863932 0.99967277486911 0
1680079883352 1.0 0
1680079902021 0.9998363874345549 0
1680079944187 0.7779777486910995 0
1680079963594 0.9788939790575916 0
1680079983040 0.9944371727748691 0
1680080002581 0.9977094240837696 0
1680080021837 0.9986910994764397 0
1680080041749 0.9993455497382199 0
1680080061215 0.9993455497382199 0
1680080080436 0.9998363874345549 0
1680080098326 0.9995091623036649 0
1680080117929 1.0 0
1680080161175 0.7056609947643979 0
1680080181174 0.9486256544502618 0
1680080200569 0.987401832460733 0
1680080220118 0.9964005235602095 0
1680080239775 0.9978730366492147 0
1680080259871 0.9985274869109948 0
1680080279661 0.9990183246073299 0
1680080299645 0.99967277486911 0
1680080319421 0.9990183246073299 0
1680080339076 0.9991819371727748 0
1680080383107 0.755726439790576 0
1680080403278 0.9823298429319371 0
1680080423571 0.9955824607329843 0
1680080443921 0.9988547120418848 0
1680080464254 0.9991819371727748 0
1680080484502 0.9993455497382199 0
1680080505073 1.0 0
1680080525647 1.0 0
1680080546131 0.9993455497382199 0
1680080566165 0.9998363874345549 0
1680080610724 0.6645942408376964 0
1680080630969 0.9303010471204188 0
1680080651272 0.9834751308900523 0
1680080671303 0.9954188481675392 0
1680080692008 0.9991819371727748 0
1680080712446 0.9990183246073299 0
1680080732767 0.9990183246073299 0
1680080753469 0.99967277486911 0
1680080773800 0.9995091623036649 0
1680080794203 0.9995091623036649 0
1680080839866 0.75 0
1680080860488 0.9788939790575916 0
1680080881418 0.9955824607329843 0
1680080902014 0.9972185863874345 0
1680080922285 0.9991819371727748 0
1680080943032 0.9993455497382199 0
1680080963636 0.9993455497382199 0
1680080984561 0.99967277486911 0
1680081005535 0.9998363874345549 0
1680081026141 1.0 0
1680081071936 0.737892670157068 0
1680081092943 0.9586060209424084 0
1680081113748 0.9950916230366492 0
1680081134459 0.9962369109947644 0
1680081155155 0.9968913612565445 0
1680081176286 0.9991819371727748 0
1680081197402 0.9991819371727748 0
1680081218601 0.9991819371727748 0
1680081239689 0.9995091623036649 0
1680081260752 0.9998363874345549 0
1680081308367 0.6909358638743456 0
1680081330005 0.9448625654450262 0
1680081350965 0.9883835078534031 0
1680081372339 0.9975458115183246 0
1680081393747 0.9990183246073299 0
1680081415039 0.9991819371727748 0
1680081436735 0.9985274869109948 0
1680081457921 0.9990183246073299 0
1680081479082 0.99967277486911 0
1680081500193 0.9998363874345549 0
