1680076325471 0.06962936685122328 0
1680076443238 0.013733251115989546 0
1680076560625 0.008489717023338925 0
1680076678698 0.006005462489258652 0
1680076795792 0.00380561415953319 0
1680076913394 0.0032282560300054726 0
1680077030489 0.0028922002064240677 0
1680077148494 0.0018123324040797031 0
1680077265693 0.0022545980969750834 0
1680077383436 0.0016760045944638445 0
1680077420594 0.38592848452953965 0
1680077438135 0.01224933043323428 0
1680077455974 0.004338720607990643 0
1680077473906 0.0033069577115936526 0
1680077491809 0.002128206134629948 0
1680077509823 0.002057570111401457 0
1680077527890 0.0015594860272486913 0
1680077545731 0.0011997531212809014 0
1680077563432 0.0008384603861486539 0
1680077581273 0.000760415216501929 0
1680077616593 0.6197622615200374 0
1680077634481 0.030490118249548667 0
1680077653020 0.00880449558900796 0
1680077671097 0.005855196023040515 0
1680077689051 0.0030732001565001825 0
1680077707200 0.00241181750340553 0
1680077725282 0.002344040898529993 0
1680077743131 0.0014674508803510667 0
1680077761238 0.0015856905515623859 0
1680077779420 0.001478862303022066 0
1680077815257 0.678882147414678 0
1680077833715 0.06862918138308986 0
1680077852130 0.02264594139423982 0
1680077870828 0.010089226957551978 0
1680077889495 0.006640202140146672 0
1680077907816 0.004044591388403053 0
1680077925918 0.0028829844068145836 0
1680077944419 0.005223555009932799 0
1680077963141 0.002940891916800841 0
1680077981644 0.00226278959438863 0
1680078018326 0.8189695627277435 0
1680078036988 0.04626022323146853 0
1680078055649 0.014694346633681257 0
1680078074373 0.011578252651796954 0
1680078092975 0.0062696493732991646 0
1680078111818 0.004362177676691903 0
1680078130342 0.004447358795405117 0
1680078149229 0.002507483002763846 0
1680078167724 0.002406253125375327 0
1680078186203 0.0017498167801870239 0
1680078223378 0.8110243325653188 0
1680078242483 0.0446227317656444 0
1680078261512 0.020199625909508873 0
1680078280206 0.008614721157312568 0
1680078299473 0.0053999697011212835 0
1680078318382 0.0046543340833799145 0
1680078337212 0.004603357516754545 0
1680078356211 0.0028359760354755748 0
1680078375140 0.0024951689824655758 0
1680078394234 0.002489021001703652 0
1680078432649 1.0242568508804781 0
1680078451471 0.1190704649109491 0
1680078470809 0.03285374014067868 0
1680078490145 0.017014330745484505 0
1680078509334 0.01055143414953899 0
1680078528624 0.005457721118655553 0
1680078547570 0.0043950980719354455 0
1680078566644 0.004603257905618722 0
1680078585705 0.003047002043790813 0
1680078604905 0.0025799228382816157 0
1680078643735 0.8142978870821873 0
1680078662914 0.05484535371036273 0
1680078682250 0.01798834686572249 0
1680078701684 0.010078784528783283 0
1680078720975 0.008875473550550093 0
1680078740242 0.0046544772260749216 0
1680078759799 0.005450077312852192 0
1680078779285 0.0053100989568010655 0
1680078798573 0.0038607354296910142 0
1680078818072 0.003351253715035364 0
1680078857549 1.2392761012958606 0
1680078876905 0.17331566959034397 0
1680078896880 0.04903757643364175 0
1680078916482 0.02288072392788194 0
1680078935903 0.013507390288753113 0
1680078955409 0.010141057762285665 0
1680078974982 0.010253761517413019 0
1680078994385 0.006142267825372068 0
1680079013776 0.006561902459864432 0
1680079033336 0.009698875585183286 0
1680079073793 0.9089113055528458 0
1680079093645 0.052607177570218426 0
1680079113691 0.0197892756078207 0
1680079133734 0.012103087708222344 0
1680079153581 0.006866886678178604 0
1680079173340 0.00569515803332699 0
1680079193520 0.004472307529128571 0
1680079213469 0.00433034438677059 0
1680079233411 0.0025210107775119803 0
1680079253388 0.0030127859639957136 0
1680079294230 1.2422287500809626 0
1680079314295 0.1972935424035132 0
1680079334349 0.05825771274123126 0
1680079354662 0.023551279932494562 0
1680079374655 0.01171937109037005 0
1680079394729 0.009892423756674167 0
1680079414983 0.010639610014616935 0
1680079435246 0.007904295746788031 0
1680079455716 0.006981175949953068 0
1680079476108 0.005432548477126685 0
1680079516220 0.9135385923165613 0
1680079535127 0.07246774549386342 0
1680079554201 0.0276187854003483 0
1680079573136 0.01113166397252164 0
1680079592295 0.012264382764294802 0
1680079611386 0.008651479977824242 0
1680079629953 0.008427471439329742 0
1680079648852 0.0052714513059210575 0
1680079668015 0.0049342191339280285 0
1680079686889 0.0030513283685678666 0
1680079728237 1.1229599605446086 0
1680079747350 0.15531196380863016 0
1680079766654 0.053302309929310336 0
1680079786067 0.022787568659194946 0
1680079805454 0.014272997490403424 0
1680079824829 0.009878769282895232 0
1680079844424 0.007526474483420887 0
1680079863946 0.005844923997046767 0
1680079883364 0.003884596010659095 0
1680079902039 0.004164513361887733 0
1680079944202 0.9903486123337796 0
1680079963611 0.08211131965380689 0
1680079983057 0.03408390779477295 0
1680080002599 0.016235310264316957 0
1680080021849 0.01021249713595586 0
1680080041757 0.008390763580996581 0
1680080061229 0.007345270708322779 0
1680080080450 0.006610138440219422 0
1680080098339 0.004969747748325886 0
1680080117944 0.0035180629937146446 0
1680080161188 1.1762461184051025 0
1680080181194 0.17664668596890895 0
1680080200582 0.05531973432730006 0
1680080220132 0.023478084914288752 0
1680080239788 0.016992482045270426 0
1680080259884 0.011617987483120597 0
1680080279674 0.009394681778448726 0
1680080299661 0.006464630935562979 0
1680080319441 0.007037009642500898 0
1680080339088 0.0068344588280857795 0
1680080383129 1.0680195487528572 0
1680080403286 0.07422691159418428 0
1680080423582 0.026781132047342535 0
1680080443940 0.012437406751809944 0
1680080464267 0.00930709581266289 0
1680080484514 0.007723715864560757 0
1680080505095 0.005047337149016325 0
1680080525661 0.005072216016632939 0
1680080546142 0.005500416931176939 0
1680080566177 0.002964517796480375 0
1680080610748 1.3715909650812599 0
1680080630986 0.24241902097981638 0
1680080651286 0.07618773524303243 0
1680080671314 0.031795986781764714 0
1680080692017 0.01493837998592397 0
1680080712468 0.01073592689975667 0
1680080732780 0.009014239029456613 0
1680080753493 0.006537614170222967 0
1680080773813 0.005995989904838921 0
1680080794217 0.004958177278249851 0
1680080839885 1.1336268623851982 0
1680080860500 0.08824620780130331 0
1680080881442 0.030100591453913774 0
1680080902024 0.018067375330147163 0
1680080922298 0.01089095751540394 0
1680080943044 0.009210994100522406 0
1680080963648 0.007284747790764647 0
1680080984579 0.007527958610246241 0
1680081005549 0.004262106415708379 0
1680081026152 0.003021353364468635 0
1680081071949 1.094384266209852 0
1680081092955 0.148942333270664 0
1680081113760 0.03896049445699803 0
1680081134483 0.022840961122748818 0
1680081155171 0.019001940336609895 0
1680081176308 0.010267525504182303 0
1680081197415 0.007371551195995795 0
1680081218616 0.0071341964344284374 0
1680081239703 0.006340042488035107 0
1680081260773 0.004742129423950569 0
1680081308379 1.318677680576659 0
1680081330024 0.19622132626815617 0
1680081350980 0.062144167443337554 0
1680081372351 0.023522608425877792 0
1680081393760 0.013683002567679393 0
1680081415050 0.010324665912700067 0
1680081436751 0.009200599616276423 0
1680081457944 0.009727136632403193 0
1680081479098 0.00615750433522379 0
1680081500205 0.004328979250879871 0
