1680183696051 0.9959096858638743 0
1680183709522 1.0 0
1680183722971 1.0 0
1680183736416 1.0 0
1680183749866 1.0 0
1680183763778 0.9987729057591623 0
1680183777315 1.0 0
1680183790850 1.0 0
1680183804299 1.0 0
1680183817390 1.0 0
1680183832993 0.9989322323462415 0
1680183848102 1.0 0
1680183863608 1.0 0
1680183878481 1.0 0
1680183894006 1.0 0
1680183909417 1.0 0
1680183924770 1.0 0
1680183939879 1.0 0
1680183954992 1.0 0
1680183970195 1.0 0
1680183985805 0.999566974595843 0
1680184000644 1.0 0
1680184015806 1.0 0
1680184030664 1.0 0
1680184046001 1.0 0
1680184061034 1.0 0
1680184075969 1.0 0
1680184091074 1.0 0
1680184106362 1.0 0
1680184121592 1.0 0
1680184137474 0.9992664319248826 0
1680184152240 1.0 0
1680184167044 1.0 0
1680184181589 1.0 0
1680184196646 1.0 0
1680184211580 1.0 0
1680184226451 1.0 0
1680184241732 1.0 0
1680184256631 1.0 0
1680184271322 1.0 0
1680184285937 0.9997486595174263 0
1680184299157 1.0 0
1680184312415 1.0 0
1680184325757 1.0 0
1680184338909 1.0 0
1680184351644 1.0 0
1680184365272 1.0 0
1680184378409 1.0 0
1680184391343 1.0 0
1680184404448 1.0 0
1680184424423 0.9826582867783985 0
1680184442582 0.9955190875232774 0
1680184461308 0.9970903165735568 0
1680184479287 0.9975558659217877 0
1680184497750 0.9981959962756052 0
1680184515693 0.9988361266294227 0
1680184533824 0.9986615456238361 0
1680184552135 0.9980796089385475 0
1680184570472 0.9980796089385475 0
1680184589114 0.9984869646182495 0
1680184603892 0.9976032448377581 0
1680184616345 0.9992625368731564 0
1680184628509 0.9997234513274337 0
1680184640404 1.0 0
1680184652697 1.0 0
1680184664904 1.0 0
1680184676966 1.0 0
1680184689182 1.0 0
1680184701009 1.0 0
1680184713332 1.0 0
1680184721791 0.9814712389380531 0
1680184727248 0.9952986725663717 0
1680184732677 0.9961283185840708 0
1680184738074 0.9983407079646017 0
1680184743307 0.9980641592920354 0
1680184748644 0.9988938053097345 0
1680184753909 0.9994469026548672 0
1680184759569 0.9997234513274337 0
1680184764866 1.0 0
1680184770388 1.0 0
1680184787745 0.9926378446115288 0
1680184801625 0.9954573934837093 0
1680184815468 0.9986685463659147 0
1680184829340 0.9984335839598998 0
1680184843633 0.9978853383458647 0
1680184857571 0.999608395989975 0
1680184871706 1.0 0
1680184885640 0.999921679197995 0
1680184899897 1.0 0
1680184914091 1.0 0
1680184923113 0.9644495412844036 0
1680184928280 0.9997133027522935 0
1680184933658 0.9994266055045872 0
1680184938847 0.9997133027522935 0
1680184943892 0.9954128440366973 0
1680184949095 0.9991399082568807 0
1680184954310 0.9962729357798165 0
1680184959737 0.9985665137614679 0
1680184964819 1.0 0
1680184970131 1.0 0
1680184979053 0.9879807692307693 0
1680184984284 0.9969951923076923 0
1680184989432 0.9981971153846154 0
1680184994546 0.9993990384615384 0
1680184999544 0.9981971153846154 0
1680185004530 1.0 0
1680185009650 0.9993990384615384 0
1680185014451 0.9993990384615384 0
1680185019492 1.0 0
1680185024616 1.0 0
1680185034213 0.9669471153846154 0
1680185039228 0.9867788461538461 0
1680185044223 0.9945913461538461 0
1680185049290 0.9945913461538461 0
1680185054401 0.9975961538461539 0
1680185059247 1.0 0
1680185064290 0.9996995192307693 0
1680185069380 0.9984975961538461 0
1680185074488 0.9993990384615384 0
1680185079521 1.0 0
1680185088999 0.9942908653846154 0
1680185093962 1.0 0
1680185099028 1.0 0
1680185104094 1.0 0
1680185109440 1.0 0
1680185114517 1.0 0
1680185119752 1.0 0
1680185125008 1.0 0
1680185130128 1.0 0
1680185135220 1.0 0
