1680183696071 15.292872902999079 0
1680183709537 13.223403605001295 0
1680183722981 13.20900635399994 0
1680183736434 13.199309812000138 0
1680183749885 13.202817223000238 0
1680183763809 13.659869044999141 0
1680183777328 13.279770279999866 0
1680183790868 13.30080559200178 0
1680183804323 13.194551942000544 0
1680183817411 12.830564198999127 0
1680183833015 14.980253891000757 0
1680183848128 14.846503566001047 0
1680183863640 15.251648573999773 0
1680183878511 14.612526283999614 0
1680183894028 15.258325376998982 0
1680183909445 15.152509343999554 0
1680183924789 15.09746153999913 0
1680183939904 14.85361421700145 0
1680183955014 14.859337750998748 0
1680183970214 14.951517790999787 0
1680183985825 14.679405728000347 0
1680184000674 14.581347747998734 0
1680184015823 14.887237839999216 0
1680184030683 14.614137106000271 0
1680184046021 15.090624477999881 0
1680184061053 14.780462155998976 0
1680184075986 14.701089181999123 0
1680184091089 14.851991129000453 0
1680184106385 15.045409332999043 0
1680184121611 14.973577079001188 0
1680184137495 14.689890280000327 0
1680184152263 14.524873719001334 0
1680184167064 14.529097446999003 0
1680184181610 14.294511150001199 0
1680184196669 14.793160356999579 0
1680184211614 14.682455543999822 0
1680184226464 14.613792699999976 0
1680184241750 15.030127411999274 0
1680184256658 14.650672318999568 0
1680184271346 14.41678143199897 0
1680184285954 13.119404449000285 0
1680184299174 12.978022129000237 0
1680184312435 13.011320120000164 0
1680184325776 13.090484256001218 0
1680184338925 12.910026759000175 0
1680184351665 12.442451005999828 0
1680184365292 13.362837997001407 0
1680184378427 12.89034227800039 0
1680184391361 12.695394116999523 0
1680184404462 12.860044671999276 0
1680184424446 18.152659264998874 0
1680184442606 17.892197526000018 0
1680184461328 18.460925301000316 0
1680184479305 17.71436933900077 0
1680184497769 18.1945469350012 0
1680184515723 17.655539211998985 0
1680184533851 17.850524210000003 0
1680184552156 18.03375292599958 0
1680184570502 18.070585121000477 0
1680184589138 18.353846832998897 0
1680184603915 12.275294787999883 0
1680184616368 12.20777660299973 0
1680184628527 11.92494123600045 0
1680184640430 11.660573937000663 0
1680184652715 12.039750473999447 0
1680184664921 11.976302755998404 0
1680184676983 11.826192377000552 0
1680184689209 11.971774915000424 0
1680184701034 11.576672295999742 0
1680184713351 12.077007720999973 0
1680184721810 5.328354216000662 0
1680184727269 5.2208011639995675 0
1680184732709 5.201360043998648 0
1680184738094 5.180904681999891 0
1680184743329 5.033513629001391 0
1680184748670 5.107180771999992 0
1680184753925 5.031437996000022 0
1680184759583 5.417022551999253 0
1680184764883 5.074103095001192 0
1680184770419 5.301317240999197 0
1680184787764 13.970936204999816 0
1680184801650 13.633538920001229 0
1680184815485 13.58805373299947 0
1680184829358 13.621068800999637 0
1680184843662 14.034444999000698 0
1680184857589 13.681330002000323 0
1680184871722 13.884925656999258 0
1680184885658 13.70112387699919 0
1680184899912 14.011645243999737 0
1680184914128 13.946968238000409 0
1680184923148 4.970993453000119 0
1680184928299 4.9320309960003215 0
1680184933676 5.134012738999445 0
1680184938868 4.9679189159996895 0
1680184943910 4.814359456999227 0
1680184949115 4.990843284998846 0
1680184954329 5.001662779000981 0
1680184959758 5.193666393999592 0
1680184964836 4.860839098000724 0
1680184970150 5.089892825999414 0
1680184979072 4.836068057999 0
1680184984309 4.998149533001197 0
1680184989450 4.913900187000763 0
1680184994566 4.905790412998613 0
1680184999565 4.766613744999631 0
1680185004551 4.755280937999487 0
1680185009670 4.8951116660009575 0
1680185014473 4.572282750999875 0
1680185019518 4.821057799999835 0
1680185024637 4.876089227000193 0
1680185034236 4.903636637000091 0
1680185039249 4.798217773999568 0
1680185044245 4.77542430199901 0
1680185049313 4.838641274000111 0
1680185054421 4.87951751699984 0
1680185059267 4.620436854000218 0
1680185064310 4.822622232000867 0
1680185069399 4.885930993999864 0
1680185074519 4.879448567999134 0
1680185079551 4.778328365999187 0
1680185089033 4.955623634999938 0
1680185093987 4.71670318500037 0
1680185099060 4.849036601000989 0
1680185104114 4.837503710999954 0
1680185109463 5.123985457999879 0
1680185114543 4.8417522970012215 0
1680185119782 5.0036136109993095 0
1680185125034 5.020085559999643 0
1680185130160 4.902855966000061 0
1680185135242 4.863816533999852 0
