1679753973359 63.385091944015585 0
1679754036458 62.76941585598979 0
1679754100195 63.414088378078304 0
1679754163342 62.8077481869841 0
1679754227045 63.38652190298308 0
1679754290349 62.97196106798947 0
1679754353661 62.9804312341148 0
1679754416799 62.80399923294317 0
1679754479939 62.805477221962065 0
1679754545068 64.78568720398471 0
1679754604044 38.8492244631052 0
1679754642723 38.45454856904689 0
1679754680609 37.6577356379712 0
1679754718857 38.03665095893666 0
1679754757335 38.26845431502443 0
1679754796175 38.62135749601293 0
1679754834294 37.89385212492198 0
1679754873054 38.53033256705385 0
1679754911470 38.193164746975526 0
1679754949761 38.07599833898712 0
1679755010651 39.38051918405108 0
1679755050431 39.548862271010876 0
1679755089224 38.57087304198649 0
1679755128301 38.85362990095746 0
1679755167864 39.344732461031526 0
1679755206548 38.45856955496129 0
1679755244896 38.128906338941306 0
1679755283900 38.73918042599689 0
1679755322598 38.47529971797485 0
1679755361264 38.44427309604362 0
1679755423054 38.91677650704514 0
1679755461865 38.57826581597328 0
1679755501153 39.06219357205555 0
1679755540038 38.664674720028415 0
1679755580525 40.257655021967366 0
1679755619725 38.975010933936574 0
1679755658456 38.510516999987885 0
1679755698144 39.46203180891462 0
1679755737529 39.14968679996673 0
1679755776587 38.8370911499951 0
1679755838919 37.93479687999934 0
1679755878663 39.5135297550587 0
1679755917521 38.614304980961606 0
1679755957219 39.46288585709408 0
1679755997012 39.547863675048575 0
1679756036429 39.18479353596922 0
1679756076701 40.019920369959436 0
1679756115276 38.35166868602391 0
1679756154225 38.6996389629785 0
1679756193506 39.03937632404268 0
1679756258794 39.11444623791613 0
1679756298492 39.4598975609988 0
1679756339348 40.603582935989834 0
1679756378643 39.04452275193762 0
1679756417859 38.97429251798894 0
1679756457119 39.02355105604511 0
1679756496563 39.201172602013685 0
1679756536312 39.50391911400948 0
1679756575675 39.121239352971315 0
1679756614531 38.618377262027934 0
1679756681108 38.83991237508599 0
1679756721003 39.6530186830787 0
1679756760518 39.236799685051665 0
1679756799945 39.17667266400531 0
1679756838840 38.64012289699167 0
1679756878282 39.197630773996934 0
1679756916822 38.290018195984885 0
1679756956551 39.47533259703778 0
1679756995766 38.953698010067455 0
1679757034787 38.7657541919034 0
1679757103707 39.525256584980525 0
1679757143569 39.614904310088605 0
1679757183254 39.42774009506684 0
1679757222289 38.772493014112115 0
1679757262077 39.549132628017105 0
1679757301124 38.7864703660598 0
1679757340191 38.82574490807019 0
1679757379671 39.240125217009336 0
1679757421930 41.99235053895973 0
1679757460804 38.62442736304365 0
1679757531563 39.66208532999735 0
1679757570935 39.12229335401207 0
1679757610924 39.730656955973245 0
1679757650450 39.260868777986616 0
1679757690554 39.82738361507654 0
1679757730270 39.46617273997981 0
1679757769769 39.22983171406668 0
1679757808988 38.967205533059314 0
1679757848420 39.15270087495446 0
1679757887130 38.443055125069804 0
1679757960518 40.2405493890401 0
1679758000260 39.47648806194775 0
1679758039529 39.00497698702384 0
1679758079227 39.429449027986266 0
1679758119743 40.2428786669625 0
1679758159892 39.870839613024145 0
1679758198798 38.635491419932805 0
1679758237979 38.91934299899731 0
1679758277872 39.62820402800571 0
1679758317945 39.813354135956615 0
1679758392564 39.40659172995947 0
1679758432889 40.055144064011984 0
1679758472060 38.88174544705544 0
1679758511685 39.34462313307449 0
1679758551892 39.92703094903845 0
1679758591027 38.867984108044766 0
1679758630569 39.26992642600089 0
1679758670349 39.51790573797189 0
1679758710412 39.7865309669869 0
1679758750503 39.822491953964345 0
1679758826905 39.5708526710514 0
1679758866149 38.973161895992234 0
1679758905624 39.19031480001286 0
1679758946949 41.01876808598172 0
1679758986943 39.71122312708758 0
1679759026735 39.52395255398005 0
1679759065926 38.92497561802156 0
1679759106617 40.42176473001018 0
1679759146352 39.4668106000172 0
1679759186175 39.564998446032405 0
1679759263834 38.72612938005477 0
1679759303689 39.56156692397781 0
1679759343028 39.05707036703825 0
1679759382576 39.28835780301597 0
1679759423123 40.25365235703066 0
1679759462724 39.33182129310444 0
1679759502067 39.066161782015115 0
1679759541756 39.39158254896756 0
1679759581404 39.362571779987775 0
1679759620943 39.25835447292775 0
1679759701272 39.371022169012576 0
1679759741177 39.61902240710333 0
1679759780397 38.936285159084946 0
1679759820261 39.585338709061034 0
1679759860243 39.68792155897245 0
1679759900711 40.18709957099054 0
1679759939648 38.66694136906881 0
1679759981825 41.90031898103189 0
1679760021332 39.21166585304309 0
1679760060966 39.3465201749932 0
1679760143211 39.22479241003748 0
1679760182894 39.40019304503221 0
1679760222413 39.215727571980096 0
1679760262070 39.362419377081096 0
1679760301411 39.04659797810018 0
1679760342352 40.645461909938604 0
1679760381829 39.19521636294667 0
1679760422179 40.05439314304385 0
1679760461497 39.03133292403072 0
1679760501747 39.95237640896812 0
1679760586574 39.95731970993802 0
1679760626557 39.699010143987834 0
1679760667108 40.24834539403673 0
1679760706366 38.979875413002446 0
1679760746351 39.695539296022616 0
1679760786675 40.03676156990696 0
1679760826283 39.308875590912066 0
1679760866069 39.47883678704966 0
1679760906729 40.358529407996684 0
1679760945985 38.957000299938954 0
1679761032717 39.670630801003426 0
1679761072678 39.65489178104326 0
1679761113105 40.136251759016886 0
1679761152858 39.45989443792496 0
1679761194178 41.02791981003247 0
1679761236270 41.79826505295932 0
1679761275924 39.36895661999006 0
1679761315359 39.1242851089919 0
1679761355480 39.77969946002122 0
1679761395290 39.52359926200006 0
1679761483920 39.06641754298471 0
1679761523447 39.232209980953485 0
1679761563674 39.92085090104956 0
1679761602717 38.74559099506587 0
1679761642464 39.4552368830191 0
1679761682304 39.545164232025854 0
1679761722541 39.93999366997741 0
1679761762702 39.863204807043076 0
1679761802189 39.19015954702627 0
1679761841976 39.4857970160665 0
1679761932292 38.78223544510547 0
1679761972802 40.2149341389304 0
1679762013396 40.29045704007149 0
1679762052825 39.12505922699347 0
1679762092574 39.44833684794139 0
1679762132004 39.12575560598634 0
1679762171926 39.62597663293127 0
1679762211109 38.85333625192288 0
1679762251339 39.934977252967656 0
1679762293374 41.73302073497325 0
1679762386518 39.7452944049146 0
1679762426383 39.560839988989756 0
1679762466193 39.518946124007925 0
1679762505655 39.15382628503721 0
1679762544656 38.67396759602707 0
1679762584377 39.406054260907695 0
1679762624360 39.60842647694517 0
1679762666542 41.87393898400478 0
1679762706246 39.392502011032775 0
1679762745974 39.416683310992084 0
