1679753973349 0.058391139205990844 0
1679754036449 0.01987385507880345 0
1679754100189 0.014789338469315178 0
1679754163334 0.00786253446756504 0
1679754227039 0.00895868089615758 0
1679754290338 0.004373874001712899 0
1679754353652 0.00803199517116172 0
1679754416791 0.003983450132176492 0
1679754479934 0.0056946543443197935 0
1679754545059 0.0031404926291666475 0
1679754604037 0.4431337506550364 0
1679754642717 0.013593288672057679 0
1679754680603 0.010461107717016421 0
1679754718850 0.009774574565089279 0
1679754757329 0.008976118912992388 0
1679754796169 0.005929502465126461 0
1679754834286 0.007702730172777956 0
1679754873046 0.0055566618841358375 0
1679754911461 0.00750257605054087 0
1679754949755 0.004686115406073941 0
1679755010644 0.6427928578887134 0
1679755050423 0.03556563077820465 0
1679755089217 0.020291820517741144 0
1679755128292 0.010868760420833132 0
1679755167859 0.008712384733617 0
1679755206541 0.00593622093385311 0
1679755244891 0.006542672876825418 0
1679755283888 0.009791648996787717 0
1679755322590 0.006693495943878952 0
1679755361257 0.0117951938409582 0
1679755423048 0.9127346183091402 0
1679755461858 0.062128485702420584 0
1679755501144 0.031007213483564555 0
1679755540029 0.024385476177354575 0
1679755580519 0.02184610651818657 0
1679755619720 0.022572815054733655 0
1679755658448 0.010212735306483955 0
1679755698137 0.01215737374101518 0
1679755737522 0.014755700971273473 0
1679755776581 0.00932130030243643 0
1679755838912 0.7504820614442229 0
1679755878653 0.07459437778722496 0
1679755917513 0.039534470956795846 0
1679755957213 0.028717220766365063 0
1679755996999 0.02553121052859933 0
1679756036423 0.018109234274728804 0
1679756076689 0.016887297366345592 0
1679756115269 0.020877753020316595 0
1679756154214 0.015702676709523074 0
1679756193496 0.01749362153097318 0
1679756258787 0.7654759628333151 0
1679756298480 0.07032538375426084 0
1679756339342 0.029098324652703015 0
1679756378631 0.02072556183167617 0
1679756417852 0.027048348155280108 0
1679756457110 0.017714140818158922 0
1679756496556 0.015051397254886979 0
1679756536302 0.023407405990405823 0
1679756575666 0.012724616808818246 0
1679756614521 0.013371360811418709 0
1679756681096 0.9844295418202877 0
1679756720995 0.07480695033464581 0
1679756760509 0.03548532331460155 0
1679756799932 0.02528431056890404 0
1679756838832 0.02274322222985211 0
1679756878273 0.020989461297073284 0
1679756916814 0.014644375216061599 0
1679756956544 0.014883559528745536 0
1679756995759 0.01772712853751873 0
1679757034780 0.018378653448491603 0
1679757103699 1.05739371638 0
1679757143562 0.1029206154254265 0
1679757183247 0.047840480318246406 0
1679757222281 0.04089483855585568 0
1679757262069 0.021098018809710628 0
1679757301117 0.029365400919062087 0
1679757340180 0.03417882036258234 0
1679757379661 0.01518910746533511 0
1679757421915 0.01584579698782327 0
1679757460796 0.017788916964561214 0
1679757531557 1.1579007371366024 0
1679757570926 0.09742022679038345 0
1679757610917 0.04943234713738784 0
1679757650443 0.03628136842853855 0
1679757690542 0.02951935359898489 0
1679757730262 0.02681517379406141 0
1679757769762 0.021975254604255316 0
1679757808980 0.02213016336747678 0
1679757848410 0.01946548537428316 0
1679757887117 0.01688865487096482 0
1679757960511 1.3746177652359008 0
1679758000250 0.1383673026405275 0
1679758039522 0.05481479395963251 0
1679758079217 0.044067859824141485 0
1679758119734 0.0380567863551667 0
1679758159883 0.02731648768738378 0
1679758198786 0.027406523223547266 0
1679758237970 0.026041724596894345 0
1679758277859 0.024274427642731463 0
1679758317938 0.02440942123935092 0
1679758392556 1.4605537759542466 0
1679758432881 0.21895674362778664 0
1679758472047 0.09860993689447642 0
1679758511670 0.066833029644005 0
1679758551885 0.05230314605021849 0
1679758591020 0.04728396504651755 0
1679758630561 0.03163746826327406 0
1679758670341 0.032379278939194046 0
1679758710396 0.03252381789102219 0
1679758750496 0.035470047802233604 0
1679758826896 1.596164082312584 0
1679758866141 0.21235913818776608 0
1679758905609 0.0875452063055709 0
1679758946941 0.060979611183144156 0
1679758986928 0.05484107567137107 0
1679759026727 0.03876438800607575 0
1679759065915 0.04209695415003225 0
1679759106610 0.03517692897156812 0
1679759146342 0.03132324357271427 0
1679759186168 0.030851213646878022 0
1679759263819 1.515376402926445 0
1679759303672 0.2620300445497036 0
1679759343020 0.12569238265156746 0
1679759382569 0.07837417190223932 0
1679759423104 0.057079315743595364 0
1679759462715 0.043750167712848634 0
1679759502052 0.04436496596392244 0
1679759541740 0.036107287526270376 0
1679759581396 0.03589972323148977 0
1679759620930 0.032806680707301715 0
1679759701256 1.5180955618858338 0
1679759741164 0.32522018327713015 0
1679759780386 0.15554642911106348 0
1679759820253 0.08982484392747284 0
1679759860233 0.06956319681964815 0
1679759900697 0.05377330623557791 0
1679759939640 0.045570022689830514 0
1679759981817 0.04028556669931859 0
1679760021320 0.047275157533143645 0
1679760060956 0.030613870054919973 0
1679760143194 1.4935247911930085 0
1679760182882 0.24743797433376313 0
1679760222396 0.10921679342836142 0
1679760262057 0.06566486022807658 0
1679760301398 0.062078586160577834 0
1679760342340 0.04842118129795417 0
1679760381817 0.041327653795899824 0
1679760422166 0.047048302165418866 0
1679760461481 0.02806506484253332 0
1679760501739 0.02897423102844041 0
1679760586565 1.6576951255321504 0
1679760626541 0.3930007154583931 0
1679760667100 0.1818205047696829 0
1679760706358 0.10244701381772757 0
1679760746343 0.0707897099263966 0
1679760786666 0.06364666011687369 0
1679760826274 0.0469074412955204 0
1679760866050 0.05200821097730659 0
1679760906720 0.04582283325828612 0
1679760945969 0.03908716164599173 0
1679761032708 1.7271109659910202 0
1679761072666 0.4124396626472473 0
1679761113089 0.1868700345084071 0
1679761152849 0.10211855353154242 0
1679761194170 0.07445892772395164 0
1679761236262 0.07142375525226817 0
1679761275915 0.06502857111506163 0
1679761315339 0.0489824052025564 0
1679761355458 0.05560044139549136 0
1679761395281 0.05162274529640563 0
1679761483911 1.9684779584884644 0
1679761523432 0.5218792398929596 0
1679761563664 0.22372986420094967 0
1679761602708 0.13032959929183124 0
1679761642454 0.09001490916199982 0
1679761682291 0.07364380215052516 0
1679761722531 0.0707746859529987 0
1679761762691 0.07285592292491347 0
1679761802180 0.05072318819100037 0
1679761841967 0.05146205180333927 0
1679761932282 1.8925245975017548 0
1679761972793 0.5415250298261642 0
1679762013387 0.2559027019202709 0
1679762052816 0.1548835542395711 0
1679762092564 0.110864008628577 0
1679762131994 0.09442655004784464 0
1679762171916 0.0750555330928415 0
1679762211095 0.0702237025436014 0
1679762251330 0.07142620703382417 0
1679762293365 0.06924384792530909 0
1679762386507 2.268550113296509 0
1679762426372 0.8172064254283905 0
1679762466184 0.406995713865757 0
1679762505646 0.22161531081497668 0
1679762544636 0.13732721253335475 0
1679762584366 0.10754916295036673 0
1679762624349 0.09293245744295418 0
1679762666532 0.09109018126428127 0
1679762706236 0.0807127938458696 0
1679762745958 0.06810867368411273 0
