1679453297442 0.5276007972084559 0
1679453301018 0.12874045756000738 0
1679453304586 0.05065736216851152 0
1679453308119 0.02042469375480253 0
1679453311511 0.01068246562499553 0
1679453314962 0.010444757784716785 0
1679453318364 0.0038193567745530834 0
1679453321775 0.0035806157106820207 0
1679453325489 0.0026653050301739803 0
1679453328665 0.0017812506792744477 0
1679453347280 0.763381648220514 0
1679453351513 0.14578862645124135 0
1679453355664 0.05369869756855463 0
1679453359867 0.03648632781359514 0
1679453363978 0.013964091366353003 0
1679453368201 0.009474672847366156 0
1679453372444 0.008252404360590796 0
1679453376787 0.0055951917341812265 0
1679453381313 0.0042676958580973165 0
1679453385541 0.0034710800697977996 0
1679453401896 0.9326987609833102 0
1679453406236 0.21245958957868286 0
1679453410612 0.07176405354108237 0
1679453414982 0.023561979608633852 0
1679453419239 0.03471705689731561 0
1679453423496 0.01828898016740627 0
1679453427805 0.010301009221356126 0
1679453432160 0.007507967585815659 0
1679453436645 0.004034679825859781 0
1679453440914 0.0032501744019468844 0
1679453458053 0.9996713094595002 0
1679453462486 0.22272681581174456 0
1679453466815 0.062302901750294175 0
1679453471263 0.025995021830767212 0
1679453475648 0.013023733294841537 0
1679453480184 0.008176922717233893 0
1679453484624 0.009284483038865757 0
1679453489263 0.0062687509251678954 0
1679453494100 0.0031390179214124546 0
1679453498045 0.0033250581693165457 0
1679453515667 1.0444595387508704 0
1679453520245 0.2347149150662644 0
1679453524789 0.06940650831648083 0
1679453529274 0.030478835955998578 0
1679453533803 0.020254691036656326 0
1679453538388 0.013650508646225168 0
1679453543005 0.009714939094116089 0
1679453547749 0.009560266274114161 0
1679453552352 0.008247219654189985 0
1679453556983 0.0068421630279518406 0
1679453574853 1.0774355878990687 0
1679453579477 0.21870824937405212 0
1679453584599 0.06772522381349896 0
1679453589508 0.025678454982012176 0
1679453594281 0.011255779034154636 0
1679453598948 0.014157656436325626 0
1679453603792 0.008610163158684802 0
1679453608432 0.005153746041992491 0
1679453613451 0.0037241070086575963 0
1679453618165 0.0034456282024784538 0
1679453636202 1.097691504203755 0
1679453641194 0.18391364156875922 0
1679453646053 0.06137098245950335 0
1679453650843 0.023288690186429605 0
1679453655914 0.013734732600151683 0
1679453660869 0.009159105011191137 0
1679453665877 0.007372197412895848 0
1679453670640 0.004018707605807677 0
1679453675488 0.003532213671385999 0
1679453680655 0.004435067613604074 0
1679453699000 1.0615783923616011 0
1679453704174 0.14972853990426907 0
1679453709211 0.05002780775733603 0
1679453714402 0.028321453025758576 0
1679453719657 0.014203249531419715 0
1679453724575 0.007109124623336053 0
1679453729667 0.0055853831448378815 0
1679453734760 0.008608893034761422 0
1679453739819 0.004469159361785084 0
1679453744877 0.003802386436291272 0
1679453763629 1.065536767996923 0
1679453768772 0.1548623630043232 0
1679453774159 0.039244446395473045 0
1679453779513 0.017570271831701952 0
1679453784575 0.010802421768224149 0
1679453789643 0.008410855061186459 0
1679453794856 0.00494735519698059 0
1679453800131 0.004332681892044617 0
1679453805366 0.003251197476838386 0
1679453810646 0.0026419571059346763 0
1679453830049 1.0450233925206989 0
1679453835554 0.13792698282529325 0
1679453841064 0.0385432571273151 0
1679453846423 0.01548989776832362 0
1679453851700 0.01761756754279429 0
1679453857161 0.00988725177012384 0
1679453862723 0.005198294613008187 0
1679453867828 0.004415139979363291 0
1679453873448 0.0041433869302957595 0
1679453878475 0.00431899855531953 0
1679453897939 1.0316381437437876 0
1679453903301 0.12821415781620002 0
1679453908764 0.03903827989651334 0
1679453914146 0.015898096958352696 0
1679453919516 0.009125684427895716 0
1679453925145 0.008095987634511576 0
1679453930768 0.005336010252081212 0
1679453936284 0.004180468259091001 0
1679453941635 0.003421854860858903 0
1679453947099 0.00397178280095215 0
1679453967511 1.002505332915061 0
1679453972760 0.12008527324560585 0
1679453978596 0.03173424820031185 0
1679453984190 0.012597293524635494 0
1679453989694 0.008211934770278017 0
1679453995201 0.006927073477135134 0
1679454000945 0.003590678401000866 0
1679454006733 0.0031159522552299526 0
1679454012430 0.003033963089740468 0
1679454018023 0.002532424657005355 0
1679454039044 1.0140948312889253 0
1679454044490 0.11926912945429129 0
1679454050431 0.0378759313773896 0
1679454055428 0.0180264484079089 0
1679454061372 0.01324157666697699 0
1679454067096 0.008578775614296319 0
1679454073057 0.004952759602539507 0
1679454078904 0.0035148163125476068 0
1679454084578 0.002446575244903215 0
1679454090558 0.0025752865349204512 0
1679454111707 0.9478792316239814 0
1679454117535 0.09646092651654845 0
1679454123277 0.035941109243456434 0
1679454129368 0.021997945618046365 0
1679454135398 0.00923643866452672 0
1679454141366 0.005703682369431076 0
1679454147492 0.0043870335910469295 0
1679454152512 0.0032614455588728837 0
1679454158493 0.003673514582560924 0
1679454164419 0.004339775348932523 0
1679454186011 0.9439610215295263 0
1679454192206 0.10578696663734041 0
1679454198379 0.03200393096160363 0
1679454204359 0.01598845559422772 0
1679454210698 0.010688980500323369 0
1679454216893 0.0056686604570620885 0
1679454222940 0.00453517384858442 0
1679454229023 0.002878510670300119 0
1679454235321 0.0037143141223986422 0
1679454241449 0.002196808934295863 0
1679454261975 0.886376793267297 0
1679454268291 0.08464662034492024 0
1679454274649 0.025999405209478906 0
1679454280962 0.01324836752324014 0
1679454287147 0.006851193024662369 0
1679454293623 0.004498505517821301 0
1679454299946 0.005180361703110737 0
1679454306185 0.0043390929464205 0
1679454312409 0.002229135233496667 0
1679454318563 0.002252463381365323 0
1679454341187 0.8731030698418617 0
1679454346050 0.10438622614741325 0
1679454352597 0.03305246195010841 0
1679454358626 0.020495763977989554 0
1679454365103 0.008356585677713156 0
1679454371467 0.007230766851454973 0
1679454377898 0.0037628659568727015 0
1679454384263 0.0037241043876856564 0
1679454390835 0.002856394623639062 0
1679454397045 0.006266392314806581 0
1679454419872 0.881276034107504 0
1679454426423 0.10306642012482928 0
1679454433058 0.028441726325743998 0
1679454439603 0.013391448841827322 0
1679454446706 0.009067248062107914 0
1679454452976 0.0053520266358314675 0
1679454459324 0.0034561841473409313 0
1679454466119 0.0026401282861637488 0
1679454472837 0.002287536663681904 0
1679454479279 0.0021025312218640015 0
1679454502851 0.8569605000715219 0
1679454509670 0.08568458938757882 0
1679454516351 0.0257877356209259 0
1679454523171 0.018074848365664253 0
1679454529774 0.007499075909713923 0
1679454536398 0.007824922888717464 0
1679454543373 0.004294005800696189 0
1679454550260 0.003137511014582888 0
1679454557037 0.0025595534365812586 0
1679454563719 0.002298158485502829 0
1679454588231 0.8466367776456633 0
1679454594910 0.07565240001067855 0
1679454601488 0.03040064780279658 0
1679454608184 0.014230661415424953 0
1679454614796 0.007128679792263678 0
1679454621461 0.006131059619689122 0
1679454628161 0.003492857397821053 0
1679454634410 0.003023501826516752 0
1679454641444 0.0022070536679234636 0
1679454648167 0.0019745216965307726 0
