1679453297447 3.577824849053286 0
1679453301028 3.3660835470072925 0
1679453304592 3.3994969750056043 0
1679453308124 3.368385205976665 0
1679453311518 3.236113934079185 0
1679453314969 3.2859676140360534 0
1679453318370 3.230647549033165 0
1679453321782 3.23740263201762 0
1679453325498 3.5417338450206444 0
1679453328674 3.005496797966771 0
1679453347289 4.045270942966454 0
1679453351518 4.026141759008169 0
1679453355671 3.944818484946154 0
1679453359873 3.9984688489930704 0
1679453363986 3.9089573700912297 0
1679453368213 3.991310777957551 0
1679453372450 4.040803747018799 0
1679453376793 4.132958970032632 0
1679453381319 4.313595816027373 0
1679453385548 3.9968133389484137 0
1679453401903 3.663248582975939 0
1679453406242 4.113148401957005 0
1679453410619 4.160440320032649 0
1679453414991 4.121433980995789 0
1679453419247 4.036183222895488 0
1679453423503 4.042041657026857 0
1679453427813 4.089101865072735 0
1679453432171 4.134114721091464 0
1679453436653 4.273672419018112 0
1679453440921 4.044088319060393 0
1679453458058 4.240431998041458 0
1679453462493 4.185946207959205 0
1679453466821 4.105651110992767 0
1679453471269 4.218486348981969 0
1679453475657 4.136487468960695 0
1679453480192 4.29641565901693 0
1679453484633 4.206624312908389 0
1679453489269 4.394536218023859 0
1679453494107 4.606473708990961 0
1679453498052 3.7229703170014545 0
1679453515674 4.321616032044403 0
1679453520252 4.340682092006318 0
1679453524797 4.315410002949648 0
1679453529280 4.236036058049649 0
1679453533811 4.29666090302635 0
1679453538395 4.347457226016559 0
1679453543011 4.373376347939484 0
1679453547755 4.499373237020336 0
1679453552360 4.366161671001464 0
1679453556992 4.391927402000874 0
1679453574863 4.471097784000449 0
1679453579484 4.306299555930309 0
1679453584608 4.833628914901055 0
1679453589515 4.664780803024769 0
1679453594287 4.521386515931226 0
1679453598956 4.422325566993095 0
1679453603797 4.572067867033184 0
1679453608444 4.38597572199069 0
1679453613461 4.7321522230049595 0
1679453618179 4.4483481460483745 0
1679453636208 4.545687097939663 0
1679453641202 4.716394416056573 0
1679453646059 4.606718888040632 0
1679453650853 4.519586944021285 0
1679453655920 4.800958032021299 0
1679453660878 4.6922259299317375 0
1679453665885 4.733721285010688 0
1679453670647 4.494572838069871 0
1679453675495 4.53096382599324 0
1679453680663 4.87229143793229 0
1679453699008 4.679157661041245 0
1679453704181 4.8965945459203795 0
1679453709224 4.76944982400164 0
1679453714409 4.900592411053367 0
1679453719664 4.934044086956419 0
1679453724583 4.644056829973124 0
1679453729674 4.793641216936521 0
1679453734771 4.81179798708763 0
1679453739829 4.784039961989038 0
1679453744882 4.788396412041038 0
1679453763637 4.867507510003634 0
1679453768778 4.8479339990299195 0
1679453774167 5.099355770042166 0
1679453779519 5.071633537998423 0
1679453784585 4.776941310032271 0
1679453789649 4.763809381984174 0
1679453794862 4.936790744075552 0
1679453800139 4.9870709389215335 0
1679453805374 4.940136034972966 0
1679453810651 4.98984842794016 0
1679453830059 5.104507481912151 0
1679453835562 5.178504547919147 0
1679453841073 5.196212911978364 0
1679453846433 5.05551822099369 0
1679453851707 4.977755889995024 0
1679453857170 5.152993150986731 0
1679453862729 5.255495197954588 0
1679453867837 4.798899443936534 0
1679453873454 5.308706728974357 0
1679453878483 4.703213887987658 0
1679453897948 5.046899497043341 0
1679453903312 5.028155880980194 0
1679453908772 5.122821272932924 0
1679453914153 5.0655525010079145 0
1679453919523 5.056208770023659 0
1679453925155 5.312792873010039 0
1679453930774 5.315389876021072 0
1679453936297 5.216463415999897 0
1679453941642 5.031999966013245 0
1679453947111 5.156239697011188 0
1679453967526 5.391000457922928 0
1679453972769 4.927746971952729 0
1679453978606 5.4957870949292555 0
1679453984198 5.25300184590742 0
1679453989702 5.165979929966852 0
1679453995211 5.186106497072615 0
1679454000952 5.4059776910580695 0
1679454006741 5.444680027896538 0
1679454012440 5.3630778880324215 0
1679454018030 5.265305901062675 0
1679454039058 5.513241821085103 0
1679454044502 5.1096475690137595 0
1679454050439 5.5986840759869665 0
1679454055439 4.606385967927054 0
1679454061379 5.5841873430181295 0
1679454067107 5.330303429975174 0
1679454073064 5.626817121985368 0
1679454078911 5.495953210978769 0
1679454084588 5.357121039996855 0
1679454090567 5.641827234998345 0
1679454111718 5.701599880005233 0
1679454117542 5.484334139036946 0
1679454123285 5.398033207980916 0
1679454129386 5.7492363300407305 0
1679454135413 5.657560497988015 0
1679454141379 5.604729782906361 0
1679454147501 5.767424653982744 0
1679454152519 4.629820291069336 0
1679454158500 5.617914380971342 0
1679454164426 5.550752056064084 0
1679454186019 5.798176457057707 0
1679454192217 5.834785760962404 0
1679454198390 5.810137772001326 0
1679454204366 5.625705713056959 0
1679454210712 5.978169447043911 0
1679454216907 5.831481002969667 0
1679454222955 5.701141469064169 0
1679454229042 5.71143356198445 0
1679454235328 5.936738155898638 0
1679454241457 5.792456030030735 0
1679454261983 5.5213612630032 0
1679454268305 5.947722768993117 0
1679454274658 5.971293215989135 0
1679454280970 5.935135333100334 0
1679454287168 5.808061802061275 0
1679454293633 6.101951229968108 0
1679454299958 5.951978258090094 0
1679454306193 5.855967380921356 0
1679454312420 5.850546242087148 0
1679454318574 5.777204824029468 0
1679454341195 5.844045198056847 0
1679454346059 4.482404505019076 0
1679454352608 6.143504433101043 0
1679454358634 5.639046801021323 0
1679454365111 6.099669630988501 0
1679454371482 5.9753453290322796 0
1679454377905 6.0418384849326685 0
1679454384271 5.9773378079989925 0
1679454390844 6.179054531035945 0
1679454397052 5.83723770303186 0
1679454419887 6.111357709974982 0
1679454426443 6.146206731908023 0
1679454433066 6.238729613949545 0
1679454439615 6.0763419539434835 0
1679454446714 6.715838141972199 0
1679454452989 5.82088413904421 0
1679454459345 5.955794195993803 0
1679454466135 6.380373310064897 0
1679454472850 6.300460177008063 0
1679454479287 6.046328114927746 0
1679454502863 6.360406388062984 0
1679454509678 6.397214552038349 0
1679454516360 6.281668256036937 0
1679454523180 6.398911322001368 0
1679454529782 6.204103755066171 0
1679454536410 6.159364464925602 0
1679454543381 6.533329908968881 0
1679454550281 6.429889417020604 0
1679454557046 6.357078687986359 0
1679454563736 6.273087019100785 0
1679454588245 6.4499924971023574 0
1679454594925 6.255871296976693 0
1679454601504 6.135430100024678 0
1679454608192 6.2672321369173005 0
1679454614804 6.206401224015281 0
1679454621471 6.230272918008268 0
1679454628171 6.269135440932587 0
1679454634423 5.775519491988234 0
1679454641452 6.579319203970954 0
1679454648175 6.227558245067485 0
