1679453297432 0.8600961538461539 0
1679453301005 0.9677884615384615 0
1679453304575 0.9870192307692308 0
1679453308109 0.9966346153846154 0
1679453311499 0.9995192307692308 0
1679453314950 0.9980769230769231 0
1679453318352 1.0 0
1679453321763 1.0 0
1679453325477 1.0 0
1679453328653 1.0 0
1679453347269 0.7767269736842105 0
1679453351503 0.9642269736842105 0
1679453355653 0.9876644736842105 0
1679453359855 0.9938322368421053 0
1679453363967 0.9975328947368421 0
1679453368189 0.9991776315789473 0
1679453372434 0.998766447368421 0
1679453376775 0.9995888157894737 0
1679453381302 0.9995888157894737 0
1679453385529 1.0 0
1679453401884 0.711629746835443 0
1679453406229 0.9442246835443038 0
1679453410600 0.9881329113924051 0
1679453414970 0.9984177215189873 0
1679453419228 0.9936708860759493 0
1679453423484 0.9972310126582279 0
1679453427793 0.9992088607594937 0
1679453432147 0.9996044303797469 0
1679453436634 1.0 0
1679453440901 1.0 0
1679453458042 0.6920731707317073 0
1679453462478 0.9409298780487805 0
1679453466803 0.9935213414634146 0
1679453471252 0.9973323170731707 0
1679453475635 0.9992378048780488 0
1679453480173 0.9996189024390244 0
1679453484612 0.9984756097560976 0
1679453489251 0.9996189024390244 0
1679453494088 1.0 0
1679453498033 0.9996189024390244 0
1679453515655 0.6711482558139535 0
1679453520237 0.9444040697674418 0
1679453524777 0.9883720930232558 0
1679453529263 0.9967296511627907 0
1679453533792 0.9974563953488372 0
1679453538376 0.9981831395348837 0
1679453542999 0.9996366279069767 0
1679453547737 0.9981831395348837 0
1679453552339 0.9989098837209303 0
1679453556971 0.998546511627907 0
1679453574838 0.6530898876404494 0
1679453579470 0.9483848314606742 0
1679453584584 0.9873595505617978 0
1679453589497 0.9961376404494382 0
1679453594270 0.9996488764044944 0
1679453598937 0.9982443820224719 0
1679453603783 0.9992977528089888 0
1679453608419 0.9996488764044944 0
1679453613438 1.0 0
1679453618153 0.9996488764044944 0
1679453636188 0.6487771739130435 0
1679453641186 0.9626358695652174 0
1679453646043 0.9874320652173914 0
1679453650832 0.9972826086956522 0
1679453655903 0.9976222826086957 0
1679453660854 0.9989809782608695 0
1679453665864 0.9989809782608695 0
1679453670628 1.0 0
1679453675480 0.9996603260869565 0
1679453680644 0.9993206521739131 0
1679453698988 0.6650390625 0
1679453704162 0.9716796875 0
1679453709196 0.9905598958333334 0
1679453714392 0.9944661458333334 0
1679453719646 0.9977213541666666 0
1679453724563 1.0 0
1679453729659 0.9996744791666666 0
1679453734746 0.9977213541666666 0
1679453739812 0.9996744791666666 0
1679453744870 0.9993489583333334 0
1679453763616 0.66635101010101 0
1679453768764 0.9655934343434344 0
1679453774145 0.9933712121212122 0
1679453779505 0.9977904040404041 0
1679453784562 0.9984217171717171 0
1679453789634 0.9993686868686869 0
1679453794850 0.9996843434343434 0
1679453800119 1.0 0
1679453805358 0.9996843434343434 0
1679453810639 1.0 0
1679453830037 0.6721813725490197 0
1679453835541 0.9666053921568627 0
1679453841050 0.9926470588235294 0
1679453846405 0.9984681372549019 0
1679453851693 0.9978553921568627 0
1679453857148 0.9990808823529411 0
1679453862715 0.9996936274509803 0
1679453867820 1.0 0
1679453873438 0.9996936274509803 0
1679453878466 0.9990808823529411 0
1679453897925 0.6797619047619048 0
1679453903284 0.9738095238095238 0
1679453908752 0.9919642857142857 0
1679453914136 0.9985119047619048 0
1679453919506 0.9994047619047619 0
1679453925135 0.9985119047619048 0
1679453930760 0.9994047619047619 0
1679453936272 0.9994047619047619 0
1679453941626 0.999702380952381 0
1679453947083 0.9994047619047619 0
1679453967499 0.692947247706422 0
1679453972745 0.9724770642201835 0
1679453978580 0.9956995412844036 0
1679453984179 0.9985665137614679 0
1679453989684 0.9994266055045872 0
1679453995187 0.9994266055045872 0
1679454000936 1.0 0
1679454006722 1.0 0
1679454012416 1.0 0
1679454018014 1.0 0
1679454039033 0.6802455357142857 0
1679454044476 0.9751674107142857 0
1679454050418 0.9930245535714286 0
1679454055416 0.9966517857142857 0
1679454061361 0.9977678571428571 0
1679454067086 0.9991629464285714 0
1679454073046 0.9994419642857143 0
1679454078893 1.0 0
1679454084563 1.0 0
1679454090545 1.0 0
1679454111692 0.7073369565217391 0
1679454117524 0.9804347826086957 0
1679454123265 0.9926630434782608 0
1679454129353 0.9964673913043478 0
1679454135386 0.9991847826086957 0
1679454141355 0.9997282608695652 0
1679454147477 0.9997282608695652 0
1679454152503 1.0 0
1679454158481 0.9997282608695652 0
1679454164409 0.9997282608695652 0
1679454185999 0.6995798319327731 0
1679454192191 0.9766281512605042 0
1679454198362 0.9942226890756303 0
1679454204348 0.9973739495798319 0
1679454210687 0.9992121848739496 0
1679454216881 0.9997373949579832 0
1679454222927 0.9997373949579832 0
1679454229008 1.0 0
1679454235309 0.9997373949579832 0
1679454241438 1.0 0
1679454261964 0.7297643442622951 0
1679454268281 0.9828381147540983 0
1679454274640 0.9959016393442623 0
1679454280951 0.9989754098360656 0
1679454287127 0.9994877049180327 0
1679454293611 0.9997438524590164 0
1679454299936 0.9994877049180327 0
1679454306174 0.9992315573770492 0
1679454312390 1.0 0
1679454318551 1.0 0
1679454341174 0.72525 0
1679454346034 0.975 0
1679454352579 0.9935 0
1679454358614 0.99625 0
1679454365090 0.99925 0
1679454371457 0.9995 0
1679454377886 1.0 0
1679454384250 0.99975 0
1679454390821 0.99975 0
1679454397033 0.99925 0
1679454419860 0.7315891472868217 0
1679454426409 0.9743217054263565 0
1679454433046 0.9951550387596899 0
1679454439591 0.9978197674418605 0
1679454446694 0.999031007751938 0
1679454452964 0.9997577519379846 0
1679454459312 1.0 0
1679454466107 1.0 0
1679454472820 1.0 0
1679454479268 1.0 0
1679454502836 0.7325858778625954 0
1679454509658 0.9813931297709924 0
1679454516339 0.9966603053435115 0
1679454523159 0.9968988549618321 0
1679454529762 0.9995229007633588 0
1679454536374 0.9988072519083969 0
1679454543361 0.9995229007633588 0
1679454550232 1.0 0
1679454557026 1.0 0
1679454563706 0.9997614503816794 0
1679454588219 0.7363721804511278 0
1679454594897 0.9833176691729323 0
1679454601470 0.993421052631579 0
1679454608173 0.9985902255639098 0
1679454614785 0.9992951127819549 0
1679454621443 0.9990601503759399 0
1679454628149 1.0 0
1679454634396 1.0 0
1679454641432 1.0 0
1679454648154 1.0 0
