1679851485291 58.18861113395542 0
1679851543200 57.400619393913075 0
1679851601951 58.2452911590226 0
1679851662635 60.16462054196745 0
1679851720992 57.83282404090278 0
1679851779584 58.08537046308629 0
1679851837672 57.58901978796348 0
1679851895245 57.00130174285732 0
1679851953390 57.620485856896266 0
1679852011514 57.606179541908205 0
1679852034907 7.5518772061914206 0
1679852042535 7.440304586198181 0
1679852050152 7.405235304962844 0
1679852057990 7.6549498869571835 0
1679852065904 7.702051542000845 0
1679852073565 7.452588942134753 0
1679852081130 7.381333010038361 0
1679852088864 7.540585162118077 0
1679852096563 7.480172307929024 0
1679852104214 7.4567926079034805 0
1679852127563 7.665005122078583 0
1679852135304 7.557392094051465 0
1679852143100 7.601616716012359 0
1679852150855 7.5363839589990675 0
1679852158716 7.647640065988526 0
1679852166424 7.515917897922918 0
1679852174165 7.52470778208226 0
1679852181851 7.486958493012935 0
1679852189393 7.3484839119482785 0
1679852197064 7.480853269109502 0
1679852221017 7.625609981128946 0
1679852228745 7.505783471977338 0
1679852236457 7.509876078926027 0
1679852244328 7.658252354012802 0
1679852252043 7.498418484814465 0
1679852259644 7.402486335951835 0
1679852267424 7.581770441029221 0
1679852275074 7.422857743920758 0
1679852282777 7.507977033033967 0
1679852290514 7.539266260806471 0
1679852314817 7.698243401944637 0
1679852322667 7.638805656926706 0
1679852330414 7.548483865801245 0
1679852338117 7.498677373863757 0
1679852345914 7.600390560925007 0
1679852353802 7.66349457600154 0
1679852361613 7.609686431940645 0
1679852369428 7.607321438146755 0
1679852377097 7.4628946671728045 0
1679852384960 7.656008200952783 0
1679852410177 7.729527621995658 0
1679852418127 7.723930204985663 0
1679852425787 7.447944776155055 0
1679852433748 7.74625427601859 0
1679852441500 7.551476597087458 0
1679852449218 7.513549885014072 0
1679852457212 7.762984840897843 0
1679852465013 7.587495957966894 0
1679852472740 7.501524009043351 0
1679852480662 7.718032506061718 0
1679852506447 7.541995198931545 0
1679852514293 7.632639490999281 0
1679852522023 7.511424917029217 0
1679852529787 7.56355253001675 0
1679852537599 7.606290274998173 0
1679852545417 7.6018982760142535 0
1679852553223 7.602793931029737 0
1679852561061 7.627695847069845 0
1679852568967 7.6959545449353755 0
1679852576826 7.645328948041424 0
1679852602566 7.4704983481206 0
1679852610268 7.492503497982398 0
1679852617911 7.43916895496659 0
1679852625880 7.746882062172517 0
1679852633706 7.620983125874773 0
1679852641566 7.659990692976862 0
1679852649472 7.686142748920247 0
1679852657246 7.546194554073736 0
1679852665077 7.622793725924566 0
1679852672886 7.596288362052292 0
1679852699174 7.821214694995433 0
1679852706877 7.4808943348471075 0
1679852714766 7.655706074088812 0
1679852722674 7.692696294980124 0
1679852730511 7.625818401109427 0
1679852738426 7.715796038042754 0
1679852746204 7.563402046915144 0
1679852754170 7.758375720819458 0
1679852762096 7.705712683964521 0
1679852769985 7.661243326961994 0
1679852797685 8.092151124030352 0
1679852805674 7.774239843944088 0
1679852813694 7.777496489929035 0
1679852821619 7.688076577149332 0
1679852829614 7.755247942870483 0
1679852837318 7.466632157098502 0
1679852845149 7.630205122055486 0
1679852853132 7.755394275067374 0
1679852861043 7.688998261000961 0
1679852869044 7.7837070459499955 0
1679852897315 8.060158880194649 0
1679852905327 7.793230589944869 0
1679852913351 7.799455258063972 0
1679852921168 7.577061655931175 0
1679852929095 7.70290260319598 0
1679852937160 7.81470072013326 0
1679852945109 7.72822370682843 0
1679852953359 8.03305055317469 0
1679852961430 7.82668468519114 0
1679852969652 7.9987883439753205 0
1679853007476 7.456972535932437 0
1679853015315 7.620912508806214 0
1679853023253 7.713008856168017 0
1679853031221 7.734714514110237 0
1679853039118 7.676772970939055 0
1679853047093 7.741671697003767 0
1679853055031 7.726650472963229 0
1679853063077 7.823988072806969 0
1679853071135 7.845752524910495 0
1679853079086 7.72891231207177 0
1679853107084 7.805082382168621 0
1679853115152 7.810790739022195 0
1679853123143 7.768533027963713 0
1679853131228 7.850319946883246 0
1679853139541 8.092989898985252 0
1679853147440 7.656368005089462 0
1679853155475 7.796190277906135 0
1679853163544 7.845233814092353 0
1679853171714 7.942137537989765 0
1679853179620 7.682097211945802 0
1679853209793 7.8997413511388 0
1679853217925 7.909501112997532 0
1679853225954 7.8095187288708985 0
1679853234016 7.820756113156676 0
1679853242031 7.777276697102934 0
1679853250029 7.787468031048775 0
1679853258085 7.814662014134228 0
1679853266434 8.015018464066088 0
1679853274698 8.040680967038497 0
1679853282552 7.631038679042831 0
1679853312062 7.548423474887386 0
1679853320136 7.8500261711888015 0
1679853328472 8.062301244121045 0
1679853336581 7.86781750083901 0
1679853344664 7.82544429297559 0
1679853352599 7.680119419004768 0
1679853360579 7.752215887885541 0
1679853368525 7.702518780948594 0
1679853376636 7.828752904897556 0
1679853384587 7.691817197948694 0
1679853415398 7.734207795001566 0
1679853423589 7.957162640057504 0
1679853431413 7.599625566974282 0
1679853439500 7.856507289921865 0
1679853447581 7.852215190883726 0
1679853455604 7.796310870908201 0
1679853463577 7.742174082901329 0
1679853471927 8.110882603097707 0
1679853479953 7.806149295996875 0
1679853488001 7.819178313948214 0
1679853519827 7.795039335032925 0
1679853527777 7.6904914018232375 0
1679853535957 7.940849557053298 0
1679853544001 7.8117505558766425 0
1679853552002 7.7581088279839605 0
1679853560492 8.248717886162922 0
1679853568795 8.063928321003914 0
1679853576856 7.827769304160029 0
1679853584766 7.674157351022586 0
1679853593156 8.141068905126303 0
1679853626496 7.72512340801768 0
1679853634361 7.63023937609978 0
1679853642507 7.9125821669586 0
1679853650664 7.896118690958247 0
1679853658641 7.7395283090882 0
1679853667016 8.059186364058405 0
1679853675309 8.04440782009624 0
1679853683351 7.806517638033256 0
1679853691429 7.8403970340732485 0
1679853699499 7.828683695057407 0
1679853732612 7.582271117949858 0
1679853740790 7.916260740021244 0
1679853748837 7.783323782030493 0
1679853756962 7.858440031995997 0
1679853764885 7.691014091018587 0
1679853772995 7.863119855988771 0
1679853781139 7.8664938560687006 0
1679853789273 7.8909223740920424 0
1679853797352 7.8442614818923175 0
1679853805574 7.961774518946186 0
1679853839091 7.751697706989944 0
1679853847299 7.979431996122003 0
1679853855642 8.063213758869097 0
1679853863638 7.720935466932133 0
1679853871768 7.878347933059558 0
1679853879837 7.82078958908096 0
1679853887879 7.793277541873977 0
1679853895845 7.725491089979187 0
1679853903842 7.758350636111572 0
1679853912159 8.056573634967208 0
