1679851485285 0.07932484155700252 0
1679851543195 0.032820679746787706 0
1679851601945 0.02096422248785588 0
1679851662628 0.02106337670976951 0
1679851720982 0.01417896537206643 0
1679851779574 0.013344540905260731 0
1679851837668 0.01203850848192753 0
1679851895240 0.009343815204393865 0
1679851953383 0.007879536750160687 0
1679852011507 0.009491020300557141 0
1679852034902 1.8306453079769487 0
1679852042530 0.0749567261872519 0
1679852050146 0.014084818284027278 0
1679852057984 0.010427604545379597 0
1679852065900 0.005154407151214974 0
1679852073556 0.02544523441817881 0
1679852081124 0.010117449903918895 0
1679852088859 0.002948591552864711 0
1679852096558 0.014262266283281191 0
1679852104207 0.004478134692870203 0
1679852127557 1.294254083009927 0
1679852135299 0.03670780541326262 0
1679852143094 0.027284555520102578 0
1679852150847 0.009317485212293258 0
1679852158708 0.008741343283633652 0
1679852166417 0.017063422199556186 0
1679852174158 0.004331152763150289 0
1679852181841 0.001929850928488457 0
1679852189387 0.000857248950189004 0
1679852197058 0.0007903839545370398 0
1679852221012 1.7146189333576904 0
1679852228730 0.12777790701212852 0
1679852236451 0.057312994598607093 0
1679852244321 0.02128339757848727 0
1679852252038 0.008999289803844141 0
1679852259638 0.007191240874970773 0
1679852267417 0.008790242001659385 0
1679852275068 0.0074250751652136 0
1679852282772 0.0021928423578317867 0
1679852290508 0.0012598362311684085 0
1679852314809 1.9003174744154279 0
1679852322660 0.20643800802920995 0
1679852330408 0.07777109315226736 0
1679852338110 0.034533758846258644 0
1679852345907 0.023537037118436084 0
1679852353796 0.013639245705532007 0
1679852361602 0.01318311804513398 0
1679852369417 0.007462579908085325 0
1679852377092 0.019015560418254033 0
1679852384953 0.014011786795546006 0
1679852410172 1.550846923181885 0
1679852418119 0.14782887317338272 0
1679852425778 0.06078986045659373 0
1679852433740 0.02732150712369108 0
1679852441493 0.015883224364063753 0
1679852449209 0.020917455932603364 0
1679852457204 0.009674173884559423 0
1679852465007 0.0073043263652116846 0
1679852472734 0.011078350612201335 0
1679852480655 0.004971417780095516 0
1679852506441 1.6351515019802672 0
1679852514284 0.14217594817868973 0
1679852522017 0.054572448669932785 0
1679852529782 0.016555875973579916 0
1679852537592 0.010085630546458751 0
1679852545409 0.008787637091192759 0
1679852553216 0.013840462107174588 0
1679852561051 0.0060125477163972775 0
1679852568960 0.0029172190440524565 0
1679852576815 0.011918220700279467 0
1679852602559 1.6144841101608778 0
1679852610261 0.2263968930432671 0
1679852617903 0.07857881217802826 0
1679852625875 0.04980332824450574 0
1679852633699 0.018920289856798358 0
1679852641560 0.028202784575497436 0
1679852649464 0.01618636927542914 0
1679852657237 0.006384959389259548 0
1679852665066 0.007920184930768109 0
1679852672874 0.0186983982385994 0
1679852699166 2.2648578537137887 0
1679852706870 0.391312748742731 0
1679852714760 0.11628069325693344 0
1679852722664 0.05364359143729273 0
1679852730504 0.05204692570443608 0
1679852738420 0.02288358379523025 0
1679852746196 0.023203195070872377 0
1679852754163 0.005595161101940137 0
1679852762089 0.017938236996384437 0
1679852769979 0.017288367570022514 0
1679852797679 2.0962454199790956 0
1679852805667 0.29087786737241245 0
1679852813685 0.13355431899820502 0
1679852821608 0.06772593864680905 0
1679852829606 0.03872106602709544 0
1679852837310 0.015591708937733385 0
1679852845143 0.016851166227072674 0
1679852853124 0.014210340964583386 0
1679852861031 0.016969088252670572 0
1679852869031 0.022347087961756378 0
1679852897308 1.095350527547692 0
1679852905318 0.0789422166925904 0
1679852913343 0.039828938846231295 0
1679852921157 0.02420206051993821 0
1679852929088 0.01387246128257462 0
1679852937146 0.010598954681221297 0
1679852945103 0.00700550508259575 0
1679852953352 0.009466524562058591 0
1679852961423 0.02096758754265274 0
1679852969644 0.018530516021449953 0
1679853007467 1.6867636599038776 0
1679853015309 0.4209776906198577 0
1679853023245 0.20772292280667706 0
1679853031208 0.09891921637677832 0
1679853039111 0.06128765908805163 0
1679853047081 0.04868095147570497 0
1679853055024 0.04993786322149007 0
1679853063069 0.03672288091804244 0
1679853071128 0.011963841518215638 0
1679853079074 0.010227162315890095 0
1679853107077 1.58069138236736 0
1679853115144 0.1354559727209179 0
1679853123136 0.04317819213274082 0
1679853131222 0.021953732234817978 0
1679853139534 0.03383846318955827 0
1679853147429 0.009961520312170156 0
1679853155461 0.004156574838347488 0
1679853163537 0.020028578651162157 0
1679853171708 0.01131058741471191 0
1679853179611 0.0036274991358942843 0
1679853209785 1.2555176621204929 0
1679853217918 0.11844293909441483 0
1679853225947 0.047824126994237305 0
1679853234004 0.015756724860617206 0
1679853242022 0.016383759618589754 0
1679853250022 0.013444672696182111 0
1679853258077 0.01868245042370338 0
1679853266427 0.031139201471140902 0
1679853274690 0.024570172474609294 0
1679853282543 0.018802089070729715 0
1679853312054 2.1634403042103116 0
1679853320128 0.2855968668272621 0
1679853328452 0.09316883045983942 0
1679853336569 0.03765050000266025 0
1679853344653 0.0305841605889758 0
1679853352580 0.007026993653792153 0
1679853360571 0.011330083007679174 0
1679853368517 0.009378360880318244 0
1679853376617 0.012741188552402156 0
1679853384579 0.008621430925804337 0
1679853415390 1.679758691474011 0
1679853423573 0.16470952931987612 0
1679853431404 0.05508000138460806 0
1679853439490 0.043735063975480826 0
1679853447572 0.023975888392765467 0
1679853455596 0.012785703509335259 0
1679853463568 0.008289915363696453 0
1679853471911 0.012619315564179008 0
1679853479941 0.01086065636145098 0
1679853487993 0.020649440126726405 0
1679853519819 1.4639922942770154 0
1679853527769 0.14217780403008587 0
1679853535949 0.056989519065245985 0
1679853543993 0.022782451921681823 0
1679853551994 0.01667670576563595 0
1679853560475 0.007872965172435598 0
1679853568787 0.008733774856725511 0
1679853576841 0.006347150719375349 0
1679853584758 0.04024368645133156 0
1679853593148 0.03269598922833163 0
1679853626483 1.6618737606625809 0
1679853634351 0.30659103550409017 0
1679853642497 0.09663822479350002 0
1679853650651 0.07284007891032257 0
1679853658633 0.03630648895387391 0
1679853667008 0.024228588289483204 0
1679853675299 0.03014984112355466 0
1679853683342 0.031035018308504827 0
1679853691412 0.03505222200244469 0
1679853699487 0.018725905121659468 0
1679853732600 1.7374159254525836 0
1679853740772 0.20633120299562027 0
1679853748828 0.07228811650144819 0
1679853756945 0.029554926676332558 0
1679853764869 0.019220236838354093 0
1679853772981 0.012843342342928641 0
1679853781117 0.010547497825188512 0
1679853789262 0.0029393927523510923 0
1679853797339 0.0013523849162371143 0
1679853805557 0.0009365573525428772 0
1679853839083 1.0185292928038459 0
1679853847291 0.07866723229863534 0
1679853855628 0.04064276811581007 0
1679853863629 0.018871943386865927 0
1679853871760 0.008368969122621868 0
1679853879828 0.003989188432598511 0
1679853887864 0.010419730686944125 0
1679853895835 0.002458462306324356 0
1679853903833 0.005271194360025938 0
1679853912150 0.007555888439176334 0
