1678651238610 0.33406826762974423 0
1678651242632 0.1252908313801802 0
1678651246666 0.0873575005776774 0
1678651250530 0.05312673977880869 0
1678651254453 0.03808975013689527 0
1678651258278 0.013356169098786763 0
1678651262275 0.043480025329481004 0
1678651266233 0.024746954415681165 0
1678651270136 0.028603800756669854 0
1678651274316 0.06531145734720424 0
1678651336449 0.4631970787364495 0
1678651340638 0.029308884046796924 0
1678651344537 0.01653253939441377 0
1678651348525 0.04209032997838725 0
1678651352540 0.07744684867337093 0
1678651356491 0.02481348431177916 0
1678651360607 0.022104556827878992 0
1678651364641 0.01675041367976056 0
1678651368656 0.03701694549761432 0
1678651372666 0.008470556398029908 0
1678651430178 0.7246034203339978 0
1678651434621 0.06000257678527829 0
1678651438972 0.032117750782144516 0
1678651443390 0.01406072691793958 0
1678651448014 0.007895895122758092 0
1678651452839 0.018322356093566753 0
1678651457345 0.04164003662148363 0
1678651461921 0.02831899130129019 0
1678651466597 0.021903232003747955 0
1678651471332 0.002771594214493724 0
1678651531709 1.2904589962193522 0
1678651536059 0.14574929155579608 0
1678651540544 0.07707049608359445 0
1678651544965 0.047693936063357534 0
1678651549308 0.045036403385639294 0
1678651553831 0.01944160238748222 0
1678651558427 0.07638581576765761 0
1678651563198 0.025463840554320497 0
1678651567956 0.010614921290679404 0
1678651572549 0.016670781352233377 0
1678651632723 1.640808000323064 0
1678651637251 0.2737293835589001 0
1678651641622 0.10762479286491318 0
1678651646153 0.05646040640631029 0
1678651650597 0.07049582511361474 0
1678651655160 0.029675416252043712 0
1678651659766 0.017351521555578234 0
1678651664338 0.01064914679373347 0
1678651668845 0.0065696589840567995 0
1678651673486 0.03770513342402374 0
1678651733598 2.189679339905445 0
1678651737953 0.40688974073891876 0
1678651742064 0.1945490573864796 0
1678651746283 0.08723419936002222 0
1678651750724 0.06730957028764939 0
1678651755453 0.052715947930922546 0
1678651760256 0.07397509529816194 0
1678651765007 0.029378055954965232 0
1678651769701 0.03304912101930678 0
1678651774305 0.02229342961722986 0
1678651834607 2.590064177732544 0
1678651839059 0.5938191167582252 0
1678651843487 0.24471781513733654 0
1678651847931 0.1425322577256049 0
1678651852412 0.08040037179633819 0
1678651857279 0.056871420263765474 0
1678651861928 0.04888845623745235 0
1678651866526 0.08284672038771161 0
1678651871186 0.03161357870927153 0
1678651875886 0.03436846501861801 0
1678651936998 3.095445768710932 0
1678651941541 0.7305155780817566 0
1678651946141 0.2655947351157481 0
1678651950504 0.11975660722258652 0
1678651955103 0.1047666365392345 0
1678651959773 0.06466024632176236 0
1678651964292 0.03729693862075162 0
1678651969024 0.054432610476676 0
1678651973602 0.07449015482588268 0
1678651978018 0.05992427171703251 0
1678652037502 2.9286230801799698 0
1678652041908 0.8833674752027477 0
1678652046271 0.340108394972552 0
1678652050760 0.14171924010848763 0
1678652055424 0.1429351738494734 0
1678652060179 0.10287438349601588 0
1678652064858 0.05500287877037947 0
1678652069376 0.05999858954885699 0
1678652073912 0.02506146781086701 0
1678652078349 0.05409285374942976 0
1678652138838 3.3449578011308354 0
1678652143397 0.8390791009722705 0
1678652147709 0.24056977775451796 0
1678652152125 0.11221078807894207 0
1678652156802 0.06765957069919756 0
1678652161536 0.09169863686747871 0
1678652166285 0.06764934523349801 0
1678652171081 0.030398367017673223 0
1678652175687 0.03442559850076012 0
1678652179991 0.04954254026441312 0
1678652239163 2.9409313744567958 0
1678652243590 0.6600087206624333 0
1678652248018 0.21756888711577657 0
1678652252379 0.10520795199829093 0
1678652256981 0.10044837483723197 0
1678652261667 0.05114583036482077 0
1678652266276 0.04446381049770275 0
1678652270955 0.08467312362171604 0
1678652275659 0.09874500205062693 0
1678652280307 0.028683248173889554 0
1678652339785 3.3869621670489107 0
1678652344326 0.8929350579535983 0
1678652348793 0.28630727049540855 0
1678652353452 0.11422492822354925 0
1678652358229 0.07777330509621082 0
1678652363021 0.06124170237969218 0
1678652367730 0.0584201843197641 0
1678652372430 0.0821175531077488 0
1678652376752 0.044380057707815494 0
1678652381311 0.06540580953967799 0
1678652439910 3.122233940908539 0
1678652444337 0.8990841642289047 0
1678652448951 0.2890282435649851 0
1678652453971 0.15551118106294223 0
1678652458777 0.06696610822767443 0
1678652463485 0.07327824130014662 0
1678652468021 0.050056142486295925 0
1678652472562 0.051930879861107206 0
1678652477000 0.11325556739308791 0
1678652481621 0.047521256864153726 0
1678652541284 3.1814671418341387 0
1678652545695 0.7724060362102516 0
1678652550021 0.2178736047070287 0
1678652554723 0.11647679852787693 0
1678652559494 0.07151104348761715 0
1678652564004 0.034460840187621675 0
1678652568907 0.037400810434549146 0
1678652573568 0.029268524427153286 0
1678652578239 0.047318958234987635 0
1678652582921 0.09897256792604077 0
1678652643152 2.849112773839893 0
1678652647674 0.5971640036605331 0
1678652652370 0.24538911876301475 0
1678652657145 0.09872668329913944 0
1678652661951 0.078139849223422 0
1678652666684 0.07815904160150412 0
1678652671579 0.05843457137112269 0
1678652676154 0.01671971071631158 0
1678652681015 0.0736503862189687 0
1678652685623 0.05448368457338696 0
1678652744917 3.0524283799217984 0
1678652749444 0.8653737320952978 0
1678652754072 0.30665538324258296 0
1678652758900 0.12310201456106468 0
1678652763521 0.08807057674014694 0
1678652768263 0.05999789021591701 0
1678652772893 0.05148491755799794 0
1678652777666 0.085425974897824 0
1678652782332 0.08084459313426749 0
1678652787213 0.023456574087459745 0
1678652846954 3.1714322262151953 0
1678652851550 0.9407510127529383 0
1678652856125 0.41081057535858345 0
1678652860727 0.16863683655103318 0
1678652865419 0.09720471065084164 0
1678652870207 0.08226976308044348 0
1678652874777 0.033617614591845105 0
1678652879378 0.08167194409170513 0
1678652884079 0.044931402617755994 0
1678652888415 0.027155167719440154 0
1678652947778 3.3256410503917597 0
1678652952493 0.6671045931531294 0
1678652957306 0.18567893247754577 0
1678652961959 0.09558595728918386 0
1678652966781 0.04980640323318362 0
1678652971478 0.02126239814465938 0
1678652976353 0.026087234482408454 0
1678652981109 0.09608771341350654 0
1678652985701 0.09042519723986166 0
1678652990478 0.09405121436415077 0
1678653050058 3.071530558578463 0
1678653054807 0.7882015682651056 0
1678653059495 0.2881346155991151 0
1678653064127 0.13329275388677891 0
1678653068991 0.07442889269153743 0
1678653073810 0.03374523261229498 0
1678653078446 0.022503805305944542 0
1678653083222 0.018701851452511537 0
1678653087957 0.08259112556787683 0
1678653092698 0.09843034741863921 0
1678653151797 2.904115342372284 0
1678653156495 0.5617854078475747 0
1678653161196 0.16771101519014453 0
1678653165855 0.09238022998311293 0
1678653170579 0.050526759356554825 0
1678653175302 0.03002747804055323 0
1678653179717 0.0445075586962803 0
1678653184396 0.023397530974398027 0
1678653189114 0.029183360502363136 0
1678653193786 0.016954845007925472 0
