1679225137784 0.5756093797584375 0
1679225142051 0.10692995737361558 0
1679225146348 0.04334104166128764 0
1679225150431 0.01559271747428997 0
1679225154661 0.008927207952593545 0
1679225158882 0.0064499842404734855 0
1679225162947 0.00473510209407073 0
1679225166660 0.0039697356468440925 0
1679225170978 0.003493904867711678 0
1679225175122 0.0034086027116441695 0
1679225194510 2.344637502642239 0
1679225199086 1.6636733342619503 0
1679225204097 1.5265116364348168 0
1679225208799 1.4676260819622116 0
1679225213667 1.423129094581978 0
1679225218610 1.3895944777657003 0
1679225223018 1.3677502823810952 0
1679225227911 1.3511143280010598 0
1679225232726 1.3459644492934733 0
1679225237436 1.3344854864419675 0
1679225254488 2.9543800798116946 0
1679225259326 1.9124153420036913 0
1679225264189 1.7508244023603552 0
1679225268923 1.6742666854577906 0
1679225273857 1.621062482104582 0
1679225278553 1.593232392096052 0
1679225282948 1.5756463151352078 0
1679225287605 1.5648758037417543 0
1679225292255 1.5366417531873666 0
1679225297042 1.533537415897145 0
1679225314150 3.047169287999471 0
1679225319320 1.9987554631981195 0
1679225324035 1.829826898434583 0
1679225328581 1.71832455256406 0
1679225333319 1.656974555230608 0
1679225338214 1.6088935639344009 0
1679225343181 1.5866130929367215 0
1679225347956 1.562968878185048 0
1679225352647 1.5600626082981335 0
1679225357342 1.5383638061729132 0
1679225375218 3.2253682286131617 0
1679225380095 2.249918128929886 0
1679225384605 1.9726947978431104 0
1679225389526 1.8307264996509927 0
1679225394470 1.7374172386001139 0
1679225399354 1.6661747834261726 0
1679225404202 1.6130077044169109 0
1679225409079 1.5906427023457546 0
1679225413804 1.569246653248282 0
1679225418504 1.5642234063615985 0
1679225436514 3.4455033727720674 0
1679225441499 2.3553734784032785 0
1679225446317 2.0505907991353203 0
1679225451105 1.8679013263945485 0
1679225455699 1.7600516758713067 0
1679225460361 1.6954331327887142 0
1679225465224 1.6506201835239636 0
1679225470148 1.6286324367803686 0
1679225474904 1.5987737985218273 0
1679225479592 1.5859841120009328 0
1679225498874 3.546867679147159 0
1679225503741 2.537143024743772 0
1679225508301 2.188802049440496 0
1679225513162 1.9679361757110148 0
1679225517826 1.823040507587732 0
1679225522789 1.7366906825233908 0
1679225527784 1.692451997130525 0
1679225532446 1.6493125417653252 0
1679225537349 1.6266074846772587 0
1679225542227 1.6099791211240433 0
1679225559433 3.7842851923961267 0
1679225564155 2.6294093622880825 0
1679225569053 2.244710904710433 0
1679225573797 2.0095817844072976 0
1679225578550 1.8717577831417906 0
1679225583210 1.7758323573598676 0
1679225587962 1.7298516783059812 0
1679225592572 1.6767736369488286 0
1679225597450 1.676198213708167 0
1679225602226 1.6456715300971387 0
1679225620119 3.97519135241415 0
1679225624978 2.8436855030994788 0
1679225629750 2.418052273638108 0
1679225634460 2.105692855283326 0
1679225639095 1.9468520879745483 0
1679225643737 1.832484314254686 0
1679225648757 1.7938413000574298 0
1679225653546 1.723464543912925 0
1679225657933 1.707519767331142 0
1679225662756 1.6880942150658251 0
1679225681098 3.9728726896585203 0
1679225685945 2.859902907820309 0
1679225690837 2.4280359651528154 0
1679225695696 2.1131037660673555 0
1679225700658 1.9307261062603371 0
1679225705641 1.8285597551102732 0
1679225710678 1.7927824422424914 0
1679225714936 1.7355382348976882 0
1679225719830 1.7152862396894717 0
1679225724563 1.674870704903322 0
1679225743378 3.9491413247351552 0
1679225748040 2.8328335612427953 0
1679225752653 2.401990425352957 0
1679225757397 2.124479781178867 0
1679225762166 1.949459172931372 0
1679225766923 1.8395573438382615 0
1679225771259 1.780049534404979 0
1679225776169 1.7382297212002324 0
1679225781170 1.7047621245477713 0
1679225785898 1.689251396001554 0
1679225804493 3.856125971850227 0
1679225809223 2.8415403646581314 0
1679225814109 2.465310206600264 0
1679225818983 2.189258632706661 0
1679225823858 2.004364906572828 0
1679225828608 1.875256647081936 0
1679225833404 1.8083929688322777 0
1679225838230 1.7556277770622104 0
1679225843267 1.716402163692549 0
1679225847926 1.70173899566426 0
1679225867064 3.9228008284288296 0
1679225872147 2.846498903106241 0
1679225877059 2.4251935388527666 0
1679225881393 2.155100490532669 0
1679225886312 1.9618587715953004 0
1679225891133 1.8508322390855527 0
1679225895860 1.7791968712619706 0
1679225900610 1.735834794885972 0
1679225905525 1.7145501784249848 0
1679225910355 1.672071746751374 0
1679225929554 3.9445324247958613 0
1679225934341 2.862953927002701 0
1679225938612 2.467697169266495 0
1679225943371 2.1626189912066742 0
1679225948090 1.9907293319702148 0
1679225953121 1.8703263775975096 0
1679225958101 1.7939549100165273 0
1679225962901 1.7384455320881862 0
1679225967440 1.704878094149571 0
1679225972369 1.680752224781934 0
1679225991913 3.7212318976720176 0
1679225996873 2.6521526201098573 0
1679226001770 2.3024266420626174 0
1679226006628 2.0879763282981574 0
1679226011583 1.9447426106415542 0
1679226016528 1.8517350659650915 0
1679226021321 1.7838005283299614 0
1679226026163 1.7403682867685955 0
1679226031065 1.6946012681605769 0
1679226035822 1.6710162969196545 0
1679226056662 3.6844440721998026 0
1679226061645 2.6897173278472004 0
1679226066366 2.3306571034824146 0
1679226071163 2.097945809364319 0
1679226075954 1.9442596529044358 0
1679226080612 1.8403027279704225 0
1679226085294 1.765723985784194 0
1679226090158 1.7277278233976925 0
1679226094952 1.693504313627879 0
1679226099854 1.6667462388674419 0
1679226118607 3.6769430380241546 0
1679226123403 2.658371570063572 0
1679226128430 2.3220002253850303 0
1679226133263 2.0830735833037135 0
1679226138082 1.9260714872210634 0
1679226142798 1.8439761037920035 0
1679226147803 1.7710391212912167 0
1679226152761 1.7254371794999814 0
1679226157556 1.6897765935636033 0
1679226162337 1.662957166924196 0
1679226182407 3.6549656765133727 0
1679226187248 2.7739936744465545 0
1679226192146 2.4383593867806828 0
1679226196839 2.195310356570225 0
1679226201842 2.020379789904052 0
1679226206509 1.894018484096901 0
1679226211236 1.8131917422893 0
1679226215912 1.7640384061663759 0
1679226220780 1.7201435893189674 0
1679226225719 1.7078963284398996 0
1679226245332 3.729191960072985 0
1679226250230 2.7828059663959577 0
1679226255037 2.405029472182779 0
1679226259912 2.1392016691320084 0
1679226264831 1.9787551094503963 0
1679226269699 1.8625975695310855 0
1679226274595 1.7995028051675535 0
1679226279511 1.730548437903909 0
1679226284481 1.7099395125519996 0
1679226288768 1.6728239094509798 0
1679226308731 3.672457066236758 0
1679226313595 2.859095987151651 0
1679226318664 2.495957704151378 0
1679226323541 2.208961593169792 0
1679226328490 2.006520053919624 0
1679226333356 1.8794152619791966 0
1679226338171 1.7919233160860397 0
1679226342805 1.731192636723612 0
1679226347553 1.6978942810320388 0
1679226352356 1.6760631343897652 0
