1679225137789 4.030013515963219 0
1679225142059 4.151753715006635 0
1679225146355 4.173863246978726 0
1679225150439 3.947161585034337 0
1679225154669 4.094696381012909 0
1679225158889 4.078131238988135 0
1679225162954 3.91985092300456 0
1679225166666 3.576917410013266 0
1679225170984 4.134587398963049 0
1679225175132 4.011176680971403 0
1679225194516 4.426473782979883 0
1679225199096 4.429768511035945 0
1679225204106 4.853915359009989 0
1679225208804 4.525334705016576 0
1679225213674 4.717663855990395 0
1679225218614 4.788449910993222 0
1679225223027 4.27189279301092 0
1679225227917 4.747337294975296 0
1679225232734 4.66412760905223 0
1679225237441 4.515258382016327 0
1679225254501 4.393731439020485 0
1679225259335 4.690193924005143 0
1679225264195 4.701589190051891 0
1679225268929 4.586604422016535 0
1679225273864 4.803593142016325 0
1679225278561 4.54000364698004 0
1679225282954 4.256489280960523 0
1679225287611 4.523441457014997 0
1679225292268 4.510067701980006 0
1679225297049 4.641324580996297 0
1679225314156 4.542039431980811 0
1679225319328 4.993360761960503 0
1679225324043 4.5555022659827955 0
1679225328586 4.420297694974579 0
1679225333325 4.61695532198064 0
1679225338220 4.747023973963223 0
1679225343187 4.8224818060407415 0
1679225347963 4.621047679043841 0
1679225352651 4.554388542019296 0
1679225357352 4.54555097798584 0
1679225375224 5.033438436978031 0
1679225380102 4.728084397967905 0
1679225384612 4.367754188016988 0
1679225389538 4.76458499499131 0
1679225394477 4.78477962402394 0
1679225399363 4.718102808983531 0
1679225404207 4.715316349989735 0
1679225409084 4.7406908859848045 0
1679225413809 4.586293470987584 0
1679225418513 4.558916173002217 0
1679225436522 4.613000454031862 0
1679225441507 4.830954824981745 0
1679225446326 4.673047846998088 0
1679225451113 4.63983380101854 0
1679225455705 4.4534544289927 0
1679225460369 4.521494407963473 0
1679225465232 4.717987180047203 0
1679225470157 4.759426597040147 0
1679225474911 4.601300773967523 0
1679225479603 4.542594461992849 0
1679225498887 4.625952760048676 0
1679225503746 4.727968956984114 0
1679225508308 4.431349112011958 0
1679225513169 4.713587729958817 0
1679225517833 4.514110554999206 0
1679225522796 4.828604062960949 0
1679225527792 4.847491872962564 0
1679225532461 4.5074622930260375 0
1679225537354 4.741605034971144 0
1679225542239 4.728852315980475 0
1679225559441 4.570487321994733 0
1679225564165 4.570361114048865 0
1679225569058 4.754345430992544 0
1679225573805 4.601816445996519 0
1679225578556 4.600938385003246 0
1679225583220 4.512427223962732 0
1679225587976 4.605826577986591 0
1679225592587 4.439544821041636 0
1679225597465 4.712110763008241 0
1679225602232 4.597438874014188 0
1679225620127 4.5535523420549 0
1679225624986 4.713937399035785 0
1679225629756 4.6206236380385235 0
1679225634470 4.548633702972438 0
1679225639102 4.4940762600163 0
1679225643747 4.485372945026029 0
1679225648764 4.848786170012318 0
1679225653558 4.641486126987729 0
1679225657940 4.189646716986317 0
1679225662772 4.676241171022411 0
1679225681106 4.747355806990527 0
1679225685956 4.675071224046405 0
1679225690845 4.728765484993346 0
1679225695703 4.716973514994606 0
1679225700665 4.779108720016666 0
1679225705650 4.822556801023893 0
1679225710685 4.82347890100209 0
1679225714942 4.1150736099807546 0
1679225719837 4.742329603002872 0
1679225724574 4.591943613020703 0
1679225743385 4.916919432987925 0
1679225748048 4.508673871983774 0
1679225752663 4.464533779013436 0
1679225757405 4.585525482019875 0
1679225762177 4.603403449989855 0
1679225766933 4.598416463995818 0
1679225771268 4.181241476035211 0
1679225776176 4.7534961070050485 0
1679225781177 4.868200684024487 0
1679225785905 4.5814282660139725 0
1679225804499 4.723407151992433 0
1679225809231 4.575599565985613 0
1679225814119 4.7210864900262095 0
1679225818995 4.705835836997721 0
1679225823871 4.6839237089734524 0
1679225828615 4.572903725958895 0
1679225833418 4.647186088026501 0
1679225838240 4.663479398994241 0
1679225843275 4.881402148981579 0
1679225847938 4.498441674979404 0
1679225867073 4.699347295041662 0
1679225872160 4.9173271839972585 0
1679225877066 4.743248612969182 0
1679225881410 4.184508154983632 0
1679225886319 4.761829836992547 0
1679225891141 4.665239936031867 0
1679225895870 4.574853172001895 0
1679225900617 4.595932315976825 0
1679225905535 4.756778995040804 0
1679225910361 4.626518218021374 0
1679225929563 4.731990272004623 0
1679225934355 4.647865365026519 0
1679225938619 4.109904179989826 0
1679225943383 4.595998368982691 0
1679225948098 4.54776932898676 0
1679225953134 4.837880608974956 0
1679225958120 4.825976935040671 0
1679225962919 4.634825391985942 0
1679225967452 4.376083237002604 0
1679225972379 4.771262895024847 0
1679225991924 4.499435634003021 0
1679225996889 4.8131940409657545 0
1679226001779 4.7379574900260195 0
1679226006636 4.703160649980418 0
1679226011603 4.78620430000592 0
1679226016538 4.776954220957123 0
1679226021329 4.640459741989616 0
1679226026170 4.6567136669764295 0
1679226031073 4.755584919999819 0
1679226035829 4.6107152290060185 0
1679226056673 4.6067683660076 0
1679226061656 4.816778418025933 0
1679226066376 4.557697388983797 0
1679226071177 4.6195246879942715 0
1679226075962 4.634766235016286 0
1679226080621 4.504270115983672 0
1679226085302 4.53036090999376 0
1679226090166 4.713894333981443 0
1679226094964 4.631270792975556 0
1679226099862 4.744972282031085 0
1679226118618 4.741980899008922 0
1679226123413 4.637927806004882 0
1679226128437 4.847376602992881 0
1679226133275 4.668978967005387 0
1679226138091 4.646790890023112 0
1679226142807 4.544048374984413 0
1679226147811 4.851421008002944 0
1679226152769 4.80639964400325 0
1679226157566 4.634464700007811 0
1679226162346 4.626434730016626 0
1679226182415 4.664194443030283 0
1679226187256 4.682667105982546 0
1679226192155 4.729208747972734 0
1679226196847 4.553632682946045 0
1679226201850 4.840572294022422 0
1679226206517 4.514020400005393 0
1679226211245 4.5704218440223485 0
1679226215926 4.524984492978547 0
1679226220791 4.69593301799614 0
1679226225727 4.767242236994207 0
1679226245355 4.8297281240229495 0
1679226250241 4.721107799035963 0
1679226255055 4.646740754018538 0
1679226259924 4.703152190952096 0
1679226264840 4.757027914980426 0
1679226269710 4.70786694099661 0
1679226274611 4.728854412038345 0
1679226279520 4.751875996007584 0
1679226284490 4.8094187779934146 0
1679226288781 4.129090604023077 0
1679226308740 4.550043873023242 0
1679226313604 4.713999229017645 0
1679226318674 4.9128079730435275 0
1679226323551 4.702458011975978 0
1679226328499 4.778698946989607 0
1679226333366 4.701044217043091 0
1679226338185 4.6316323219798505 0
1679226342819 4.4347804600256495 0
1679226347565 4.582262333016843 0
1679226352365 4.630331308988389 0
