1679225137778 0.8204656862745098 0
1679225142044 0.9662990196078431 0
1679225146338 0.9880514705882353 0
1679225150418 0.9981617647058824 0
1679225154649 0.9996936274509803 0
1679225158871 1.0 0
1679225162936 1.0 0
1679225166654 1.0 0
1679225170972 1.0 0
1679225175111 0.9993872549019608 0
1679225194505 0.4944852941176471 0
1679225199073 0.6038602941176471 0
1679225204081 0.6204044117647058 0
1679225208788 0.6400122549019608 0
1679225213656 0.6482843137254902 0
1679225218603 0.6553308823529411 0
1679225223005 0.6556372549019608 0
1679225227899 0.6642156862745098 0
1679225232715 0.6675857843137255 0
1679225237425 0.6629901960784313 0
1679225254474 0.41973039215686275 0
1679225259314 0.6234681372549019 0
1679225264177 0.6669730392156863 0
1679225268912 0.6948529411764706 0
1679225273850 0.7144607843137255 0
1679225278542 0.7169117647058824 0
1679225282942 0.734375 0
1679225287595 0.7316176470588235 0
1679225292242 0.758578431372549 0
1679225297033 0.7555147058823529 0
1679225314139 0.3943014705882353 0
1679225319309 0.6424632352941176 0
1679225324023 0.6875 0
1679225328570 0.711703431372549 0
1679225333308 0.7254901960784313 0
1679225338204 0.7417279411764706 0
1679225343172 0.7594975490196079 0
1679225347943 0.7576593137254902 0
1679225352636 0.7653186274509803 0
1679225357327 0.7732843137254902 0
1679225375207 0.21017156862745098 0
1679225380083 0.4414828431372549 0
1679225384593 0.5787377450980392 0
1679225389516 0.6207107843137255 0
1679225394457 0.6617647058823529 0
1679225399341 0.6829044117647058 0
1679225404191 0.6871936274509803 0
1679225409068 0.694546568627451 0
1679225413798 0.7141544117647058 0
1679225418493 0.7181372549019608 0
1679225436502 0.19699754901960784 0
1679225441485 0.39338235294117646 0
1679225446304 0.5073529411764706 0
1679225451090 0.5655637254901961 0
1679225455690 0.6155024509803921 0
1679225460349 0.6326593137254902 0
1679225465212 0.6467524509803921 0
1679225470133 0.6504289215686274 0
1679225474892 0.6537990196078431 0
1679225479583 0.6583946078431373 0
1679225498860 0.1246936274509804 0
1679225503730 0.31954656862745096 0
1679225508290 0.44730392156862747 0
1679225513152 0.5238970588235294 0
1679225517815 0.5719975490196079 0
1679225522781 0.5971200980392157 0
1679225527775 0.6182598039215687 0
1679225532436 0.6311274509803921 0
1679225537338 0.6271446078431373 0
1679225542215 0.625 0
1679225559422 0.07506127450980392 0
1679225564139 0.28829656862745096 0
1679225569047 0.43474264705882354 0
1679225573785 0.5131740196078431 0
1679225578539 0.5508578431372549 0
1679225583197 0.5784313725490197 0
1679225587949 0.5873161764705882 0
1679225592561 0.602328431372549 0
1679225597436 0.6004901960784313 0
1679225602218 0.6090686274509803 0
1679225620108 0.03553921568627451 0
1679225624969 0.20465686274509803 0
1679225629739 0.36856617647058826 0
1679225634447 0.4724264705882353 0
1679225639083 0.5266544117647058 0
1679225643722 0.5450367647058824 0
1679225648745 0.5579044117647058 0
1679225653535 0.5686274509803921 0
1679225657924 0.5802696078431373 0
1679225662742 0.5857843137254902 0
1679225681089 0.04258578431372549 0
1679225685927 0.1951593137254902 0
1679225690825 0.3477328431372549 0
1679225695685 0.46200980392156865 0
1679225700646 0.5006127450980392 0
1679225705629 0.538296568627451 0
1679225710667 0.5428921568627451 0
1679225714925 0.5612745098039216 0
1679225719820 0.5572916666666666 0
1679225724549 0.5634191176470589 0
1679225743366 0.042279411764705885 0
1679225748028 0.22028186274509803 0
1679225752642 0.38419117647058826 0
1679225757384 0.4733455882352941 0
1679225762155 0.5064338235294118 0
1679225766907 0.5435049019607843 0
1679225771246 0.5496323529411765 0
1679225776157 0.5621936274509803 0
1679225781164 0.5628063725490197 0
1679225785887 0.5692401960784313 0
1679225804482 0.026348039215686275 0
1679225809212 0.15870098039215685 0
1679225814095 0.29901960784313725 0
1679225818964 0.4108455882352941 0
1679225823846 0.47028186274509803 0
1679225828596 0.5202205882352942 0
1679225833392 0.5327818627450981 0
1679225838216 0.5456495098039216 0
1679225843255 0.5560661764705882 0
1679225847917 0.5563725490196079 0
1679225867050 0.03431372549019608 0
1679225872133 0.18382352941176472 0
1679225877050 0.3284313725490196 0
1679225881380 0.42034313725490197 0
1679225886300 0.4696691176470588 0
1679225891121 0.5131740196078431 0
1679225895847 0.5315563725490197 0
1679225900599 0.5266544117647058 0
1679225905510 0.5379901960784313 0
1679225910343 0.5490196078431373 0
1679225929541 0.042279411764705885 0
1679225934329 0.19148284313725492 0
1679225938602 0.34099264705882354 0
1679225943350 0.4420955882352941 0
1679225948078 0.4944852941176471 0
1679225953105 0.5275735294117647 0
1679225958091 0.5422794117647058 0
1679225962884 0.5625 0
1679225967418 0.578125 0
1679225972351 0.5698529411764706 0
1679225991902 0.0508578431372549 0
1679225996858 0.25306372549019607 0
1679226001756 0.3869485294117647 0
1679226006616 0.4638480392156863 0
1679226011567 0.5021446078431373 0
1679226016514 0.5330882352941176 0
1679226021311 0.5456495098039216 0
1679226026155 0.5658700980392157 0
1679226031053 0.5784313725490197 0
1679226035815 0.5818014705882353 0
1679226056652 0.06801470588235294 0
1679226061631 0.24908088235294118 0
1679226066351 0.38204656862745096 0
1679226071147 0.47089460784313725 0
1679226075943 0.5168504901960784 0
1679226080599 0.5569852941176471 0
1679226085284 0.5618872549019608 0
1679226090147 0.5768995098039216 0
1679226094939 0.5839460784313726 0
1679226099843 0.5977328431372549 0
1679226118590 0.06403186274509803 0
1679226123391 0.2346813725490196 0
1679226128419 0.35753676470588236 0
1679226133248 0.4644607843137255 0
1679226138070 0.508578431372549 0
1679226142785 0.5174632352941176 0
1679226147790 0.5572916666666666 0
1679226152749 0.5649509803921569 0
1679226157543 0.5879289215686274 0
1679226162325 0.5830269607843137 0
1679226182396 0.04197303921568627 0
1679226187235 0.20680147058823528 0
1679226192136 0.35049019607843135 0
1679226196827 0.42769607843137253 0
1679226201829 0.5012254901960784 0
1679226206498 0.5410539215686274 0
1679226211222 0.5618872549019608 0
1679226215900 0.5879289215686274 0
1679226220768 0.5958946078431373 0
1679226225707 0.609375 0
1679226245307 0.047487745098039214 0
1679226250211 0.21997549019607843 0
1679226255023 0.3538602941176471 0
1679226259892 0.4693627450980392 0
1679226264819 0.5012254901960784 0
1679226269682 0.5361519607843137 0
1679226274579 0.5637254901960784 0
1679226279500 0.571078431372549 0
1679226284467 0.6017156862745098 0
1679226288755 0.6004901960784313 0
1679226308716 0.028186274509803922 0
1679226313585 0.16482843137254902 0
1679226318653 0.31954656862745096 0
1679226323529 0.4209558823529412 0
1679226328474 0.4996936274509804 0
1679226333343 0.5428921568627451 0
1679226338152 0.5738357843137255 0
1679226342791 0.5888480392156863 0
1679226347533 0.6060049019607843 0
1679226352344 0.5983455882352942 0
