1679611795189 0.04927784226486073 0
1679611954356 0.020048011770959048 0
1679612108926 0.011161315615973336 0
1679612262959 0.012478480543398989 0
1679612417355 0.008820053269210629 0
1679612571005 0.005584221812289943 0
1679612725980 0.005893648579693767 0
1679612879249 0.00446610692792791 0
1679613034282 0.0057493568094277294 0
1679613189908 0.0030662366289514846 0
1679613256673 0.5209412896648049 0
1679613304932 0.03040258316099644 0
1679613353829 0.018335556207597255 0
1679613402289 0.014991668611764907 0
1679613451510 0.016897475381195546 0
1679613500565 0.017449793584644796 0
1679613549149 0.02012012289315462 0
1679613604771 0.01216044711470604 0
1679613653579 0.00993337142020464 0
1679613702146 0.01674185647070408 0
1679613771419 0.6056972880601883 0
1679613819579 0.04379808466434479 0
1679613869102 0.029011231902241707 0
1679613918211 0.02868712086826563 0
1679613966330 0.029069877691566944 0
1679614014311 0.025132957161962986 0
1679614062446 0.023630244785547257 0
1679614111086 0.021400407426059247 0
1679614160547 0.018401527732610702 0
1679614208846 0.027049077047407628 0
1679614279363 0.6385870198816062 0
1679614328528 0.05446963935643435 0
1679614377429 0.03741463865637779 0
1679614426390 0.03499447608590126 0
1679614475866 0.030647323401272297 0
1679614524398 0.03257799031436443 0
1679614573548 0.03051913231909275 0
1679614622719 0.03185239397585392 0
1679614671068 0.02901766464114189 0
1679614719978 0.035799439311027526 0
1679614791388 0.7574822604000568 0
1679614840763 0.06250702944397926 0
1679614889621 0.04441788813173771 0
1679614938617 0.03582037562727928 0
1679614987379 0.045185377472639086 0
1679615036803 0.033878137621283534 0
1679615086218 0.03980679349005222 0
1679615134346 0.04558291880488396 0
1679615183043 0.03980519281923771 0
1679615231788 0.032297308996319773 0
1679615305394 0.9414731362402439 0
1679615353954 0.09969662846624851 0
1679615401824 0.06407972441017627 0
1679615451190 0.05622382342219353 0
1679615499540 0.052057136487960814 0
1679615548301 0.049550033143162725 0
1679615597109 0.05430864882171154 0
1679615645221 0.047317785906791685 0
1679615693678 0.03981941222250462 0
1679615743011 0.05661004084944725 0
1679615819591 1.0210750275582074 0
1679615868956 0.11014831359684467 0
1679615916841 0.07056744505763055 0
1679615965496 0.06514497069120408 0
1679616013938 0.055079944622516634 0
1679616062724 0.0548952929019928 0
1679616118693 0.05109609929025173 0
1679616167475 0.04610512664020062 0
1679616215047 0.05452082036137581 0
1679616263172 0.05685765678882599 0
1679616339322 0.9401514807939529 0
1679616388538 0.08815178422629834 0
1679616437087 0.05620523985922336 0
1679616485502 0.04782405341565609 0
1679616535196 0.04867950495779514 0
1679616583652 0.0406978706240654 0
1679616631973 0.049291721978783606 0
1679616681453 0.04285616584718227 0
1679616730152 0.04681655601859093 0
1679616779129 0.04705704199075699 0
1679616859117 1.0482681574046613 0
1679616908243 0.11374645446836948 0
1679616957312 0.0678970830142498 0
1679617005249 0.0631379258364439 0
1679617053974 0.061043164798617364 0
1679617102837 0.05057148125469685 0
1679617151615 0.06235830218493939 0
1679617200182 0.04791372762322426 0
1679617248868 0.04992960636615753 0
1679617297471 0.05110111125707626 0
1679617378280 1.1192945462286472 0
1679617427001 0.14105319481790066 0
1679617476496 0.08748737199902534 0
1679617525014 0.08489289045631886 0
1679617573486 0.06268915508985519 0
1679617623125 0.055671487680077555 0
1679617672913 0.057794225731492045 0
1679617721090 0.05769669604897499 0
1679617770162 0.05312734581232071 0
1679617818866 0.060584174513816834 0
1679617901077 1.1617164139509202 0
1679617950012 0.10535220690965652 0
1679617998746 0.06574257142543792 0
1679618047780 0.06189111206233502 0
1679618096718 0.06323811277747154 0
1679618145332 0.056457198759913445 0
1679618193539 0.04903247275650501 0
1679618243486 0.05234892204999924 0
1679618291837 0.0556607707798481 0
1679618341248 0.05412650696635246 0
1679618425703 1.0960644984722137 0
1679618474684 0.1622379297554493 0
1679618523325 0.09222324593365193 0
1679618572548 0.07048027541935444 0
1679618621430 0.07360536350309849 0
1679618670046 0.06585707183480263 0
1679618719854 0.07037358086705207 0
1679618775895 0.0654077263712883 0
1679618825065 0.058606242871284485 0
1679618873092 0.057153461462259296 0
1679618960363 1.2296425703167915 0
1679619009169 0.13517251486182214 0
1679619058638 0.07290393633544445 0
1679619106872 0.06945301712751388 0
1679619156258 0.06698308254182339 0
1679619205777 0.06167089721262455 0
1679619253825 0.05778350136578083 0
1679619302890 0.05826074315309525 0
1679619352321 0.059053524506092074 0
1679619400354 0.060606497639417646 0
1679619488192 1.2330762659788133 0
1679619537412 0.1666337448745966 0
1679619586511 0.09314614520967007 0
1679619635532 0.07652514494657517 0
1679619684136 0.07194989830553532 0
1679619732437 0.06172695083618164 0
1679619781410 0.06855719966292381 0
1679619830774 0.06567729021310806 0
1679619880075 0.06648318937420845 0
1679619928911 0.06553453760743141 0
1679620019496 1.2711603454113007 0
1679620068412 0.15182934015095234 0
1679620117798 0.09023321435153485 0
1679620166482 0.07168827872574329 0
1679620215420 0.07537183586955071 0
1679620264482 0.07236156339645386 0
1679620313890 0.07465979239344597 0
1679620363455 0.06716528127789498 0
1679620412689 0.06930627028942109 0
1679620461424 0.06668387361168861 0
1679620553520 1.316221410059929 0
1679620603289 0.2132993498802185 0
1679620653064 0.11329668081998825 0
1679620701623 0.09481913052499294 0
1679620751241 0.08134452105760574 0
1679620800159 0.07816748467683791 0
1679620848708 0.07908349328637124 0
1679620897177 0.07348803645968437 0
1679620946089 0.08535687770843506 0
1679620995223 0.0731173673093319 0
1679621090086 1.4099071534514427 0
1679621139463 0.21474680707454682 0
1679621188882 0.12436982066035271 0
1679621236533 0.09602545115351677 0
1679621286154 0.0811244312465191 0
1679621335517 0.09606580718755722 0
1679621384823 0.0794789545595646 0
1679621433404 0.08378209317326546 0
1679621483074 0.07928102929592133 0
1679621532997 0.08981195203065873 0
1679621639052 1.5168708655118943 0
1679621688453 0.2768372895002365 0
1679621737233 0.14182904517054556 0
1679621785594 0.10571358724236489 0
1679621835027 0.10781423944830894 0
1679621883440 0.08972076443433762 0
1679621932780 0.09706629443764686 0
1679621982335 0.09587845146656036 0
1679622032132 0.09772456273436546 0
1679622080619 0.09092932938933372 0
1679622179889 1.3534369545102118 0
1679622228735 0.16016918814480305 0
1679622277196 0.08786235756874085 0
1679622326231 0.08073546733558178 0
1679622376276 0.08491483580470086 0
1679622425040 0.07615452548265457 0
1679622474252 0.0767660199046135 0
1679622523053 0.07971973401308059 0
1679622571843 0.08329823138713836 0
1679622621339 0.08543685998916627 0
1679622723268 1.624149107837677 0
1679622772272 0.3871278610229492 0
1679622820689 0.18125955122709275 0
1679622869880 0.13076575204730034 0
1679622919492 0.12340304538011551 0
1679622967997 0.11772936760187148 0
1679623016462 0.11411664198637009 0
1679623066267 0.1095462529718876 0
1679623115072 0.10303509856462478 0
1679623164327 0.1049087417960167 0
