1679611795195 154.06706718192436 0
1679611954370 158.82190850400366 0
1679612108936 154.19648742699064 0
1679612262968 153.68384128797334 0
1679612417368 154.0470192040084 0
1679612571011 153.30463567306288 0
1679612725988 154.6260774700204 0
1679612879257 152.94103677396197 0
1679613034292 154.69249108002987 0
1679613189915 155.28449159197044 0
1679613256683 47.528513054014184 0
1679613304938 47.99124900402967 0
1679613353838 48.63039172498975 0
1679613402298 48.18737045908347 0
1679613451519 48.92947733798064 0
1679613500573 48.77750741096679 0
1679613549156 48.31707983603701 0
1679613604778 55.34682867198717 0
1679613653586 48.52216317493003 0
1679613702156 48.27541022305377 0
1679613771433 48.27334731002338 0
1679613819588 47.846067766076885 0
1679613869110 49.23795883799903 0
1679613918220 48.82382151100319 0
1679613966341 47.861381038906984 0
1679614014319 47.689269969007 0
1679614062453 47.867902645026334 0
1679614111093 48.36578725196887 0
1679614160556 49.166935345041566 0
1679614208852 47.99613642599434 0
1679614279371 47.62093132606242 0
1679614328536 48.88591693597846 0
1679614377439 48.618209401960485 0
1679614426399 48.670992856961675 0
1679614475875 49.181801880011335 0
1679614524405 48.22109439200722 0
1679614573559 48.862834951025434 0
1679614622724 48.881613185978495 0
1679614671076 48.06208401999902 0
1679614719987 48.615309283020906 0
1679614791398 47.5963582189288 0
1679614840769 49.09181760495994 0
1679614889629 48.54868784407154 0
1679614938624 48.67673973203637 0
1679614987386 48.46506297099404 0
1679615036810 49.140884381951764 0
1679615086225 49.096638635965064 0
1679615134356 47.84927038499154 0
1679615183056 48.39431737503037 0
1679615231796 48.44725261197891 0
1679615305402 47.94521856599022 0
1679615353969 48.26109721395187 0
1679615401842 47.54546201298945 0
1679615451199 49.07058550196234 0
1679615499547 48.05074599292129 0
1679615548307 48.4742792439647 0
1679615597117 48.5212190290913 0
1679615645231 47.79894789599348 0
1679615693685 48.15496820700355 0
1679615743020 49.02179488399997 0
1679615819599 48.75207263091579 0
1679615868965 49.06200955098029 0
1679615916849 47.576066931011155 0
1679615965505 48.36339182406664 0
1679616013945 48.15088641096372 0
1679616062735 48.46207713801414 0
1679616118702 55.63469299499411 0
1679616167482 48.48395215696655 0
1679616215059 47.278376370086335 0
1679616263179 47.81585937505588 0
1679616339329 47.11277426802553 0
1679616388549 48.8878959499998 0
1679616437095 48.25010807206854 0
1679616485509 48.12126245594118 0
1679616535204 49.401193690951914 0
1679616583658 48.11969242896885 0
1679616631980 48.00407479295973 0
1679616681460 49.18876476096921 0
1679616730167 48.400517966016196 0
1679616779136 48.63091500499286 0
1679616859124 49.130060736089945 0
1679616908251 48.800944850896485 0
1679616957330 48.75791573594324 0
1679617005258 47.59669112809934 0
1679617053985 48.388182434020564 0
1679617102846 48.542348040034994 0
1679617151634 48.433500564075075 0
1679617200191 48.24520516593475 0
1679617248876 48.37361270899419 0
1679617297484 48.28336633602157 0
1679617378293 48.192996065015905 0
1679617427008 48.40022869606037 0
1679617476506 49.17353762197308 0
1679617525024 48.198715928941965 0
1679617573498 48.15977365197614 0
1679617623133 49.29871768900193 0
1679617672925 49.4622999150306 0
1679617721097 47.84080560307484 0
1679617770181 48.76379813696258 0
1679617818876 48.39683474204503 0
1679617901086 47.79828113899566 0
1679617950021 48.62628056900576 0
1679617998757 48.3875238239998 0
1679618047799 48.707433832925744 0
1679618096726 48.60441725398414 0
1679618145347 48.25176719506271 0
1679618193551 47.842762568965554 0
1679618243494 49.62378224206623 0
1679618291847 48.03297898406163 0
1679618341259 49.07354852906428 0
1679618425715 48.66790056892205 0
1679618474694 48.62878503603861 0
1679618523334 48.31832337100059 0
1679618572556 48.88983442902099 0
1679618621449 48.55585134297144 0
1679618670057 48.2847703199368 0
1679618719864 49.46141446498223 0
1679618775903 55.72339774295688 0
1679618825074 48.82716344308574 0
1679618873102 47.681553606991656 0
1679618960376 49.177363627939485 0
1679619009178 48.4885715249693 0
1679619058646 49.1218228059588 0
1679619106888 47.906203801045194 0
1679619156266 49.06377357605379 0
1679619205786 49.179834136972204 0
1679619253833 47.72198364790529 0
1679619302899 48.730984383961186 0
1679619352328 49.09938909497578 0
1679619400362 47.698158373939805 0
1679619488200 47.60353461501654 0
1679619537420 48.891075565014035 0
1679619586519 48.77463700401131 0
1679619635541 48.70483185094781 0
1679619684145 48.29873379506171 0
1679619732445 47.999153279932216 0
1679619781418 48.638451694045216 0
1679619830782 49.03372114605736 0
1679619880084 48.98314638494048 0
1679619928921 48.46400388190523 0
1679620019506 48.54628278501332 0
1679620068420 48.54859978402965 0
1679620117806 49.046973131014965 0
1679620166490 48.33377159398515 0
1679620215429 48.59706406609621 0
1679620264490 48.72985055996105 0
1679620313898 49.051879063015804 0
1679620363464 49.235314962104894 0
1679620412698 48.90934849297628 0
1679620461433 48.34850201988593 0
1679620553528 48.34152067801915 0
1679620603311 49.42509534792043 0
1679620653073 49.38678266003262 0
1679620701632 48.14966588804964 0
1679620751256 49.25172520393971 0
1679620800168 48.559251929982565 0
1679620848716 48.18155836802907 0
1679620897186 48.126740837004036 0
1679620946097 48.55394527805038 0
1679620995232 48.78953716601245 0
1679621090094 48.849633152014576 0
1679621139471 49.045342939090915 0
1679621188891 49.07955685304478 0
1679621236542 47.309196413028985 0
1679621286163 49.2720998149598 0
1679621335537 49.01251460600179 0
1679621384832 48.920872870017774 0
1679621433414 48.22621677292045 0
1679621483085 49.31131889601238 0
1679621533006 49.53959468193352 0
1679621639061 48.94834997900762 0
1679621688467 49.01970813795924 0
1679621737242 48.44428882095963 0
1679621785603 48.00572602299508 0
1679621835036 49.078170510940254 0
1679621883449 48.04960649693385 0
1679621932789 49.01824975491036 0
1679621982344 49.17636277200654 0
1679622032141 49.44241843908094 0
1679622080631 48.09841030393727 0
1679622179903 49.412539650918916 0
1679622228745 48.464933131006546 0
1679622277205 48.10885511606466 0
1679622326240 48.70804745797068 0
1679622376285 49.6615051550325 0
1679622425049 48.41777981398627 0
1679622474261 48.864839462097734 0
1679622523063 48.442604328971356 0
1679622571853 48.386324249906465 0
1679622621360 49.13620330707636 0
1679622723278 49.64558937307447 0
1679622772282 48.65531605400611 0
1679622820699 48.061624074936844 0
1679622869893 48.824088062974624 0
1679622919502 49.23725632100832 0
1679622968008 48.108603905071504 0
1679623016472 48.06058041390497 0
1679623066286 49.429959809058346 0
1679623115083 48.43453398300335 0
1679623164337 48.90175986196846 0
