1672499567962 0.22932483743233928 0
1672499571514 0.09527152324416514 0
1672499575285 0.07939707774219328 0
1672499578813 0.055523115530417395 0
1672499582411 0.062350108244231546 0
1672499637508 0.1387742794969083 0
1672499643727 0.019681172622836925 0
1672499649796 0.021544686484130986 0
1672499655779 0.013078242455988676 0
1672499661892 0.010771978874511031 0
1672499719608 0.20146065158848786 0
1672499725554 0.015301964302347267 0
1672499731762 0.011590556376237007 0
1672499738139 0.014075252799550292 0
1672499744339 0.01488691128668071 0
1672499801351 0.26175320165832294 0
1672499807457 0.011359374745225343 0
1672499814536 0.001552919069986648 0
1672499820734 0.004731883986893484 0
1672499826933 0.01827949104841251 0
1672499930788 0.15220532836247141 0
1672499937275 0.010222045247822555 0
1672499943523 0.010230468906802077 0
1672499949692 0.011521899078708528 0
1672499955981 0.008667171828966088 0
1672500059978 0.16595521069897468 0
1672500066232 0.006957392310045216 0
1672500072674 0.005456589523264733 0
1672500078844 0.006437651537729208 0
1672500085601 0.0011386432266087916 0
1672500192463 0.19844225158756545 0
1672500198789 0.005818626544004058 0
1672500204842 0.0031652412095607495 0
1672500211000 0.009371915876707009 0
1672500217157 0.000758389482112364 0
1672500408863 0.1464843129620217 0
1672500416031 0.008493418335187594 0
1672500422154 0.0008764508011107784 0
1672500428404 0.0039533624493719305 0
1672500435230 0.015366727536880233 0
1672500628775 0.15528959766828368 0
1672500635133 0.010322901739715973 0
1672500641498 0.006552568008442446 0
1672500647768 0.00888739023359695 0
1672500654379 0.005885146094107231 0
