1672499567959 0.9339655172413793 0
1672499571510 0.9691379310344828 0
1672499575269 0.9758620689655172 0
1672499578797 0.9832758620689656 0
1672499582395 0.981551724137931 0
1672499637492 0.9667928098391675 0
1672499643711 0.9943235572374646 0
1672499649779 0.993755912961211 0
1672499655763 0.9967833491012299 0
1672499661888 0.9970671712393566 0
1672499719592 0.9574266792809839 0
1672499725537 0.9955534531693472 0
1672499731746 0.9962157048249763 0
1672499738122 0.9954588457899716 0
1672499744323 0.9951750236518448 0
1672499801334 0.9545884578997161 0
1672499807440 0.9966887417218543 0
1672499814520 0.9994323557237464 0
1672499820717 0.9984862819299906 0
1672499826916 0.9950804162724692 0
1672499930771 0.9757805108798486 0
1672499937258 0.9969725638599811 0
1672499943506 0.9971617786187322 0
1672499949676 0.9965941343424787 0
1672499955976 0.9972563859981078 0
1672500059961 0.9718070009460738 0
1672500066227 0.9982970671712393 0
1672500072669 0.9977294228949858 0
1672500078828 0.9980132450331126 0
1672500085585 0.9996215704824977 0
1672500192447 0.967360454115421 0
1672500198772 0.998391674550615 0
1672500204825 0.9991485335856197 0
1672500210983 0.9971617786187322 0
1672500217152 0.9997161778618733 0
1672500408846 0.9727530747398297 0
1672500416015 0.9969725638599811 0
1672500422137 0.9996215704824977 0
1672500428399 0.9986754966887417 0
1672500435213 0.9966887417218543 0
1672500628758 0.9700094607379376 0
1672500635117 0.9964049195837276 0
1672500641481 0.9982024597918637 0
1672500647751 0.9972563859981078 0
1672500654362 0.9984862819299906 0
