1679635005255 0.9806931596884129 0
1679635166502 0.9947358812074002 0
1679635321593 0.9962268743914313 0
1679635477228 0.9977482960077897 0
1679635632615 0.9974592259006816 0
1679635787011 0.9986459347614411 0
1679635942093 0.9979765092502434 0
1679636097438 0.9988741480038948 0
1679636251275 0.9986155063291139 0
1679636407280 0.9990567185978578 0
1679636474941 0.9426 0
1679636523144 0.99665 0
1679636573177 0.9969 0
1679636621885 0.99785 0
1679636677384 0.99785 0
1679636726842 0.99895 0
1679636775335 0.9996 0
1679636824404 0.99615 0
1679636873283 0.9994 0
1679636921588 0.99725 0
1679636990979 0.911 0
1679637039678 0.99025 0
1679637086452 0.99465 0
1679637135584 0.9969 0
1679637183794 0.99585 0
1679637231825 0.99595 0
1679637280477 0.997 0
1679637328662 0.99755 0
1679637377047 0.99475 0
1679637426115 0.99785 0
1679637496888 0.855 0
1679637545092 0.9861 0
1679637593759 0.9895 0
1679637643162 0.9927 0
1679637692456 0.99305 0
1679637741048 0.9954 0
1679637789345 0.9956 0
1679637838340 0.9974 0
1679637885691 0.99415 0
1679637934618 0.99585 0
1679638007735 0.81935 0
1679638056083 0.98415 0
1679638104702 0.99275 0
1679638153363 0.99275 0
1679638202817 0.99525 0
1679638251576 0.99195 0
1679638299700 0.9976 0
1679638354749 0.99225 0
1679638403234 0.99475 0
1679638451884 0.99475 0
1679638525786 0.79625 0
1679638574545 0.9786 0
1679638623349 0.9876 0
1679638672523 0.9918 0
1679638720891 0.99085 0
1679638769214 0.9922 0
1679638817412 0.9941 0
1679638866745 0.9939 0
1679638915403 0.9954 0
1679638964130 0.99535 0
1679639039678 0.83235 0
1679639088888 0.98315 0
1679639137803 0.98995 0
1679639186365 0.9915 0
1679639234254 0.9916 0
1679639283804 0.995 0
1679639332001 0.9942 0
1679639380199 0.99585 0
1679639428946 0.9934 0
1679639478434 0.9954 0
1679639556932 0.84135 0
1679639606060 0.9758 0
1679639654942 0.9889 0
1679639703822 0.9908 0
1679639752705 0.9931 0
1679639801721 0.99115 0
1679639849956 0.9961 0
1679639898728 0.9953 0
1679639947294 0.9936 0
1679639995902 0.997 0
1679640075389 0.8398 0
1679640123888 0.98325 0
1679640173297 0.9911 0
1679640228607 0.9926 0
1679640277553 0.99375 0
1679640327182 0.99435 0
1679640376830 0.99395 0
1679640425492 0.9939 0
1679640474535 0.99635 0
1679640522974 0.99545 0
1679640604323 0.7902 0
1679640653501 0.9718 0
1679640702250 0.9826 0
1679640750703 0.9883 0
1679640801111 0.9919 0
1679640848533 0.9908 0
1679640897733 0.9906 0
1679640945653 0.99435 0
1679640994824 0.9928 0
1679641043828 0.99465 0
1679641126240 0.80295 0
1679641175541 0.96835 0
1679641224419 0.98255 0
1679641273153 0.9872 0
1679641322451 0.988 0
1679641371466 0.9919 0
1679641419229 0.99295 0
1679641468353 0.992 0
1679641517296 0.9952 0
1679641566421 0.992 0
1679641652210 0.77725 0
1679641701168 0.94585 0
1679641749989 0.9725 0
1679641798587 0.9829 0
1679641847621 0.9881 0
1679641896719 0.9891 0
1679641946704 0.9903 0
1679641995466 0.99175 0
1679642044389 0.9897 0
1679642093386 0.99425 0
1679642188107 0.77335 0
1679642236689 0.96895 0
1679642285996 0.985 0
1679642335115 0.98835 0
1679642384570 0.98905 0
1679642433881 0.9923 0
1679642483482 0.99045 0
1679642532619 0.9937 0
1679642581161 0.99425 0
1679642630112 0.99415 0
1679642718080 0.7539 0
1679642767259 0.96015 0
1679642816337 0.9795 0
1679642864799 0.98505 0
1679642913639 0.98655 0
1679642962343 0.98925 0
1679643011808 0.992 0
1679643060895 0.9909 0
1679643109471 0.98965 0
1679643159134 0.9915 0
1679643250574 0.7579 0
1679643299070 0.9562 0
1679643348077 0.97735 0
1679643396518 0.98315 0
1679643446161 0.98575 0
1679643494606 0.98895 0
1679643543127 0.9883 0
1679643592060 0.9906 0
1679643641228 0.99035 0
1679643690015 0.988 0
1679643782967 0.7557 0
1679643831883 0.94895 0
1679643881087 0.9752 0
1679643930438 0.9841 0
1679643979359 0.98405 0
1679644028177 0.98625 0
1679644077441 0.9884 0
1679644125692 0.9901 0
1679644174821 0.9872 0
1679644224012 0.99165 0
1679644323046 0.71275 0
1679644371791 0.9355 0
1679644421136 0.9671 0
1679644469587 0.9759 0
1679644518788 0.98085 0
1679644568196 0.98255 0
1679644617596 0.9849 0
1679644666758 0.98745 0
1679644715516 0.988 0
1679644764491 0.98705 0
1679644861905 0.74165 0
1679644911199 0.94855 0
1679644960089 0.975 0
1679645008471 0.98145 0
1679645057132 0.9841 0
1679645106531 0.98645 0
1679645155252 0.98745 0
1679645203955 0.98515 0
1679645252259 0.98635 0
1679645301500 0.9904 0
1679645400628 0.7233 0
1679645450617 0.93125 0
1679645499993 0.96625 0
1679645549614 0.97805 0
1679645597866 0.9794 0
1679645647090 0.98605 0
1679645695985 0.9846 0
1679645745293 0.98175 0
1679645794388 0.9892 0
1679645844639 0.98915 0
1679645945053 0.72485 0
1679645993951 0.9441 0
1679646042701 0.97425 0
1679646091466 0.97965 0
1679646139977 0.98355 0
1679646188777 0.98335 0
1679646238309 0.98525 0
1679646287477 0.98635 0
1679646336119 0.98865 0
1679646385087 0.9863 0
