1679635005271 155.23330377205275 0
1679635166521 160.87222020002082 0
1679635321618 154.72417071799282 0
1679635477248 155.27137697697617 0
1679635632639 155.02825517905876 0
1679635787030 154.03295285406057 0
1679635942115 154.71100192295853 0
1679636097465 154.96096057095565 0
1679636251292 153.4627810519887 0
1679636407305 155.64897097600624 0
1679636474966 47.981909802998416 0
1679636523162 47.91381768800784 0
1679636573198 49.747342432965524 0
1679636621903 48.40331656904891 0
1679636677403 55.192107849987224 0
1679636726862 49.181566198007204 0
1679636775360 48.213710356969386 0
1679636824425 48.76321252505295 0
1679636873302 48.570800173911266 0
1679636921611 47.993682508938946 0
1679636990995 48.305936765973456 0
1679637039692 48.43264904804528 0
1679637086473 46.4622782060178 0
1679637135602 48.83535523805767 0
1679637183817 47.93462544993963 0
1679637231851 47.72968922497239 0
1679637280496 48.34712497401051 0
1679637328682 47.899562017060816 0
1679637377072 48.069534076959826 0
1679637426132 48.77586862700991 0
1679637496908 48.0346838060068 0
1679637545111 47.9185199389467 0
1679637593777 48.36536580696702 0
1679637643180 49.12281333701685 0
1679637692475 48.97629207698628 0
1679637741068 48.28968939103652 0
1679637789362 48.00037315895315 0
1679637838358 48.70560641004704 0
1679637885712 47.06882084207609 0
1679637934636 48.628776864963584 0
1679638007757 48.90335477492772 0
1679638056106 48.027321411063895 0
1679638104721 48.31698215403594 0
1679638153383 48.354287569993176 0
1679638202846 49.12756034603808 0
1679638251593 48.463001289987005 0
1679638299723 47.802815842907876 0
1679638354766 54.73219367302954 0
1679638403246 48.14633442298509 0
1679638451914 48.34291879693046 0
1679638525804 48.21430782508105 0
1679638574580 48.47135268407874 0
1679638623367 48.46240613691043 0
1679638672541 48.861634796950966 0
1679638720905 48.02871826197952 0
1679638769233 48.02358676795848 0
1679638817432 47.87182000291068 0
1679638866762 49.02306383301038 0
1679638915422 48.35602711001411 0
1679638964151 48.42405701498501 0
1679639039696 47.994313600007445 0
1679639088910 48.89833102899138 0
1679639137827 48.606978005031124 0
1679639186384 48.26193280599546 0
1679639234274 47.57639961398672 0
1679639283825 49.23802696901839 0
1679639332021 47.85200822597835 0
1679639380219 47.87440642702859 0
1679639428970 48.43942677299492 0
1679639478452 49.18135408998933 0
1679639556951 49.33034191199113 0
1679639606082 48.79271731793415 0
1679639654960 48.56572363793384 0
1679639703847 48.56642386491876 0
1679639752725 48.5688701729523 0
1679639801741 48.69094988098368 0
1679639849977 47.89113529899623 0
1679639898748 48.452140478999354 0
1679639947318 48.22275329800323 0
1679639995929 48.27780800499022 0
1679640075429 48.41394870809745 0
1679640123909 48.17198703705799 0
1679640173314 49.08553231297992 0
1679640228633 54.98798233503476 0
1679640277572 48.6010400300147 0
1679640327201 49.313350080978125 0
1679640376846 49.329778807004914 0
1679640425512 48.344966410892084 0
1679640474556 48.711490008980036 0
1679640522992 48.12509495206177 0
1679640604343 48.880093021085486 0
1679640653537 48.85992090194486 0
1679640702268 48.399156742030755 0
1679640750723 48.10799924400635 0
1679640801135 50.0729103180347 0
1679640848558 47.08831429691054 0
1679640897748 48.868528240942396 0
1679640945671 47.597744985017926 0
1679640994843 48.85764653002843 0
1679641043851 48.644695695023984 0
1679641126259 47.75112185906619 0
1679641175560 48.95709661394358 0
1679641224442 48.540331106982194 0
1679641273180 48.42554403003305 0
1679641322476 48.94851220201235 0
1679641371486 48.683474051067606 0
1679641419249 47.43435966502875 0
1679641468383 48.76148818200454 0
1679641517317 48.582484422950074 0
1679641566445 48.78376899799332 0
1679641652232 49.208973536035046 0
1679641701198 48.61461510206573 0
1679641750009 48.48635084507987 0
1679641798613 48.231039821053855 0
1679641847641 48.64434691902716 0
1679641896737 48.75483535300009 0
1679641946736 49.65083755296655 0
1679641995489 48.375005814014 0
1679642044406 48.59298462502193 0
1679642093412 48.6751307900995 0
1679642188134 56.14521925000008 0
1679642236710 48.22003004804719 0
1679642286028 48.93307203205768 0
1679642335144 48.7631213311106 0
1679642384590 49.12454800598789 0
1679642433909 48.98442738095764 0
1679642483514 49.249637764994986 0
1679642532645 48.77692090708297 0
1679642581186 48.18251680198591 0
1679642630146 48.59353915299289 0
1679642718097 48.022262144018896 0
1679642767293 48.82861618604511 0
1679642816358 48.746135746943764 0
1679642864821 48.10408629802987 0
1679642913665 48.4968182410812 0
1679642962364 48.326330863987096 0
1679643011834 49.106275532976724 0
1679643060926 48.70927864301484 0
1679643109490 48.20217732293531 0
1679643159153 49.3267221840797 0
1679643250600 49.16799600201193 0
1679643299098 48.12450272904243 0
1679643348099 48.64683692890685 0
1679643396553 48.10258707497269 0
1679643446182 49.258877860964276 0
1679643494626 48.09425182710402 0
1679643543150 48.17535048595164 0
1679643592081 48.59110788896214 0
1679643641248 48.81337644299492 0
1679643690037 48.42882066499442 0
1679643782987 48.677478739991784 0
1679643831903 48.571111069992185 0
1679643881118 48.85373036295641 0
1679643930460 48.974830513005145 0
1679643979389 48.54745983099565 0
1679644028198 48.474213867099024 0
1679644077465 48.87014361505862 0
1679644125712 47.87440285098273 0
1679644174844 48.77098927204497 0
1679644224046 48.845285159070045 0
1679644323067 52.63561343692709 0
1679644371808 48.37556025804952 0
1679644421157 48.97448297403753 0
1679644469608 48.081720873015 0
1679644518810 48.83024058199953 0
1679644568237 49.053534525912255 0
1679644617616 49.0091718849726 0
1679644666780 48.79812047292944 0
1679644715545 48.36655478004832 0
1679644764512 48.62226905301213 0
1679644861942 48.929232160095125 0
1679644911220 48.92803065304179 0
1679644960111 48.50854632805567 0
1679645008506 48.024802329950035 0
1679645057154 48.269579384010285 0
1679645106552 49.05161363002844 0
1679645155274 48.363257460994646 0
1679645203975 48.31530187593307 0
1679645252278 47.95836114697158 0
1679645301531 48.84724896505941 0
1679645400653 48.59326526790392 0
1679645450639 49.62943113199435 0
1679645500015 48.98647073400207 0
1679645549634 49.2360405609943 0
1679645597884 47.89941898593679 0
1679645647113 48.825788030051626 0
1679645696008 48.46251579502132 0
1679645745315 48.931869792053476 0
1679645794421 48.700554452021606 0
1679645844660 49.859305753954686 0
1679645945088 47.841828903066926 0
1679645993975 48.52270342304837 0
1679646042723 48.352269698050804 0
1679646091509 48.40172268205788 0
1679646139999 48.09024125605356 0
1679646188811 48.4126094999956 0
1679646238334 49.12940108194016 0
1679646287498 48.788399726036005 0
1679646336147 48.2717435680097 0
1679646385120 48.57487073203083 0
