1679635005265 0.058391139205990844 0
1679635166513 0.01987385507880345 0
1679635321609 0.014789338469315178 0
1679635477240 0.00786253446756504 0
1679635632633 0.00895868089615758 0
1679635787022 0.004373874001712899 0
1679635942106 0.00803199517116172 0
1679636097453 0.003983450132176492 0
1679636251286 0.0056946543443197935 0
1679636407295 0.0031404926291666475 0
1679636474955 0.4394974946424365 0
1679636523155 0.023088324062526228 0
1679636573189 0.02131219656765461 0
1679636621896 0.01696763671338558 0
1679636677396 0.01820172181725502 0
1679636726854 0.01487185831964016 0
1679636775350 0.009001067129522563 0
1679636824416 0.02421593543291092 0
1679636873294 0.01232388538122177 0
1679636921599 0.022809855653345586 0
1679636990990 0.6207153180450201 0
1679637039686 0.047822790464758874 0
1679637086465 0.032565630616247655 0
1679637135594 0.023053549061715604 0
1679637183807 0.02788480013012886 0
1679637231837 0.02921026127487421 0
1679637280488 0.024667631585896015 0
1679637328674 0.022646695072948933 0
1679637377062 0.03649244380444288 0
1679637426126 0.02244713489115238 0
1679637496900 0.8173684284865856 0
1679637545104 0.0673119914740324 0
1679637593770 0.05234974107444287 0
1679637643174 0.042268838557600975 0
1679637692467 0.0437800647675991 0
1679637741060 0.036809203478693965 0
1679637789356 0.03567563471496105 0
1679637838352 0.02884115183353424 0
1679637885704 0.04196381793022156 0
1679637934629 0.039996996158361435 0
1679638007746 0.9655296917200088 0
1679638056097 0.07544033870697021 0
1679638104713 0.04496767843961716 0
1679638153375 0.045220480769872666 0
1679638202834 0.038915368676185606 0
1679638251587 0.0573915559887886 0
1679638299714 0.033766128072142604 0
1679638354759 0.04942901631593704 0
1679638403241 0.044794885209202766 0
1679638451901 0.044807304295897486 0
1679638525796 1.003900224095583 0
1679638574565 0.0890249945551157 0
1679638623360 0.06240204878151417 0
1679638672535 0.050585925230383876 0
1679638720898 0.054785687485337256 0
1679638769225 0.053427019906044 0
1679638817424 0.04831580848395824 0
1679638866756 0.04924913590550423 0
1679638915414 0.043921491426229475 0
1679638964141 0.04316437556445599 0
1679639039689 0.8930010105848313 0
1679639088902 0.07329803041517735 0
1679639137816 0.05125945205390453 0
1679639186376 0.050946026158332824 0
1679639234266 0.049723135364055634 0
1679639283816 0.04081453127563 0
1679639332013 0.045516943502426147 0
1679639380210 0.0392657006829977 0
1679639428960 0.049853156688809394 0
1679639478445 0.04293222299516201 0
1679639556944 0.8798335051685572 0
1679639606073 0.09215923675894737 0
1679639654953 0.053352352866530416 0
1679639703838 0.04918627873957157 0
1679639752717 0.04356005143821239 0
1679639801733 0.05529929786622524 0
1679639849969 0.0377468777090311 0
1679639898740 0.041853053176403046 0
1679639947309 0.049679703867435455 0
1679639995919 0.03584608311355114 0
1679640075409 0.8466254623889923 0
1679640123901 0.0706034882992506 0
1679640173307 0.05000716288089752 0
1679640228623 0.044125852712988856 0
1679640277564 0.04347702805697918 0
1679640327193 0.04100992433428764 0
1679640376839 0.04437351503670216 0
1679640425504 0.044623016995191576 0
1679640474548 0.03777584179639816 0
1679640522985 0.04152829813361168 0
1679640604335 1.0030373787522315 0
1679640653525 0.11019354376494885 0
1679640702261 0.07513255307376385 0
1679640750715 0.060776005753874776 0
1679640801125 0.05255621595978737 0
1679640848549 0.05535835836231708 0
1679640897741 0.057660957488417625 0
1679640945663 0.046682319226861 0
1679640994835 0.053788587206602095 0
1679641043840 0.04821568103432655 0
1679641126252 1.036116699463129 0
1679641175553 0.11481089418530464 0
1679641224433 0.07322375033199788 0
1679641273166 0.06012961213588715 0
1679641322466 0.06408707707822323 0
1679641371478 0.0523505063444376 0
1679641419241 0.05200527182817459 0
1679641468370 0.05506021029949188 0
1679641517308 0.044677916666865346 0
1679641566435 0.058964113441109654 0
1679641652224 1.0625396058082581 0
1679641701189 0.184250776720047 0
1679641750001 0.10538094266653061 0
1679641798599 0.07666695951223373 0
1679641847633 0.06293776168227196 0
1679641896729 0.06180141503214836 0
1679641946721 0.058985971331596374 0
1679641995480 0.05550333521068096 0
1679642044399 0.06380040693283082 0
1679642093402 0.05235300370454788 0
1679642188124 1.1582591806828975 0
1679642236702 0.1146892293870449 0
1679642286016 0.06815110353529454 0
1679642335133 0.058741832342743876 0
1679642384582 0.0607224117487669 0
1679642433900 0.05324561317563057 0
1679642483499 0.0611609692722559 0
1679642532632 0.053134880822896954 0
1679642581176 0.05001556870341301 0
1679642630127 0.05136621840000152 0
1679642718089 1.136306234228611 0
1679642767279 0.13879585602283478 0
1679642816349 0.08330232164859772 0
1679642864811 0.06948550071418286 0
1679642913652 0.06918407089710235 0
1679642962356 0.06296873670816422 0
1679643011824 0.05451384952366352 0
1679643060915 0.05879036926627159 0
1679643109482 0.06726625226140022 0
1679643159145 0.06066442511677742 0
1679643250592 1.1300736075878144 0
1679643299084 0.1534342552602291 0
1679643348090 0.09034282695949078 0
1679643396540 0.07320927768647671 0
1679643446173 0.07163005667626858 0
1679643494617 0.06440471594035625 0
1679643543140 0.0682606482565403 0
1679643592072 0.0634927495777607 0
1679643641239 0.0657688494861126 0
1679643690028 0.07352357591986657 0
1679643782978 1.1703324343383312 0
1679643831895 0.172047829541564 0
1679643881106 0.09804415138065815 0
1679643930451 0.07229459363818169 0
1679643979378 0.07612872445881366 0
1679644028189 0.07592279186248779 0
1679644077456 0.06847189391851426 0
1679644125704 0.06491305527091026 0
1679644174835 0.07778476486802101 0
1679644224035 0.06639304622411728 0
1679644323058 1.2869878728985786 0
1679644371799 0.2101727714240551 0
1679644421148 0.12147453250586987 0
1679644469599 0.09835078716874122 0
1679644518801 0.08960025716423989 0
1679644568216 0.08296204540729522 0
1679644617607 0.08143717885017394 0
1679644666770 0.07391625138521195 0
1679644715534 0.0771423778295517 0
1679644764503 0.08197690340280533 0
1679644861919 1.2087829013109208 0
1679644911211 0.17696346400380134 0
1679644960103 0.09696845739483834 0
1679645008495 0.08054612556695938 0
1679645057145 0.07611508229672909 0
1679645106543 0.07312000995874404 0
1679645155265 0.06933250079154968 0
1679645203966 0.08187114906907082 0
1679645252269 0.08101887604594231 0
1679645301519 0.06993127657175065 0
1679645400644 1.2599847698092461 0
1679645450630 0.22489446793794632 0
1679645500006 0.12277205191552638 0
1679645549624 0.09486027698516845 0
1679645597875 0.09575649672746658 0
1679645647103 0.07964547609686852 0
1679645695999 0.08586787333488465 0
1679645745305 0.09430498361587525 0
1679645794408 0.07575494391322136 0
1679645844650 0.07499647232294082 0
1679645945073 1.2919464421391487 0
1679645993965 0.1845197312951088 0
1679646042714 0.10339396097362041 0
1679646091493 0.08721148442029952 0
1679646139990 0.07943724066019059 0
1679646188797 0.08407171291708947 0
1679646238323 0.08174894526600837 0
1679646287488 0.08023187146186829 0
1679646336137 0.07667340070009232 0
1679646385108 0.08543262328505516 0
