1680244761886 0.9919011780104712 0
1680244789229 0.9982002617801047 0
1680244816425 0.9999181937172775 0
1680244843927 0.9997545811518325 0
1680244871341 1.0 0
1680244898506 0.9999181937172775 0
1680244925760 1.0 0
1680244952723 1.0 0
1680244980141 0.9997545811518325 0
1680245007569 0.9999181937172775 0
1680245083266 0.9999644482366326 0
1680245158329 1.0 0
1680245233269 1.0 0
1680245308251 1.0 0
1680245382801 1.0 0
1680245456874 1.0 0
1680245532123 1.0 0
1680245607241 1.0 0
1680245682114 1.0 0
1680245756396 1.0 0
1680245832273 0.9999639145496536 0
1680245907870 1.0 0
1680245983714 1.0 0
1680246058661 1.0 0
1680246134300 0.9997113163972287 0
1680246210103 1.0 0
1680246285162 1.0 0
1680246360780 1.0 0
1680246436216 1.0 0
1680246510942 1.0 0
1680246586803 1.0 0
1680246661641 1.0 0
1680246736114 1.0 0
1680246811070 1.0 0
1680246886427 1.0 0
1680246961671 1.0 0
1680247037935 1.0 0
1680247113677 1.0 0
1680247188938 1.0 0
1680247264653 1.0 0
1680247334207 0.999958109919571 0
1680247400842 1.0 0
1680247468672 1.0 0
1680247535834 1.0 0
1680247603720 1.0 0
1680247670720 1.0 0
1680247738717 1.0 0
1680247806896 1.0 0
1680247874144 1.0 0
1680247942037 1.0 0
1680248041644 0.995843023255814 0
1680248138370 0.9988662790697674 0
1680248236193 0.9992732558139535 0
1680248333841 0.9997383720930233 0
1680248431598 0.9998255813953488 0
1680248528544 0.9998546511627907 0
1680248625388 0.9999709302325581 0
1680248722675 1.0 0
1680248819815 0.9999127906976745 0
1680248918114 0.9995058139534884 0
1680248982974 0.998389175257732 0
1680249046029 1.0 0
1680249108709 1.0 0
1680249172188 1.0 0
1680249235733 1.0 0
1680249298380 1.0 0
1680249361486 1.0 0
1680249424841 1.0 0
1680249487977 1.0 0
1680249550992 1.0 0
1680249576491 0.994745575221239 0
1680249599329 0.9987555309734514 0
1680249622217 0.9997234513274337 0
1680249645191 1.0 0
1680249668098 0.9997234513274337 0
1680249691311 1.0 0
1680249714141 1.0 0
1680249736911 0.9997234513274337 0
1680249759637 1.0 0
1680249782325 1.0 0
1680249859787 0.9947916666666666 0
1680249934752 0.9990993107769424 0
1680250009183 0.9998041979949874 0
1680250084096 1.0 0
1680250158798 1.0 0
1680250233254 1.0 0
1680250308237 1.0 0
1680250382784 1.0 0
1680250457563 1.0 0
1680250532435 1.0 0
1680250558481 0.9911123853211009 0
1680250581083 0.9994266055045872 0
1680250603618 0.9997133027522935 0
1680250626450 0.9985665137614679 0
1680250649119 0.9995699541284404 0
1680250671630 0.9995699541284404 0
1680250694340 0.9997133027522935 0
1680250716955 0.9997133027522935 0
1680250739475 0.9998566513761468 0
1680250762400 1.0 0
1680250788220 0.9895334928229665 0
1680250810114 0.9979066985645934 0
1680250832143 0.9988038277511961 0
1680250854200 0.9998504784688995 0
1680250876162 1.0 0
1680250898019 1.0 0
1680250919979 1.0 0
1680250942071 0.999700956937799 0
1680250964098 0.999700956937799 0
1680250986122 1.0 0
1680251010842 0.9845992822966507 0
1680251031410 0.9947667464114832 0
1680251051964 0.9998504784688995 0
1680251072613 0.9998504784688995 0
1680251093433 0.9998504784688995 0
1680251113685 1.0 0
1680251134285 1.0 0
1680251155081 0.9989533492822966 0
1680251176076 0.9989533492822966 0
1680251196376 0.9998504784688995 0
1680251221626 0.9933894230769231 0
1680251242618 0.9993990384615384 0
1680251263499 0.9995492788461539 0
1680251284725 0.9998497596153846 0
1680251305203 0.9989483173076923 0
1680251326156 0.9998497596153846 0
1680251347045 0.9993990384615384 0
1680251368313 1.0 0
1680251389361 1.0 0
1680251410281 1.0 0
