1680244761897 0.022211886003086927 0
1680244789240 0.006125282531328265 0
1680244816435 0.0007058812627915996 0
1680244843937 0.0007958351264853444 0
1680244871353 0.00023484659014582954 0
1680244898517 0.00032797500374892423 0
1680244925777 0.00019294007292374856 0
1680244952735 0.00021173051333396332 0
1680244980159 0.0009199397153896637 0
1680245007582 0.00013688293495998368 0
1680245083285 0.0001754399339770267 0
1680245158349 1.7055943300270267e-05 0
1680245233280 1.0710884691319996e-05 0
1680245308263 7.833876050671589e-06 0
1680245382814 7.406855142227064e-06 0
1680245456893 6.657642537865326e-06 0
1680245532135 4.747748846511968e-06 0
1680245607252 7.747382458723195e-06 0
1680245682125 7.409229065248565e-06 0
1680245756409 5.288372091993565e-06 0
1680245832284 0.00025449843657301827 0
1680245907888 3.3535847945812344e-05 0
1680245983726 3.390318636071016e-05 0
1680246058674 9.123591727928679e-06 0
1680246134314 0.0007598133833383029 0
1680246210117 2.6338360370947236e-05 0
1680246285174 1.3902173690430216e-05 0
1680246360791 1.3042683771858798e-05 0
1680246436231 7.893653328852299e-06 0
1680246510954 8.719677970602536e-06 0
1680246586816 8.703617969281218e-05 0
1680246661653 1.1439412567426643e-05 0
1680246736124 8.231617765652055e-06 0
1680246811089 1.1129368280518933e-05 0
1680246886445 4.879714234387483e-06 0
1680246961679 5.313216178804913e-06 0
1680247037955 4.2451256628666624e-06 0
1680247113687 4.303703680087046e-06 0
1680247188954 3.985107371799283e-06 0
1680247264664 3.2482734090742372e-06 0
1680247334218 0.00019865556191319835 0
1680247400854 1.634591866673024e-05 0
1680247468685 1.3038260762003659e-05 0
1680247535846 7.621623113043394e-06 0
1680247603736 9.389756604559564e-06 0
1680247670732 7.789800869399621e-06 0
1680247738728 5.95071425987632e-06 0
1680247806908 6.524787580307799e-06 0
1680247874155 5.08115638484864e-06 0
1680247942046 4.756079426772141e-06 0
1680248041657 0.01626251149927855 0
1680248138381 0.003477738238263005 0
1680248236205 0.0024374761637620903 0
1680248333854 0.0006102930831797874 0
1680248431615 0.0003930863375710963 0
1680248528558 0.0004100988854305226 0
1680248625403 0.00011077235069013451 0
1680248722687 5.682044275680033e-05 0
1680248819827 0.000181313564638659 0
1680248918126 0.0012554013672862248 0
1680248982986 0.007390323520070422 0
1680249046037 0.00025275501842307157 0
1680249108719 0.00017183905854277202 0
1680249172201 5.9596566428633256e-05 0
1680249235746 4.797056407994241e-05 0
1680249298401 4.863320834412303e-05 0
1680249361498 5.647592918664763e-05 0
1680249424853 4.9178557202174756e-05 0
1680249487993 4.497963637008383e-05 0
1680249551006 2.3826527389397644e-05 0
1680249576512 0.014922875521186351 0
1680249599345 0.002839582648017812 0
1680249622229 0.001048069693897922 0
1680249645202 0.00014358285408941376 0
1680249668113 0.0006346470918534594 0
1680249691321 0.00018823518178601664 0
1680249714152 7.55773913804165e-05 0
1680249736931 0.0008771608948133279 0
1680249759650 8.554991745315612e-05 0
1680249782333 7.9125527154609e-05 0
1680249859797 0.02838839245757976 0
1680249934764 0.0030163878827601763 0
1680250009197 0.0008577865007059142 0
1680250084108 7.984324891100884e-05 0
1680250158814 8.758582675014887e-05 0
1680250233268 5.2535378081176675e-05 0
1680250308248 4.584407878967095e-05 0
1680250382796 2.937056934102283e-05 0
1680250457577 3.444336300147445e-05 0
1680250532447 5.3697311857986664e-05 0
1680250558493 0.0332767637376767 0
1680250581098 0.003343371355227529 0
1680250603630 0.0022851476442990524 0
1680250626473 0.007285153883049551 0
1680250649134 0.0016254960623256853 0
1680250671651 0.00113635164366273 0
1680250694364 0.001510517764376796 0
1680250716977 0.0016669371226196229 0
1680250739493 0.0005677376258488848 0
1680250762415 0.0001401419137787635 0
1680250788231 0.03854337351900218 0
1680250810128 0.007461114485439876 0
1680250832156 0.004663913491731799 0
1680250854213 0.0011959612305585516 0
1680250876174 0.0004751301911009855 0
1680250898032 0.00025063719310079626 0
1680250919990 0.000223831425866514 0
1680250942084 0.001134600054257226 0
1680250964109 0.0008880344869328872 0
1680250986137 0.00021319139274342697 0
1680251010858 0.06220911523805147 0
1680251031422 0.015262340190568349 0
1680251051973 0.0022879484702866973 0
1680251072631 0.0012842565376654659 0
1680251093455 0.0005681172993570108 0
1680251113698 0.00024172882379489282 0
1680251134299 0.00019963148300351885 0
1680251155095 0.005110870881410164 0
1680251176094 0.004090456444149448 0
1680251196399 0.0014062302303221967 0
1680251221644 0.02642486236240634 0
1680251242640 0.002642860926121452 0
1680251263511 0.0012954117735874276 0
1680251284737 0.0004154280454232461 0
1680251305214 0.0031719585191205203 0
1680251326175 0.00036793877241664703 0
1680251347061 0.001127031078985178 0
1680251368332 0.00017044573884452172 0
1680251389380 0.0001356257269199327 0
1680251410299 0.00012121683137750621 0
