1680244761909 28.070364346000133 0
1680244789246 27.00108969399298 0
1680244816444 26.848855641990667 0
1680244843947 27.14813428898924 0
1680244871365 27.056679493005504 0
1680244898523 26.810478244005935 0
1680244925790 26.92812045798928 0
1680244952751 26.610531381011242 0
1680244980170 27.07545889999892 0
1680245007592 27.071592270003748 0
1680245083295 74.97633280399896 0
1680245158360 74.72892096699798 0
1680245233286 74.6017080879974 0
1680245308272 74.65644286799943 0
1680245382828 74.20565101600369 0
1680245456904 73.73195125498751 0
1680245532147 74.89423814999464 0
1680245607258 74.78782391099958 0
1680245682133 74.5320963490085 0
1680245756418 73.94783168999129 0
1680245832290 74.81809839500056 0
1680245907901 75.27094208999188 0
1680245983733 75.4921048170072 0
1680246058684 74.62523357300961 0
1680246134329 75.29146625500289 0
1680246210126 75.48038870000164 0
1680246285187 74.71756274199288 0
1680246360804 75.28907893800351 0
1680246436241 75.09464250299789 0
1680246510962 74.40180681200582 0
1680246586829 74.57260095300444 0
1680246661662 74.49720474000787 0
1680246736131 74.1452930259984 0
1680246811103 74.62040347199945 0
1680246886459 75.0207575700042 0
1680246961685 74.91334095800994 0
1680247037968 75.93349764200684 0
1680247113694 75.40301544198883 0
1680247188964 74.9527286139928 0
1680247264673 75.36455592300626 0
1680247334232 68.00304501599749 0
1680247400863 66.31052231500507 0
1680247468699 67.4980970450124 0
1680247535854 66.83379930999945 0
1680247603747 67.54715916600253 0
1680247670740 66.66894314800447 0
1680247738735 67.67237001600733 0
1680247806917 67.85344753900426 0
1680247874163 66.93022967300203 0
1680247942058 67.57379640600993 0
1680248041665 97.74670882899954 0
1680248138387 96.37959501899604 0
1680248236221 97.46811207800056 0
1680248333863 97.28452354100591 0
1680248431628 97.41248900000937 0
1680248528572 96.57255869000801 0
1680248625412 96.4849605079944 0
1680248722694 96.92537016900314 0
1680248819834 96.77402758799144 0
1680248918135 97.94233056399389 0
1680248982994 62.29228389399941 0
1680249046043 62.730854078006814 0
1680249108726 62.37110706200474 0
1680249172219 63.13596928300103 0
1680249235764 63.17336048200377 0
1680249298414 62.31948250500136 0
1680249361506 62.77271571100573 0
1680249424861 63.04656970599899 0
1680249488003 62.811528662001365 0
1680249551016 62.685599700998864 0
1680249576523 22.448524539009668 0
1680249599361 22.544956491008634 0
1680249622244 22.591401046011015 0
1680249645209 22.685344950994477 0
1680249668123 22.605422071996145 0
1680249691328 22.93275705400447 0
1680249714160 22.548073377998662 0
1680249736943 22.490561232014443 0
1680249759658 22.441279652004596 0
1680249782341 22.40700605198799 0
1680249859805 74.15979820699431 0
1680249934773 74.62856829700468 0
1680250009211 74.10478784199222 0
1680250084116 74.56723548599984 0
1680250158824 74.35703235999972 0
1680250233278 74.1266196390061 0
1680250308254 74.65135803000885 0
1680250382805 74.21459010399121 0
1680250457591 74.44177867300459 0
1680250532455 74.52827161899768 0
1680250558506 22.284348401008174 0
1680250581109 22.273349825991318 0
1680250603639 22.229159996000817 0
1680250626487 22.561730752000585 0
1680250649145 22.38258216700342 0
1680250671669 22.20678608000162 0
1680250694378 22.410170328992535 0
1680250716989 22.290721142009716 0
1680250739504 22.20682606799528 0
1680250762425 22.640923812010442 0
1680250788239 21.877179068003898 0
1680250810137 21.601491240988253 0
1680250832165 21.750266959003056 0
1680250854222 21.760591936996207 0
1680250876182 21.677610540995374 0
1680250898041 21.577464435002184 0
1680250919997 21.67258001898881 0
1680250942093 21.797038659002283 0
1680250964117 21.74566473500454 0
1680250986147 21.754312423989177 0
1680251010870 20.531305392985814 0
1680251031432 20.23766974499449 0
1680251051983 20.23039236300974 0
1680251072642 20.30358337299549 0
1680251093470 20.498681798009784 0
1680251113707 19.909229425000376 0
1680251134309 20.268156773003284 0
1680251155103 20.47455205299775 0
1680251176107 20.658550022999407 0
1680251196419 19.967945702999714 0
1680251221656 20.837556302009034 0
1680251242653 20.631302355002845 0
1680251263520 20.526150112986215 0
1680251284746 20.890585300992825 0
1680251305222 20.153371752996463 0
1680251326197 20.6142224810028 0
1680251347072 20.542731435998576 0
1680251368344 20.915908909999416 0
1680251389392 20.702622012002394 0
1680251410311 20.57820012800221 0
