1678811628772 0.8725490196078431 0
1678811638329 0.9583333333333334 0
1678811647199 0.9748774509803921 0
1678811656389 0.9813112745098039 0
1678811665434 0.9828431372549019 0
1678811674583 0.9960171568627451 0
1678811684022 0.992953431372549 0
1678811693292 0.9911151960784313 0
1678811702689 0.9862132352941176 0
1678811711955 0.9889705882352942 0
1678811778819 0.9217202970297029 0
1678811789189 0.9845297029702971 0
1678811798616 0.9931930693069307 0
1678811807788 0.9820544554455446 0
1678811817197 0.9916460396039604 0
1678811826524 0.9972153465346535 0
1678811835855 0.9975247524752475 0
1678811844940 0.9990717821782178 0
1678811854434 1.0 0
1678811863619 1.0 0
1678811923648 0.8663366336633663 0
1678811932872 0.9857673267326733 0
1678811943347 0.9935024752475248 0
1678811958029 0.9953589108910891 0
1678811972786 0.9882425742574258 0
1678811981945 0.9854579207920792 0
1678811991137 0.9904084158415841 0
1678812000608 0.9978341584158416 0
1678812009755 0.9984529702970297 0
1678812018885 0.9993811881188119 0
1678812079512 0.7800123762376238 0
1678812088718 0.9619430693069307 0
1678812097939 0.9832920792079208 0
1678812107235 0.9956683168316832 0
1678812116374 0.9900990099009901 0
1678812125542 0.995049504950495 0
1678812137031 0.9851485148514851 0
1678812151532 0.994740099009901 0
1678812165500 0.9941212871287128 0
1678812174841 0.9981435643564357 0
1678812237104 0.5659034653465347 0
1678812246402 0.8849009900990099 0
1678812255776 0.9597772277227723 0
1678812265176 0.9764851485148515 0
1678812274053 0.9820544554455446 0
1678812283226 0.979269801980198 0
1678812292356 0.989480198019802 0
1678812301339 0.9848391089108911 0
1678812310354 0.994430693069307 0
1678812319924 0.9959777227722773 0
1678812385451 0.4176980198019802 0
1678812394726 0.8115717821782178 0
1678812404174 0.9412128712871287 0
1678812413176 0.969059405940594 0
1678812422777 0.9851485148514851 0
1678812431942 0.989480198019802 0
1678812440967 0.9907178217821783 0
1678812450026 0.9842202970297029 0
1678812459181 0.9777227722772277 0
1678812468634 0.9935024752475248 0
1678812529294 0.3261138613861386 0
1678812540828 0.7311262376237624 0
1678812555341 0.875 0
1678812569391 0.9443069306930693 0
1678812578922 0.9678217821782178 0
1678812588506 0.963490099009901 0
1678812597883 0.9801980198019802 0
1678812607116 0.989480198019802 0
1678812616460 0.9891707920792079 0
1678812625727 0.9854579207920792 0
1678812686905 0.29517326732673266 0
1678812695979 0.7370049504950495 0
1678812705055 0.911819306930693 0
1678812714152 0.9653465346534653 0
1678812723677 0.9721534653465347 0
1678812736182 0.9783415841584159 0
1678812750879 0.9801980198019802 0
1678812763815 0.9805074257425742 0
1678812773049 0.9780321782178217 0
1678812782696 0.9848391089108911 0
1678812842254 0.28032178217821785 0
1678812851309 0.6779084158415841 0
1678812860521 0.8722153465346535 0
1678812869638 0.9142945544554455 0
1678812879097 0.9554455445544554 0
1678812887938 0.9761757425742574 0
1678812897151 0.9752475247524752 0
1678812906620 0.9811262376237624 0
1678812915767 0.9817450495049505 0
1678812929016 0.9805074257425742 0
1678812998998 0.23793316831683167 0
1678813008326 0.6352103960396039 0
1678813017596 0.8669554455445545 0
1678813026800 0.9390470297029703 0
1678813036224 0.9709158415841584 0
1678813045613 0.9780321782178217 0
1678813054798 0.9814356435643564 0
1678813064041 0.9829826732673267 0
1678813073109 0.9848391089108911 0
1678813082060 0.9860767326732673 0
1678813144572 0.23607673267326731 0
1678813153962 0.6460396039603961 0
1678813163689 0.8610767326732673 0
1678813173041 0.9359529702970297 0
1678813182469 0.9644183168316832 0
1678813191812 0.9699876237623762 0
1678813200910 0.9591584158415841 0
1678813210016 0.9891707920792079 0
1678813219959 0.9907178217821783 0
1678813230483 0.9854579207920792 0
1678813300125 0.2651608910891089 0
1678813309444 0.7258663366336634 0
1678813318629 0.9158415841584159 0
1678813327894 0.9526608910891089 0
1678813337446 0.9801980198019802 0
1678813346688 0.9823638613861386 0
1678813355945 0.9801980198019802 0
1678813365125 0.9820544554455446 0
1678813374285 0.9904084158415841 0
1678813383598 0.9941212871287128 0
1678813451429 0.2558787128712871 0
1678813460893 0.7042079207920792 0
1678813470432 0.9124381188118812 0
1678813479637 0.9545173267326733 0
1678813489007 0.9668935643564357 0
1678813498142 0.9808168316831684 0
1678813507376 0.979269801980198 0
1678813516575 0.9857673267326733 0
1678813526070 0.9811262376237624 0
1678813535294 0.989480198019802 0
1678813601586 0.29610148514851486 0
1678813616331 0.7561881188118812 0
1678813627869 0.9251237623762376 0
1678813637392 0.9668935643564357 0
1678813646963 0.9783415841584159 0
1678813656199 0.9851485148514851 0
1678813665371 0.9836014851485149 0
1678813674861 0.9786509900990099 0
1678813684333 0.9811262376237624 0
1678813693614 0.9938118811881188 0
1678813756587 0.22060643564356436 0
1678813765752 0.6098391089108911 0
1678813775329 0.8548886138613861 0
1678813789177 0.937809405940594 0
1678813803989 0.9585396039603961 0
1678813815476 0.9727722772277227 0
1678813824863 0.9863861386138614 0
1678813833927 0.9811262376237624 0
1678813843348 0.9783415841584159 0
1678813852612 0.9935024752475248 0
1678813914574 0.3626237623762376 0
1678813923639 0.8459158415841584 0
1678813932962 0.9409034653465347 0
1678813942180 0.9817450495049505 0
1678813951387 0.9845297029702971 0
1678813960489 0.9863861386138614 0
1678813972810 0.9836014851485149 0
1678813987558 0.9866955445544554 0
1678814000510 0.9916460396039604 0
1678814009991 0.9851485148514851 0
1678814075228 0.3146658415841584 0
1678814084446 0.7691831683168316 0
1678814093662 0.9195544554455446 0
1678814102806 0.9610148514851485 0
1678814111950 0.9771039603960396 0
1678814121326 0.9789603960396039 0
1678814130729 0.9851485148514851 0
1678814140033 0.9839108910891089 0
1678814149451 0.9910272277227723 0
1678814159715 0.9866955445544554 0
1678814230387 0.40160891089108913 0
1678814239930 0.8533415841584159 0
1678814249451 0.9569925742574258 0
1678814259077 0.9863861386138614 0
1678814268582 0.9919554455445545 0
1678814278023 0.9863861386138614 0
1678814287117 0.9969059405940595 0
1678814296430 0.9978341584158416 0
1678814305676 0.9956683168316832 0
1678814315062 0.9876237623762376 0
1678814382839 0.2716584158415842 0
1678814397035 0.724319306930693 0
1678814406485 0.9003712871287128 0
1678814415664 0.9566831683168316 0
1678814425094 0.9798886138613861 0
1678814434398 0.9746287128712872 0
1678814443427 0.9817450495049505 0
1678814452455 0.9870049504950495 0
1678814461801 0.9851485148514851 0
1678814471090 0.9851485148514851 0
1678814533876 0.3468440594059406 0
1678814543343 0.833230198019802 0
1678814552754 0.9501856435643564 0
1678814567273 0.9848391089108911 0
1678814582156 0.9938118811881188 0
1678814592159 0.9928836633663366 0
1678814601814 0.9900990099009901 0
1678814611436 0.9842202970297029 0
1678814620716 0.9668935643564357 0
1678814630216 0.9808168316831684 0
