1675342184509 0.9339655172413793 0
1675342188214 0.9691379310344828 0
1675342191853 0.9758620689655172 0
1675342195663 0.9832758620689656 0
1675342199564 0.981551724137931 0
1675342218584 0.972037037037037 0
1675342222211 0.9911111111111112 0
1675342225594 0.9914814814814815 0
1675342228979 0.9955555555555555 0
1675342232540 0.9964814814814815 0
1675342250354 0.935 0
1675342253903 0.9879629629629629 0
1675342257344 0.9955555555555555 0
1675342260783 0.9912962962962963 0
1675342264609 0.9964814814814815 0
1675342284588 0.9211111111111111 0
1675342288062 0.9914814814814815 0
1675342291700 0.9959259259259259 0
1675342295446 0.997037037037037 0
1675342299099 0.9918518518518519 0
1675342319773 0.9096296296296297 0
1675342323247 0.9857407407407407 0
1675342326797 0.9929629629629629 0
1675342330412 0.9905555555555555 0
1675342334089 0.9940740740740741 0
1675342354532 0.8701851851851852 0
1675342358385 0.9748148148148148 0
1675342361975 0.9837037037037037 0
1675342365598 0.9959259259259259 0
1675342369310 0.9925925925925926 0
1675342391246 0.8181481481481482 0
1675342395072 0.9662962962962963 0
1675342398836 0.977037037037037 0
1675342402762 0.9872222222222222 0
1675342406470 0.9911111111111112 0
1675342426635 0.7837037037037037 0
1675342430337 0.9522222222222222 0
1675342434049 0.972037037037037 0
1675342437835 0.9766666666666667 0
1675342441484 0.9824074074074074 0
1675342463807 0.7914814814814815 0
1675342467509 0.9703703703703703 0
