1675342184518 3.676866609006538 0
1675342188233 3.560505570996611 0
1675342191873 3.48288448099629 0
1675342195680 3.661571967997588 0
1675342199574 3.751253465001355 0
1675342218592 3.4937674469983904 0
1675342222233 3.492210875992896 0
1675342225616 3.222727874002885 0
1675342228989 3.225033763999818 0
1675342232562 3.42690839900024 0
1675342250363 3.194780019002792 0
1675342253923 3.3851648089985247 0
1675342257355 3.2720745589977014 0
1675342260792 3.2859207569999853 0
1675342264618 3.679872668995813 0
1675342284610 3.4301270750002004 0
1675342288083 3.311502657001256 0
1675342291720 3.45534973499889 0
1675342295457 3.5878856139970594 0
1675342299120 3.4898609000010765 0
1675342319796 3.419445216000895 0
1675342323268 3.298304908006685 0
1675342326819 3.372692390999873 0
1675342330434 3.452628289000131 0
1675342334101 3.5057517629975337 0
1675342354542 3.5535581139993155 0
1675342358406 3.6890821410052013 0
1675342361986 3.395767419002368 0
1675342365619 3.454264929998317 0
1675342369321 3.5401352850021794 0
1675342391268 3.7061093880038243 0
1675342395094 3.6448458960003336 0
1675342398859 3.5925171739945654 0
1675342402785 3.759877422999125 0
1675342406491 3.523955176999152 0
1675342426657 3.6976421840008697 0
1675342430359 3.5299749599944334 0
1675342434062 3.532792136997159 0
1675342437858 3.608787951001432 0
1675342441507 3.463162968000688 0
1675342463819 3.5705644779955037 0
1675342467520 3.5328969920010422 0
