1678804941729 0.8088235294117647 0
1678804946113 0.9644607843137255 0
1678804950426 0.9895833333333334 0
1678804954553 0.9981617647058824 0
1678804958310 0.9990808823529411 0
1678804962438 0.9993872549019608 0
1678804966418 0.9993872549019608 0
1678804970499 1.0 0
1678804974385 1.0 0
1678804978279 1.0 0
1678805034426 0.8125 0
1678805040057 0.9699519230769231 0
1678805045770 0.9955929487179487 0
1678805051101 0.9971955128205128 0
1678805056880 0.9979967948717948 0
1678805062715 0.9995993589743589 0
1678805068699 1.0 0
1678805075112 1.0 0
1678805081550 0.9997996794871795 0
1678805087986 0.9997996794871795 0
1678805150496 0.7830528846153846 0
1678805156135 0.9717548076923077 0
1678805161750 0.9909855769230769 0
1678805167332 0.9967948717948718 0
1678805172839 0.9977964743589743 0
1678805178383 0.999198717948718 0
1678805183834 0.999198717948718 0
1678805189515 0.9995993589743589 0
1678805195087 1.0 0
1678805200871 0.9997996794871795 0
1678805256536 0.7614182692307693 0
1678805262320 0.9753605769230769 0
1678805267992 0.9951923076923077 0
1678805273457 0.9973958333333334 0
1678805279244 0.9987980769230769 0
1678805285219 0.9997996794871795 0
1678805291829 1.0 0
1678805298319 0.9993990384615384 0
1678805304914 1.0 0
1678805311321 1.0 0
1678805375200 0.7552083333333334 0
1678805380967 0.9737580128205128 0
1678805386530 0.9933894230769231 0
1678805392043 0.9979967948717948 0
1678805397737 0.999198717948718 0
1678805403327 0.9997996794871795 0
1678805408746 0.9993990384615384 0
1678805414011 0.9995993589743589 0
1678805419602 0.9995993589743589 0
1678805425228 0.9997996794871795 0
1678805480590 0.749198717948718 0
1678805486483 0.9751602564102564 0
1678805492061 0.9959935897435898 0
1678805497612 0.9977964743589743 0
1678805503488 0.9995993589743589 0
1678805509813 0.9987980769230769 0
1678805516279 0.9997996794871795 0
1678805522652 1.0 0
1678805528843 1.0 0
1678805535364 1.0 0
1678805598573 0.7493990384615384 0
1678805604227 0.9759615384615384 0
1678805609820 0.9961939102564102 0
1678805615438 0.9987980769230769 0
1678805621227 1.0 0
1678805626784 0.9995993589743589 0
1678805632331 0.999198717948718 0
1678805638109 0.9997996794871795 0
1678805643964 0.9997996794871795 0
1678805649433 1.0 0
1678805706148 0.7469951923076923 0
1678805711765 0.9753605769230769 0
1678805717329 0.9947916666666666 0
1678805723072 0.9979967948717948 0
1678805729581 0.9995993589743589 0
1678805736248 1.0 0
1678805742733 0.9997996794871795 0
1678805749162 0.9997996794871795 0
1678805755723 1.0 0
1678805761928 0.9997996794871795 0
1678805823330 0.7397836538461539 0
1678805829103 0.9783653846153846 0
1678805834529 0.9925881410256411 0
1678805840133 0.9985977564102564 0
1678805845963 0.9983974358974359 0
1678805851712 0.9997996794871795 0
1678805857567 1.0 0
1678805863282 0.9997996794871795 0
1678805869088 1.0 0
1678805874940 0.9995993589743589 0
1678805932587 0.7383814102564102 0
1678805938263 0.9787660256410257 0
1678805944271 0.9939903846153846 0
1678805950782 0.9979967948717948 0
1678805957213 0.9985977564102564 0
1678805963983 0.9989983974358975 0
1678805970453 0.9995993589743589 0
1678805976969 0.9995993589743589 0
1678805983187 0.9997996794871795 0
1678805989403 0.9997996794871795 0
1678806050539 0.7405849358974359 0
1678806056144 0.975761217948718 0
1678806061897 0.9947916666666666 0
1678806067765 0.9989983974358975 0
1678806073387 0.9993990384615384 0
1678806079159 0.9997996794871795 0
1678806084761 1.0 0
1678806090377 0.9997996794871795 0
1678806096150 1.0 0
1678806101951 0.9995993589743589 0
1678806160033 0.7453926282051282 0
1678806166626 0.9779647435897436 0
1678806173197 0.9935897435897436 0
1678806179820 0.9985977564102564 0
1678806186109 0.9993990384615384 0
1678806192913 0.9997996794871795 0
1678806199203 1.0 0
1678806205467 1.0 0
1678806211885 1.0 0
1678806218070 1.0 0
1678806276434 0.7441907051282052 0
1678806282328 0.9809695512820513 0
1678806288190 0.9947916666666666 0
1678806293977 0.9971955128205128 0
1678806299862 0.9987980769230769 0
1678806305490 0.9993990384615384 0
1678806311286 1.0 0
1678806317278 0.9997996794871795 0
1678806323410 1.0 0
1678806329259 1.0 0
1678806388322 0.7473958333333334 0
1678806395117 0.9797676282051282 0
1678806401805 0.9969951923076923 0
1678806408557 0.9979967948717948 0
1678806415037 0.9989983974358975 0
1678806421215 1.0 0
1678806427438 1.0 0
1678806433767 1.0 0
1678806439995 1.0 0
1678806446560 1.0 0
1678806503575 0.7447916666666666 0
1678806509537 0.9789663461538461 0
1678806515247 0.9967948717948718 0
1678806521232 0.9983974358974359 0
1678806527037 0.9993990384615384 0
1678806533069 0.9995993589743589 0
1678806538826 1.0 0
1678806544527 1.0 0
1678806550394 1.0 0
1678806556493 1.0 0
1678806618779 0.7485977564102564 0
1678806625349 0.9811698717948718 0
1678806632030 0.9957932692307693 0
1678806638160 0.999198717948718 0
1678806644380 0.999198717948718 0
1678806650477 1.0 0
1678806656703 1.0 0
1678806663043 1.0 0
1678806668143 0.9997996794871795 0
1678806673987 1.0 0
1678806733162 0.7520032051282052 0
1678806739027 0.9807692307692307 0
1678806745025 0.9953926282051282 0
1678806751057 0.9989983974358975 0
1678806756813 0.9997996794871795 0
1678806762890 0.9993990384615384 0
1678806768795 0.9997996794871795 0
1678806774707 1.0 0
1678806780584 1.0 0
1678806786359 1.0 0
1678806849225 0.7526041666666666 0
1678806855817 0.9811698717948718 0
1678806862473 0.9965945512820513 0
1678806868775 0.9973958333333334 0
1678806874916 0.9997996794871795 0
1678806881027 0.9997996794871795 0
1678806886454 1.0 0
1678806892421 0.9997996794871795 0
1678806898347 0.9997996794871795 0
1678806904091 1.0 0
1678806962666 0.7594150641025641 0
1678806968744 0.9789663461538461 0
1678806974462 0.9943910256410257 0
1678806980273 0.9993990384615384 0
1678806986430 0.999198717948718 0
1678806992191 1.0 0
1678806998264 0.9997996794871795 0
1678807003842 1.0 0
1678807009846 0.9995993589743589 0
1678807015700 1.0 0
1678807081140 0.749198717948718 0
1678807087253 0.9801682692307693 0
1678807093683 0.9955929487179487 0
1678807100011 0.999198717948718 0
1678807105635 1.0 0
1678807111934 0.9997996794871795 0
1678807117979 1.0 0
1678807124106 0.9997996794871795 0
1678807130037 1.0 0
1678807135925 0.9997996794871795 0
