1678804941744 4.465213591000065 0
1678804946130 4.2336534049991315 0
1678804950442 4.161667971000497 0
1678804954571 3.981284395998955 0
1678804958322 3.594945734999783 0
1678804962462 3.9857407589988725 0
1678804966434 3.8374281389988028 0
1678804970517 3.9441410380004527 0
1678804974401 3.7545426610013237 0
1678804978298 3.7686626680006157 0
1678805034440 5.5657207450003625 0
1678805040077 5.487079579999772 0
1678805045786 5.54156945899922 0
1678805051113 5.199771087000045 0
1678805056897 5.647454919999291 0
1678805062733 5.704550272999768 0
1678805068718 5.835881472001347 0
1678805075133 6.264503899999909 0
1678805081570 6.292931644000419 0
1678805088010 6.279404228000203 0
1678805150515 4.892970056000195 0
1678805156148 5.499988093000866 0
1678805161766 5.407335814999897 0
1678805167348 5.4244803190013045 0
1678805172858 5.35162774499986 0
1678805178401 5.384887890000755 0
1678805183852 5.3104525810013 0
1678805189541 5.526882456999374 0
1678805195105 5.418415625999842 0
1678805200882 5.652248505000898 0
1678805256565 5.605903011999544 0
1678805262339 5.611513735999324 0
1678805268008 5.524671495000803 0
1678805273471 5.326722255000277 0
1678805279254 5.6468315689999145 0
1678805285236 5.8375018410006305 0
1678805291849 6.4481726180001715 0
1678805298335 6.345730371998798 0
1678805304934 6.424592687000768 0
1678805311340 6.269358347999514 0
1678805375224 5.267625118998694 0
1678805380995 5.604748915000528 0
1678805386551 5.387341306999588 0
1678805392062 5.360855282999182 0
1678805397751 5.533221821000552 0
1678805403343 5.4399134409995895 0
1678805408760 5.267581714000698 0
1678805414031 5.100896075000492 0
1678805419622 5.424091525001131 0
1678805425250 5.461563430000751 0
1678805480609 5.3811071580003045 0
1678805486501 5.709494927999913 0
1678805492093 5.4172260249997635 0
1678805497627 5.368978642000002 0
1678805503517 5.721999355000662 0
1678805509833 6.138909118999436 0
1678805516310 6.312708727000427 0
1678805522672 6.2020165489993815 0
1678805528864 6.0431990640008735 0
1678805535380 6.356930800000555 0
1678805598591 5.485437354998794 0
1678805604247 5.496410702999128 0
1678805609839 5.42736835299911 0
1678805615457 5.451062833000833 0
1678805621247 5.6106077679996815 0
1678805626809 5.3910589549996075 0
1678805632349 5.38813732899871 0
1678805638127 5.6203211289994215 0
1678805643983 5.6790358500002185 0
1678805649447 5.292977167999197 0
1678805706180 5.350075712000034 0
1678805711786 5.441377369999827 0
1678805717350 5.4001871820000815 0
1678805723095 5.573620106999442 0
1678805729598 6.313624682999944 0
1678805736262 6.497810195000056 0
1678805742749 6.31172271899959 0
1678805749184 6.26257519399951 0
1678805755742 6.3932253230013885 0
1678805761947 6.045626488999915 0
1678805823357 5.52573653500076 0
1678805829124 5.593504780999865 0
1678805834548 5.249538235999353 0
1678805840150 5.439793683999596 0
1678805845987 5.667246885001077 0
1678805851730 5.569591372999639 0
1678805857590 5.677549870999428 0
1678805863299 5.5328383930009295 0
1678805869109 5.633122611001454 0
1678805874963 5.657470644000568 0
1678805932611 5.670869612999013 0
1678805938282 5.498519586999464 0
1678805944291 5.8330357920003735 0
1678805950803 6.322409525000694 0
1678805957236 6.258506964999469 0
1678805964011 6.574659341998995 0
1678805970478 6.294686011000522 0
1678805976988 6.326407774000472 0
1678805983202 6.033584067999982 0
1678805989431 6.025627335000536 0
1678806050579 5.603172196999367 0
1678806056165 5.402378090000639 0
1678806061915 5.574456530999669 0
1678806067787 5.687243379999927 0
1678806073406 5.438972858000852 0
1678806079190 5.587204790999749 0
1678806084778 5.3856820430009975 0
1678806090392 5.433838109000135 0
1678806096171 5.5857452410000406 0
1678806101972 5.6160080159988865 0
1678806160058 5.660736801999519 0
1678806166653 6.385996252998666 0
1678806173215 6.382038151001325 0
1678806179839 6.436894598999061 0
1678806186131 6.109252059000937 0
1678806192937 6.609012708000591 0
1678806199227 6.079093891999946 0
1678806205485 6.060810897999545 0
1678806211918 6.214360513999054 0
1678806218092 5.971595749999324 0
1678806276453 5.720970102998763 0
1678806282348 5.701182220000192 0
1678806288214 5.6702464610007155 0
1678806293991 5.591345439999714 0
1678806299881 5.683541078999042 0
1678806305514 5.4500257990002865 0
1678806311305 5.606624664000265 0
1678806317296 5.81081458099834 0
1678806323440 5.939151120001043 0
1678806329285 5.641146486001162 0
1678806388342 6.614135616999192 0
1678806395132 6.598560194001038 0
1678806401823 6.496044989000438 0
1678806408583 6.5506773670003895 0
1678806415067 6.268742734000625 0
1678806421237 5.960452929999519 0
1678806427477 6.0166309860014735 0
1678806433787 6.113330092000979 0
1678806440022 6.012200434999613 0
1678806446583 6.348941328000365 0
1678806503597 5.48320650200003 0
1678806509559 5.76723003600091 0
1678806515265 5.505339642000763 0
1678806521254 5.795518593000452 0
1678806527052 5.604739207999955 0
1678806533085 5.802835305001281 0
1678806538854 5.565321660998961 0
1678806544552 5.494528627999898 0
1678806550427 5.656575761999193 0
1678806556535 5.872566497999287 0
1678806618801 6.370807399000114 0
1678806625382 6.35784063400024 0
1678806632050 6.4612492180003755 0
1678806638180 5.9074569449985574 0
1678806644402 6.000281624999843 0
1678806650499 5.892134931000328 0
1678806656736 6.0120666089987935 0
1678806663062 6.109948575998715 0
1678806668170 4.8914918700011185 0
1678806674002 5.621495678000429 0
1678806733188 5.825677026001358 0
1678806739056 5.642550660000779 0
1678806745065 5.789152927000032 0
1678806751075 5.803320126000472 0
1678806756851 5.551137684000423 0
1678806762910 5.80043682699943 0
1678806768817 5.689444568999534 0
1678806774731 5.692739426998742 0
1678806780610 5.654707074001635 0
1678806786379 5.564014554000096 0
1678806849246 5.931581546999951 0
1678806855838 6.3566201029989315 0
1678806862517 6.433873934000076 0
1678806868807 6.047283366000556 0
1678806874943 5.906700348999948 0
1678806881046 5.877628201998959 0
1678806886475 5.212268892999418 0
1678806892455 5.740753906999089 0
1678806898367 5.675690841000687 0
1678806904115 5.537474611999642 0
1678806962689 5.772124899998744 0
1678806968762 5.857207536000715 0
1678806974484 5.504493446998822 0
1678806980301 5.580717491999167 0
1678806986450 5.929729313998905 0
1678806992212 5.541452991999904 0
1678806998287 5.857081651000044 0
1678807003864 5.3535688079991814 0
1678807009871 5.78664878500058 0
1678807015721 5.628522053000779 0
1678807081169 6.125332236999384 0
1678807087290 5.877283042998897 0
1678807093715 6.183044499999596 0
1678807100045 6.083737566999844 0
1678807105655 5.370123724000223 0
1678807111969 6.060067832999266 0
1678807117998 5.79977192700062 0
1678807124130 5.913005449001503 0
1678807130059 5.693320800999572 0
1678807135945 5.663355196000339 0
