1679458951277 0.32814451863782274 0
1679458956007 0.12604406304243537 0
1679458960680 0.10068188379259987 0
1679458965184 0.06358735980660034 0
1679458969715 0.07260291665895946 0
1679458974384 0.09213454525581458 0
1679458979165 0.07598991270384027 0
1679458983720 0.040978213732402465 0
1679458988321 0.01811955882294569 0
1679458993023 0.022642003849452724 0
1679459012333 0.3048784025746417 0
1679459018662 0.08833674804176035 0
1679459025041 0.1254017638562721 0
1679459031382 0.03789318785872497 0
1679459037801 0.013772138042477032 0
1679459044184 0.030651245298849248 0
1679459050776 0.010057119575996514 0
1679459057212 0.054949782106094386 0
1679459063650 0.021754765484535414 0
1679459070101 0.0733022298464538 0
1679459091652 0.3005255293966706 0
1679459100198 0.12604484060297808 0
1679459108618 0.046612133854113044 0
1679459116952 0.023287953897383466 0
1679459125434 0.024267988716288352 0
1679459133874 0.02692381403745881 0
1679459142311 0.009676898100432664 0
1679459150699 0.013554435939169177 0
1679459159065 0.036942316625492286 0
1679459167561 0.02883219243428775 0
1679459189170 0.33184006644473035 0
1679459197553 0.10834110751146471 0
1679459205907 0.050451138841125114 0
1679459214422 0.02044108888123154 0
1679459222929 0.031819626186166884 0
1679459231350 0.01619691498195835 0
1679459239839 0.011677478978211595 0
1679459248391 0.008486335253194942 0
1679459256785 0.0070889208618466855 0
1679459265218 0.03124306526222471 0
1679459287017 0.31273376710837447 0
1679459295642 0.1205055166173991 0
1679459304227 0.04028649441207957 0
1679459312801 0.026415889216022045 0
1679459321373 0.01392341971269029 0
1679459329840 0.015015915899800614 0
1679459338317 0.014121871681479891 0
1679459346644 0.01854258662039171 0
1679459355046 0.018943435028682152 0
1679459363383 0.018367117698948804 0
1679459385560 0.21490143786757765 0
1679459394073 0.0794707616006634 0
1679459402516 0.03299193078450704 0
1679459410872 0.01483678556499302 0
1679459419239 0.017885935495909347 0
1679459427548 0.024442177287936098 0
1679459435938 0.02371248468416791 0
1679459444339 0.008243696133696826 0
1679459452777 0.011719593336981481 0
1679459461324 0.015455612181467097 0
1679459483937 0.32427074137256445 0
1679459492443 0.08124100182375306 0
1679459500945 0.030231870387452568 0
1679459509357 0.021740528829531428 0
1679459517844 0.020535655771343815 0
1679459526328 0.026100450106833054 0
1679459534872 0.024117898368249378 0
1679459543498 0.034647852944949216 0
1679459552132 0.024511188661977927 0
1679459560612 0.012690164050098263 0
1679459583399 0.21723764374241128 0
1679459591857 0.08811097550769162 0
1679459600429 0.023118681057183482 0
1679459608857 0.015506521516442393 0
1679459617216 0.008252106047311516 0
1679459625625 0.015652721732162693 0
1679459634092 0.008619576751878157 0
1679459642468 0.017998324705749642 0
1679459650949 0.0352011466855428 0
1679459659351 0.01847190246196255 0
1679459682209 0.24470018567413912 0
1679459690615 0.15109526710230112 0
1679459699085 0.022461208193883114 0
1679459707541 0.005562464375825115 0
1679459716038 0.0053935806835416905 0
1679459724457 0.00444122000079364 0
1679459732874 0.011571246652061632 0
1679459741356 0.0036308914339698204 0
1679459749851 0.010551337610645991 0
1679459758393 0.008596855839697692 0
1679459781361 0.25616387346805697 0
1679459789817 0.09232862034222646 0
1679459798421 0.018253320088550812 0
1679459806865 0.012126196655001678 0
1679459815359 0.006330447172759574 0
1679459823819 0.002108925073850417 0
1679459832334 0.0048943640898776375 0
1679459840679 0.01173981518488679 0
1679459849149 0.025871933413035703 0
1679459857670 0.018766162987896753 0
1679459881251 0.25359076160970095 0
1679459889710 0.08505857812452529 0
1679459898392 0.02200756783754495 0
1679459906811 0.011816016045278556 0
1679459915446 0.005730614873660358 0
1679459923936 0.012112131037403686 0
1679459932458 0.009660360204522687 0
1679459941006 0.009617291915978219 0
1679459949642 0.015185752670038194 0
1679459958242 0.024826633201503114 0
1679459981780 0.2894815270463341 0
1679459990207 0.10583227798281332 0
1679459998645 0.03342244341665462 0
1679460007147 0.019528960697048386 0
1679460015685 0.011666250454750575 0
1679460024187 0.005972444211299931 0
1679460032634 0.007915612252155254 0
1679460041251 0.009863183769590436 0
1679460049824 0.013421253338218336 0
1679460058265 0.013586374797036619 0
1679460081974 0.2861904980999812 0
1679460090475 0.12263413217206284 0
1679460099003 0.02125591135741183 0
1679460107478 0.015680715239788364 0
1679460116005 0.006940942814599824 0
1679460124557 0.007871908891725553 0
1679460133122 0.00910092237185828 0
1679460141714 0.012736022046356705 0
1679460150116 0.009693092081501539 0
1679460158766 0.010937755026840615 0
1679460182747 0.3368474875726368 0
1679460191124 0.124576976433555 0
1679460199631 0.037265813265785354 0
1679460208144 0.018748583206107693 0
1679460216732 0.011428231486539127 0
1679460225444 0.00985047690968076 0
1679460233850 0.018906176781191754 0
1679460242308 0.011750726255636694 0
1679460250738 0.025154710049509667 0
1679460259169 0.013028380249057682 0
1679460283640 0.26514275183074265 0
1679460292129 0.07923390171632166 0
1679460300755 0.021023923555593124 0
1679460309407 0.013497336471344636 0
1679460317941 0.01046580201138517 0
1679460326569 0.011658192149562817 0
1679460335102 0.00401947835974903 0
1679460343721 0.0027910738454848647 0
1679460352239 0.028920539481097334 0
1679460360878 0.02055081895340536 0
1679460385335 0.30349153093899256 0
1679460393740 0.12687424872140413 0
1679460402292 0.028623678752700752 0
1679460410784 0.014379591883860673 0
1679460419267 0.0067102187232156146 0
1679460427783 0.006783490318252582 0
1679460436234 0.013361526642225303 0
1679460444762 0.0037799860808719376 0
1679460453418 0.00526362312094634 0
1679460461890 0.021505071720410433 0
1679460486808 0.3001211183933058 0
1679460495391 0.12495359328172516 0
1679460503896 0.05497404467161012 0
1679460512493 0.04061677720478459 0
1679460520976 0.02335657876017726 0
1679460529572 0.015627232313481718 0
1679460538055 0.009851319153904362 0
1679460546572 0.02709748442870307 0
1679460555091 0.02354639138476157 0
1679460563591 0.033114270968045124 0
1679460588863 0.19914350668729258 0
1679460598209 0.0695897921131236 0
1679460606823 0.011341708699687182 0
1679460615417 0.005628044851940226 0
1679460623955 0.004366387572051619 0
1679460632551 0.005753338856097289 0
1679460641063 0.013082792924157404 0
1679460649680 0.029175851311031235 0
1679460658249 0.02246333163280382 0
1679460666859 0.01577586601068047 0
1679460692378 0.42729951860838006 0
1679460700965 0.1495035151828973 0
1679460709387 0.0663392488279614 0
1679460717860 0.04354690851805065 0
1679460726458 0.03081134788242581 0
1679460734920 0.02450094722434888 0
1679460743523 0.016730262770993393 0
1679460752229 0.009687664877251406 0
1679460760731 0.007933557961125116 0
1679460769218 0.019758002010277647 0
1679460794877 0.30026481687467643 0
1679460803374 0.09876347546639595 0
1679460812024 0.019859967186640216 0
1679460820567 0.007704974516406504 0
1679460829102 0.0061962798617603 0
1679460837733 0.006684137929073073 0
1679460846422 0.004724413739419232 0
1679460855042 0.0016515524792681373 0
1679460863696 0.005852671065330374 0
1679460872304 0.01633527804628805 0
