1679458951267 0.9041666666666667 0
1679458955991 0.9645833333333333 0
1679458960663 0.9694444444444444 0
1679458965172 0.9822916666666667 0
1679458969703 0.9770833333333333 0
1679458974372 0.9711805555555556 0
1679458979149 0.9774305555555556 0
1679458983709 0.9871527777777778 0
1679458988310 0.9940972222222222 0
1679458993012 0.9920138888888889 0
1679459012316 0.9332067656196065 0
1679459018652 0.9744563341387642 0
1679459025024 0.9668622713151536 0
1679459031371 0.9877459440800829 0
1679459037784 0.9965481532619952 0
1679459044167 0.9915429754918882 0
1679459050765 0.9968933379357956 0
1679459057200 0.9861926130479807 0
1679459063640 0.9939592682084916 0
1679459070084 0.9768726268553676 0
1679459091634 0.9440293782449031 0
1679459100180 0.9637837153349373 0
1679459108607 0.9868304419399772 0
1679459116941 0.9927820691401799 0
1679459125424 0.9934152209699886 0
1679459133856 0.9912625047486388 0
1679459142293 0.9975940230467266 0
1679459150681 0.9962010890211472 0
1679459159054 0.9913891351146005 0
1679459167543 0.9918956565784475 0
1679459189152 0.9385687143761875 0
1679459197542 0.9755541481950601 0
1679459205889 0.983153894870171 0
1679459214404 0.9948068397720076 0
1679459222911 0.9907536415452818 0
1679459231332 0.9946801773274224 0
1679459239828 0.9969601013299557 0
1679459248386 0.9979734008866371 0
1679459256769 0.9975934135528816 0
1679459265207 0.9926535782140595 0
1679459286997 0.9463087248322147 0
1679459295631 0.9710016461947575 0
1679459304208 0.9878434848676713 0
1679459312789 0.9924021780422946 0
1679459321362 0.9955679371913385 0
1679459329828 0.9954413068253767 0
1679459338306 0.9959478282892238 0
1679459346633 0.9941750031657591 0
1679459355027 0.9954413068253767 0
1679459363365 0.9956945675573002 0
1679459385548 0.961377738381664 0
1679459394053 0.9789793592503482 0
1679459402505 0.9888565277953654 0
1679459410861 0.9962010890211472 0
1679459419219 0.9945548942636444 0
1679459427532 0.9912625047486388 0
1679459435926 0.9920222869444093 0
1679459444328 0.9974673926807649 0
1679459452758 0.9973407623148031 0
1679459461313 0.995314676459415 0
1679459483926 0.9526282457251425 0
1679459492425 0.9769474350854972 0
1679459500928 0.9907536415452818 0
1679459509337 0.9931602279924002 0
1679459517825 0.9934135528815706 0
1679459526317 0.9911336288790373 0
1679459534862 0.9932868904369855 0
1679459543486 0.9898670044331855 0
1679459552120 0.994426852438252 0
1679459560599 0.9959468017732742 0
1679459583387 0.9574414186193794 0
1679459591837 0.9780873970867637 0
1679459600410 0.9920202659911336 0
1679459608845 0.9956934768841038 0
1679459617205 0.9969601013299557 0
1679459625614 0.9953134895503484 0
1679459634081 0.9975934135528816 0
1679459642457 0.994426852438252 0
1679459650929 0.9921469284357188 0
1679459659340 0.9959468017732742 0
1679459682190 0.9634038242370521 0
1679459690593 0.971761428390528 0
1679459699073 0.9930353298721033 0
1679459707521 0.9986070659744206 0
1679459716026 0.9988603267063442 0
1679459724438 0.9993668481701912 0
1679459732854 0.9965809801190325 0
1679459741344 0.9991135874382677 0
1679459749838 0.9981005445105736 0
1679459758381 0.9974673926807649 0
1679459781349 0.9576786619361378 0
1679459789797 0.9759249873289407 0
1679459798409 0.9945514445007603 0
1679459806854 0.9968322351748606 0
1679459815348 0.9977192093258996 0
1679459823805 0.9996198682209833 0
1679459832313 0.9988596046629499 0
1679459840661 0.9969589457678661 0
1679459849138 0.9935377597567157 0
1679459857649 0.9953117080587938 0
1679459881229 0.9530201342281879 0
1679459889690 0.9769532733949601 0
1679459898369 0.9935418513359504 0
1679459906790 0.9967076104849943 0
1679459915432 0.9987336963403824 0
1679459923922 0.9968342408509561 0
1679459932445 0.9967076104849943 0
1679459940995 0.9973407623148031 0
1679459949621 0.9960744586551855 0
1679459958229 0.9949347853615297 0
1679459981763 0.9512102395133697 0
1679459990195 0.9749081231783044 0
1679459998622 0.9903687745532885 0
1679460007126 0.9940438474211126 0
1679460015674 0.9970852870358636 0
1679460024172 0.9982258268913953 0
1679460032622 0.997972373590166 0
1679460041229 0.9978456469395514 0
1679460049802 0.9960714738309466 0
1679460058243 0.995944747180332 0
1679460081962 0.955254151349981 0
1679460090463 0.9703384459373812 0
1679460098982 0.9937888198757764 0
1679460107456 0.9960704778805932 0
1679460115994 0.9980986183293193 0
1679460124546 0.99835213588541 0
1679460133111 0.9968310305488655 0
1679460141701 0.9967042717708201 0
1679460150105 0.9977183419951832 0
1679460158755 0.9970845481049563 0
1679460182722 0.9339586766383572 0
1679460191103 0.9685638230447459 0
1679460199619 0.9901128153124604 0
1679460208122 0.9944226137660033 0
1679460216720 0.9970845481049563 0
1679460225422 0.997338065661047 0
1679460233838 0.9935353023196857 0
1679460242284 0.9960704778805932 0
1679460250726 0.9951831664342756 0
1679460259148 0.9965775129927747 0
1679460283628 0.9506016466117796 0
1679460292106 0.9789740341988601 0
1679460300743 0.9939202026599113 0
1679460309394 0.9958201393286891 0
1679460317918 0.9968334388853705 0
1679460326557 0.9964534515516149 0
1679460335079 0.9987333755541482 0
1679460343709 0.999366687777074 0
1679460352227 0.9941735275490817 0
1679460360866 0.995060164661178 0
1679460385323 0.944500760263558 0
1679460393728 0.9730106436898125 0
1679460402277 0.9927774961986822 0
1679460410770 0.9956918398378104 0
1679460419254 0.9983527622909275 0
1679460427761 0.9986061834769386 0
1679460436222 0.9973390775468829 0
1679460444740 0.999113025848961 0
1679460453406 0.9983527622909275 0
1679460461877 0.9953117080587938 0
1679460486783 0.9428317911015338 0
1679460495368 0.9657751299277475 0
1679460503884 0.9840283939662822 0
1679460512471 0.987957916085689 0
1679460520965 0.9930282672075041 0
1679460529560 0.9941690962099126 0
1679460538043 0.9968310305488655 0
1679460546560 0.9925212320953226 0
1679460555079 0.9930282672075041 0
1679460563578 0.9903663328685511 0
1679460588851 0.9687143761874604 0
1679460598188 0.9841671944268524 0
1679460606812 0.9970867637745409 0
1679460615404 0.9981000633312223 0
1679460623936 0.9989867004433186 0
1679460632528 0.9991133628879038 0
1679460641051 0.9970867637745409 0
1679460649664 0.9931602279924002 0
1679460658236 0.9951868271057631 0
1679460666848 0.9956934768841038 0
1679460692362 0.9105670430039325 0
1679460700953 0.9596600279081567 0
1679460709368 0.9804642902448306 0
1679460717832 0.9875681847012558 0
1679460726445 0.9906127108968666 0
1679460734907 0.9921349739946721 0
1679460743500 0.994925789673982 0
1679460752208 0.9977166053532919 0
1679460760715 0.9977166053532919 0
1679460769193 0.9934035265761766 0
1679460794865 0.9511021028629338 0
1679460803362 0.974917658981505 0
1679460812012 0.9953128958702813 0
1679460820555 0.9983531796300988 0
1679460829089 0.9986065366100836 0
1679460837721 0.998733215100076 0
1679460846410 0.9989865720800608 0
1679460855030 0.9997466430200151 0
1679460863681 0.9983531796300988 0
1679460872292 0.995566252850266 0
