1679248230925 0.4761441707247641 0
1679248237649 0.10650751303154521 0
1679248244601 0.051472101834171065 0
1679248251598 0.030352853767136565 0
1679248258721 0.01603330553980635 0
1679248265793 0.009760413509821974 0
1679248272606 0.00826213820880029 0
1679248279307 0.009328007454900127 0
1679248286082 0.007229878477150256 0
1679248293022 0.007340751767546086 0
1679248326836 0.5383834849952198 0
1679248344962 0.06098665316907189 0
1679248363187 0.02337903374090518 0
1679248381274 0.010276838614628083 0
1679248399483 0.005868601751593283 0
1679248417614 0.006104606548437803 0
1679248435525 0.003588380420540755 0
1679248453484 0.003336696924283964 0
1679248471571 0.002451593451068464 0
1679248490041 0.002198694714504044 0
1679248521824 1.003808014276551 0
1679248540446 0.15017442675080242 0
1679248558922 0.053362696783662567 0
1679248577380 0.02300203215648852 0
1679248595904 0.011483231412314969 0
1679248614459 0.007412707855039072 0
1679248632972 0.0075878850728125745 0
1679248651354 0.004946454673460344 0
1679248670051 0.0042890360970731555 0
1679248688391 0.0029363930283579976 0
1679248720840 1.4218793973690127 0
1679248739766 0.2467355914050486 0
1679248758699 0.07215644839424186 0
1679248777273 0.035918283176313084 0
1679248796351 0.018794577121280315 0
1679248815316 0.009128082712839653 0
1679248834218 0.007017424915599205 0
1679248853174 0.00465902535063101 0
1679248871927 0.00710069112388826 0
1679248890582 0.004719832810720929 0
1679248922335 1.5586955239133138 0
1679248941655 0.25182176435866005 0
1679248960693 0.0800406080193636 0
1679248979936 0.03638816889284587 0
1679248999329 0.019121568723831597 0
1679249018484 0.011023135705305854 0
1679249037646 0.009115089499959496 0
1679249056940 0.006159383753916566 0
1679249076448 0.005379471873364797 0
1679249095378 0.0046919723401959166 0
1679249127911 1.779778736248249 0
1679249147313 0.30616198332934846 0
1679249166503 0.08244671167396918 0
1679249185761 0.033290442781204854 0
1679249205229 0.017101731529550218 0
1679249224035 0.01097772765291355 0
1679249243323 0.00924718986469798 0
1679249262693 0.005975014626093936 0
1679249281705 0.005355327166957645 0
1679249301014 0.0041275999440652566 0
1679249333685 1.6883310053406693 0
1679249353219 0.259540543705225 0
1679249372815 0.08093294436793502 0
1679249392107 0.02940694192969581 0
1679249411972 0.016295922435138648 0
1679249431844 0.010237975448097398 0
1679249451396 0.009659884679812665 0
1679249470436 0.006347477252640557 0
1679249490186 0.006143598666800777 0
1679249509510 0.006116862881008717 0
1679249542510 1.8063844504879742 0
1679249562367 0.32366914382068124 0
1679249581927 0.09086080334808042 0
1679249601643 0.02950864292045192 0
1679249621340 0.014885137791222915 0
1679249641130 0.009891576682240135 0
1679249660759 0.007737537288879294 0
1679249680625 0.006584351514352531 0
1679249700197 0.005570533267994661 0
1679249720166 0.0043837922622404265 0
1679249753966 1.912037688784483 0
1679249773669 0.312539090361537 0
1679249793910 0.09034626940038146 0
1679249814122 0.029890632240964873 0
1679249834386 0.016749023742655793 0
1679249854615 0.0121544969830344 0
1679249874792 0.010253664585420997 0
1679249895021 0.00738401283657678 0
1679249914807 0.004520055849286841 0
1679249934907 0.004705044932992811 0
1679249969790 1.9078533002516118 0
1679249990207 0.32875637026821697 0
1679250010357 0.08418668106925196 0
1679250030284 0.031222085643377973 0
1679250050911 0.018716073915271497 0
1679250071008 0.00963156332330006 0
1679250091175 0.00723111685990106 0
1679250111718 0.00854222280563923 0
1679250131949 0.005169694466947964 0
1679250152159 0.004758707065952987 0
1679250186974 1.9985486969715212 0
1679250207433 0.36791498377555754 0
1679250228137 0.10429420897328272 0
1679250248618 0.03778087348427351 0
1679250269443 0.019780535210014844 0
1679250290151 0.01138974769018227 0
1679250310686 0.008603656076735295 0
1679250331179 0.007776182445288613 0
1679250351578 0.005864158537375127 0
1679250372083 0.005367994579918137 0
1679250407328 2.0857552034098927 0
1679250428323 0.4117710686674932 0
1679250449055 0.12230323610327593 0
1679250469753 0.03712445453445359 0
1679250490547 0.021173085602818102 0
1679250511211 0.013195473206138647 0
1679250531780 0.012252303472402073 0
1679250552225 0.009055218809829435 0
1679250572810 0.007078339734182852 0
1679250593758 0.006222052514984659 0
1679250629230 2.1037751084420737 0
1679250650437 0.4632255091899779 0
1679250671786 0.12463221358271634 0
1679250692832 0.03870662147315537 0
1679250713993 0.0223740674964175 0
1679250735093 0.01723581872789598 0
1679250756162 0.01175314403797795 0
1679250776609 0.008125302706640669 0
1679250797721 0.0062309284847820315 0
1679250818445 0.005020439892257677 0
1679250854167 2.2443494982835723 0
1679250875298 0.5529833957189467 0
1679250896479 0.16180531567916637 0
1679250917317 0.05315304934160738 0
1679250938453 0.030761495182608685 0
1679250959717 0.01938873800767086 0
1679250980735 0.019717691050524393 0
1679251001739 0.012619739407446326 0
1679251023246 0.007670841159912326 0
1679251044188 0.006539340126441746 0
1679251080320 2.3069533388789107 0
1679251101458 0.47253771119001436 0
1679251122694 0.1338413954871457 0
1679251144053 0.051288647949695586 0
1679251165389 0.02624382738978034 0
1679251186855 0.016807705286617687 0
1679251208080 0.010854130667611593 0
1679251229162 0.008230187022127211 0
1679251250586 0.006608260539928224 0
1679251271927 0.005814847210990038 0
1679251308666 2.1915298735223163 0
1679251330649 0.4781188957574891 0
1679251352459 0.1351056976652727 0
1679251373830 0.05256050718811954 0
1679251395465 0.030689681991480474 0
1679251417282 0.01711442323583292 0
1679251438502 0.009827704074588127 0
1679251460003 0.007829038961222622 0
1679251481335 0.006272234060665275 0
1679251503062 0.006239447620606459 0
1679251540478 2.4404113446793905 0
1679251562829 0.671149435348627 0
1679251585006 0.22170069003250542 0
1679251606825 0.0811915369749796 0
1679251628836 0.03648515236677557 0
1679251651146 0.019721227180121877 0
1679251672956 0.01248121579722842 0
1679251695127 0.011200726918717164 0
1679251717430 0.008823300145066729 0
1679251739275 0.008267407783125414 0
1679251776833 2.3644432791849463 0
1679251799025 0.5730733784233651 0
1679251821307 0.1800754111896201 0
1679251843449 0.06286115302000105 0
1679251865979 0.02890904782021918 0
1679251888396 0.0162360051749047 0
1679251910643 0.011404810998611516 0
1679251932730 0.009049796473189462 0
1679251955212 0.008218722277684365 0
1679251977224 0.007695291297532982 0
1679252015617 2.4064326984126394 0
1679252037880 0.740235274157873 0
1679252060233 0.24849186367014559 0
1679252082614 0.0950832634073932 0
1679252104887 0.044119602877919266 0
1679252127252 0.021528295459362065 0
1679252149518 0.014384725051591309 0
1679252172101 0.013514262527545414 0
1679252194240 0.009731556939688035 0
1679252216492 0.008542588651293844 0
1679252255190 2.6004127211687043 0
1679252277652 0.7610593548635157 0
1679252300069 0.28842359545027335 0
1679252322470 0.09162579080680522 0
1679252345264 0.040270933958633646 0
1679252367875 0.020336463990643983 0
1679252390670 0.015553899180916387 0
1679252412849 0.010379953851650765 0
1679252435792 0.008762117984091364 0
1679252458308 0.008206261245238527 0
