1679248230913 0.8371951219512195 0
1679248237636 0.9652439024390244 0
1679248244589 0.9817073170731707 0
1679248251589 0.9929878048780488 0
1679248258711 0.9951219512195122 0
1679248265781 0.9978658536585366 0
1679248272593 0.9978658536585366 0
1679248279297 0.9975609756097561 0
1679248286069 0.9990853658536586 0
1679248293012 0.9978658536585366 0
1679248326823 0.8836890243902439 0
1679248344952 0.9846036585365854 0
1679248363175 0.9952743902439024 0
1679248381262 0.9984756097560976 0
1679248399473 0.9995426829268292 0
1679248417604 0.998780487804878 0
1679248435513 0.9998475609756098 0
1679248453471 0.9995426829268292 0
1679248471562 0.999390243902439 0
1679248490029 0.999390243902439 0
1679248521813 0.7777439024390244 0
1679248540435 0.9591463414634146 0
1679248558912 0.9862804878048781 0
1679248577367 0.9957317073170732 0
1679248595891 0.9989329268292683 0
1679248614448 0.999390243902439 0
1679248632960 0.9992378048780488 0
1679248651342 0.9992378048780488 0
1679248670039 0.999390243902439 0
1679248688381 0.9996951219512196 0
1679248720830 0.697560975609756 0
1679248739753 0.9344512195121951 0
1679248758688 0.9839939024390244 0
1679248777262 0.9946646341463414 0
1679248796340 0.9977134146341463 0
1679248815306 0.9996951219512196 0
1679248834207 0.9995426829268292 0
1679248853162 1.0 0
1679248871916 0.999390243902439 0
1679248890570 0.9996951219512196 0
1679248922330 0.6664634146341464 0
1679248941644 0.9327743902439024 0
1679248960681 0.9823170731707317 0
1679248979925 0.9942073170731708 0
1679248999315 0.9980182926829269 0
1679249018471 0.9992378048780488 0
1679249037627 0.9996951219512196 0
1679249056929 0.9996951219512196 0
1679249076436 0.9996951219512196 0
1679249095364 1.0 0
1679249127899 0.6440548780487805 0
1679249147301 0.9213414634146342 0
1679249166493 0.9829268292682927 0
1679249185750 0.9948170731707318 0
1679249205218 0.9986280487804878 0
1679249224024 0.9990853658536586 0
1679249243313 0.999390243902439 0
1679249262681 0.9998475609756098 0
1679249281686 0.9998475609756098 0
1679249301003 1.0 0
1679249333675 0.6625 0
1679249353205 0.9314024390243902 0
1679249372804 0.9839939024390244 0
1679249392095 0.9967987804878049 0
1679249411961 0.9990853658536586 0
1679249431832 0.9992378048780488 0
1679249451383 0.999390243902439 0
1679249470426 0.9995426829268292 0
1679249490173 0.999390243902439 0
1679249509497 0.999390243902439 0
1679249542494 0.6355182926829268 0
1679249562355 0.9160060975609756 0
1679249581911 0.9844512195121952 0
1679249601633 0.9974085365853659 0
1679249621326 0.999390243902439 0
1679249641118 1.0 0
1679249660746 0.9995426829268292 0
1679249680615 0.9995426829268292 0
1679249700186 0.9998475609756098 0
1679249720145 1.0 0
1679249753952 0.6155487804878049 0
1679249773658 0.9153963414634146 0
1679249793897 0.9823170731707317 0
1679249814110 0.9980182926829269 0
1679249834375 0.999390243902439 0
1679249854604 0.9989329268292683 0
1679249874779 0.9996951219512196 0
1679249895008 0.9998475609756098 0
1679249914793 1.0 0
1679249934898 0.9998475609756098 0
1679249969779 0.6207317073170732 0
1679249990192 0.9147865853658537 0
1679250010346 0.9850609756097561 0
1679250030271 0.9969512195121951 0
1679250050899 0.9981707317073171 0
1679250070997 0.9996951219512196 0
1679250091161 0.9998475609756098 0
1679250111706 0.999390243902439 0
1679250131938 1.0 0
1679250152145 1.0 0
1679250186963 0.594359756097561 0
1679250207422 0.905640243902439 0
1679250228125 0.9797256097560976 0
1679250248607 0.9969512195121951 0
1679250269431 0.9981707317073171 0
1679250290138 0.9998475609756098 0
1679250310674 0.999390243902439 0
1679250331161 0.9998475609756098 0
1679250351563 1.0 0
1679250372069 0.9998475609756098 0
1679250407313 0.5756097560975609 0
1679250428304 0.8884146341463415 0
1679250449041 0.9762195121951219 0
1679250469740 0.9969512195121951 0
1679250490536 0.9984756097560976 0
1679250511197 0.9995426829268292 0
1679250531764 0.998780487804878 0
1679250552215 0.9992378048780488 0
1679250572792 0.9996951219512196 0
1679250593746 0.9998475609756098 0
1679250629217 0.55625 0
1679250650425 0.875609756097561 0
1679250671773 0.9746951219512195 0
1679250692820 0.9971036585365853 0
1679250713983 0.9989329268292683 0
1679250735073 0.9984756097560976 0
1679250756152 0.999390243902439 0
1679250776597 0.9996951219512196 0
1679250797709 1.0 0
1679250818433 1.0 0
1679250854156 0.5286585365853659 0
1679250875286 0.844359756097561 0
1679250896468 0.9655487804878049 0
1679250917295 0.9925304878048781 0
1679250938441 0.9969512195121951 0
1679250959704 0.9983231707317073 0
1679250980720 0.9974085365853659 0
1679251001725 0.9992378048780488 0
1679251023235 0.9995426829268292 0
1679251044171 1.0 0
1679251080308 0.5150914634146342 0
1679251101444 0.8731707317073171 0
1679251122678 0.9751524390243902 0
1679251144041 0.9929878048780488 0
1679251165375 0.9984756097560976 0
1679251186835 0.9992378048780488 0
1679251208069 0.9996951219512196 0
1679251229151 0.9998475609756098 0
1679251250569 1.0 0
1679251271919 0.9996951219512196 0
1679251308650 0.5329268292682927 0
1679251330637 0.8679878048780488 0
1679251352447 0.9733231707317073 0
1679251373818 0.9946646341463414 0
1679251395449 0.9960365853658537 0
1679251417266 0.999390243902439 0
1679251438491 0.9998475609756098 0
1679251459991 1.0 0
1679251481323 0.9998475609756098 0
1679251503051 1.0 0
1679251540467 0.4722560975609756 0
1679251562816 0.8143292682926829 0
1679251584994 0.9474085365853658 0
1679251606810 0.9861280487804878 0
1679251628825 0.9971036585365853 0
1679251651134 0.9992378048780488 0
1679251672938 0.9996951219512196 0
1679251695115 0.9996951219512196 0
1679251717419 0.9996951219512196 0
1679251739262 0.9992378048780488 0
1679251776818 0.49527439024390246 0
1679251799016 0.8362804878048781 0
1679251821294 0.9592987804878049 0
1679251843434 0.9920731707317073 0
1679251865969 0.9978658536585366 0
1679251888373 0.9995426829268292 0
1679251910627 0.9996951219512196 0
1679251932718 0.9998475609756098 0
1679251955196 0.9995426829268292 0
1679251977204 0.9998475609756098 0
1679252015603 0.4739329268292683 0
1679252037868 0.7878048780487805 0
1679252060219 0.9385670731707317 0
1679252082602 0.9832317073170732 0
1679252104875 0.994969512195122 0
1679252127239 0.9992378048780488 0
1679252149506 0.9992378048780488 0
1679252172089 0.9986280487804878 0
1679252194226 0.9995426829268292 0
1679252216478 0.9996951219512196 0
1679252255178 0.43323170731707317 0
1679252277637 0.7844512195121951 0
1679252300055 0.9285060975609756 0
1679252322458 0.9842987804878048 0
1679252345246 0.9966463414634147 0
1679252367860 0.999390243902439 0
1679252390658 0.9989329268292683 0
1679252412831 0.9998475609756098 0
1679252435780 0.9996951219512196 0
1679252458296 0.9996951219512196 0
