1679248230929 6.696577791008167 0
1679248237657 6.571843985002488 0
1679248244609 6.776601577003021 0
1679248251603 6.832064096000977 0
1679248258727 6.960407605976798 0
1679248265799 6.900973103009164 0
1679248272616 6.639559849048965 0
1679248279312 6.537970358971506 0
1679248286089 6.620014448999427 0
1679248293027 6.777544866024982 0
1679248326845 18.08782265498303 0
1679248344969 17.957695852965117 0
1679248363194 18.052742628962733 0
1679248381282 17.91457814804744 0
1679248399489 18.032089910004288 0
1679248417619 17.961523589969147 0
1679248435533 17.73912564397324 0
1679248453492 17.793007366999518 0
1679248471576 17.913395844050683 0
1679248490048 18.298148727975786 0
1679248521832 18.571497142023873 0
1679248540454 18.459937793028075 0
1679248558929 18.3020525110187 0
1679248577387 18.278138220019173 0
1679248595914 18.338937426975463 0
1679248614467 18.346262968028896 0
1679248632980 18.33170991699444 0
1679248651365 18.211986669979524 0
1679248670058 18.52572944102576 0
1679248688398 18.15881932998309 0
1679248720847 19.066742978990078 0
1679248739774 18.760303132003173 0
1679248758704 18.760639786021784 0
1679248777281 18.409726470010355 0
1679248796357 18.91194560599979 0
1679248815323 18.79972338594962 0
1679248834225 18.73217372497311 0
1679248853182 18.775159757002257 0
1679248871932 18.575060134986416 0
1679248890588 18.484131455013994 0
1679248922340 18.756450384971686 0
1679248941664 19.16026219096966 0
1679248960699 18.857134055986535 0
1679248979943 19.08073621301446 0
1679248999334 19.224451750982553 0
1679249018493 18.984283459023573 0
1679249037658 18.975673989974894 0
1679249056947 19.110365053988062 0
1679249076457 19.32461751101073 0
1679249095391 18.73522754199803 0
1679249127922 19.04552100598812 0
1679249147325 19.218114490038715 0
1679249166510 19.00406101095723 0
1679249185766 19.089988443010952 0
1679249205237 19.28258438303601 0
1679249224041 18.64363783900626 0
1679249243329 19.11694506800268 0
1679249262705 19.201655226992443 0
1679249281712 18.822248271957505 0
1679249301021 19.142183321993798 0
1679249333691 19.23116718698293 0
1679249353228 19.352246227033902 0
1679249372821 19.4301212989958 0
1679249392115 19.108432470005937 0
1679249411978 19.699905021989252 0
1679249431852 19.68273964599939 0
1679249451406 19.37441122799646 0
1679249470443 18.873914364958182 0
1679249490194 19.56186091498239 0
1679249509519 19.141219350043684 0
1679249542520 19.479208515956998 0
1679249562376 19.679422196000814 0
1679249581936 19.377638780977577 0
1679249601649 19.53725802397821 0
1679249621349 19.520562443998642 0
1679249641137 19.61612906801747 0
1679249660768 19.44640084297862 0
1679249680631 19.68469995399937 0
1679249700203 19.396280935034156 0
1679249720178 19.773919005994685 0
1679249753975 19.758202544995584 0
1679249773675 19.534455095010344 0
1679249793920 20.04818876000354 0
1679249814131 20.03087806503754 0
1679249834392 20.085374340997078 0
1679249854621 20.0576254450134 0
1679249874801 20.001939976005815 0
1679249895027 20.052392511977814 0
1679249914814 19.597446293977555 0
1679249934913 19.93169515900081 0
1679249969797 20.34925857395865 0
1679249990220 20.242266635992564 0
1679250010363 19.96771193301538 0
1679250030292 19.742017179029062 0
1679250050919 20.454244354972616 0
1679250071017 19.93180417799158 0
1679250091184 19.992582227045204 0
1679250111732 20.366630347038154 0
1679250131956 20.046980693005025 0
1679250152171 20.0240627710009 0
1679250186980 20.25237708602799 0
1679250207442 20.295159875007812 0
1679250228144 20.517373687005602 0
1679250248634 20.29711959400447 0
1679250269453 20.637263817014173 0
1679250290165 20.53239961899817 0
1679250310694 20.346185784961563 0
1679250331192 20.304734773992095 0
1679250351588 20.198570006992668 0
1679250372094 20.328288905031513 0
1679250407338 20.530303972016554 0
1679250428334 20.787297455011867 0
1679250449068 20.533412479038816 0
1679250469761 20.506208795995917 0
1679250490554 20.627238349989057 0
1679250511220 20.477774791012052 0
1679250531791 20.386277484998573 0
1679250552236 20.248193495965097 0
1679250572820 20.401588096981868 0
1679250593765 20.77117502701003 0
1679250629242 20.625956729985774 0
1679250650445 21.02529024000978 0
1679250671794 21.161880025989376 0
1679250692839 20.86815613298677 0
1679250714000 20.981028108973987 0
1679250735106 20.897288654989097 0
1679250756170 20.881898547988385 0
1679250776617 20.281419258972164 0
1679250797728 20.93661710602464 0
1679250818452 20.559972873015795 0
1679250854175 20.820294068020303 0
1679250875305 20.94409592403099 0
1679250896486 21.00596941600088 0
1679250917337 20.65228927996941 0
1679250938461 20.930506623000838 0
1679250959725 21.065460874990094 0
1679250980745 20.837649248947855 0
1679251001749 20.817934683000203 0
1679251023256 21.322237129032146 0
1679251044199 20.756362764979713 0
1679251080328 20.968277040985413 0
1679251101467 20.95165687397821 0
1679251122706 21.044360330037307 0
1679251144061 21.168845498992596 0
1679251165407 21.145622376003303 0
1679251186869 21.25364949303912 0
1679251208089 21.03489156498108 0
1679251229170 20.89907317905454 0
1679251250599 21.222779447969515 0
1679251271934 21.155325736966915 0
1679251308679 21.22278092603665 0
1679251330662 21.795847173954826 0
1679251352479 21.624950979021378 0
1679251373838 21.186054176010657 0
1679251395474 21.44973278604448 0
1679251417291 21.63559724704828 0
1679251438510 21.038670946029015 0
1679251460017 21.312883196980692 0
1679251481343 21.136443388997577 0
1679251503069 21.53586180298589 0
1679251540486 21.63650762103498 0
1679251562837 22.160532089998014 0
1679251585014 21.990777975996025 0
1679251606839 21.628966388001572 0
1679251628854 21.82510961499065 0
1679251651154 22.111572703986894 0
1679251672966 21.610434911970515 0
1679251695135 22.00751887797378 0
1679251717438 22.11111208802322 0
1679251739289 21.65840944496449 0
1679251776842 21.886629407003056 0
1679251799034 22.010200704971794 0
1679251821324 22.096600868040696 0
1679251843458 21.94751616404392 0
1679251865988 22.34938237402821 0
1679251888406 22.208547888032626 0
1679251910653 22.05381002399372 0
1679251932738 21.91078372101765 0
1679251955222 22.29524076002417 0
1679251977238 21.816566841036547 0
1679252015627 22.071430626965594 0
1679252037897 22.0727455340093 0
1679252060242 22.151460994035006 0
1679252082623 22.19183071097359 0
1679252104895 22.100063834048342 0
1679252127261 22.18068014102755 0
1679252149526 22.0929244030267 0
1679252172110 22.394393949012738 0
1679252194249 21.939385338977445 0
1679252216501 22.039838552998845 0
1679252255203 22.536350087961182 0
1679252277670 22.275944786029868 0
1679252300082 22.234512436960358 0
1679252322479 22.22471445298288 0
1679252345285 22.590672721038572 0
1679252367889 22.41410811804235 0
1679252390679 22.58285625296412 0
1679252412859 21.988952476007398 0
1679252435801 22.744710238999687 0
1679252458317 22.338744416018017 0
