1679399499229 0.4053976361122396 0
1679399502892 0.10061547353139354 0
1679399506557 0.04262123614963558 0
1679399510048 0.01682852909951988 0
1679399513497 0.01031771514357792 0
1679399517358 0.007964871173802143 0
1679399521427 0.010439268208574503 0
1679399524810 0.006263938208576292 0
1679399528520 0.004621861939732399 0
1679399532312 0.004431559391216271 0
1679399550266 1.9593008862601387 0
1679399554795 1.4710160427623324 0
1679399559153 1.4048280676205953 0
1679399563396 1.3707863171895345 0
1679399567683 1.3479470491409302 0
1679399571906 1.3390776607725354 0
1679399576417 1.329579492410024 0
1679399580522 1.329977239502801 0
1679399584959 1.3169982234636943 0
1679399589253 1.3178847948710124 0
1679399605231 1.5279600203037262 0
1679399609508 1.164869843588935 0
1679399613839 1.1129021227359772 0
1679399618209 1.094420858224233 0
1679399622283 1.074689221382141 0
1679399626915 1.0716731972164577 0
1679399631231 1.0743873258431753 0
1679399635528 1.0610066023137834 0
1679399639784 1.0603746950626374 0
1679399644253 1.0616269754038916 0
1679399660079 1.8085600124465095 0
1679399664491 1.3343746887312995 0
1679399668815 1.2417808175086975 0
1679399673088 1.186276172267066 0
1679399677230 1.159907669491238 0
1679399681608 1.1513937711715698 0
1679399685921 1.1392196781105466 0
1679399690494 1.1288841664791107 0
1679399695090 1.126785737938351 0
1679399699583 1.1220971299542322 0
1679399715595 1.8676183183987936 0
1679399719818 1.3794549067815145 0
1679399724396 1.2879168060090807 0
1679399728808 1.2618727061483594 0
1679399733270 1.2328376001781887 0
1679399737592 1.212903508875105 0
1679399741635 1.207087242603302 0
1679399746093 1.2069163878758749 0
1679399750595 1.1979828675587971 0
1679399755078 1.198117360803816 0
1679399771797 1.946687936782837 0
1679399776314 1.4573792417844136 0
1679399780797 1.3710716406504313 0
1679399784666 1.3223815613322787 0
1679399789215 1.283275682396359 0
1679399794158 1.2618563771247864 0
1679399798484 1.2459751274850634 0
1679399802936 1.2374297539393107 0
1679399807370 1.2384684907065497 0
1679399811783 1.2305170151922438 0
1679399828793 2.008238536781735 0
1679399833112 1.504765890704261 0
1679399837754 1.3962044252289667 0
1679399841766 1.3377639757262336 0
1679399846342 1.301388430595398 0
1679399850866 1.277304878499773 0
1679399855462 1.2555271757973565 0
1679399860286 1.2433315263854132 0
1679399864648 1.2353818575541178 0
1679399869212 1.236491600672404 0
1679399886632 2.02537016471227 0
1679399891136 1.4909650484720867 0
1679399895652 1.3910380800565083 0
1679399900243 1.3432161808013916 0
1679399904736 1.3088262306319343 0
1679399908985 1.2792691032091776 0
1679399913487 1.268215282758077 0
1679399918105 1.2656437304284838 0
1679399922682 1.248167668448554 0
1679399927313 1.2454434408081902 0
1679399944728 2.0693442304929097 0
1679399949141 1.5315288345019022 0
1679399953098 1.4339822464519076 0
1679399957565 1.3794668422804939 0
1679399961993 1.3528843190934923 0
1679399966362 1.330085085497962 0
1679399970820 1.3213364058070713 0
1679399975381 1.3061392347017924 0
1679399979912 1.3063621600468953 0
1679399984464 1.2960931883917914 0
1679400002134 1.9286403920915391 0
1679400006888 1.4322039524714152 0
1679400010704 1.3563487476772733 0
1679400015270 1.314645114209917 0
1679400019783 1.2935602572229175 0
1679400024341 1.2886588056882222 0
1679400028958 1.2775270899136861 0
1679400033521 1.2710218946139018 0
1679400038247 1.262192918194665 0
1679400043001 1.2615819679366218 0
1679400060714 1.9518337329228719 0
1679400065198 1.4253460778130425 0
1679400069223 1.3385021951463487 0
1679400073878 1.2837845351960924 0
1679400078451 1.2601242144902547 0
1679400083213 1.2393295274840461 0
1679400088043 1.2331602361467149 0
1679400092562 1.2128768457306756 0
1679400097159 1.2055580735206604 0
1679400101547 1.198454901907179 0
1679400120048 1.9070822450849745 0
1679400124131 1.4324077434009976 0
1679400128985 1.3723330510987175 0
1679400133644 1.3354504068692525 0
1679400138172 1.3214413377973768 0
1679400142887 1.3171962565845914 0
1679400147561 1.3062039017677307 0
1679400152064 1.3008870204289755 0
1679400156470 1.298026532597012 0
1679400161053 1.2976343419816758 0
1679400179722 1.8550832404030695 0
1679400183502 1.35924766725964 0
1679400188304 1.2757606360647413 0
1679400193110 1.2338374773661296 0
1679400197773 1.2031457901000977 0
1679400202612 1.188748872280121 0
1679400207175 1.1782958560519747 0
1679400211881 1.1689399672879113 0
1679400216460 1.1670009202427334 0
1679400221168 1.1656122936142816 0
1679400239447 1.8756305721071032 0
1679400244259 1.3991631680064731 0
1679400249159 1.3146449579132928 0
1679400253542 1.2678576138284472 0
1679400258274 1.2393279923333063 0
1679400263029 1.219728910923004 0
1679400267586 1.2114909609158835 0
1679400272283 1.2105139944288466 0
1679400276741 1.20075433784061 0
1679400281431 1.2073113547431098 0
1679400300248 1.9312130782339307 0
1679400304965 1.4594724376996357 0
1679400309848 1.379672392209371 0
1679400314656 1.330298129717509 0
1679400319348 1.2990556624200609 0
1679400324025 1.2801978482140435 0
1679400328633 1.2758311258422004 0
1679400333243 1.2702486448817782 0
1679400337784 1.2584369593196445 0
1679400342443 1.255705444018046 0
1679400362627 1.8458303915129768 0
1679400367268 1.368443689081404 0
1679400371658 1.2650659150547452 0
1679400376354 1.222180716196696 0
1679400381063 1.1802383449342515 0
1679400385864 1.1706282642152575 0
1679400390429 1.1581537048021953 0
1679400395079 1.1550525903701783 0
1679400399637 1.1420243832800123 0
1679400404351 1.1447919991281297 0
1679400423665 1.9090500354766846 0
1679400428440 1.4189601328637864 0
1679400432824 1.351540219783783 0
1679400437384 1.320203020837572 0
1679400441908 1.2987896005312602 0
1679400446695 1.2912323951721192 0
1679400451529 1.2847418056594 0
1679400456217 1.2847900774743821 0
1679400461019 1.2740523391299778 0
1679400465666 1.2743380069732666 0
1679400484045 1.7782074954774645 0
1679400488335 1.3559534761640761 0
1679400493050 1.2662184013260736 0
1679400497719 1.2265055908097162 0
1679400502310 1.1934477037853666 0
1679400506858 1.1783531877729627 0
1679400511310 1.1751541296641033 0
1679400515913 1.1738697237438627 0
1679400520768 1.162814704577128 0
1679400525322 1.1579430116547478 0
1679400543543 1.8516010072496203 0
1679400548047 1.4168491575453017 0
1679400552532 1.3382378962304857 0
1679400557033 1.286197096771664 0
1679400561711 1.2665962523884244 0
1679400566284 1.252984627087911 0
1679400571065 1.2386940386560228 0
1679400575742 1.2377481275134616 0
1679400580260 1.236747317843967 0
1679400584918 1.2234758880403307 0
1679400604344 1.9224619706471762 0
1679400608898 1.458783373567793 0
1679400613252 1.3653079218334623 0
1679400617576 1.314698292149438 0
1679400622291 1.2838749925295512 0
1679400626921 1.268632017241584 0
1679400631544 1.2565111332469516 0
1679400636202 1.2401800354321797 0
1679400640917 1.238204476568434 0
1679400645926 1.2364720887607998 0
