1679399499238 3.9487782600335777 0
1679399502899 3.541050285915844 0
1679399506561 3.5468135630944744 0
1679399510056 3.3649264039704576 0
1679399513505 3.315887619042769 0
1679399517364 3.7207503630779684 0
1679399521436 3.937698877067305 0
1679399524821 3.2499731509014964 0
1679399528526 3.591533559956588 0
1679399532318 3.6843888770090416 0
1679399550275 4.163467617006972 0
1679399554802 4.401842757011764 0
1679399559158 4.232880096998997 0
1679399563402 4.1027275250526145 0
1679399567689 4.154756333096884 0
1679399571912 4.089037197059952 0
1679399576422 4.386550339055248 0
1679399580530 3.967695076018572 0
1679399584966 4.297501146909781 0
1679399589260 4.140057267039083 0
1679399605238 4.135963880922645 0
1679399609514 4.15092642698437 0
1679399613845 4.1933830509660766 0
1679399618216 4.237554736901075 0
1679399622287 3.940180580946617 0
1679399626923 4.484848539927043 0
1679399631236 4.1900399109581485 0
1679399635536 4.159916732925922 0
1679399639792 4.111212456948124 0
1679399644264 4.317661049077287 0
1679399660085 4.312775891041383 0
1679399664501 4.266517432057299 0
1679399668821 4.193471699021757 0
1679399673096 4.140227991039865 0
1679399677239 3.9929519470315427 0
1679399681614 4.231321861967444 0
1679399685927 4.1671635010279715 0
1679399690499 4.44512367004063 0
1679399695100 4.456830076058395 0
1679399699597 4.2593436209717765 0
1679399715603 4.236796586075798 0
1679399719823 4.085694166016765 0
1679399724403 4.439839939004742 0
1679399728817 4.212505636969581 0
1679399733277 4.317319500958547 0
1679399737600 4.173378010978922 0
1679399741642 3.8969719460001215 0
1679399746101 4.306614661938511 0
1679399750602 4.3663854689802974 0
1679399755083 4.346532259020023 0
1679399771804 4.277245010947809 0
1679399776323 4.374325708951801 0
1679399780802 4.336039897985756 0
1679399784673 3.7318910220637918 0
1679399789222 4.394462645985186 0
1679399794168 4.798180978978053 0
1679399798492 4.17719539697282 0
1679399802941 4.306818504934199 0
1679399807379 4.289434716920368 0
1679399811789 4.257112410967238 0
1679399828802 4.431229600100778 0
1679399833117 4.174023922067136 0
1679399837760 4.509509927942418 0
1679399841774 3.8639211879344657 0
1679399846349 4.43012274208013 0
1679399850874 4.365215015946887 0
1679399855467 4.371577875921503 0
1679399860291 4.693708643899299 0
1679399864659 4.2272063279524446 0
1679399869224 4.407972209970467 0
1679399886640 4.611294500064105 0
1679399891144 4.360809913952835 0
1679399895660 4.333679927978665 0
1679399900249 4.448617005953565 0
1679399904745 4.344108075951226 0
1679399908994 4.106696595088579 0
1679399913499 4.348680587951094 0
1679399918118 4.451752402004786 0
1679399922690 4.424988084007055 0
1679399927318 4.487349595990963 0
1679399944735 4.33982213109266 0
1679399949151 4.257885085069574 0
1679399953111 3.8028904439415783 0
1679399957573 4.296124718035571 0
1679399962005 4.274299639975652 0
1679399966369 4.214652855996974 0
1679399970829 4.311156475916505 0
1679399975389 4.407030318048783 0
1679399979920 4.376976344967261 0
1679399984471 4.401089173043147 0
1679400002143 4.574362237006426 0
1679400006895 4.616011449019425 0
1679400010712 3.6593389878980815 0
1679400015282 4.409710119012743 0
1679400019789 4.370645668008365 0
1679400024353 4.405880961916409 0
1679400028968 4.452130054007284 0
1679400033528 4.414635553956032 0
1679400038255 4.586339737987146 0
1679400043010 4.598012814996764 0
1679400060727 4.306710826931521 0
1679400065207 4.282230827957392 0
1679400069230 3.8774679410271347 0
1679400073892 4.50455246900674 0
1679400078460 4.388018329045735 0
1679400083223 4.592822592006996 0
1679400088050 4.6748505680589005 0
1679400092568 4.384340431075543 0
1679400097168 4.445440076990053 0
1679400101554 4.229618095094338 0
1679400120056 4.557812771992758 0
1679400124140 3.894297981983982 0
1679400128992 4.695872494019568 0
1679400133650 4.496170416008681 0
1679400138183 4.375394209986553 0
1679400142894 4.567334991064854 0
1679400147569 4.51926379208453 0
1679400152071 4.345283254049718 0
1679400156481 4.249308380065486 0
1679400161063 4.417166100931354 0
1679400179731 4.728454126045108 0
1679400183512 3.610577048966661 0
1679400188318 4.645701891044155 0
1679400193120 4.629430703003891 0
1679400197781 4.501579731935635 0
1679400202620 4.6723213529912755 0
1679400207186 4.350502867018804 0
1679400211888 4.519328541937284 0
1679400216468 4.348371649044566 0
1679400221177 4.554841359029524 0
1679400239458 3.7798709630733356 0
1679400244267 4.6470542850438505 0
1679400249165 4.709499101038091 0
1679400253553 4.226454113959335 0
1679400258282 4.579456662060693 0
1679400263037 4.579070211038925 0
1679400267597 4.391818664968014 0
1679400272297 4.533637485932559 0
1679400276750 4.300789474043995 0
1679400281446 4.525919032981619 0
1679400300255 4.007809169008397 0
1679400304974 4.532184623996727 0
1679400309858 4.683361280011013 0
1679400314667 4.612263020011596 0
1679400319357 4.452856390038505 0
1679400324032 4.52979141601827 0
1679400328640 4.46384224598296 0
1679400333252 4.446707791998051 0
1679400337794 4.376480220933445 0
1679400342450 4.4944863030686975 0
1679400362635 4.53129286901094 0
1679400367284 4.463438333943486 0
1679400371666 4.204907963983715 0
1679400376361 4.537226867978461 0
1679400381071 4.5491341220913455 0
1679400385871 4.640962937963195 0
1679400390436 4.406250142026693 0
1679400395093 4.485767483944073 0
1679400399656 4.385866713011637 0
1679400404365 4.5227559430059046 0
1679400423673 4.4286380429985 0
1679400428448 4.573111856007017 0
1679400432832 4.214941655052826 0
1679400437402 4.386362452059984 0
1679400441923 4.3579046089435 0
1679400446703 4.610582707915455 0
1679400451539 4.664636144065298 0
1679400456225 4.524424953036942 0
1679400461027 4.576067793997936 0
1679400465681 4.4442093460820615 0
1679400484054 4.25150906201452 0
1679400488346 4.088378511019982 0
1679400493059 4.540334299905226 0
1679400497727 4.495495497016236 0
1679400502319 4.432907199021429 0
1679400506868 4.3773314990103245 0
1679400511318 4.283054908039048 0
1679400515927 4.434586231014691 0
1679400520776 4.6627675029449165 0
1679400525339 4.394104510080069 0
1679400543552 4.336712351068854 0
1679400548065 4.337244183057919 0
1679400552540 4.323445176007226 0
1679400557042 4.336775507079437 0
1679400561728 4.500069517060183 0
1679400566300 4.398002402042039 0
1679400571076 4.571298227994703 0
1679400575750 4.508268908946775 0
1679400580268 4.3495707620168105 0
1679400584936 4.461933047976345 0
1679400604361 5.28303746599704 0
1679400608907 4.372622032999061 0
1679400613272 4.16817810095381 0
1679400617587 4.121105213998817 0
1679400622300 4.530123336007819 0
1679400626932 4.442949288059026 0
1679400631560 4.413804112933576 0
1679400636211 4.4700801549479365 0
1679400640925 4.543270264053717 0
1679400645942 4.74649230891373 0
