1679399499217 0.8840277777777777 0
1679399502880 0.9708333333333333 0
1679399506547 0.9927083333333333 0
1679399510035 0.9975694444444444 0
1679399513485 0.9989583333333333 0
1679399517347 0.9986111111111111 0
1679399521415 0.9982638888888888 0
1679399524797 0.9996527777777777 0
1679399528509 0.9993055555555556 0
1679399532305 0.9996527777777777 0
1679399550255 0.5802083333333333 0
1679399554786 0.6524305555555555 0
1679399559144 0.6743055555555556 0
1679399563387 0.6631944444444444 0
1679399567672 0.6694444444444444 0
1679399571896 0.6767361111111111 0
1679399576406 0.6670138888888889 0
1679399580511 0.6819444444444445 0
1679399584947 0.6690972222222222 0
1679399589244 0.6729166666666667 0
1679399605220 0.6836805555555555 0
1679399609497 0.7930555555555555 0
1679399613828 0.8267361111111111 0
1679399618198 0.8329861111111111 0
1679399622272 0.8864583333333333 0
1679399626903 0.8677083333333333 0
1679399631220 0.8642361111111111 0
1679399635515 0.8840277777777777 0
1679399639772 0.878125 0
1679399644237 0.8833333333333333 0
1679399660068 0.6451388888888889 0
1679399664477 0.7600694444444445 0
1679399668804 0.7913194444444445 0
1679399673080 0.8038194444444444 0
1679399677217 0.834375 0
1679399681596 0.8392361111111111 0
1679399685912 0.8479166666666667 0
1679399690490 0.8736111111111111 0
1679399695077 0.8701388888888889 0
1679399699565 0.8809027777777778 0
1679399715583 0.6388888888888888 0
1679399719806 0.7482638888888888 0
1679399724383 0.8069444444444445 0
1679399728796 0.7916666666666666 0
1679399733259 0.8288194444444444 0
1679399737582 0.8465277777777778 0
1679399741622 0.8586805555555556 0
1679399746081 0.8447916666666667 0
1679399750584 0.8659722222222223 0
1679399755067 0.8774305555555556 0
1679399771785 0.6201388888888889 0
1679399776301 0.771875 0
1679399780787 0.8065972222222222 0
1679399784655 0.8128472222222223 0
1679399789204 0.8465277777777778 0
1679399794144 0.8416666666666667 0
1679399798471 0.871875 0
1679399802927 0.8677083333333333 0
1679399807358 0.8638888888888889 0
1679399811773 0.8871527777777778 0
1679399828781 0.5864583333333333 0
1679399833101 0.7284722222222222 0
1679399837748 0.7833333333333333 0
1679399841754 0.7972222222222223 0
1679399846330 0.8006944444444445 0
1679399850859 0.8177083333333334 0
1679399855456 0.8482638888888889 0
1679399860281 0.8482638888888889 0
1679399864636 0.846875 0
1679399869199 0.8545138888888889 0
1679399886620 0.5784722222222223 0
1679399891124 0.7274305555555556 0
1679399895644 0.7618055555555555 0
1679399900235 0.7694444444444445 0
1679399904724 0.7899305555555556 0
1679399908974 0.8138888888888889 0
1679399913474 0.8177083333333334 0
1679399918089 0.8142361111111112 0
1679399922669 0.8506944444444444 0
1679399927307 0.8423611111111111 0
1679399944721 0.61875 0
1679399949124 0.7545138888888889 0
1679399953086 0.7649305555555556 0
1679399957553 0.7913194444444445 0
1679399961981 0.7989583333333333 0
1679399966353 0.8201388888888889 0
1679399970809 0.8232638888888889 0
1679399975367 0.8364583333333333 0
1679399979897 0.8371527777777777 0
1679399984452 0.8680555555555556 0
1679400002121 0.584375 0
1679400006881 0.7225694444444445 0
1679400010693 0.753125 0
1679400015261 0.7659722222222223 0
1679400019774 0.7954861111111111 0
1679400024328 0.8111111111111111 0
1679400028943 0.8052083333333333 0
1679400033510 0.8288194444444444 0
1679400038239 0.8489583333333334 0
1679400042988 0.8479166666666667 0
1679400060701 0.6166666666666667 0
1679400065184 0.8090277777777778 0
1679400069215 0.8260416666666667 0
1679400073865 0.8489583333333334 0
1679400078441 0.8618055555555556 0
1679400083199 0.8767361111111112 0
1679400088032 0.8760416666666667 0
1679400092551 0.8947916666666667 0
1679400097147 0.9135416666666667 0
1679400101535 0.9131944444444444 0
1679400120037 0.6597222222222222 0
1679400124121 0.7934027777777778 0
1679400128973 0.8201388888888889 0
1679400133632 0.8597222222222223 0
1679400138156 0.8534722222222222 0
1679400142880 0.8524305555555556 0
1679400147549 0.8736111111111111 0
1679400152054 0.8895833333333333 0
1679400156453 0.89375 0
1679400161039 0.8850694444444445 0
1679400179709 0.6083333333333333 0
1679400183484 0.7631944444444444 0
1679400188289 0.8024305555555555 0
1679400193093 0.8145833333333333 0
1679400197761 0.8506944444444444 0
1679400202600 0.8482638888888889 0
1679400207161 0.8631944444444445 0
1679400211874 0.8819444444444444 0
1679400216450 0.8743055555555556 0
1679400221155 0.8822916666666667 0
1679400239437 0.6510416666666666 0
1679400244245 0.7996527777777778 0
1679400249147 0.8260416666666667 0
1679400253525 0.8659722222222223 0
1679400258261 0.8819444444444444 0
1679400263015 0.8965277777777778 0
1679400267575 0.9055555555555556 0
1679400272265 0.9013888888888889 0
1679400276729 0.9121527777777778 0
1679400281421 0.8954861111111111 0
1679400300238 0.6052083333333333 0
1679400304951 0.7479166666666667 0
1679400309838 0.7652777777777777 0
1679400314640 0.8034722222222223 0
1679400319333 0.8253472222222222 0
1679400324017 0.8465277777777778 0
1679400328625 0.8416666666666667 0
1679400333231 0.8486111111111111 0
1679400337769 0.8954861111111111 0
1679400342431 0.8809027777777778 0
1679400362616 0.5868055555555556 0
1679400367251 0.7795138888888888 0
1679400371644 0.8111111111111111 0
1679400376343 0.8267361111111111 0
1679400381051 0.8673611111111111 0
1679400385854 0.8684027777777777 0
1679400390420 0.8784722222222222 0
1679400395067 0.8829861111111111 0
1679400399623 0.8885416666666667 0
1679400404336 0.890625 0
1679400423652 0.6190972222222222 0
1679400428430 0.7701388888888889 0
1679400432812 0.7888888888888889 0
1679400437359 0.8065972222222222 0
1679400441894 0.8381944444444445 0
1679400446682 0.846875 0
1679400451517 0.8614583333333333 0
1679400456209 0.8472222222222222 0
1679400461005 0.8815972222222223 0
1679400465652 0.8680555555555556 0
1679400484033 0.6579861111111112 0
1679400488325 0.8131944444444444 0
1679400493038 0.8427083333333333 0
1679400497706 0.8541666666666666 0
1679400502297 0.8829861111111111 0
1679400506843 0.9017361111111111 0
1679400511298 0.8961805555555555 0
1679400515901 0.8913194444444444 0
1679400520757 0.9166666666666666 0
1679400525310 0.9142361111111111 0
1679400543531 0.6517361111111111 0
1679400548035 0.7989583333333333 0
1679400552521 0.8253472222222222 0
1679400557019 0.85625 0
1679400561689 0.8649305555555555 0
1679400566273 0.8756944444444444 0
1679400571045 0.9 0
1679400575734 0.896875 0
1679400580250 0.8927083333333333 0
1679400584899 0.9243055555555556 0
1679400604331 0.6138888888888889 0
1679400608888 0.7916666666666666 0
1679400613238 0.8208333333333333 0
1679400617563 0.8434027777777777 0
1679400622279 0.8576388888888888 0
1679400626902 0.8503472222222223 0
1679400631525 0.8690972222222222 0
1679400636192 0.9059027777777777 0
1679400640905 0.9052083333333333 0
1679400645908 0.8923611111111112 0
