1679669731753 0.9766005355404089 0
1679669790158 0.9986459347614411 0
1679669849099 0.9993762171372931 0
1679669909610 0.9996196445959105 0
1679669968004 0.9999543573515093 0
1679670025912 0.9998935004868549 0
1679670084980 0.9999695715676729 0
1679670144120 0.9999087147030185 0
1679670203141 0.9998326436222006 0
1679670261615 0.9998935004868549 0
1679670364887 0.9343 0
1679670391400 0.99005 0
1679670417073 0.9973 0
1679670443571 0.9968 0
1679670470099 0.9986 0
1679670495913 0.9991 0
1679670522405 0.9992 0
1679670548897 0.99955 0
1679670575132 0.9995 0
1679670601071 0.99995 0
1679670669291 0.8735 0
1679670700467 0.98005 0
1679670731412 0.99075 0
1679670762009 0.9951 0
1679670794339 0.99675 0
1679670825880 0.99735 0
1679670856470 0.99755 0
1679670887375 0.99855 0
1679670918412 0.9992 0
1679670948985 0.99935 0
1679671024331 0.83 0
1679671058861 0.9778 0
1679671093734 0.99005 0
1679671128598 0.99515 0
1679671164308 0.9973 0
1679671199782 0.9977 0
1679671235914 0.9983 0
1679671270840 0.9987 0
1679671306233 0.999 0
1679671341337 0.9994 0
1679671421915 0.8236 0
1679671461787 0.97625 0
1679671500847 0.98865 0
1679671540406 0.9931 0
1679671579710 0.99595 0
1679671618930 0.9962 0
1679671658009 0.9966 0
1679671696799 0.99825 0
1679671736587 0.99785 0
1679671775733 0.99825 0
1679671861571 0.8315 0
1679671904931 0.97095 0
1679671948337 0.98765 0
1679671990893 0.9909 0
1679672033599 0.9929 0
1679672076752 0.9953 0
1679672119635 0.99725 0
1679672162975 0.9982 0
1679672205370 0.99775 0
1679672248228 0.9987 0
1679672339719 0.8363 0
1679672386437 0.96795 0
1679672433567 0.98615 0
1679672480768 0.9917 0
1679672528249 0.99585 0
1679672575107 0.99635 0
1679672622130 0.9963 0
1679672668919 0.99755 0
1679672715606 0.99635 0
1679672763035 0.99725 0
1679672859813 0.82425 0
1679672911159 0.9626 0
1679672961981 0.98105 0
1679673013524 0.99085 0
1679673063289 0.993 0
1679673113673 0.9936 0
1679673163958 0.99625 0
1679673214772 0.99655 0
1679673265573 0.99645 0
1679673315640 0.99755 0
1679673417597 0.772 0
1679673471406 0.94375 0
1679673526002 0.975 0
1679673580010 0.9811 0
1679673634971 0.98825 0
1679673689555 0.9915 0
1679673744260 0.9925 0
1679673798768 0.99355 0
1679673853129 0.99425 0
1679673907676 0.996 0
1679674014651 0.8004 0
1679674072868 0.9515 0
1679674131119 0.97615 0
1679674190126 0.98385 0
1679674247566 0.99015 0
1679674305517 0.9902 0
1679674363574 0.99235 0
1679674421200 0.9931 0
1679674479344 0.99385 0
1679674537259 0.99275 0
1679674650085 0.76315 0
1679674711442 0.9345 0
1679674772816 0.96415 0
1679674833415 0.9771 0
1679674895017 0.9804 0
1679674957214 0.98415 0
1679675018356 0.9888 0
1679675080102 0.9887 0
1679675142163 0.9886 0
1679675205040 0.98835 0
1679675323902 0.78205 0
1679675389334 0.93515 0
1679675455322 0.9604 0
1679675520615 0.9731 0
1679675585886 0.9789 0
1679675651598 0.98125 0
1679675717247 0.98285 0
1679675781751 0.98195 0
1679675846577 0.9829 0
1679675911609 0.98465 0
1679676035449 0.74215 0
1679676104652 0.913 0
1679676172338 0.94015 0
1679676240156 0.9556 0
1679676309276 0.9621 0
1679676377937 0.96425 0
1679676447398 0.9686 0
1679676516085 0.97345 0
1679676585963 0.96385 0
1679676655244 0.97365 0
1679676783213 0.7696 0
1679676855685 0.9212 0
1679676928229 0.94835 0
1679677001390 0.9488 0
1679677073798 0.9584 0
1679677146500 0.96215 0
1679677219005 0.9663 0
1679677291436 0.9658 0
1679677363886 0.96685 0
1679677436437 0.96845 0
1679677571592 0.72215 0
1679677646411 0.87345 0
1679677722691 0.8976 0
1679677798602 0.91215 0
1679677874612 0.91855 0
1679677950924 0.92225 0
1679678026639 0.92165 0
1679678102254 0.92925 0
1679678177095 0.92535 0
1679678252844 0.93045 0
1679678392289 0.7261 0
1679678472134 0.8516 0
1679678551508 0.8691 0
1679678630917 0.8798 0
1679678710005 0.8858 0
1679678789134 0.89135 0
1679678867936 0.8895 0
1679678947153 0.88745 0
1679679026768 0.89485 0
1679679106067 0.896 0
1679679251550 0.65795 0
1679679334858 0.7674 0
1679679418287 0.7834 0
1679679501352 0.79185 0
1679679584574 0.79795 0
1679679667970 0.8019 0
1679679751141 0.801 0
1679679833998 0.8063 0
1679679917378 0.8028 0
1679680000246 0.8101 0
1679680152951 0.63085 0
1679680239189 0.7098 0
1679680326001 0.73265 0
1679680412198 0.73315 0
1679680499486 0.7379 0
1679680585316 0.738 0
1679680673057 0.74065 0
1679680759346 0.74405 0
1679680845516 0.7442 0
1679680931571 0.7491 0
1679681090662 0.5153 0
1679681180478 0.57285 0
1679681270318 0.5776 0
1679681361638 0.5856 0
1679681452900 0.58355 0
1679681543825 0.59485 0
1679681634945 0.59695 0
1679681724506 0.6065 0
1679681813933 0.60405 0
1679681904005 0.6069 0
1679682067828 0.43835 0
1679682161635 0.48705 0
1679682255221 0.49115 0
1679682349514 0.49745 0
1679682443175 0.5035 0
1679682536839 0.5038 0
1679682630384 0.50375 0
1679682724659 0.50885 0
1679682818566 0.51275 0
1679682912805 0.51265 0
