1679856495582 57.48496243590489 0
1679856554019 57.92575973505154 0
1679856613784 59.25038906908594 0
1679856671201 56.89541115285829 0
1679856729271 57.55193769792095 0
1679856787236 57.48081660014577 0
1679856845542 57.799080891069025 0
1679856903031 56.96519918506965 0
1679856960426 56.88836686313152 0
1679857018315 57.37691960600205 0
1679857041475 7.1925186479929835 0
1679857048991 7.321620910195634 0
1679857056529 7.318463673116639 0
1679857064296 7.548207336105406 0
1679857071797 7.303396989125758 0
1679857079313 7.308252566028386 0
1679857086807 7.296056303894147 0
1679857094403 7.397262190002948 0
1679857101844 7.243710740935057 0
1679857109584 7.53395414701663 0
1679857133362 7.567667439812794 0
1679857140944 7.367097181035206 0
1679857148539 7.391007344936952 0
1679857156229 7.491857251152396 0
1679857163903 7.4662415131460875 0
1679857171332 7.224677984137088 0
1679857178951 7.417502172989771 0
1679857186525 7.388727858895436 0
1679857194176 7.459043580107391 0
1679857201623 7.238745495909825 0
1679857225550 7.70384868606925 0
1679857233245 7.495792878093198 0
1679857241134 7.687757016858086 0
1679857248604 7.261595124844462 0
1679857256333 7.5216245979536325 0
1679857263940 7.406147145899013 0
1679857271699 7.554139357060194 0
1679857279168 7.272440931061283 0
1679857287023 7.650944561930373 0
1679857294739 7.502332208212465 0
1679857319438 7.645036687143147 0
1679857327148 7.499534494010732 0
1679857335016 7.670474997954443 0
1679857342819 7.583187215961516 0
1679857350373 7.351299871923402 0
1679857358429 7.832494036993012 0
1679857366214 7.557715752162039 0
1679857373620 7.216014992911369 0
1679857381293 7.450480766128749 0
1679857388889 7.38197518303059 0
1679857414133 7.495306290918961 0
1679857421708 7.374910423066467 0
1679857429456 7.520081456052139 0
1679857437186 7.521661842009053 0
1679857444793 7.372576887020841 0
1679857452564 7.558795253979042 0
1679857460382 7.6124393860809505 0
1679857468128 7.538414170965552 0
1679857475673 7.321239613927901 0
1679857483208 7.3357850320171565 0
1679857509065 7.571754235075787 0
1679857516713 7.435534802032635 0
1679857524590 7.659151416039094 0
1679857532547 7.751575406175107 0
1679857540058 7.302785040810704 0
1679857548035 7.748934125993401 0
1679857555943 7.686640758998692 0
1679857563981 7.825429575983435 0
1679857571801 7.59081524098292 0
1679857579603 7.597660202067345 0
1679857605811 7.629462270997465 0
1679857613640 7.6184684401378036 0
1679857621341 7.482728416798636 0
1679857629168 7.607828183798119 0
1679857637019 7.621667803963646 0
1679857644694 7.472140874015167 0
1679857652203 7.289810062153265 0
1679857659681 7.261091862805188 0
1679857667672 7.778682668926194 0
1679857676390 8.498688679886982 0
1679857705211 7.619842090178281 0
1679857713244 7.817341186106205 0
1679857721205 7.732650936115533 0
1679857728900 7.475681707961485 0
1679857736744 7.6406235680915415 0
1679857744441 7.463166604982689 0
1679857752342 7.687526245135814 0
1679857760150 7.562714859843254 0
1679857768016 7.635137547040358 0
1679857776015 7.76503445697017 0
1679857803802 7.748486099066213 0
1679857811620 7.605959364213049 0
1679857819285 7.448518133955076 0
1679857827214 7.6795456521213055 0
1679857835223 7.792836400913075 0
1679857843155 7.7195033899042755 0
1679857850824 7.459036152111366 0
1679857858502 7.459548631915823 0
1679857866467 7.754944044863805 0
1679857874612 7.92291613901034 0
1679857902376 7.580168538959697 0
1679857910603 8.000343354884535 0
1679857918740 7.914217826910317 0
1679857926621 7.6609869201201946 0
1679857934555 7.715622310061008 0
1679857942453 7.642989412182942 0
1679857950261 7.589651104994118 0
1679857958099 7.619860182981938 0
1679857966138 7.809232885949314 0
1679857974272 7.888699205126613 0
1679858002343 7.69176847813651 0
1679858010134 7.555218573892489 0
1679858018042 7.667925274930894 0
1679858026062 7.786452906904742 0
1679858034110 7.811555633088574 0
1679858042021 7.6766497020144016 0
1679858049988 7.7468398490455 0
1679858057789 7.588109276024625 0
1679858065558 7.543104615993798 0
1679858073463 7.679236876079813 0
1679858102758 7.862568585202098 0
1679858110796 7.805794368963689 0
1679858118662 7.634669163962826 0
1679858126347 7.4657280191313475 0
1679858134137 7.560150827979669 0
1679858141892 7.541345013072714 0
1679858149575 7.460290035000071 0
1679858157445 7.603671910008416 0
1679858165135 7.468269780045375 0
1679858172755 7.383965413086116 0
1679858202264 7.658474100055173 0
1679858210082 7.5978991449810565 0
1679858217911 7.5809830809012055 0
1679858225891 7.753021069103852 0
1679858234064 7.926922533195466 0
1679858241985 7.6627004749607295 0
1679858249916 7.67212136904709 0
1679858257842 7.6859716810286045 0
1679858265782 7.7034958130680025 0
1679858273723 7.705591393867508 0
1679858303597 7.712462840136141 0
1679858311593 7.756328999996185 0
1679858319697 7.857216514181346 0
1679858327661 7.706925979116932 0
1679858335629 7.749613733030856 0
1679858343811 7.944422761909664 0
1679858351585 7.5166400340385735 0
1679858359588 7.769415735965595 0
1679858367510 7.679282566998154 0
1679858375532 7.794519548071548 0
1679858406174 7.554839415010065 0
1679858414183 7.786416409071535 0
1679858422180 7.7515455931425095 0
1679858430146 7.698015797883272 0
1679858438205 7.81524920812808 0
1679858446086 7.648088607005775 0
1679858454045 7.727228257106617 0
1679858462026 7.733050079084933 0
1679858469941 7.670318972086534 0
1679858477920 7.75215675891377 0
1679858509056 7.736095521133393 0
1679858517460 8.139115037862211 0
1679858525719 8.004109230125323 0
1679858533763 7.819362242007628 0
1679858541873 7.888977829134092 0
1679858549905 7.789632732048631 0
1679858558158 8.012902606045827 0
1679858566351 7.964163372060284 0
1679858574217 7.63089047302492 0
1679858582291 7.839862087043002 0
1679858614270 7.879668620880693 0
1679858622366 7.845832526916638 0
1679858630235 7.643643585033715 0
1679858638336 7.832668261835352 0
1679858646355 7.786664793966338 0
1679858654349 7.7566691290121526 0
1679858662526 7.933817876968533 0
1679858670810 8.044413071824238 0
1679858679070 8.001825050916523 0
1679858687114 7.794338220031932 0
1679858719735 7.546288481215015 0
1679858727754 7.786236608866602 0
1679858736050 8.04734664899297 0
1679858743933 7.649443021975458 0
1679858752071 7.898453728994355 0
1679858760115 7.797965298872441 0
1679858768311 7.952769629191607 0
1679858776462 7.805687343934551 0
1679858785095 8.374837996903807 0
1679858793727 8.355463990941644 0
1679858829303 7.783718595979735 0
1679858837139 7.603238661075011 0
1679858845397 7.997683708090335 0
1679858853478 7.818653504131362 0
1679858861200 7.478236055932939 0
1679858869428 7.939918338088319 0
1679858877424 7.7279336261563 0
1679858885445 7.763116249116138 0
1679858893437 7.751623237971216 0
1679858901725 8.04937860602513 0
