1679780623856 0.9848922833495618 0
1679780687596 0.9943250973709834 0
1679780751681 0.9970332278481012 0
1679780814807 0.9971092989289192 0
1679780878899 0.9977939386562804 0
1679780945360 0.9982960077896786 0
1679781008760 0.9982960077896786 0
1679781072435 0.9986611489776047 0
1679781135985 0.9984785783836416 0
1679781198768 0.9992088607594937 0
1679781239136 0.9536363636363636 0
1679781260773 0.9947272727272727 0
1679781282312 0.9973636363636363 0
1679781303961 0.9965909090909091 0
1679781325518 0.9979090909090909 0
1679781346954 0.9983181818181818 0
1679781368556 0.9980909090909091 0
1679781389863 0.9985 0
1679781410992 0.9988636363636364 0
1679781433168 0.9985454545454545 0
1679781475256 0.918 0
1679781496678 0.9875 0
1679781518248 0.9928181818181818 0
1679781539673 0.9960909090909091 0
1679781561291 0.9970909090909091 0
1679781582905 0.9989090909090909 0
1679781604365 0.9958636363636364 0
1679781625788 0.9969545454545454 0
1679781647564 0.9995909090909091 0
1679781669152 0.9959545454545454 0
1679781712658 0.8915810528229839 0
1679781734244 0.977407037003364 0
1679781756094 0.9893172106555141 0
1679781777926 0.9919538139830893 0
1679781799765 0.9948631693790344 0
1679781821094 0.9951359214474043 0
1679781842706 0.9959541776525138 0
1679781864116 0.9967724338576234 0
1679781885516 0.997454314028548 0
1679781907249 0.9942267478861715 0
1679781952138 0.8821363636363636 0
1679781973677 0.9687727272727272 0
1679781995017 0.9865909090909091 0
1679782016845 0.9909545454545454 0
1679782038630 0.9927272727272727 0
1679782059805 0.9925909090909091 0
1679782080944 0.9935454545454545 0
1679782102336 0.9950909090909091 0
1679782123720 0.9974545454545455 0
1679782144893 0.9953181818181818 0
1679782192006 0.8655909090909091 0
1679782214181 0.9678181818181818 0
1679782235395 0.9833181818181819 0
1679782256646 0.9878636363636364 0
1679782278242 0.991909090909091 0
1679782300461 0.9946818181818182 0
1679782322229 0.9910454545454546 0
1679782343725 0.9960909090909091 0
1679782365050 0.9921363636363636 0
1679782386614 0.9946818181818182 0
1679782435274 0.8534866806073279 0
1679782456322 0.960632784798618 0
1679782478230 0.985271388308028 0
1679782500570 0.9874534048549868 0
1679782522092 0.9898172561141922 0
1679782543774 0.9905900536412401 0
1679782565433 0.9933175743249386 0
1679782587073 0.992499318119829 0
1679782609031 0.995545049549959 0
1679782630293 0.9950904627693427 0
1679782680401 0.8471925437599455 0
1679782702129 0.9603546260513753 0
1679782723906 0.9799499886337804 0
1679782745061 0.9855421686746988 0
1679782766602 0.9904978404182769 0
1679782788425 0.9917708570129575 0
1679782809560 0.9928165492157308 0
1679782830734 0.9922709706751535 0
1679782852742 0.9925437599454422 0
1679782873875 0.9961809502159582 0
1679782925974 0.8295454545454546 0
1679782947302 0.9584545454545454 0
1679782968907 0.9815 0
1679782990037 0.9878636363636364 0
1679783011279 0.9898181818181818 0
1679783032642 0.9917272727272727 0
1679783054166 0.9905454545454545 0
1679783075045 0.9933636363636363 0
1679783096401 0.9938636363636364 0
1679783117997 0.9939545454545454 0
1679783172455 0.8235748704427676 0
1679783194530 0.9464951359214474 0
1679783215309 0.9818165287753432 0
1679783236825 0.9856805164105827 0
1679783258750 0.9881807437039731 0
1679783280188 0.9909991817437949 0
1679783301342 0.9917719792708428 0
1679783322638 0.9923174834075825 0
1679783344390 0.9930902809346305 0
1679783366163 0.9922720247295209 0
1679783421870 0.79 0
1679783443763 0.9467272727272728 0
1679783465410 0.978909090909091 0
1679783487077 0.9865454545454545 0
1679783509002 0.9876818181818182 0
1679783530475 0.9913636363636363 0
1679783551916 0.9903181818181818 0
1679783573706 0.990909090909091 0
1679783595323 0.9947272727272727 0
1679783617140 0.9903636363636363 0
1679783674762 0.7902323677868219 0
1679783696990 0.9424764676458551 0
1679783719018 0.9767632213178118 0
1679783740731 0.9837660861261425 0
1679783763490 0.9860852166795507 0
1679783785198 0.9906325314901551 0
1679783807726 0.990496112045837 0
1679783830002 0.9880860351962166 0
1679783851802 0.9911782092674276 0
1679783873615 0.9889954981583375 0
1679783933351 0.7710531102218988 0
1679783955157 0.9357038923244816 0
1679783979311 0.9729447071662423 0
1679784002915 0.9827664605311022 0
1679784024939 0.9868588577664605 0
1679784046781 0.987404510731175 0
1679784068368 0.9865860312841033 0
1679784089937 0.9890414696253182 0
1679784111487 0.9910421971626046 0
1679784133244 0.9887686431429611 0
1679784195811 0.7461912774569103 0
1679784217729 0.9354677338669335 0
1679784239379 0.9717586065760153 0
1679784261527 0.9821274273500387 0
1679784284060 0.9835827004411296 0
1679784305646 0.9874937468734367 0
1679784327891 0.986675155759698 0
1679784349811 0.9893128382373004 0
1679784371232 0.9876301787257264 0
1679784393447 0.9905862021920051 0
1679784456675 0.7442241222484992 0
1679784478251 0.9257322175732218 0
1679784500413 0.9656176096052392 0
1679784521940 0.977442241222485 0
1679784544375 0.9847189376023285 0
1679784566397 0.9782608695652174 0
1679784587683 0.9869474258686556 0
1679784609261 0.9869019465162816 0
1679784630740 0.9847189376023285 0
1679784652322 0.9890849554302347 0
1679784717996 0.7824050920663788 0
1679784740369 0.9434416912934758 0
1679784762108 0.9781768583769038 0
1679784784067 0.984360081836781 0
1679784806341 0.9869061150261423 0
1679784828168 0.9849511252557399 0
1679784850347 0.9864514662423278 0
1679784872581 0.9886337804046375 0
1679784894361 0.9898158672425551 0
1679784915983 0.9917708570129575 0
1679784983464 0.7018636363636364 0
1679785005395 0.9122272727272728 0
1679785027081 0.9656363636363636 0
1679785048791 0.9758636363636364 0
1679785070923 0.9825454545454545 0
1679785092616 0.9812272727272727 0
1679785114227 0.9797272727272728 0
1679785135965 0.9833636363636363 0
1679785157488 0.9847727272727272 0
1679785179142 0.9886363636363636 0
1679785249097 0.7033971531220156 0
1679785271532 0.9038155441357042 0
1679785294214 0.9587066260402929 0
1679785316373 0.9755332211560326 0
1679785338179 0.9746691527581973 0
1679785359993 0.9815816999408795 0
1679785381819 0.9806721542589476 0
1679785403654 0.9808995406794306 0
1679785425496 0.9843558142707718 0
1679785447313 0.985219882668607 0
1679785519224 0.6565596872442949 0
1679785541045 0.8811255568688062 0
1679785562680 0.9515865078643513 0
1679785584226 0.9704064005818711 0
1679785605988 0.9768160741885626 0
1679785628033 0.9795890535503228 0
1679785649378 0.9787253386671516 0
1679785671021 0.9792253841258296 0
1679785693052 0.9801800163651241 0
1679785714848 0.9844531321029184 0
1679785789503 0.7039327119799954 0
1679785811553 0.8926119572630143 0
1679785833621 0.9451693566719709 0
1679785855210 0.9666742441463969 0
1679785877325 0.9727665378495113 0
1679785899658 0.9754489656740168 0
1679785921709 0.9775403500795635 0
1679785943334 0.981723118890657 0
1679785965488 0.979495339849966 0
1679785987849 0.9823596271879973 0
