1679780623867 0.04927784226486073 0
1679780687606 0.020048011770959048 0
1679780751693 0.011161315615973336 0
1679780814818 0.012478480543398989 0
1679780878910 0.008820053269210629 0
1679780945370 0.005584221812289943 0
1679781008770 0.005893648579693767 0
1679781072445 0.00446610692792791 0
1679781135996 0.0057493568094277294 0
1679781198776 0.0030662366289514846 0
1679781239147 0.32814342848926953 0
1679781260785 0.01748256744315255 0
1679781282324 0.008549388789666408 0
1679781303971 0.01136549737090106 0
1679781325528 0.007797698890248615 0
1679781346961 0.005678075092280117 0
1679781368567 0.007192250016397462 0
1679781389874 0.0060488447803479835 0
1679781411004 0.004019846313084713 0
1679781433178 0.0050770769397373615 0
1679781475267 0.4130802625221285 0
1679781496688 0.046094320815755055 0
1679781518260 0.021860250396447636 0
1679781539683 0.013837814954842377 0
1679781561301 0.009561611934601387 0
1679781582915 0.004254463677970555 0
1679781604375 0.016663871963566303 0
1679781625801 0.009349548422883262 0
1679781647575 0.0018055444997424853 0
1679781669163 0.012579693981400521 0
1679781712669 0.5700648786721602 0
1679781734255 0.07636635392233541 0
1679781756105 0.033499357784582254 0
1679781777936 0.02572498730039108 0
1679781799775 0.016512042286018335 0
1679781821101 0.016430488718089824 0
1679781842716 0.014612043553413683 0
1679781864129 0.010824587697649345 0
1679781885528 0.008472450736568351 0
1679781907259 0.022375175786355332 0
1679781952149 0.591645815343342 0
1679781973687 0.10725365491177548 0
1679781995028 0.04264287603932263 0
1679782016857 0.02954836372370747 0
1679782038640 0.021883684032427315 0
1679782059816 0.025256452822443945 0
1679782080955 0.020670289155154023 0
1679782102348 0.014755577104315638 0
1679782123732 0.009064383559811342 0
1679782144904 0.016336865226242066 0
1679782192017 0.6298142895007676 0
1679782214193 0.11865026463923807 0
1679782235406 0.05301173480811783 0
1679782256657 0.03746250676892867 0
1679782278254 0.026876239970067134 0
1679782300472 0.01946042711600206 0
1679782322235 0.027813432487613515 0
1679782343737 0.01374252508542585 0
1679782365062 0.028014974498279943 0
1679782386625 0.01921045809407025 0
1679782435285 0.6720351992015035 0
1679782456333 0.13005302138079586 0
1679782478236 0.04930420913771222 0
1679782500581 0.03993022497113927 0
1679782522113 0.03198902057180714 0
1679782543784 0.032206935599750144 0
1679782565444 0.022422406982123784 0
1679782587085 0.023427938340173225 0
1679782609042 0.014965854061154943 0
1679782630304 0.016210844172200468 0
1679782680413 0.6773464230034237 0
1679782702141 0.1332857748261092 0
1679782723917 0.06348571417195657 0
1679782745076 0.04507918434892167 0
1679782766613 0.032493496874898206 0
1679782788439 0.02585126948909155 0
1679782809571 0.02452626754351936 0
1679782830746 0.024417393107712067 0
1679782852756 0.023909065517283355 0
1679782873888 0.012591746953082567 0
1679782925986 0.7726171695210717 0
1679782947313 0.13587685918943448 0
1679782968919 0.058083662583069365 0
1679782990048 0.03624626769058787 0
1679783011285 0.033546953386653595 0
1679783032654 0.025871080856974003 0
1679783054177 0.03051912465950855 0
1679783075057 0.01937941429423253 0
1679783096413 0.02225147014821017 0
1679783118008 0.019737954448556676 0
1679783172468 0.7764064212603096 0
1679783194541 0.1795036953041847 0
1679783215321 0.059442949462595644 0
1679783236840 0.0447060319080267 0
1679783258761 0.03797275163891404 0
1679783280200 0.02926363467262933 0
1679783301355 0.026984585057045887 0
1679783322649 0.024693986599949626 0
1679783344402 0.021940651344791114 0
1679783366175 0.024347640213566155 0
1679783421878 0.9127913776175542 0
1679783443775 0.1799706720598042 0
1679783465422 0.06618403122531757 0
1679783487090 0.04485768653348681 0
1679783509014 0.03901044088178737 0
1679783530486 0.026023245918897868 0
1679783551928 0.032268194729070686 0
1679783573718 0.03032478768895486 0
1679783595337 0.017555731777862422 0
1679783617151 0.028774191043884706 0
1679783674774 0.8918136807308424 0
1679783697002 0.1829410106645676 0
1679783719031 0.07528665817787503 0
1679783740742 0.05144958470081429 0
1679783763501 0.04150202731517575 0
1679783785210 0.030412516624790855 0
1679783807737 0.0314187494293175 0
1679783830013 0.03721959521425084 0
1679783851814 0.02762899051479808 0
1679783873627 0.03654427953667095 0
1679783933362 0.9577057970712817 0
1679783955171 0.20840279570594022 0
1679783979328 0.08318758244287777 0
1679784002926 0.054757672666767516 0
1679784024950 0.04140564570031151 0
1679784046794 0.03843122558619894 0
1679784068380 0.04119740281717851 0
1679784089956 0.03402697201258172 0
1679784111500 0.031324853661393086 0
1679784133256 0.0354094347629126 0
1679784195822 1.061959200912215 0
1679784217741 0.2088026233026593 0
1679784239394 0.09005464232675 0
1679784261539 0.056640320862888435 0
1679784284072 0.05521877776339065 0
1679784305658 0.03882144198484966 0
1679784327902 0.042622103321274654 0
1679784349822 0.03380657155856843 0
1679784371241 0.03969155819131409 0
1679784393460 0.030336848530670524 0
1679784456687 1.0539209496786275 0
1679784478263 0.23098633097739182 0
1679784500425 0.10785732451234706 0
1679784521957 0.06839727224774994 0
1679784544387 0.046738588902353835 0
1679784566409 0.06492484453794484 0
1679784587695 0.03993462802524929 0
1679784609273 0.040716337395899034 0
1679784630752 0.04604673144095915 0
1679784652334 0.03409398377948545 0
1679784718005 1.0320587030132404 0
1679784740383 0.18044838478996636 0
1679784762120 0.07149991917153548 0
1679784784080 0.0510386343413651 0
1679784806350 0.042316908615226974 0
1679784828180 0.04712655796530964 0
1679784850359 0.042123623652943455 0
1679784872597 0.03804232909480268 0
1679784894373 0.03124945578535849 0
1679784915995 0.030448671547026667 0
1679784983476 1.1689487071254037 0
1679785005407 0.2769781396389008 0
1679785027094 0.10807366878877987 0
1679785048800 0.07530970911072059 0
1679785070935 0.057096415596082806 0
1679785092629 0.056147192255678505 0
1679785114239 0.061610209850933066 0
1679785135979 0.04961286109855229 0
1679785157506 0.04716774977669543 0
1679785179154 0.03718393906609113 0
1679785249110 1.1913110479835143 0
1679785271544 0.29921036399485845 0
1679785294231 0.12933868017339717 0
1679785316383 0.0781165463348854 0
1679785338194 0.07827099084893431 0
1679785360005 0.05811735659262894 0
1679785381828 0.06134192641072954 0
1679785403666 0.05780221128275422 0
1679785425508 0.04885019278400913 0
1679785447328 0.046425819741300264 0
1679785519234 1.3499532973308954 0
1679785541057 0.35764373759918183 0
1679785562692 0.1490047655739544 0
1679785584238 0.09004827371084405 0
1679785606001 0.07214102268263702 0
1679785628045 0.06401476009861237 0
1679785649390 0.06568925644838641 0
1679785671037 0.06291023613624251 0
1679785693064 0.057681352540400854 0
1679785714861 0.04748453199838032 0
1679785789523 1.1975168224463926 0
1679785811566 0.34193421126116563 0
1679785833638 0.17037066011150795 0
1679785855222 0.10371473391141695 0
1679785877338 0.08408585813190347 0
1679785899671 0.07989876862919366 0
1679785921720 0.06840089425634298 0
1679785943347 0.05768543754042272 0
1679785965507 0.05960097241097484 0
1679785987861 0.05380613910160056 0
