1679780623874 63.823550150031224 0
1679780687612 63.40157420095056 0
1679780751702 63.766338953981176 0
1679780814825 62.79247849492822 0
1679780878920 63.762134716962464 0
1679780945375 66.12498131603934 0
1679781008776 63.086504969978705 0
1679781072450 63.33748722996097 0
1679781136004 63.22697551199235 0
1679781198781 62.45351413800381 0
1679781239153 21.13472450489644 0
1679781260793 21.467793134972453 0
1679781282331 21.365967615973204 0
1679781303977 21.476080218097195 0
1679781325534 21.387460832018405 0
1679781346966 21.255123544018716 0
1679781368573 21.425119997002184 0
1679781389880 21.131273560924456 0
1679781411011 20.97077093902044 0
1679781433185 21.995800868957303 0
1679781475278 21.08136263000779 0
1679781496694 21.24525416898541 0
1679781518271 21.390544557012618 0
1679781539689 21.231085031991825 0
1679781561306 21.467828918946907 0
1679781582921 21.447269697091542 0
1679781604381 21.293907099985518 0
1679781625807 21.221927774953656 0
1679781647581 21.59095579793211 0
1679781669168 21.404796069022268 0
1679781712677 21.137255333014764 0
1679781734261 21.411472106003202 0
1679781756113 21.651183922076598 0
1679781777942 21.63818315800745 0
1679781799781 21.67331408604514 0
1679781821107 21.148726365994662 0
1679781842723 21.430708633037284 0
1679781864136 21.229253642028198 0
1679781885537 21.203089716960676 0
1679781907267 21.541156694991514 0
1679781952155 20.791296203038655 0
1679781973693 21.346264488995075 0
1679781995034 21.14742557401769 0
1679782016868 21.64323353697546 0
1679782038646 21.58697319799103 0
1679782059821 20.99651204899419 0
1679782080961 20.97538755799178 0
1679782102355 21.19619845598936 0
1679782123740 21.199195391964167 0
1679782144910 20.992155689978972 0
1679782192024 21.67057734192349 0
1679782214200 21.999773234012537 0
1679782235412 21.024798416998237 0
1679782256663 21.05442730698269 0
1679782278261 21.413860255968757 0
1679782300479 22.0443273850251 0
1679782322242 21.566987539059483 0
1679782343744 21.328249640995637 0
1679782365069 21.149364073993638 0
1679782386631 21.37283916596789 0
1679782435291 21.302368005970493 0
1679782456339 20.84325728705153 0
1679782478243 21.70837860601023 0
1679782500587 22.15747885091696 0
1679782522123 21.35058680700604 0
1679782543791 21.511613212060183 0
1679782565451 21.469769460964017 0
1679782587093 21.430035208002664 0
1679782609048 21.761697360081598 0
1679782630311 21.061314331018366 0
1679782680420 21.32747375301551 0
1679782702149 21.51495172898285 0
1679782723924 21.567580731003545 0
1679782745085 20.963753027957864 0
1679782766620 21.33220939792227 0
1679782788449 21.610746107064188 0
1679782809578 20.91578679298982 0
1679782830754 20.98943632200826 0
1679782852769 21.79440624907147 0
1679782873896 20.919826752971858 0
1679782926000 21.625162097043358 0
1679782947320 21.110794960986823 0
1679782968926 21.404484638012946 0
1679782990054 20.930847567040473 0
1679783011292 21.03985841292888 0
1679783032662 21.161160537973046 0
1679783054184 21.328475585090928 0
1679783075064 20.677469020010903 0
1679783096420 21.1549609079957 0
1679783118015 21.398950060014613 0
1679783172477 22.08225765102543 0
1679783194548 21.874708766001277 0
1679783215329 20.555754134082235 0
1679783236850 21.29998265800532 0
1679783258768 21.705861800001003 0
1679783280208 21.21136431803461 0
1679783301363 20.942049926961772 0
1679783322657 21.088911580038257 0
1679783344409 21.548326104064472 0
1679783366182 21.576635626959614 0
1679783421885 21.306056299014017 0
1679783443786 21.69045685697347 0
1679783465430 21.426906244945712 0
1679783487098 21.435742272995412 0
1679783509022 21.735765096964315 0
1679783530494 21.264324438059703 0
1679783551935 21.247702433960512 0
1679783573725 21.583282711915672 0
1679783595348 21.413992609013803 0
1679783617158 21.596941596013494 0
1679783674781 21.461468374938704 0
1679783697010 21.99236027605366 0
1679783719039 21.836189732071944 0
1679783740749 21.492458324995823 0
1679783763509 22.54842668690253 0
1679783785217 21.485793940955773 0
1679783807745 22.310051442007534 0
1679783830021 22.09387446998153 0
1679783851821 21.603758370969445 0
1679783873634 21.606205065967515 0
1679783933370 21.474144223029725 0
1679783955182 21.58319781499449 0
1679783979338 23.931718140025623 0
1679784002934 23.377735171001405 0
1679784024958 21.79959794995375 0
1679784046809 21.605277454014868 0
1679784068388 21.360508878016844 0
1679784089972 21.350440877955407 0
1679784111515 21.29805718595162 0
1679784133263 21.537349855992943 0
1679784195831 22.073067588964477 0
1679784217749 21.682565819006413 0
1679784239407 21.446034022024833 0
1679784261547 21.911547694006003 0
1679784284080 22.311129789915867 0
1679784305666 21.36286077206023 0
1679784327910 22.0218922579661 0
1679784349830 21.71432436106261 0
1679784371248 21.1998155269539 0
1679784393468 21.997787686996162 0
1679784456695 21.59786465705838 0
1679784478271 21.353376945015043 0
1679784500433 21.932418012991548 0
1679784521968 21.27322221500799 0
1679784544395 22.196759794955142 0
1679784566417 21.83558457507752 0
1679784587704 21.046037566033192 0
1679784609281 21.348058214993216 0
1679784630760 21.271362209925428 0
1679784652342 21.360766108031385 0
1679784718013 21.500608202069998 0
1679784740392 22.17493094992824 0
1679784762128 21.50578681996558 0
1679784784089 21.723305711057037 0
1679784806358 22.033385445014574 0
1679784828188 21.60507653001696 0
1679784850374 21.938443406950682 0
1679784872614 21.98367473296821 0
1679784894382 21.531457873992622 0
1679784916003 21.40938260697294 0
1679784983485 21.212872420903295 0
1679785005415 21.695314895012416 0
1679785027113 21.426870311959647 0
1679785048808 21.466555492952466 0
1679785070943 21.905550275929272 0
1679785092637 21.47309923300054 0
1679785114247 21.378116717096418 0
1679785135995 21.49069496698212 0
1679785157519 21.27332232298795 0
1679785179163 21.403012278024107 0
1679785249119 21.665371519047767 0
1679785271553 22.209034002036788 0
1679785294241 22.423620115034282 0
1679785316392 21.923580755945295 0
1679785338203 21.557438643067144 0
1679785360014 21.552252482040785 0
1679785381838 21.596794088953175 0
1679785403675 21.598032674985006 0
1679785425517 21.59480993798934 0
1679785447339 21.56535140692722 0
1679785519243 21.44633749802597 0
1679785541070 21.573326073936187 0
1679785562702 21.382609280990437 0
1679785584247 21.302477104007266 0
1679785606010 21.50888826092705 0
1679785628059 21.787092874059454 0
1679785649399 21.07862638507504 0
1679785671048 21.41197826899588 0
1679785693073 21.814907774911262 0
1679785714870 21.552839088020846 0
1679785789536 22.099022049922496 0
1679785811575 21.813357523991726 0
1679785833650 21.815001141047105 0
1679785855232 21.34340890904423 0
1679785877347 21.865730457007885 0
1679785899680 22.095105454907753 0
1679785921730 21.79881236492656 0
1679785943357 21.402473272988573 0
1679785965518 21.89628228393849 0
1679785987881 22.097881564986892 0
