1679821459835 137.1177472890122 0
1679821606003 145.55124105792493 0
1679821746274 139.7261478509754 0
1679821885375 138.5506814949913 0
1679822023674 137.76284524204675 0
1679822162087 137.8779325290816 0
1679822300736 138.01749319501687 0
1679822439671 138.39131042500958 0
1679822578272 138.06461554800626 0
1679822716334 137.5235298849875 0
1679822741054 9.203264086972922 0
1679822750608 9.254018781008199 0
1679822759996 9.0848823399283 0
1679822769626 9.313920864020474 0
1679822779123 9.173581576091237 0
1679822792888 13.48588617797941 0
1679822803491 10.30791314097587 0
1679822813594 9.783403304056264 0
1679822822965 9.106592451920733 0
1679822832339 9.068464903975837 0
1679822857112 9.08014930295758 0
1679822866653 9.25455646798946 0
1679822875846 8.86704176699277 0
1679822885320 9.173445577034727 0
1679822894688 9.05632205796428 0
1679822904321 9.312138902954757 0
1679822913816 9.189596308977343 0
1679822923312 9.17026181903202 0
1679822933075 9.451980262994766 0
1679822942684 9.30092530301772 0
1679822967561 8.86621546302922 0
1679822977092 9.202075680019334 0
1679822986601 9.221709785982966 0
1679822996230 9.326743101002648 0
1679823005539 8.989800593000837 0
1679823014857 9.008147545042448 0
1679823024279 9.108998577925377 0
1679823033516 8.932343353983015 0
1679823042837 9.009469486074522 0
1679823052162 9.009518662001938 0
1679823078290 9.049906446016394 0
1679823087631 9.00561389606446 0
1679823096898 8.953251474071294 0
1679823106197 8.976377282990143 0
1679823115531 9.037572155939415 0
1679823124922 9.047703912016004 0
1679823134404 9.15805956593249 0
1679823143745 9.024531295988709 0
1679823153332 9.249434722936712 0
1679823162911 9.266569030005485 0
1679823189029 8.978239180985838 0
1679823198783 9.44111031992361 0
1679823208292 9.195929746958427 0
1679823217947 9.307258312008344 0
1679823227363 9.114027500036173 0
1679823236683 9.017190837068483 0
1679823246245 9.250463020056486 0
1679823255861 9.285304358112626 0
1679823265199 8.98940431594383 0
1679823274734 9.212933026021346 0
1679823301506 9.273481176001951 0
1679823310980 9.158605459961109 0
1679823320360 9.088725461973809 0
1679823330000 9.294073225930333 0
1679823339722 9.405730254016817 0
1679823349122 9.0899054040201 0
1679823358378 8.938806185033172 0
1679823367825 9.122012455016375 0
1679823377422 9.312398451031186 0
1679823386781 9.041056531015784 0
1679823413979 9.04959367995616 0
1679823423375 9.08682419010438 0
1679823433085 9.413600610103458 0
1679823443158 9.730734148994088 0
1679823452468 9.010335103957914 0
1679823462024 9.220493161003105 0
1679823471628 9.280328155960888 0
1679823481090 9.156893583014607 0
1679823490736 9.314068656065501 0
1679823500291 9.236792076961137 0
1679823528168 8.979955671005882 0
1679823537923 9.405530502903275 0
1679823547606 9.381272809929214 0
1679823557164 9.249000831041485 0
1679823566648 9.162419459898956 0
1679823575944 8.956084590987302 0
1679823585323 9.008110015070997 0
1679823594700 9.055847540032119 0
1679823604873 9.843917944002897 0
1679823614409 9.1732393510174 0
1679823642467 9.071779591031373 0
1679823651977 9.1672334180912 0
1679823661884 9.573260560980998 0
1679823671235 9.034516885993071 0
1679823680612 9.063871080987155 0
1679823690133 9.182483765063807 0
1679823699463 9.02568230999168 0
1679823709211 9.412855767994188 0
1679823718796 9.244001972023398 0
1679823728441 9.323600544943474 0
1679823757434 9.227342993021011 0
1679823767138 9.368134550051764 0
1679823776872 9.403833343996666 0
1679823786826 9.624404006986879 0
1679823796429 9.27284718491137 0
1679823806118 9.343512302963063 0
1679823815630 9.179309965926223 0
1679823825261 9.316895165015012 0
1679823834949 9.33517648500856 0
1679823844399 9.128384215990081 0
1679823875120 9.597977180033922 0
1679823884720 9.259469388052821 0
1679823894095 9.059459888958372 0
1679823903957 9.491590664954856 0
1679823913543 9.282240516040474 0
1679823923195 9.34446119889617 0
1679823932912 9.369733290979639 0
1679823942621 9.360128509928472 0
1679823952655 9.715190810966305 0
1679823962081 9.09083376894705 0
1679823992311 9.255886261933483 0
1679824001727 9.097555621992797 0
1679824011195 9.112688743975013 0
1679824020678 9.148850574041717 0
1679824030642 9.639491014997475 0
1679824040411 9.444988806033507 0
1679824054999 14.221982634975575 0
1679824064966 9.6111614999827 0
1679824074783 9.482817101990804 0
1679824084637 9.533469174988568 0
1679824115091 9.588310983031988 0
1679824124690 9.247311444953084 0
1679824134221 9.182037896011025 0
1679824143945 9.37873210804537 0
1679824153447 9.18264392297715 0
1679824162912 9.132748340955004 0
1679824172432 9.199865160975605 0
1679824182007 9.210969552048482 0
1679824191913 9.546876747976057 0
1679824201961 9.686328819952905 0
1679824233089 9.153403062024154 0
1679824242596 9.151368991006166 0
1679824252516 9.537364315008745 0
1679824262202 9.353265029960312 0
1679824271979 9.443182689952664 0
1679824281388 9.03514074604027 0
1679824291170 9.419875415042043 0
1679824300950 9.455620808992535 0
1679824311057 9.747270048013888 0
1679824320945 9.54800362198148 0
1679824352996 9.404698731028475 0
1679824362793 9.454877425916493 0
1679824372279 9.173401792999357 0
1679824381918 9.315671948948875 0
1679824391837 9.580408028094098 0
1679824401576 9.36390192201361 0
1679824411348 9.421127551002428 0
1679824420989 9.290666015003808 0
1679824430628 9.264440464088693 0
1679824440310 9.335850557894446 0
1679824473330 9.241566487005912 0
1679824483027 9.36592767899856 0
1679824492705 9.312147282995284 0
1679824502548 9.475836224970408 0
1679824512131 9.253505095024593 0
1679824521793 9.328664602013305 0
1679824531479 9.349352614954114 0
1679824541212 9.37274250399787 0
1679824550749 9.215026043006219 0
1679824560235 9.142894379911013 0
1679824594157 9.534695231937803 0
1679824603795 9.286142965080217 0
1679824613508 9.348892192938365 0
1679824623015 9.179734928999096 0
1679824632881 9.497646572999656 0
1679824642454 9.213530734064989 0
1679824652148 9.33988500200212 0
1679824661818 9.337085193023086 0
1679824671551 9.38649676006753 0
1679824681580 9.694042823044583 0
1679824715885 9.287952249054797 0
1679824725842 9.582461284007877 0
1679824735709 9.486654673004523 0
1679824745572 9.536811994970776 0
1679824755122 9.195332881994545 0
1679824764846 9.332089036004618 0
1679824774765 9.576965746935457 0
1679824784429 9.328015574021265 0
1679824794286 9.470065088011324 0
1679824803960 9.309590101009235 0
1679824839553 9.795987338060513 0
1679824849308 9.376328009995632 0
1679824858944 9.273439401993528 0
1679824868567 9.245532011031173 0
1679824878320 9.389921830035746 0
1679824888334 9.675205504987389 0
1679824897983 9.309681841987185 0
1679824907610 9.289120830013417 0
1679824917442 9.481616636971012 0
1679824927107 9.324913855991326 0
