1678802750772 0.8201593137254902 0
1678802754723 0.9730392156862745 0
1678802758706 0.9935661764705882 0
1678802762461 0.9984681372549019 0
1678802766497 0.9996936274509803 0
1678802770408 1.0 0
1678802774232 1.0 0
1678802778216 1.0 0
1678802782078 1.0 0
1678802786303 1.0 0
1678802845402 0.8032852564102564 0
1678802851844 0.9751602564102564 0
1678802857816 0.9933894230769231 0
1678802863614 0.9987980769230769 0
1678802869500 0.9983974358974359 0
1678802875194 1.0 0
1678802881096 0.9997996794871795 0
1678802887093 0.9995993589743589 0
1678802891931 1.0 0
1678802897295 0.9997996794871795 0
1678802952822 0.7696314102564102 0
1678802958352 0.9761618589743589 0
1678802963901 0.9959935897435898 0
1678802969333 0.9985977564102564 0
1678802974776 0.9971955128205128 0
1678802980014 0.9987980769230769 0
1678802985507 0.9993990384615384 0
1678802991138 0.9997996794871795 0
1678802996937 0.9987980769230769 0
1678803002520 0.9995993589743589 0
1678803062067 0.7584134615384616 0
1678803068220 0.9703525641025641 0
1678803074207 0.9931891025641025 0
1678803080061 0.9963942307692307 0
1678803085945 0.9989983974358975 0
1678803091871 0.9993990384615384 0
1678803097717 0.9987980769230769 0
1678803103525 1.0 0
1678803108214 1.0 0
1678803113795 0.9997996794871795 0
1678803169168 0.7415865384615384 0
1678803174664 0.9731570512820513 0
1678803180485 0.9941907051282052 0
1678803186002 0.9989983974358975 0
1678803191641 0.999198717948718 0
1678803197182 0.999198717948718 0
1678803202760 0.9993990384615384 0
1678803208441 0.9997996794871795 0
1678803213529 1.0 0
1678803219326 1.0 0
1678803278981 0.7301682692307693 0
1678803285338 0.9727564102564102 0
1678803291311 0.9953926282051282 0
1678803297406 0.9979967948717948 0
1678803303445 0.9981971153846154 0
1678803309506 0.9997996794871795 0
1678803315387 0.9995993589743589 0
1678803321405 1.0 0
1678803326469 1.0 0
1678803331877 1.0 0
1678803388172 0.7259615384615384 0
1678803393775 0.9723557692307693 0
1678803399142 0.9947916666666666 0
1678803404819 0.9981971153846154 0
1678803410576 0.9983974358974359 0
1678803416039 0.9987980769230769 0
1678803421663 0.9997996794871795 0
1678803427144 1.0 0
1678803432849 1.0 0
1678803438439 0.9997996794871795 0
1678803499094 0.727363782051282 0
1678803505157 0.9769631410256411 0
1678803511018 0.9931891025641025 0
1678803517164 0.9979967948717948 0
1678803523065 0.9987980769230769 0
1678803529190 0.9995993589743589 0
1678803535149 1.0 0
1678803540765 1.0 0
1678803546488 1.0 0
1678803552007 0.9993990384615384 0
1678803608628 0.7259615384615384 0
1678803614168 0.9753605769230769 0
1678803619736 0.9951923076923077 0
1678803625573 0.9977964743589743 0
1678803631247 0.9979967948717948 0
1678803637050 1.0 0
1678803642767 0.9997996794871795 0
1678803648509 0.9995993589743589 0
1678803654167 0.9997996794871795 0
1678803659753 1.0 0
1678803722138 0.7323717948717948 0
1678803728300 0.9785657051282052 0
1678803734409 0.9953926282051282 0
1678803740650 0.9983974358974359 0
1678803746619 0.9997996794871795 0
1678803752814 0.9995993589743589 0
1678803758157 0.9997996794871795 0
1678803764163 1.0 0
1678803769894 1.0 0
1678803775970 1.0 0
1678803832949 0.7253605769230769 0
1678803838621 0.9741586538461539 0
1678803844434 0.9943910256410257 0
1678803849891 0.9979967948717948 0
1678803855570 0.9997996794871795 0
1678803861169 1.0 0
1678803866709 1.0 0
1678803872390 1.0 0
1678803877916 0.9997996794871795 0
1678803883713 1.0 0
1678803944979 0.7333733974358975 0
1678803951205 0.9751602564102564 0
1678803957458 0.9957932692307693 0
1678803963490 0.9973958333333334 0
1678803969539 0.9993990384615384 0
1678803975665 0.9997996794871795 0
1678803980914 1.0 0
1678803986490 0.9997996794871795 0
1678803992121 0.9997996794871795 0
1678803997986 1.0 0
1678804055575 0.7287660256410257 0
1678804061140 0.9761618589743589 0
1678804067077 0.9943910256410257 0
1678804072756 0.999198717948718 0
1678804078873 0.9993990384615384 0
1678804084558 0.9997996794871795 0
1678804090329 1.0 0
1678804095919 1.0 0
1678804101605 1.0 0
1678804107277 1.0 0
1678804170292 0.7347756410256411 0
1678804176543 0.9803685897435898 0
1678804182632 0.9969951923076923 0
1678804188739 0.9985977564102564 0
1678804195100 0.9989983974358975 0
1678804200790 0.9995993589743589 0
1678804206717 1.0 0
1678804212443 0.9997996794871795 0
1678804218422 1.0 0
1678804224414 1.0 0
1678804282085 0.7339743589743589 0
1678804287839 0.9811698717948718 0
1678804293628 0.9943910256410257 0
1678804299801 0.9997996794871795 0
1678804305444 0.9995993589743589 0
1678804311447 1.0 0
1678804317305 1.0 0
1678804322879 1.0 0
1678804328660 1.0 0
1678804334468 0.9997996794871795 0
1678804398044 0.7309695512820513 0
1678804404313 0.9761618589743589 0
1678804410318 0.9971955128205128 0
1678804416707 0.9985977564102564 0
1678804422820 0.9989983974358975 0
1678804427882 0.9995993589743589 0
1678804433647 1.0 0
1678804439592 0.9997996794871795 0
1678804445208 0.9995993589743589 0
1678804451115 1.0 0
1678804509495 0.7367788461538461 0
1678804515214 0.9813701923076923 0
1678804520947 0.9969951923076923 0
1678804526876 0.9995993589743589 0
1678804532634 0.9985977564102564 0
1678804538313 0.9997996794871795 0
1678804544099 0.9997996794871795 0
1678804549908 1.0 0
1678804555750 0.9997996794871795 0
1678804561552 1.0 0
1678804626106 0.741386217948718 0
1678804632310 0.9771634615384616 0
1678804638592 0.9975961538461539 0
1678804644898 0.9989983974358975 0
1678804650126 0.9993990384615384 0
1678804655871 1.0 0
1678804661717 0.9995993589743589 0
1678804667512 1.0 0
1678804673447 1.0 0
1678804679298 1.0 0
1678804738314 0.7427884615384616 0
1678804744038 0.9781650641025641 0
1678804750036 0.9961939102564102 0
1678804755734 0.999198717948718 0
1678804761578 0.9995993589743589 0
1678804767393 1.0 0
1678804773349 0.9997996794871795 0
1678804779257 1.0 0
1678804785255 1.0 0
1678804791586 1.0 0
1678804850531 0.7449919871794872 0
1678804856591 0.9781650641025641 0
1678804862475 0.9961939102564102 0
1678804868612 0.9989983974358975 0
1678804875034 1.0 0
1678804881300 1.0 0
1678804887505 1.0 0
1678804893909 0.9997996794871795 0
1678804900376 1.0 0
1678804907043 0.9997996794871795 0
