1678802750791 3.9366418809995594 0
1678802754740 3.8224930440001117 0
1678802758727 3.852223429999867 0
1678802762483 3.6275398459993085 0
1678802766524 3.9030406989995754 0
1678802770424 3.76664940199953 0
1678802774252 3.698585365999861 0
1678802778233 3.8488423770004374 0
1678802782095 3.734526282999468 0
1678802786324 4.104389600999639 0
1678802845422 6.058900641000037 0
1678802851860 6.286504763999801 0
1678802857834 5.819010283999887 0
1678802863630 5.63609510400056 0
1678802869518 5.746125499999835 0
1678802875219 5.538384161000067 0
1678802881113 5.747594356000263 0
1678802887107 5.838796883000214 0
1678802891952 4.716492626000218 0
1678802897318 5.228094846999738 0
1678802952844 5.264745714999663 0
1678802958369 5.394830340999761 0
1678802963915 5.396058822000668 0
1678802969348 5.283396903999346 0
1678802974794 5.3142252560001 0
1678802980025 5.099175358999673 0
1678802985523 5.347666771999684 0
1678802991157 5.497425875999397 0
1678802996966 5.661041169000782 0
1678803002537 5.423425538000629 0
1678803062082 6.123820267000156 0
1678803068238 6.01548286399975 0
1678803074223 5.827924735999659 0
1678803080081 5.707356111000081 0
1678803085965 5.724756805000652 0
1678803091882 5.745373636000295 0
1678803097733 5.704122102999463 0
1678803103546 5.653984325000238 0
1678803108230 4.557410730999436 0
1678803113814 5.44238378800037 0
1678803169188 5.335221046999322 0
1678803174684 5.340965855999457 0
1678803180512 5.663254496000263 0
1678803186021 5.354485560000285 0
1678803191655 5.470394732999921 0
1678803197203 5.403836077000051 0
1678803202770 5.41177282299941 0
1678803208459 5.53313008799978 0
1678803213541 4.9392132860002675 0
1678803219360 5.652862629999618 0
1678803279001 6.181877720000557 0
1678803285362 6.183142359999692 0
1678803291334 5.800285072999941 0
1678803297424 5.921555089999856 0
1678803303468 5.877437290000671 0
1678803309535 5.888744410999607 0
1678803315408 5.696868701999847 0
1678803321421 5.847751271000561 0
1678803326488 4.899563443999796 0
1678803331893 5.249925598000118 0
1678803388190 5.515368314000625 0
1678803393786 5.451211014000364 0
1678803399154 5.212010236999959 0
1678803404836 5.509998094000366 0
1678803410598 5.605361023999649 0
1678803416055 5.303424714999892 0
1678803421679 5.469544800000222 0
1678803427158 5.3100902859996495 0
1678803432879 5.546281510999506 0
1678803438459 5.42560581699945 0
1678803499115 6.131505932000437 0
1678803505186 5.8992316809999465 0
1678803511035 5.670901206000053 0
1678803517186 5.965933143000257 0
1678803523089 5.710156946000097 0
1678803529210 5.940323652000188 0
1678803535166 5.795777068000461 0
1678803540781 5.434327085999939 0
1678803546507 5.5438421999997445 0
1678803552018 5.361868153999239 0
1678803608649 5.492925184000342 0
1678803614185 5.372570167999584 0
1678803619750 5.39570161499978 0
1678803625601 5.649379678000514 0
1678803631265 5.499809163999998 0
1678803637067 5.639983132999987 0
1678803642784 5.545217290999972 0
1678803648526 5.578718939000282 0
1678803654190 5.49501090800004 0
1678803659773 5.403507700999398 0
1678803722165 6.077314469999692 0
1678803728318 5.964073535999887 0
1678803734430 5.9212994279996565 0
1678803740671 6.0620406409998395 0
1678803746640 5.7710898669993185 0
1678803752832 6.016945317000136 0
1678803758175 5.151978056999724 0
1678803764179 5.829731106999134 0
1678803769912 5.569385133000651 0
1678803776001 5.901693745000557 0
1678803832970 5.454549247999239 0
1678803838637 5.481652873999337 0
1678803844453 5.648382160999972 0
1678803849906 5.264976644999479 0
1678803855587 5.490683788999377 0
1678803861200 5.422301200998845 0
1678803866725 5.3484740130006685 0
1678803872418 5.512955889998921 0
1678803877934 5.340017264999915 0
1678803883735 5.622004939999897 0
1678803945002 6.007744651000394 0
1678803951223 6.04728863300079 0
1678803957477 6.055396267000106 0
1678803963509 5.847636892000082 0
1678803969560 5.852552216998447 0
1678803975682 5.928916046999802 0
1678803980938 5.055506541999421 0
1678803986517 5.377073834000839 0
1678803992136 5.450748699000542 0
1678803998001 5.694744933000038 0
1678804055603 5.42583230299897 0
1678804061158 5.373106110999288 0
1678804067111 5.733402800999102 0
1678804072780 5.479288807999183 0
1678804078892 5.919085348999943 0
1678804084585 5.492809298000793 0
1678804090352 5.57850003600106 0
1678804095940 5.3925687490009295 0
1678804101637 5.487831280999671 0
1678804107303 5.472401872999399 0
1678804170323 5.907618526000078 0
1678804176562 6.032455122000101 0
1678804182655 5.8936924660010845 0
1678804188763 5.909277276001376 0
1678804195121 6.152698743000656 0
1678804200811 5.4644376229989575 0
1678804206737 5.738197848999334 0
1678804212469 5.542840107998927 0
1678804218443 5.771639937000145 0
1678804224435 5.7863839300007385 0
1678804282102 5.470046882999668 0
1678804287859 5.56011464599942 0
1678804293643 5.596678334999524 0
1678804299820 5.985690730998613 0
1678804305470 5.449571501001628 0
1678804311467 5.812867633001588 0
1678804317327 5.669766269998945 0
1678804322905 5.384764322001502 0
1678804328691 5.575266104999173 0
1678804334501 5.597779517000163 0
1678804398073 6.074609519999285 0
1678804404334 6.05319673700069 0
1678804410338 5.789075200000298 0
1678804416736 6.185915219999515 0
1678804422843 5.890562995000437 0
1678804427902 4.8555325039997115 0
1678804433669 5.569415666001078 0
1678804439614 5.728386909000619 0
1678804445252 5.417565170000671 0
1678804451133 5.682593370000177 0
1678804509514 5.64446430100179 0
1678804515233 5.521671018999768 0
1678804520973 5.534871432999353 0
1678804526910 5.72099860599883 0
1678804532654 5.5295719700006885 0
1678804538334 5.467679334999048 0
1678804544127 5.583999123000467 0
1678804549924 5.600735519999944 0
1678804555769 5.643007503000263 0
1678804561578 5.591632317000403 0
1678804626129 6.063404078999156 0
1678804632331 5.974025267998513 0
1678804638611 6.070182981999096 0
1678804644918 6.092072812998595 0
1678804650146 5.015982630999133 0
1678804655898 5.543903451000006 0
1678804661746 5.612505421999231 0
1678804667530 5.572988784999325 0
1678804673484 5.731004856999789 0
1678804679319 5.623888925998472 0
1678804738344 5.582496369001092 0
1678804744070 5.4774903020006604 0
1678804750054 5.771263769000143 0
1678804755752 5.480484498000806 0
1678804761598 5.630905231000725 0
1678804767419 5.6072451999989426 0
1678804773391 5.703181900000345 0
1678804779302 5.6610080800001015 0
1678804785287 5.756718082999214 0
1678804791604 6.104672277000645 0
1678804850560 5.7701630989995465 0
1678804856613 5.835516938001092 0
1678804862502 5.666159689999404 0
1678804868635 5.882922589000373 0
1678804875062 6.188615909999498 0
1678804881348 6.031345891000456 0
1678804887529 5.963439131999621 0
1678804893930 6.17805118799879 0
1678804900397 6.249111331999302 0
1678804907067 6.4375232869988395 0
