1679861474725 0.9766099007170436 0
1679861531923 0.9909852454495311 0
1679861590403 0.9922779922779923 0
1679861648722 0.9950530888030888 0
1679861706445 0.9961734693877551 0
1679861764720 0.9952599282956426 0
1679861823242 0.9970697738554881 0
1679861882176 0.9974145063430778 0
1679861940037 0.9979316050744622 0
1679861998513 0.9981212079426365 0
1679862021398 0.6539473684210526 0
1679862029251 0.9786184210526315 0
1679862036831 0.99375 0
1679862044749 0.9967105263157895 0
1679862052221 0.9967105263157895 0
1679862060252 0.9980263157894737 0
1679862067851 0.9963815789473685 0
1679862075339 0.9960526315789474 0
1679862083034 0.9976973684210526 0
1679862090500 0.9980263157894737 0
1679862113851 0.7621710526315789 0
1679862121695 0.99375 0
1679862129703 0.9963815789473685 0
1679862137345 0.9983552631578947 0
1679862144969 0.9990131578947369 0
1679862152705 0.9990131578947369 0
1679862160425 0.9976973684210526 0
1679862167887 0.9990131578947369 0
1679862175693 0.9970394736842105 0
1679862183621 0.9967105263157895 0
1679862207924 0.7111842105263158 0
1679862216352 0.9654605263157895 0
1679862224732 0.9871710526315789 0
1679862233140 0.9891447368421052 0
1679862240496 0.9967105263157895 0
1679862248383 0.9921052631578947 0
1679862255969 0.9976973684210526 0
1679862263871 0.9957236842105263 0
1679862271803 0.9967105263157895 0
1679862279649 0.9986842105263158 0
1679862304007 0.6595394736842105 0
1679862311712 0.9503289473684211 0
1679862319385 0.9759868421052632 0
1679862327030 0.9875 0
1679862334982 0.9930921052631579 0
1679862342923 0.9973684210526316 0
1679862350883 0.9976973684210526 0
1679862358902 0.9967105263157895 0
1679862366476 0.9983552631578947 0
1679862374306 0.9960526315789474 0
1679862400586 0.8111842105263158 0
1679862408597 0.9799342105263158 0
1679862416348 0.9878289473684211 0
1679862424395 0.9957236842105263 0
1679862432253 0.9950657894736842 0
1679862440088 0.9957236842105263 0
1679862447773 0.9963815789473685 0
1679862455307 0.9953947368421052 0
1679862462956 0.9960526315789474 0
1679862470905 0.9986842105263158 0
1679862496830 0.7072368421052632 0
1679862504528 0.9539473684210527 0
1679862512167 0.975328947368421 0
1679862519784 0.9878289473684211 0
1679862527761 0.9944078947368421 0
1679862535455 0.993421052631579 0
1679862543297 0.9963815789473685 0
1679862551030 1.0 0
1679862558799 1.0 0
1679862566356 0.9976973684210526 0
1679862592244 0.6707236842105263 0
1679862600209 0.9460526315789474 0
1679862607840 0.9809210526315789 0
1679862615957 0.9891447368421052 0
1679862623746 0.9914473684210526 0
1679862631667 0.9950657894736842 0
1679862639502 0.9944078947368421 0
1679862647492 0.9976973684210526 0
1679862655363 0.9930921052631579 0
1679862663150 0.9940789473684211 0
1679862690182 0.6302631578947369 0
1679862698221 0.944078947368421 0
1679862706265 0.9898026315789473 0
1679862714063 0.9878289473684211 0
1679862721912 0.9901315789473685 0
1679862729487 0.9980263157894737 0
1679862737767 0.9947368421052631 0
1679862745688 0.9930921052631579 0
1679862753551 0.9957236842105263 0
1679862761539 0.9967105263157895 0
1679862789249 0.5476973684210527 0
1679862797165 0.9072368421052631 0
1679862805392 0.9707236842105263 0
1679862813241 0.9898026315789473 0
1679862821334 0.9927631578947368 0
1679862829135 0.9947368421052631 0
1679862836803 0.9963815789473685 0
1679862844497 0.9976973684210526 0
1679862852284 0.9986842105263158 0
1679862860188 0.9980263157894737 0
1679862888063 0.7713815789473685 0
1679862895899 0.9907894736842106 0
1679862903897 0.9960526315789474 0
1679862911496 0.9983552631578947 0
1679862919589 0.9986842105263158 0
1679862927463 0.9986842105263158 0
1679862935380 0.9917763157894737 0
1679862943378 0.9957236842105263 0
1679862951342 0.9993421052631579 0
1679862959181 0.9983552631578947 0
1679862987403 0.7769736842105263 0
1679862995373 0.9740131578947369 0
1679863003273 0.9881578947368421 0
1679863011440 0.9944078947368421 0
1679863019212 0.9980263157894737 0
1679863027262 0.9990131578947369 0
1679863035156 0.9976973684210526 0
1679863043209 0.99375 0
1679863051023 0.9960526315789474 0
1679863058953 0.9950657894736842 0
1679863087722 0.7115131578947368 0
1679863095689 0.9233552631578947 0
1679863103593 0.9713815789473684 0
1679863111433 0.9884868421052632 0
1679863119179 0.9950657894736842 0
1679863127305 0.9904605263157895 0
1679863135181 0.9924342105263158 0
1679863143006 0.9947368421052631 0
1679863150998 0.9930921052631579 0
1679863159127 0.9871710526315789 0
1679863190382 0.5486842105263158 0
1679863198627 0.8960526315789473 0
1679863206779 0.9677631578947369 0
1679863214730 0.9888157894736842 0
1679863222786 0.9957236842105263 0
1679863230974 0.9986842105263158 0
1679863238807 0.9947368421052631 0
1679863246766 0.9940789473684211 0
1679863255025 0.9868421052631579 0
1679863263024 0.9953947368421052 0
1679863294090 0.7115131578947368 0
1679863301927 0.9707236842105263 0
1679863310048 0.9842105263157894 0
1679863318208 0.9901315789473685 0
1679863326250 0.9947368421052631 0
1679863334173 0.9940789473684211 0
1679863341949 0.9973684210526316 0
1679863349895 0.9953947368421052 0
1679863357687 0.99375 0
1679863365657 0.9878289473684211 0
1679863396541 0.7213815789473684 0
1679863405362 0.9490131578947368 0
1679863413974 0.9713815789473684 0
1679863421627 0.9848684210526316 0
1679863429878 0.9921052631578947 0
1679863437874 0.9907894736842106 0
1679863445874 0.9950657894736842 0
1679863453897 0.9957236842105263 0
1679863461891 0.9990131578947369 0
1679863469889 0.9990131578947369 0
1679863501240 0.743421052631579 0
1679863509103 0.9717105263157895 0
1679863516988 0.9898026315789473 0
1679863525120 0.9970394736842105 0
1679863533274 0.99375 0
1679863541368 0.9924342105263158 0
1679863549521 0.9930921052631579 0
1679863557801 0.9976973684210526 0
1679863565850 0.9986842105263158 0
1679863573990 0.9990131578947369 0
1679863606429 0.7842105263157895 0
1679863614299 0.9924342105263158 0
1679863622352 0.9993421052631579 0
1679863630475 0.999671052631579 0
1679863638477 0.9993421052631579 0
1679863646340 0.9986842105263158 0
1679863654500 0.9957236842105263 0
1679863662440 0.9973684210526316 0
1679863670529 0.9980263157894737 0
1679863678659 1.0 0
1679863712116 0.5884868421052631 0
1679863720325 0.9171052631578948 0
1679863728286 0.9740131578947369 0
1679863736312 0.9848684210526316 0
1679863744357 0.9888157894736842 0
1679863752538 0.9957236842105263 0
1679863760571 0.9940789473684211 0
1679863768500 0.9957236842105263 0
1679863776588 0.9980263157894737 0
1679863784895 0.9950657894736842 0
1679863819811 0.8661184210526316 0
1679863828055 0.9976973684210526 0
1679863836161 1.0 0
1679863844316 1.0 0
1679863852778 0.9976973684210526 0
1679863860629 1.0 0
1679863868707 1.0 0
1679863876601 1.0 0
1679863884957 1.0 0
1679863892969 1.0 0
