1679861474738 0.08044928873520767 0
1679861531933 0.031507154610117404 0
1679861590414 0.026495046275331096 0
1679861648733 0.01812079404999995 0
1679861706457 0.014591385778007006 0
1679861764732 0.01883570029742552 0
1679861823256 0.011130862950446919 0
1679861882189 0.010173804778751981 0
1679861940049 0.008192633515842249 0
1679861998525 0.007381225772715136 0
1679862021409 2.0881178508071523 0
1679862029262 0.07405993277207017 0
1679862036843 0.028145667176546627 0
1679862044759 0.013786897751331134 0
1679862052231 0.010390855549332244 0
1679862060263 0.007958565098248839 0
1679862067862 0.010194105619723958 0
1679862075351 0.009512516868524376 0
1679862083043 0.006288787010692575 0
1679862090513 0.004269363953828456 0
1679862113863 1.450152217067386 0
1679862121709 0.035136177227832376 0
1679862129713 0.015280259388658268 0
1679862137355 0.00790667805643017 0
1679862144979 0.005067436024929569 0
1679862152716 0.003916933550882325 0
1679862160437 0.006935326142181447 0
1679862167899 0.007182481662541824 0
1679862175705 0.012804850286499315 0
1679862183632 0.016194684073286083 0
1679862207936 1.324209557238378 0
1679862216362 0.14828806729301025 0
1679862224744 0.04560314772626091 0
1679862233150 0.04314501310429095 0
1679862240506 0.020093757986538358 0
1679862248395 0.02388003101652047 0
1679862255983 0.008246025086325397 0
1679862263881 0.011338519367257648 0
1679862271810 0.010834409065826453 0
1679862279660 0.003980723581595445 0
1679862304021 1.7757197080474152 0
1679862311724 0.19146229826698177 0
1679862319394 0.08440944577420229 0
1679862327041 0.04447957718940942 0
1679862334988 0.025220033292364524 0
1679862342936 0.011883080598751181 0
1679862350894 0.009609472461191839 0
1679862358914 0.01392034258460626 0
1679862366487 0.007112024735818666 0
1679862374316 0.01670505393849453 0
1679862400597 0.9605293148442319 0
1679862408606 0.08344801464363148 0
1679862416358 0.03710837388705266 0
1679862424407 0.015047681496760465 0
1679862432265 0.017490602950994416 0
1679862440101 0.018060438966801342 0
1679862447786 0.014330927489362167 0
1679862455317 0.015953348873575267 0
1679862462961 0.013386401967421224 0
1679862470915 0.007981658089480143 0
1679862496840 1.837798268387192 0
1679862504538 0.15691911689937116 0
1679862512180 0.07787131862714887 0
1679862519796 0.04110701016738619 0
1679862527773 0.019442014892487543 0
1679862535466 0.019053300497685804 0
1679862543309 0.019346090954556864 0
1679862551041 0.0030543432223279717 0
1679862558810 0.001489519965482606 0
1679862566366 0.005287525888017722 0
1679862592256 1.6370307679239073 0
1679862600221 0.19393120753137688 0
1679862607851 0.06891485245310162 0
1679862615968 0.035358680711176836 0
1679862623751 0.024530965085508987 0
1679862631680 0.014623652700347042 0
1679862639514 0.021839280111568146 0
1679862647505 0.009170909025583809 0
1679862655379 0.018885266346440308 0
1679862663161 0.024826081207720563 0
1679862690194 1.5209721469565443 0
1679862698229 0.17925730782904123 0
1679862706275 0.04708858666157252 0
1679862714075 0.040840116753488 0
1679862721923 0.035207992849724465 0
1679862729501 0.01185344358765226 0
1679862737778 0.021000097719125303 0
1679862745698 0.025109648883440777 0
1679862753562 0.016481921743328902 0
1679862761553 0.01078621171381153 0
1679862789262 2.3293400535458013 0
1679862797173 0.3134094439446926 0
1679862805402 0.10099003349283808 0
1679862813252 0.04198548952607732 0
1679862821351 0.026910800755171008 0
1679862829149 0.018213099162216837 0
1679862836814 0.014161116314598507 0
1679862844514 0.009852719032757083 0
1679862852300 0.006463269872964654 0
1679862860203 0.006668869553725113 0
1679862888074 1.224638213011387 0
1679862895909 0.043163915572835033 0
1679862903907 0.013366076200710316 0
1679862911509 0.009403167647236076 0
1679862919605 0.005695950432747946 0
1679862927475 0.00350186037233614 0
1679862935392 0.030074701154923163 0
1679862943392 0.010379363233675432 0
1679862951354 0.002453269548315898 0
1679862959194 0.00470482453399056 0
1679862987415 1.18316307263939 0
1679862995385 0.11355966545249287 0
1679863003285 0.04503090009828539 0
1679863011454 0.028022769735023184 0
1679863019226 0.01096298152819815 0
1679863027281 0.007196599152551866 0
1679863035168 0.007159699254598787 0
1679863043221 0.016928248725047237 0
1679863051035 0.014856058785440645 0
1679863058964 0.017953396970589987 0
1679863087732 1.4376056564481634 0
1679863095699 0.23568103572255686 0
1679863103605 0.09608331690787485 0
1679863111446 0.0393060625561415 0
1679863119193 0.019043076317144657 0
1679863127315 0.02950499824885475 0
1679863135193 0.024788396594445466 0
1679863143018 0.02102024480853671 0
1679863151011 0.018456563291041866 0
1679863159138 0.05606446400342975 0
1679863190396 2.0231421583577207 0
1679863198641 0.34428427619369406 0
1679863206791 0.1215209945644203 0
1679863214745 0.04144977110830185 0
1679863222800 0.02049991231485221 0
1679863230991 0.008859176032465735 0
1679863238818 0.021988337868089347 0
1679863246777 0.020172085749034428 0
1679863255041 0.039564668994678774 0
1679863263036 0.015893708027157883 0
1679863294101 1.3338114646704573 0
1679863301941 0.11440968526233183 0
1679863310060 0.06261401154640081 0
1679863318222 0.03747017393501378 0
1679863326266 0.023798884918888735 0
1679863334190 0.017922219850343504 0
1679863341958 0.01114752882812785 0
1679863349906 0.020750944243933957 0
1679863357703 0.021789035829255895 0
1679863365669 0.04280895629658756 0
1679863396553 1.6028288861638622 0
1679863405374 0.16665607258481416 0
1679863413986 0.10381635547076401 0
1679863421639 0.05014822117151006 0
1679863429895 0.028210180019347095 0
1679863437885 0.03146110407419895 0
1679863445886 0.015496663098211252 0
1679863453907 0.015347883501549643 0
1679863461899 0.00914267134687275 0
1679863469904 0.0029395666822797225 0
1679863501252 1.2900825075413052 0
1679863509113 0.11062417141112842 0
1679863517000 0.04072734347887729 0
1679863525132 0.014921048366905828 0
1679863533286 0.02658739491414867 0
1679863541379 0.02019307880637873 0
1679863549534 0.025084232949762066 0
1679863557814 0.0076212103610343645 0
1679863565863 0.00672078413240103 0
1679863574006 0.0036446595688558823 0
1679863606439 1.040741043684906 0
1679863614311 0.0332666182669958 0
1679863622361 0.007654764705435618 0
1679863630487 0.0037422573333299766 0
1679863638489 0.0032642164059277427 0
1679863646349 0.002660517596661138 0
1679863654521 0.011544206310798855 0
1679863662458 0.008019174305617957 0
1679863670542 0.008778076726747186 0
1679863678671 0.0013987231676812946 0
1679863712125 2.116422038329275 0
1679863720338 0.27355956297956013 0
1679863728295 0.09033087870400203 0
1679863736328 0.04847130779127933 0
1679863744369 0.03706088404440762 0
1679863752555 0.014977144773461317 0
1679863760589 0.019648203567148335 0
1679863768512 0.015559602157506895 0
1679863776602 0.006844942724044238 0
1679863784906 0.016015761516265277 0
1679863819823 0.716397203637385 0
1679863828067 0.009451383084524423 0
1679863836173 0.0026303772025704874 0
1679863844332 0.001348048359336405 0
1679863852790 0.008524509341881831 0
1679863860639 0.0013444916748803256 0
1679863868731 0.0006842583942335822 0
1679863876619 0.0005495836526709976 0
1679863884966 0.0003258693832704969 0
1679863892985 0.0003211359100628454 0
