1680120457202 0.7787298387096774 0
1680120462078 0.9778225806451613 0
1680120466797 0.9929435483870968 0
1680120471550 0.9974798387096774 0
1680120476227 0.9984879032258065 0
1680120480985 0.9979838709677419 0
1680120485739 1.0 0
1680120490405 1.0 0
1680120495104 1.0 0
1680120499956 0.9994959677419355 0
1680120524340 0.6975806451612904 0
1680120529397 0.9662298387096774 0
1680120534219 0.9894153225806451 0
1680120539383 0.9979838709677419 0
1680120544520 0.998991935483871 0
1680120549559 0.9984879032258065 0
1680120554696 1.0 0
1680120559738 1.0 0
1680120564771 1.0 0
1680120569840 1.0 0
1680120592260 0.6370967741935484 0
1680120597376 0.9334677419354839 0
1680120602563 0.9808467741935484 0
1680120607606 0.9959677419354839 0
1680120612877 0.9984879032258065 0
1680120618052 0.9994959677419355 0
1680120623255 0.9994959677419355 0
1680120628377 0.9994959677419355 0
1680120633557 1.0 0
1680120638782 1.0 0
1680120661687 0.6038306451612904 0
1680120666958 0.9047379032258065 0
1680120672265 0.9768145161290323 0
1680120677439 0.9944556451612904 0
1680120682659 0.9979838709677419 0
1680120687799 0.998991935483871 0
1680120693039 1.0 0
1680120698286 1.0 0
1680120703517 0.9994959677419355 0
1680120708607 0.9994959677419355 0
1680120732106 0.579133064516129 0
1680120737508 0.9007056451612904 0
1680120742980 0.9737903225806451 0
1680120748346 0.9929435483870968 0
1680120753697 0.9969758064516129 0
1680120759106 0.9994959677419355 0
1680120764501 1.0 0
1680120769868 0.9994959677419355 0
1680120775241 1.0 0
1680120780576 1.0 0
1680120804614 0.5882056451612904 0
1680120809843 0.9122983870967742 0
1680120815297 0.9722782258064516 0
1680120820693 0.9929435483870968 0
1680120826105 0.998991935483871 0
1680120831479 1.0 0
1680120836800 0.9994959677419355 0
1680120842087 0.998991935483871 0
1680120847463 0.9994959677419355 0
1680120852834 1.0 0
1680120877323 0.5660282258064516 0
1680120882652 0.9128024193548387 0
1680120888123 0.9732862903225806 0
1680120893623 0.9939516129032258 0
1680120899004 0.9959677419354839 0
1680120904474 0.998991935483871 0
1680120909921 0.9994959677419355 0
1680120915411 1.0 0
1680120920939 1.0 0
1680120926392 1.0 0
1680120950172 0.5413306451612904 0
1680120955680 0.8891129032258065 0
1680120961191 0.9778225806451613 0
1680120966752 0.9959677419354839 0
1680120972198 0.998991935483871 0
1680120977608 0.9994959677419355 0
1680120983191 1.0 0
1680120988687 1.0 0
1680120993974 1.0 0
1680120999566 1.0 0
1680121025386 0.5604838709677419 0
1680121030867 0.9007056451612904 0
1680121036458 0.9732862903225806 0
1680121042052 0.9934475806451613 0
1680121047513 0.9979838709677419 0
1680121053158 0.998991935483871 0
1680121058702 0.9984879032258065 0
1680121064250 0.9994959677419355 0
1680121069782 1.0 0
1680121075322 0.9994959677419355 0
1680121101584 0.5287298387096774 0
1680121107133 0.8901209677419355 0
1680121112664 0.9742943548387096 0
1680121118334 0.9949596774193549 0
1680121123937 0.9929435483870968 0
1680121129547 0.998991935483871 0
1680121135157 0.9994959677419355 0
1680121140728 1.0 0
1680121146426 1.0 0
1680121152029 1.0 0
1680121178902 0.5418346774193549 0
1680121184559 0.890625 0
1680121190143 0.9788306451612904 0
1680121195898 0.9934475806451613 0
1680121201460 0.9959677419354839 0
1680121207218 0.9979838709677419 0
1680121212931 0.9974798387096774 0
1680121218548 0.9979838709677419 0
1680121224307 0.9984879032258065 0
1680121230013 1.0 0
1680121257479 0.5070564516129032 0
1680121263234 0.8946572580645161 0
1680121268950 0.9747983870967742 0
1680121274869 0.9959677419354839 0
1680121280552 1.0 0
1680121286260 1.0 0
1680121292060 1.0 0
1680121297783 0.9979838709677419 0
1680121303497 0.9984879032258065 0
1680121309093 0.998991935483871 0
1680121337130 0.5236895161290323 0
1680121342917 0.8951612903225806 0
1680121348644 0.9808467741935484 0
1680121354470 0.9899193548387096 0
1680121360198 0.9959677419354839 0
1680121366012 0.9984879032258065 0
1680121371734 0.9984879032258065 0
1680121377456 1.0 0
1680121383204 1.0 0
1680121389022 1.0 0
1680121417477 0.5191532258064516 0
1680121423274 0.8674395161290323 0
1680121429202 0.9758064516129032 0
1680121435022 0.9949596774193549 0
1680121441010 0.9984879032258065 0
1680121447013 1.0 0
1680121452863 1.0 0
1680121458805 1.0 0
1680121464731 1.0 0
1680121470603 0.9994959677419355 0
1680121499800 0.5201612903225806 0
1680121505779 0.9092741935483871 0
1680121511762 0.9863911290322581 0
1680121517673 0.9964717741935484 0
1680121523412 0.998991935483871 0
1680121529410 1.0 0
1680121535430 0.9994959677419355 0
1680121541292 1.0 0
1680121547154 1.0 0
1680121552925 1.0 0
1680121582743 0.5206653225806451 0
1680121588575 0.9017137096774194 0
1680121594502 0.983366935483871 0
1680121600295 0.9954637096774194 0
1680121606318 0.9964717741935484 0
1680121612195 0.9974798387096774 0
1680121618313 0.9984879032258065 0
1680121624214 0.9994959677419355 0
1680121630248 0.9994959677419355 0
1680121636082 0.9994959677419355 0
1680121666746 0.5287298387096774 0
1680121672789 0.9102822580645161 0
1680121678793 0.983366935483871 0
1680121684848 0.9954637096774194 0
1680121690730 0.9984879032258065 0
1680121696632 0.998991935483871 0
1680121702644 0.9979838709677419 0
1680121708770 0.9984879032258065 0
1680121714771 1.0 0
1680121720817 1.0 0
1680121752095 0.5246975806451613 0
1680121758057 0.8941532258064516 0
1680121763886 0.9753024193548387 0
1680121769982 0.9954637096774194 0
1680121775979 0.9984879032258065 0
1680121781859 0.998991935483871 0
1680121787965 0.9994959677419355 0
1680121794072 1.0 0
1680121800097 1.0 0
1680121806121 1.0 0
1680121838025 0.5126008064516129 0
1680121844041 0.9017137096774194 0
1680121850000 0.9818548387096774 0
1680121856143 0.9969758064516129 0
1680121862204 0.998991935483871 0
1680121868302 0.998991935483871 0
1680121874387 0.9994959677419355 0
1680121880421 0.998991935483871 0
1680121886543 1.0 0
1680121892618 1.0 0
1680121924991 0.5050403225806451 0
1680121931088 0.9007056451612904 0
1680121937249 0.9818548387096774 0
1680121943371 0.9979838709677419 0
1680121949530 0.998991935483871 0
1680121955626 0.9979838709677419 0
1680121961835 0.9984879032258065 0
1680121968055 0.9984879032258065 0
1680121974526 0.9994959677419355 0
1680121980732 1.0 0
