1680120457231 4.4601785549893975 0
1680120462099 4.436513616936281 0
1680120466820 4.295775496168062 0
1680120471565 4.3328195828944445 0
1680120476251 4.260833353037015 0
1680120481013 4.3291044239886105 0
1680120485766 4.321933005005121 0
1680120490422 4.242106780176982 0
1680120495133 4.280278878984973 0
1680120499978 4.414256043033674 0
1680120524362 4.659991953056306 0
1680120529411 4.619931933935732 0
1680120534241 4.407903535058722 0
1680120539402 4.702241339953616 0
1680120544540 4.679804424056783 0
1680120549577 4.5804690949153155 0
1680120554715 4.674578984035179 0
1680120559757 4.583116989815608 0
1680120564787 4.572465830948204 0
1680120569868 4.6159226421732455 0
1680120592281 4.862240087939426 0
1680120597403 4.648716122144833 0
1680120602579 4.696713611017913 0
1680120607623 4.564524675952271 0
1680120612905 4.805164273129776 0
1680120618081 4.689918712014332 0
1680120623279 4.720146695151925 0
1680120628392 4.636732657207176 0
1680120633575 4.696810828987509 0
1680120638817 4.7522204727865756 0
1680120661716 4.882406620075926 0
1680120666981 4.77459366992116 0
1680120672296 4.81776224100031 0
1680120677465 4.67376979906112 0
1680120682685 4.7340378779917955 0
1680120687819 4.653517193859443 0
1680120693056 4.7592423958703876 0
1680120698307 4.77868174482137 0
1680120703538 4.743122557876632 0
1680120708635 4.613175384001806 0
1680120732125 4.929183046100661 0
1680120737539 4.907659898046404 0
1680120742990 4.947075488977134 0
1680120748370 4.866268576821312 0
1680120753724 4.845454775029793 0
1680120759128 4.904640940017998 0
1680120764530 4.898329115007073 0
1680120769888 4.8705134079791605 0
1680120775263 4.879507701843977 0
1680120780594 4.820104491896927 0
1680120804641 4.887902745977044 0
1680120809862 4.718938800971955 0
1680120815327 4.94228074606508 0
1680120820724 4.88228909811005 0
1680120826128 4.90081149013713 0
1680120831516 4.8715870887972414 0
1680120836817 4.809306987095624 0
1680120842097 4.782057408010587 0
1680120847487 4.875358659075573 0
1680120852856 4.855295839952305 0
1680120877355 4.8268426328431815 0
1680120882670 4.8048127559013665 0
1680120888157 4.954498743871227 0
1680120893643 4.952262260951102 0
1680120899023 4.836050970014185 0
1680120904507 4.950051344931126 0
1680120909949 4.909914605086669 0
1680120915428 4.949309912044555 0
1680120920972 5.0020661919843405 0
1680120926414 4.9037683848291636 0
1680120950202 4.899328147992492 0
1680120955711 4.961443573003635 0
1680120961220 4.961695151869208 0
1680120966771 5.020811575930566 0
1680120972225 4.904160649050027 0
1680120977637 4.870337809203193 0
1680120983212 5.043100798968226 0
1680120988705 4.94991333107464 0
1680120993997 4.73644759086892 0
1680120999596 5.043470635078847 0
1680121025406 5.07850175909698 0
1680121030897 4.943723485106602 0
1680121036478 5.0083362008444965 0
1680121042064 5.0455557950772345 0
1680121047542 4.9361144511494786 0
1680121053190 5.0743098051752895 0
1680121058731 4.983568371972069 0
1680121064278 4.9946935418993235 0
1680121069795 4.982473282143474 0
1680121075342 4.993164860177785 0
1680121101615 5.168620745884255 0
1680121107154 4.982407522154972 0
1680121112696 4.974687620066106 0
1680121118373 5.107304861070588 0
1680121123965 5.023093937896192 0
1680121129575 5.041571562876925 0
1680121135184 5.043001282028854 0
1680121140752 5.012397208018228 0
1680121146450 5.13823899300769 0
1680121152065 5.039154954021797 0
1680121178927 5.168450984871015 0
1680121184588 5.074562792899087 0
1680121190163 5.002391515066847 0
1680121195929 5.170119896996766 0
1680121201483 4.9657701591495425 0
1680121207232 5.175353374099359 0
1680121212953 5.14869406982325 0
1680121218576 5.0444679809734225 0
1680121224326 5.1811270110774785 0
1680121230038 5.13260424695909 0
1680121257509 5.220501228002831 0
1680121263267 5.150772931985557 0
1680121268970 5.118394816061482 0
1680121274895 5.3363442830741405 0
1680121280571 5.078921164153144 0
1680121286283 5.130108644952998 0
1680121292073 5.220192231005058 0
1680121297814 5.137485363055021 0
1680121303517 5.120075594866648 0
1680121309119 5.01749211596325 0
1680121337154 5.078669843962416 0
1680121342934 5.197350136935711 0
1680121348664 5.122165438020602 0
1680121354499 5.228936484083533 0
1680121360224 5.110003761947155 0
1680121366043 5.211067921016365 0
1680121371757 5.10143087990582 0
1680121377476 5.118117270991206 0
1680121383231 5.1520836260169744 0
1680121389046 5.207354923943058 0
1680121417497 5.125732163898647 0
1680121423294 5.186215416062623 0
1680121429229 5.318550164112821 0
1680121435044 5.2107518368866295 0
1680121441034 5.368528509978205 0
1680121447044 5.383495311951265 0
1680121452907 5.2418942539952695 0
1680121458840 5.312004581093788 0
1680121464762 5.2950495281256735 0
1680121470632 5.262315438129008 0
1680121499829 5.207010374870151 0
1680121505803 5.331659429939464 0
1680121511799 5.350396843859926 0
1680121517690 5.263369130901992 0
1680121523432 5.1197716519236565 0
1680121529430 5.368776775896549 0
1680121535464 5.391922304872423 0
1680121541336 5.220549383899197 0
1680121547177 5.1955274092033505 0
1680121552953 5.129024975001812 0
1680121582783 5.244102160912007 0
1680121588608 5.200505286920816 0
1680121594522 5.291774925077334 0
1680121600330 5.144678540993482 0
1680121606346 5.377221307950094 0
1680121612230 5.239879499888048 0
1680121618333 5.463729416951537 0
1680121624250 5.271055315155536 0
1680121630275 5.385272793006152 0
1680121636110 5.205842667026445 0
1680121666783 5.331951605854556 0
1680121672816 5.3886452480219305 0
1680121678834 5.332506128819659 0
1680121684874 5.382658133981749 0
1680121690756 5.21888686507009 0
1680121696664 5.260412807809189 0
1680121702684 5.335148024838418 0
1680121708791 5.44459100603126 0
1680121714807 5.351976094068959 0
1680121720841 5.399805655004457 0
1680121752114 5.3447744401637465 0
1680121758080 5.296196402981877 0
1680121763914 5.159890349954367 0
1680121770003 5.434509425889701 0
1680121776010 5.325381438946351 0
1680121781882 5.20399719895795 0
1680121787989 5.453920564148575 0
1680121794093 5.443771035876125 0
1680121800116 5.373313625808805 0
1680121806146 5.350640024058521 0
1680121838046 5.388989199884236 0
1680121844062 5.3475977869238704 0
1680121850031 5.286193638108671 0
1680121856173 5.458403675816953 0
1680121862225 5.372291573090479 0
1680121868334 5.420753377024084 0
1680121874415 5.3980830770451576 0
1680121880452 5.364839332178235 0
1680121886576 5.450909645063803 0
1680121892649 5.394607004942372 0
1680121925015 5.385688921902329 0
1680121931119 5.42190854693763 0
1680121937275 5.459708074107766 0
1680121943406 5.438849817961454 0
1680121949552 5.460572903975844 0
1680121955652 5.413111252943054 0
1680121961877 5.512678371975198 0
1680121968077 5.520430620061234 0
1680121974555 5.779478286858648 0
1680121980753 5.5236969869583845 0
