1680120457219 0.7328170616059534 0
1680120462088 0.10626810897261865 0
1680120466807 0.04211327519958779 0
1680120471560 0.019382569863791426 0
1680120476241 0.01133220850662779 0
1680120481001 0.010691628843966511 0
1680120485755 0.005296351664113782 0
1680120490416 0.0031994325756621094 0
1680120495121 0.003347172010351994 0
1680120499970 0.004022413344618173 0
1680120524354 0.9486088084597741 0
1680120529405 0.15398726816619596 0
1680120534231 0.054804527546249086 0
1680120539395 0.020684978316327738 0
1680120544532 0.012137433254881012 0
1680120549570 0.013973459105698331 0
1680120554707 0.005408115576081458 0
1680120559748 0.00509687724068851 0
1680120564781 0.0032129509265594663 0
1680120569857 0.0030697068845432613 0
1680120592273 1.1321600560219056 0
1680120597393 0.25502665449054013 0
1680120602573 0.08429065116891457 0
1680120607616 0.03299388005548427 0
1680120612895 0.017643149288731716 0
1680120618070 0.009943906841198764 0
1680120623269 0.006800856747319021 0
1680120628386 0.005929169603698556 0
1680120633568 0.0055796307297573695 0
1680120638802 0.0037354591092275033 0
1680120661705 1.2126990297148306 0
1680120666970 0.3289166494242607 0
1680120672284 0.11562057830873997 0
1680120677455 0.044161551526837775 0
1680120682675 0.020348705922163302 0
1680120687811 0.016279301433373364 0
1680120693049 0.008642968282313836 0
1680120698298 0.006870463189120675 0
1680120703528 0.0050826595791976055 0
1680120708625 0.006088330201999915 0
1680120732117 1.2770422206770988 0
1680120737528 0.3454228371622101 0
1680120742985 0.12636278455536212 0
1680120748357 0.0519219420309509 0
1680120753714 0.02756011208909894 0
1680120759117 0.016204165797981042 0
1680120764520 0.0093676260777659 0
1680120769880 0.007926390119527857 0
1680120775253 0.005914724916369925 0
1680120780587 0.005620413051444977 0
1680120804628 1.280023034061155 0
1680120809856 0.3426834883228425 0
1680120815310 0.11926338995897001 0
1680120820711 0.04878235919280879 0
1680120826116 0.023445151941550356 0
1680120831500 0.011472448871861543 0
1680120836811 0.011695403647008202 0
1680120842092 0.009319973534964505 0
1680120847475 0.00911622578954144 0
1680120852845 0.004477467814144949 0
1680120877343 1.3389779771527937 0
1680120882663 0.33734925692119905 0
1680120888145 0.12005348046941142 0
1680120893635 0.04847377145122136 0
1680120899015 0.029271093685360204 0
1680120904493 0.019788382244446585 0
1680120909933 0.007727568747565871 0
1680120915421 0.007995517869975658 0
1680120920957 0.0059058161512497934 0
1680120926403 0.0051500421381675664 0
1680120950191 1.3809502038263506 0
1680120955700 0.3936213020595812 0
1680120961210 0.11397130483941685 0
1680120966764 0.04188232496380806 0
1680120972210 0.020563003314178315 0
1680120977626 0.013261085796740747 0
1680120983204 0.010320970262851446 0
1680120988698 0.007083720212141352 0
1680120993988 0.00559220960806875 0
1680120999586 0.004324920577815764 0
1680121025398 1.3550835338331038 0
1680121030886 0.3714569348000711 0
1680121036470 0.13688228489650833 0
1680121042058 0.05651332244216915 0
1680121047525 0.022195886430000106 0
1680121053172 0.014682259752355035 0
1680121058717 0.012013412647760444 0
1680121064262 0.012850256268716147 0
1680121069788 0.007357269852241922 0
1680121075334 0.0060611583007078975 0
1680121101598 1.4186860226815747 0
1680121107145 0.401313426754167 0
1680121112682 0.12919765470489378 0
1680121118358 0.04902397431132774 0
1680121123954 0.039761638726979014 0
1680121129564 0.01462032996313346 0
1680121135168 0.010087565379968334 0
1680121140742 0.007049057670238037 0
1680121146437 0.005837856084033246 0
1680121152052 0.004946618040482844 0
1680121178918 1.413572883413684 0
1680121184575 0.3851001416483233 0
1680121190155 0.11429633338364863 0
1680121195917 0.05124224713372608 0
1680121201474 0.027918451811156927 0
1680121207225 0.017440935829654336 0
1680121212943 0.019340536553382633 0
1680121218566 0.017904784977285853 0
1680121224318 0.011614999315145636 0
1680121230027 0.00621521495462906 0
1680121257491 1.443840854590939 0
1680121263255 0.3954760374561433 0
1680121268962 0.12489836032111798 0
1680121274882 0.038009454646418174 0
1680121280563 0.020290579894677765 0
1680121286273 0.011946688237179431 0
1680121292067 0.007756925270622296 0
1680121297799 0.016013305172354223 0
1680121303509 0.014469001184953678 0
1680121309107 0.008757167831889444 0
1680121337146 1.4360088148424703 0
1680121342924 0.3927094726072204 0
1680121348656 0.1104569468166559 0
1680121354488 0.06427469562679049 0
1680121360214 0.03360200894155329 0
1680121366029 0.01779661156357296 0
1680121371746 0.015621833349277655 0
1680121377468 0.007129933420313342 0
1680121383219 0.004997140356159258 0
1680121389037 0.004312855610248422 0
1680121417489 1.4700124417581866 0
1680121423287 0.4380338838504207 0
1680121429219 0.12080451046987888 0
1680121435036 0.04365448646187302 0
1680121441025 0.026467326585383665 0
1680121447031 0.013621141082577167 0
1680121452885 0.010954026305567353 0
1680121458821 0.007470846307584115 0
1680121464746 0.005232220891142084 0
1680121470616 0.007403980540637407 0
1680121499818 1.4469562144048753 0
1680121505794 0.3744743485604563 0
1680121511785 0.09385247252160503 0
1680121517682 0.04283424487878238 0
1680121523423 0.023135714630986893 0
1680121529422 0.01158608556649978 0
1680121535451 0.009051004777692499 0
1680121541316 0.006577909248129976 0
1680121547168 0.005706327021001808 0
1680121552943 0.005200088747041 0
1680121582761 1.4547811366858021 0
1680121588593 0.3816138457867407 0
1680121594514 0.11779926819426398 0
1680121600315 0.04240822056007962 0
1680121606333 0.03334212086103376 0
1680121612217 0.01838902311940347 0
1680121618325 0.015219122423009285 0
1680121624236 0.008835045249021102 0
1680121630262 0.007562763433182432 0
1680121636097 0.005900943253730093 0
1680121666760 1.433001055832832 0
1680121672801 0.3639953408029772 0
1680121678817 0.10942199898342933 0
1680121684859 0.04228159010169968 0
1680121690746 0.021697228376363075 0
1680121696652 0.015164388028243858 0
1680121702665 0.01569764400201459 0
1680121708783 0.012965522770349297 0
1680121714786 0.006184343353755051 0
1680121720832 0.006532614299606892 0
1680121752106 1.45410424567038 0
1680121758071 0.3861983382413464 0
1680121763903 0.12283118928392087 0
1680121769995 0.03999891973310901 0
1680121775996 0.01782754679480868 0
1680121781873 0.015523340936089236 0
1680121787979 0.011070365180081178 0
1680121794085 0.007153563883020392 0
1680121800108 0.00643250274081384 0
1680121806137 0.005896392554390214 0
1680121838037 1.4691001071083931 0
1680121844053 0.3806795920095136 0
1680121850019 0.11536219229380931 0
1680121856161 0.04314007832398338 0
1680121862216 0.02130220626150408 0
1680121868321 0.016358078727799076 0
1680121874404 0.009677132249869887 0
1680121880441 0.008495184782546975 0
1680121886563 0.006175622385325691 0
1680121892630 0.005372818755624335 0
1680121925006 1.4483550537017085 0
1680121931108 0.3603378928476764 0
1680121937265 0.10653150724547525 0
1680121943394 0.03354648685443305 0
1680121949543 0.01828666852276412 0
1680121955642 0.019803517302798647 0
1680121961861 0.013194808511123542 0
1680121968068 0.01690600871769411 0
1680121974544 0.008336367710838996 0
1680121980744 0.0057007492625064425 0
