1678667057152 4.169404407963157 0
1678667061093 3.828954739961773 0
1678667065154 3.932229462079704 0
1678667069242 3.9754864061251283 0
1678667073209 3.8450184329412878 0
1678667077163 3.8344505089335144 0
1678667081125 3.838961912319064 0
1678667085140 3.888901290949434 0
1678667089245 3.99347226601094 0
1678667093205 3.837389962747693 0
1678667150929 6.991063374094665 0
1678667157973 6.917551807127893 0
1678667164939 6.839060987811536 0
1678667172110 7.050446916371584 0
1678667179171 6.942826014943421 0
1678667186148 6.852010583970696 0
1678667193185 6.921780915930867 0
1678667200267 6.963666270021349 0
1678667207296 6.912502239923924 0
1678667214300 6.877682047896087 0
1678667280433 10.409520018380135 0
1678667289749 9.21006157901138 0
1678667299826 9.956040169112384 0
1678667309887 9.939889060333371 0
1678667319824 9.812963362783194 0
1678667329866 9.916300991084427 0
1678667339815 9.831374972127378 0
1678667349729 9.78530379012227 0
1678667359572 9.72223073290661 0
1678667369818 10.124786304775625 0
1678667435173 13.249788514804095 0
1678667448272 12.983826442155987 0
1678667461296 12.894791251979768 0
1678667474546 13.12761497311294 0
1678667487708 13.03244346473366 0
1678667500572 12.73382535809651 0
1678667514731 14.006430954672396 0
1678667528642 13.766814218368381 0
1678667542829 14.044472368899733 0
1678667555936 12.985979142133147 0
1678667624720 16.295264560263604 0
1678667640649 15.810518534388393 0
1678667656747 15.972052325028926 0
1678667672918 16.044597366824746 0
1678667688943 15.896009956020862 0
1678667705472 16.40530202211812 0
1678667721538 15.945205132942647 0
1678667738184 16.527532881125808 0
1678667754357 16.04814431304112 0
1678667770772 16.28155716508627 0
1678667849011 18.919995062984526 0
1678667868399 19.268300015944988 0
1678667887721 19.19978148303926 0
1678667907316 19.46621565381065 0
1678667926567 19.123323753941804 0
1678667945790 19.09411711199209 0
1678667965143 19.22894134093076 0
1678667984463 19.190220314078033 0
1678668003587 19.00143680162728 0
1678668022821 19.109979543369263 0
1678668101065 22.407930112909526 0
1678668123754 22.557963998056948 0
1678668145894 22.007773581892252 0
1678668168091 22.07075325679034 0
1678668190337 22.113901909906417 0
1678668212430 21.962859375867993 0
1678668234587 22.03289870498702 0
1678668257175 22.454332279972732 0
1678668279638 22.33742347592488 0
1678668302073 22.312452827114612 0
1678668385111 25.158435141202062 0
1678668410598 25.359008545055985 0
1678668435900 25.182605410926044 0
1678668461207 25.168522452004254 0
1678668486876 25.53880920726806 0
1678668512144 25.13355946401134 0
1678668537477 25.196365000214428 0
1678668562605 25.000953452195972 0
1678668588084 25.351434181910008 0
1678668614551 26.314200200140476 0
1678668699315 28.592220743186772 0
1678668727718 28.274313465692103 0
1678668755939 28.069528070278466 0
1678668784694 28.60910545894876 0
1678668813389 28.57418900821358 0
1678668841794 28.27279792772606 0
1678668870314 28.375737564638257 0
1678668899952 29.50227452488616 0
1678668928985 28.896328502800316 0
1678668957390 28.283041932154447 0
1678669041903 31.491184666752815 0
1678669073414 31.372380199842155 0
1678669105156 31.593701118137687 0
1678669136810 31.51346989395097 0
1678669169951 32.96407391736284 0
1678669201672 31.56479368498549 0
1678669233950 32.11082319589332 0
1678669267099 32.952715389896184 0
1678669300232 32.974056656006724 0
1678669331955 31.54752909205854 0
1678669420505 34.58357335906476 0
1678669455098 34.43940642103553 0
1678669490753 35.48986878385767 0
1678669527078 36.135205547790974 0
1678669561090 33.844141697045416 0
1678669595654 34.399913935922086 0
1678669630368 34.525873449165374 0
1678669665104 34.57358669489622 0
1678669699458 34.17550023179501 0
1678669735668 36.01005779905245 0
1678669829451 37.48299027606845 0
1678669867266 37.6495087868534 0
1678669904529 37.09213436814025 0
1678669942335 37.61790483817458 0
1678669982078 39.55587136186659 0
1678670019278 37.03705612011254 0
1678670057033 37.57169460086152 0
1678670094829 37.63750654226169 0
1678670132684 37.677791978698224 0
1678670170459 37.60341483308002 0
1678670270390 40.43387473188341 0
1678670311074 40.51680503273383 0
1678670352001 40.74780713301152 0
1678670393228 41.03772247675806 0
1678670434459 41.04365204786882 0
1678670476661 41.98144320305437 0
1678670517091 40.24115552101284 0
1678670557646 40.38897943077609 0
1678670598258 40.46235489891842 0
1678670639294 40.85991240711883 0
1678670740839 44.229484007228166 0
1678670784401 43.398039426188916 0
1678670828124 43.551004256121814 0
1678670871683 43.395474531222135 0
1678670915453 43.57959561701864 0
1678670961769 46.11749445227906 0
1678671005226 43.30811853520572 0
1678671048715 43.325063249096274 0
1678671092819 43.95044079422951 0
1678671137036 44.02414844091982 0
1678671241014 46.67978580109775 0
1678671288095 46.92285213479772 0
1678671336096 47.838122284039855 0
1678671383245 46.97589470632374 0
1678671431680 48.26140002487227 0
1678671479398 47.54268588498235 0
1678671526252 46.689176618121564 0
1678671572959 46.51897833077237 0
1678671620325 47.195314183831215 0
1678671668050 47.51886276481673 0
1678671777706 50.10158138489351 0
1678671827489 49.613967574201524 0
1678671877517 49.83534725103527 0
1678671928489 50.76880612317473 0
1678671980150 51.47016701800749 0
1678672030478 50.130657487083226 0
1678672080208 49.55276682320982 0
1678672130704 50.31297047296539 0
1678672180991 50.104212812148035 0
1678672233159 52.00483038276434 0
1678672340034 53.4757900419645 0
1678672392433 52.220668143127114 0
1678672446467 53.86053513176739 0
1678672500819 54.15771269099787 0
1678672553840 52.854838540777564 0
1678672607591 53.57023437414318 0
1678672660153 52.37853514496237 0
1678672714567 54.24489129567519 0
1678672769094 54.3262999500148 0
1678672822228 52.952816769015044 0
1678672932041 55.540510380174965 0
1678672990285 58.05294479895383 0
1678673047157 56.68785380665213 0
1678673104186 56.83210731903091 0
1678673160735 56.34655833989382 0
1678673217971 57.035877272021025 0
1678673276277 58.13515160698444 0
1678673331779 55.329125587362796 0
1678673388137 56.16074903821573 0
1678673444378 56.03883763309568 0
1678673560390 61.03587055206299 0
1678673620164 59.615550151094794 0
1678673680283 59.93169143702835 0
1678673739401 58.94289390509948 0
1678673801652 62.02701368695125 0
1678673860942 59.13746631098911 0
1678673920997 59.87815051525831 0
1678673980322 59.151687228586525 0
1678674040551 60.058503036852926 0
1678674100701 59.955351767130196 0
1678674222172 62.34358634008095 0
1678674284167 61.82236104318872 0
1678674346482 62.11249077599496 0
1678674411747 64.9867132822983 0
1678674474675 62.720758822280914 0
1678674536486 61.56739664496854 0
1678674599345 62.67820168379694 0
1678674663211 63.68249779101461 0
1678674724963 61.56729019107297 0
1678674786811 61.67290237778798 0
