1678667057142 0.8844975490196079 0
1678667061081 0.9632352941176471 0
1678667065134 0.9828431372549019 0
1678667069229 0.9871323529411765 0
1678667073188 0.9886642156862745 0
1678667077146 0.9871323529411765 0
1678667081109 0.9932598039215687 0
1678667085119 0.9938725490196079 0
1678667089230 0.9947916666666666 0
1678667093187 0.9981617647058824 0
1678667150910 0.958128078817734 0
1678667157952 0.9858374384236454 0
1678667164916 0.9915332512315271 0
1678667172096 0.9887623152709359 0
1678667179149 0.9970751231527094 0
1678667186129 0.9958435960591133 0
1678667193170 0.9919950738916257 0
1678667200252 0.9963054187192119 0
1678667207282 0.9972290640394089 0
1678667214279 0.9987684729064039 0
1678667280414 0.9568256578947368 0
1678667289734 0.9945518092105263 0
1678667299807 0.994860197368421 0
1678667309867 0.9942434210526315 0
1678667319802 0.9949629934210527 0
1678667329849 0.9942434210526315 0
1678667339799 0.9943462171052632 0
1678667349709 0.9983552631578947 0
1678667359553 0.9991776315789473 0
1678667369794 0.9991776315789473 0
1678667435154 0.9361145320197044 0
1678667448254 0.9889932266009852 0
1678667461280 0.9941502463054187 0
1678667474528 0.9968442118226601 0
1678667487688 0.9945350985221675 0
1678667500551 0.9977678571428571 0
1678667514713 0.9945350985221675 0
1678667528624 0.9968442118226601 0
1678667542811 0.9962284482758621 0
1678667555918 0.9989993842364532 0
1678667624700 0.9127218934911243 0
1678667640628 0.9847756410256411 0
1678667656727 0.990939349112426 0
1678667672898 0.9942677514792899 0
1678667688923 0.9948841222879684 0
1678667705454 0.9957470414201184 0
1678667721521 0.9951923076923077 0
1678667738166 0.9957470414201184 0
1678667754338 0.9987056213017751 0
1678667770753 0.9949457593688363 0
1678667848991 0.8984888980263158 0
1678667868384 0.9703433388157895 0
1678667887705 0.9861739309210527 0
1678667907295 0.9899259868421053 0
1678667926550 0.993421052631579 0
1678667945770 0.9930612664473685 0
1678667965120 0.9936266447368421 0
1678667984442 0.9930612664473685 0
1678668003563 0.9947060032894737 0
1678668022801 0.995836759868421 0
1678668101048 0.8934679125528914 0
1678668123732 0.9669428772919605 0
1678668145867 0.9834273624823695 0
1678668168073 0.988540197461213 0
1678668190314 0.9922425952045134 0
1678668212408 0.9935208039492243 0
1678668234573 0.9938293370944993 0
1678668257147 0.9945786318758815 0
1678668279619 0.9951075458392101 0
1678668302056 0.9951516220028209 0
1678668385094 0.8910108024691358 0
1678668410577 0.9466435185185185 0
1678668435884 0.9710262345679013 0
1678668461184 0.9808641975308642 0
1678668486854 0.9900462962962963 0
1678668512117 0.9891975308641975 0
1678668537458 0.9925154320987655 0
1678668562584 0.9918981481481481 0
1678668588064 0.993016975308642 0
1678668614527 0.9936728395061728 0
1678668699295 0.8892886513157895 0
1678668727698 0.9492530153508771 0
1678668755907 0.9744380482456141 0
1678668784669 0.9815995065789473 0
1678668813371 0.9870819627192983 0
1678668841770 0.9897546600877193 0
1678668870290 0.9917763157894737 0
1678668899931 0.9900287828947368 0
1678668928966 0.9939007675438597 0
1678668957371 0.991125274122807 0
1678669041877 0.8974271964461994 0
1678669073382 0.9539424975320829 0
1678669105130 0.9721125370187562 0
1678669136779 0.9806885488647581 0
1678669169931 0.9855009871668312 0
1678669201648 0.989819842053307 0
1678669233930 0.9900049358341559 0
1678669267072 0.9909304047384008 0
1678669300205 0.9903134254689042 0
1678669331929 0.993398321816387 0
1678669420484 0.8957585278276481 0
1678669455076 0.9307675044883303 0
1678669490732 0.9506844703770198 0
1678669527060 0.9650190754039497 0
1678669561071 0.9760154847396768 0
1678669595636 0.9828040843806104 0
1678669630339 0.9834212298025135 0
1678669665081 0.9879656642728905 0
1678669699436 0.9900976211849192 0
1678669735647 0.9903500897666068 0
1678669829432 0.8962705761316873 0
1678669867248 0.9367283950617284 0
1678669904511 0.9543981481481482 0
1678669942312 0.9660493827160493 0
1678669982059 0.9778292181069959 0
1678670019263 0.9820216049382716 0
1678670057017 0.9837705761316873 0
1678670094807 0.9870113168724279 0
1678670132666 0.9874485596707819 0
1678670170435 0.9879629629629629 0
1678670270364 0.902094414893617 0
1678670311056 0.9443151595744681 0
1678670351982 0.9613411854103343 0
1678670393200 0.970720934650456 0
1678670434434 0.9809792933130699 0
1678670476647 0.9842325227963525 0
1678670517064 0.9864171732522796 0
1678670557627 0.9878181990881459 0
1678670598239 0.9863934270516718 0
1678670639274 0.9888155395136778 0
1678670740818 0.8932695698166432 0
1678670784382 0.9347232016925247 0
1678670828105 0.9513178772919605 0
1678670871663 0.964276269393512 0
1678670915434 0.9749206629055007 0
1678670961745 0.9786671368124118 0
1678671005203 0.9825238011283498 0
1678671048690 0.9858295133991537 0
1678671092799 0.9859397038081805 0
1678671137017 0.9857633991537377 0
1678671240994 0.9001398946675444 0
1678671288070 0.93599818959842 0
1678671336080 0.9501110928242265 0
1678671383227 0.9614878209348255 0
1678671431660 0.9703546741277156 0
1678671479374 0.9764647794601712 0
1678671526234 0.9810730743910467 0
1678671572935 0.9821840026333114 0
1678671620305 0.9843441408821593 0
1678671668023 0.9848996050032917 0
1678671777678 0.9003858024691358 0
1678671827470 0.9346643518518518 0
1678671877491 0.9512345679012346 0
1678671928452 0.9625 0
1678671980126 0.9718171296296296 0
1678672030457 0.9772762345679012 0
1678672080187 0.98125 0
1678672130683 0.9819251543209877 0
1678672180964 0.9834490740740741 0
1678672233141 0.9839699074074074 0
1678672340012 0.905287623474724 0
1678672392404 0.939170540383498 0
1678672446448 0.9547501452643812 0
1678672500790 0.9642104880883208 0
1678672553820 0.9731442475305055 0
1678672607562 0.9774477048227774 0
1678672660129 0.9806072051133062 0
1678672714547 0.9836759151656014 0
1678672769064 0.9823866937826845 0
1678672822207 0.9846927658338176 0
1678672932022 0.9096802963776071 0
1678672990260 0.9425939901207464 0
1678673047131 0.9589050493962679 0
1678673104155 0.9688529088913282 0
1678673160695 0.9776001646542262 0
1678673217941 0.9794010702524698 0
1678673276258 0.9801214324917673 0
1678673331759 0.9818708836443468 0
1678673388110 0.9834831229418222 0
1678673444348 0.9841177277716795 0
1678673560365 0.9135790431617264 0
1678673620143 0.938621294851794 0
1678673680253 0.954335673426937 0
1678673739374 0.9638098023920957 0
1678673801619 0.9704725689027561 0
1678673860918 0.9765665626625065 0
1678673920977 0.9790691627665107 0
1678673980302 0.9796216848673946 0
1678674040527 0.9823192927717108 0
1678674100667 0.9821567862714509 0
1678674222141 0.9142283950617284 0
1678674284145 0.9405864197530864 0
1678674346454 0.9526234567901235 0
1678674411716 0.9633950617283951 0
1678674474643 0.9717592592592592 0
1678674536455 0.977037037037037 0
1678674599321 0.9781944444444445 0
1678674663190 0.9783950617283951 0
1678674724943 0.9815895061728395 0
1678674786784 0.9817901234567902 0
