1679447929523 0.9131944444444444 0
1679447933734 0.9628472222222222 0
1679447937845 0.9715277777777778 0
1679447942127 0.9732638888888889 0
1679447946116 0.9847222222222223 0
1679447950440 0.984375 0
1679447954780 0.9923611111111111 0
1679447958591 0.990625 0
1679447962834 0.9840277777777777 0
1679447967094 0.9892361111111111 0
1679447985509 0.9104166666666667 0
1679447992726 0.9871527777777778 0
1679447999294 0.9888888888888889 0
1679448006515 0.9951388888888889 0
1679448012966 0.9944444444444445 0
1679448020019 0.9965277777777778 0
1679448027041 0.9993055555555556 0
1679448033919 0.9989583333333333 0
1679448040727 0.9979166666666667 0
1679448047536 0.9954861111111111 0
1679448066196 0.909375 0
1679448072959 0.9822916666666667 0
1679448079665 0.9881944444444445 0
1679448086811 0.9972222222222222 0
1679448093662 0.9993055555555556 0
1679448100310 0.9979166666666667 0
1679448107013 0.9979166666666667 0
1679448113578 0.9930555555555556 0
1679448120254 0.9899305555555555 0
1679448127435 0.9975694444444444 0
1679448146002 0.8892361111111111 0
1679448152969 0.9732638888888889 0
1679448159615 0.9920138888888889 0
1679448166453 0.9892361111111111 0
1679448173634 0.9944444444444445 0
1679448179923 0.9947916666666666 0
1679448186873 0.9961805555555555 0
1679448193712 0.9930555555555556 0
1679448200486 0.9972222222222222 0
1679448207459 0.9993055555555556 0
1679448226506 0.8527777777777777 0
1679448233669 0.9947916666666666 0
1679448240071 0.9947916666666666 0
1679448246890 0.9961805555555555 0
1679448253824 0.9989583333333333 0
1679448260948 0.9996527777777777 0
1679448267752 1.0 0
1679448274948 1.0 0
1679448282002 1.0 0
1679448288817 1.0 0
1679448310284 0.8822916666666667 0
1679448317206 0.9743055555555555 0
1679448324621 0.9881944444444445 0
1679448331633 0.9913194444444444 0
1679448338601 0.9954861111111111 0
1679448345712 0.9902777777777778 0
1679448352587 0.9927083333333333 0
1679448360020 0.9982638888888888 0
1679448366366 0.9954861111111111 0
1679448373130 0.9975694444444444 0
1679448392815 0.8069444444444445 0
1679448399841 0.9625 0
1679448406509 0.975 0
1679448413497 0.9854166666666667 0
1679448419355 0.9923611111111111 0
1679448426705 0.9888888888888889 0
1679448433325 0.9954861111111111 0
1679448440153 0.9940972222222222 0
1679448447151 0.9954861111111111 0
1679448454390 0.9972222222222222 0
1679448474062 0.8496527777777778 0
1679448480983 0.9649305555555555 0
1679448487119 0.9767361111111111 0
1679448494473 0.9895833333333334 0
1679448501115 0.9909722222222223 0
1679448507940 0.9961805555555555 0
1679448515286 0.9927083333333333 0
1679448522269 0.9885416666666667 0
1679448528909 0.9899305555555555 0
1679448535775 0.9930555555555556 0
1679448555600 0.8267361111111111 0
1679448562921 0.9635416666666666 0
1679448569322 0.9767361111111111 0
1679448576265 0.9833333333333333 0
1679448582860 0.9902777777777778 0
1679448589888 0.9961805555555555 0
1679448597253 0.9961805555555555 0
1679448604187 0.9944444444444445 0
1679448611239 0.9881944444444445 0
1679448618490 0.9965277777777778 0
1679448637398 0.8423611111111111 0
1679448644891 0.9756944444444444 0
1679448651720 0.9829861111111111 0
1679448658757 0.9930555555555556 0
1679448665614 0.9920138888888889 0
1679448672692 0.9979166666666667 0
1679448679849 0.99375 0
1679448686686 0.9947916666666666 0
1679448693763 0.9951388888888889 0
1679448699306 0.9958333333333333 0
1679448720481 0.7770833333333333 0
1679448727521 0.9479166666666666 0
1679448734740 0.9690972222222223 0
1679448741659 0.9840277777777777 0
1679448748426 0.9885416666666667 0
1679448755555 0.984375 0
1679448763038 0.9868055555555556 0
1679448769579 0.9923611111111111 0
1679448776647 0.9944444444444445 0
1679448783719 0.9982638888888888 0
1679448805611 0.8538194444444445 0
1679448812693 0.9826388888888888 0
1679448819590 0.9930555555555556 0
1679448826752 0.9951388888888889 0
1679448833559 0.9975694444444444 0
1679448840666 1.0 0
1679448847312 0.9996527777777777 0
1679448854514 0.9996527777777777 0
1679448861446 1.0 0
1679448868423 1.0 0
1679448890737 0.8090277777777778 0
1679448897657 0.9704861111111112 0
1679448904315 0.9878472222222222 0
1679448911657 0.9899305555555555 0
1679448918828 0.9954861111111111 0
1679448925533 0.9982638888888888 0
1679448932420 0.9972222222222222 0
1679448939502 0.9930555555555556 0
1679448946393 0.996875 0
1679448953740 0.9986111111111111 0
1679448976026 0.840625 0
1679448982908 0.9663194444444444 0
1679448990092 0.9798611111111111 0
1679448996854 0.9913194444444444 0
1679449003679 0.9965277777777778 0
1679449008950 0.9982638888888888 0
1679449016090 0.9986111111111111 0
1679449022580 0.99375 0
1679449030038 0.9993055555555556 0
1679449037015 0.9993055555555556 0
1679449058736 0.8614583333333333 0
1679449065617 0.9795138888888889 0
1679449072523 0.9951388888888889 0
1679449079767 0.9982638888888888 0
1679449086444 0.9993055555555556 0
1679449093306 0.9996527777777777 0
1679449100534 0.9986111111111111 0
1679449107549 1.0 0
1679449115181 1.0 0
1679449122515 1.0 0
1679449145018 0.8635416666666667 0
1679449151785 0.9756944444444444 0
1679449158719 0.9836805555555556 0
1679449165881 0.9871527777777778 0
1679449171543 0.9927083333333333 0
1679449179006 0.9927083333333333 0
1679449185969 0.9951388888888889 0
1679449192339 0.9982638888888888 0
1679449199177 0.9979166666666667 0
1679449206408 0.9986111111111111 0
1679449229378 0.83125 0
1679449236669 0.9815972222222222 0
1679449243562 0.9892361111111111 0
1679449250778 0.9951388888888889 0
1679449257938 0.996875 0
1679449265110 0.9993055555555556 0
1679449272300 0.9975694444444444 0
1679449279693 0.9993055555555556 0
1679449286909 0.9989583333333333 0
1679449294030 0.9986111111111111 0
1679449317363 0.8059027777777777 0
1679449324476 0.9680555555555556 0
1679449331358 0.9864583333333333 0
1679449338120 0.9878472222222222 0
1679449345464 0.9920138888888889 0
1679449352276 0.9979166666666667 0
1679449359490 0.9986111111111111 0
1679449366866 0.9972222222222222 0
1679449373799 0.9940972222222222 0
1679449381200 0.9989583333333333 0
1679449403941 0.8340277777777778 0
1679449411212 0.9753472222222223 0
1679449418502 0.9881944444444445 0
1679449425931 0.9895833333333334 0
1679449433025 0.9940972222222222 0
1679449439988 0.996875 0
1679449447029 0.9944444444444445 0
1679449453941 0.9972222222222222 0
1679449461275 0.9986111111111111 0
1679449468714 0.9972222222222222 0
1679449492507 0.8604166666666667 0
1679449499760 0.9642361111111111 0
1679449506963 0.9861111111111112 0
1679449513853 0.9902777777777778 0
1679449521015 0.9927083333333333 0
1679449527782 0.996875 0
1679449534931 0.9982638888888888 0
1679449541863 0.9989583333333333 0
1679449549303 0.9975694444444444 0
1679449556733 0.9965277777777778 0
