1679447929535 0.2988706823645367 0
1679447933744 0.11808293752061824 0
1679447937855 0.07821359065257841 0
1679447942139 0.07869836403923626 0
1679447946121 0.05240638229814876 0
1679447950452 0.05308281793259084 0
1679447954791 0.026154710847185923 0
1679447958603 0.042922063625883314 0
1679447962846 0.04868313735803693 0
1679447967105 0.03343675096402876 0
1679447985525 0.5391073849466111 0
1679447992740 0.043021793400597134 0
1679447999305 0.04474007329327934 0
1679448006528 0.024336411126811678 0
1679448012978 0.020417064296472946 0
1679448020030 0.014469489324579223 0
1679448027053 0.003013523261405579 0
1679448033930 0.003047461260191792 0
1679448040737 0.005850703062343301 0
1679448047547 0.015966947941099836 0
1679448066206 0.5422176606435742 0
1679448072976 0.05823903976318737 0
1679448079677 0.03731987316439497 0
1679448086822 0.010757939324927671 0
1679448093673 0.0034395512952970523 0
1679448100320 0.004415355833003155 0
1679448107022 0.007241685733788472 0
1679448113589 0.02026255829476011 0
1679448120260 0.03793281633827266 0
1679448127447 0.009842251125519397 0
1679448146014 0.7626467159845762 0
1679448152979 0.0912247456325632 0
1679448159626 0.02951302828021451 0
1679448166464 0.03794611424770362 0
1679448173645 0.019834378434138166 0
1679448179934 0.013851773882116605 0
1679448186884 0.008251430584196997 0
1679448193723 0.019643301468749996 0
1679448200496 0.008079209370629946 0
1679448207470 0.005821173476862087 0
1679448226513 0.6940183580749565 0
1679448233680 0.017511599035545562 0
1679448240083 0.019499796785304273 0
1679448246901 0.012649084728521606 0
1679448253833 0.006361167417425248 0
1679448260959 0.0021087921393094194 0
1679448267764 0.000476716985839529 0
1679448274959 0.0003057982999356076 0
1679448282014 0.0001934856263788889 0
1679448288829 6.282921070932288e-05 0
1679448310296 0.6821423714566562 0
1679448317219 0.08879876615117407 0
1679448324633 0.04342297372317666 0
1679448331646 0.030536374924445733 0
1679448338613 0.01818187867110181 0
1679448345723 0.024400697466302922 0
1679448352595 0.02225066749641782 0
1679448360031 0.005645334329165053 0
1679448366377 0.01532045097349813 0
1679448373149 0.009351514671208053 0
1679448392828 1.0666176866326067 0
1679448399853 0.14466358439272475 0
1679448406518 0.08520584096485335 0
1679448413512 0.049398803427013464 0
1679448419366 0.02990221260600568 0
1679448426716 0.03592124226205568 0
1679448433337 0.020672649343679142 0
1679448440165 0.022895670543786967 0
1679448447162 0.01823358168775384 0
1679448454400 0.007968720422811909 0
1679448474082 0.7996265383230315 0
1679448480995 0.10845107544834415 0
1679448487129 0.07720409276274344 0
1679448494483 0.030623702228897147 0
1679448501131 0.030779062531008903 0
1679448507958 0.018266196838360175 0
1679448515298 0.024668421271619282 0
1679448522282 0.030881469530544967 0
1679448528923 0.03609024545908647 0
1679448535787 0.018389213637177212 0
1679448555611 1.0704484839820199 0
1679448562930 0.1215638516160349 0
1679448569343 0.07537764433848983 0
1679448576279 0.0551364280794385 0
1679448582873 0.02814290817122027 0
1679448589899 0.010443429795850534 0
1679448597267 0.011389223718934874 0
1679448604198 0.021589090277363235 0
1679448611255 0.03840595171608988 0
1679448618500 0.009731163392037464 0
1679448637409 0.9379652920903431 0
1679448644904 0.07685238589765504 0
1679448651735 0.047424299270238 0
1679448658768 0.0202893941068194 0
1679448665620 0.022666517314468768 0
1679448672703 0.007642980657126625 0
1679448679862 0.019995167023039863 0
1679448686697 0.019235680010590134 0
1679448693774 0.015160498676252448 0
1679448699318 0.009650700659363388 0
1679448720491 1.1849107950097986 0
1679448727533 0.19097581629951796 0
1679448734753 0.09880726399521032 0
1679448741670 0.05769944149069488 0
1679448748439 0.039372870330246064 0
1679448755568 0.05207990898569632 0
1679448763050 0.03414089349357204 0
1679448769590 0.022628941727291223 0
1679448776655 0.019702726155002084 0
1679448783729 0.008734079530404415 0
1679448805622 0.8661648099310696 0
1679448812704 0.05619169195027401 0
1679448819601 0.02714542163367797 0
1679448826764 0.0189293700910639 0
1679448833566 0.008519152261659555 0
1679448840680 0.0017741927372602125 0
1679448847322 0.00254393671097609 0
1679448854529 0.0009721845600223686 0
1679448861459 0.0010099575786928956 0
1679448868440 0.0003934408858994074 0
1679448890750 0.929910419964128 0
1679448897668 0.11352619968044261 0
1679448904327 0.05100547923551251 0
1679448911670 0.039086404720890436 0
1679448918848 0.01593002188051792 0
1679448925554 0.009388895692730633 0
1679448932434 0.008064908595244762 0
1679448939514 0.023936787340143283 0
1679448946406 0.0082349230124641 0
1679448953752 0.003655185186612976 0
1679448976039 0.8246137173018522 0
1679448982924 0.11770571947822141 0
1679448990104 0.06586391020617965 0
1679448996866 0.02821112897686867 0
1679449003690 0.011890987574911884 0
1679449008960 0.007469705875458506 0
1679449016102 0.0069171218445464745 0
1679449022592 0.019207775263607296 0
1679449030053 0.00484320452030968 0
1679449037026 0.003710933779519918 0
1679449058747 0.7672255577519536 0
1679449065629 0.07646320486803436 0
1679449072543 0.02070585397175617 0
1679449079785 0.006886052492579135 0
1679449086455 0.004284278056891506 0
1679449093319 0.001551567060717692 0
1679449100544 0.00819195272981435 0
1679449107562 0.0009070009876369214 0
1679449115202 0.0009309219761538164 0
1679449122528 0.0002359860482708124 0
1679449145030 0.7304355361809333 0
1679449151796 0.0942503003798063 0
1679449158742 0.06161969173764292 0
1679449165894 0.062270845261648194 0
1679449171552 0.019412472307724075 0
1679449179017 0.0331726589451945 0
1679449185982 0.017129282679606048 0
1679449192350 0.006267079511922525 0
1679449199197 0.006092738443112466 0
1679449206420 0.0061959497812495105 0
1679449229389 0.8445405992058416 0
1679449236686 0.06716187454553114 0
1679449243576 0.034834227533105555 0
1679449250790 0.0156693892669864 0
1679449257950 0.007920831751511691 0
1679449265123 0.004571499337099441 0
1679449272313 0.00593136943304368 0
1679449279705 0.00618288213235145 0
1679449286922 0.002825639061767207 0
1679449294043 0.0033421092596351326 0
1679449317373 0.9385240009675423 0
1679449324489 0.10341181059678396 0
1679449331370 0.047940435065215246 0
1679449338132 0.037326141555159766 0
1679449345475 0.021736119173066174 0
1679449352287 0.006788248595936844 0
1679449359504 0.004866772523301834 0
1679449366877 0.0077629965898975365 0
1679449373812 0.019690926297415798 0
1679449381212 0.005592585840895481 0
1679449403953 0.8083580505930715 0
1679449411225 0.08223311715345416 0
1679449418514 0.03716000747323657 0
1679449425944 0.028568986560922997 0
1679449433037 0.024049954460254715 0
1679449440003 0.011033741591947747 0
1679449447043 0.013853554405351234 0
1679449453951 0.007540098268671297 0
1679449461287 0.004958017617011339 0
1679449468730 0.005346702875289743 0
1679449492519 0.831493587181386 0
1679449499775 0.11423472573773728 0
1679449506975 0.045990440259791085 0
1679449513870 0.029947837329948216 0
1679449521028 0.027502310187103123 0
1679449527796 0.009586736995455187 0
1679449534945 0.004881286814472535 0
1679449541880 0.005940456751866602 0
1679449549315 0.009508652712975163 0
1679449556749 0.013258757808701678 0
