1679424572569 5.12217323796358 0
1679424577578 4.845273507060483 0
1679424582558 4.830990155925974 0
1679424587145 4.434187451028265 0
1679424591846 4.55993536603637 0
1679424596991 4.984524558065459 0
1679424601797 4.654132907046005 0
1679424606541 4.591816561995074 0
1679424611601 4.897709307027981 0
1679424616350 4.590125710004941 0
1679424657992 8.259289572946727 0
1679424666360 8.176388867897913 0
1679424674757 8.19718425301835 0
1679424683065 8.129586120019667 0
1679424691522 8.261453891987912 0
1679424699811 8.100267062080093 0
1679424708228 8.242830275907181 0
1679424716589 8.177390229073353 0
1679424724801 8.033066179021262 0
1679424733366 8.380324025987647 0
1679424767142 9.545165514107794 0
1679424776673 9.342857101932168 0
1679424786182 9.322220513015054 0
1679424795808 9.43933820608072 0
1679424805325 9.314224431989715 0
1679424814762 9.253778275102377 0
1679424824517 9.57426487992052 0
1679424834344 9.632955214940012 0
1679424843571 9.009614186943509 0
1679424853017 9.255691707017832 0
1679424884478 8.566333140945062 0
1679424894183 9.515567462076433 0
1679424903802 9.426885499036871 0
1679424913569 9.554773362004198 0
1679424923089 9.317356980987824 0
1679424932974 9.690691571915522 0
1679424942846 9.67435253597796 0
1679424952371 9.34676694800146 0
1679424962252 9.68602845002897 0
1679424972157 9.71037827199325 0
1679425004631 9.737040462088771 0
1679425014447 9.607196110067889 0
1679425024500 9.8534168159822 0
1679425034548 9.851541151991114 0
1679425044288 9.548660615924746 0
1679425054050 9.57356001099106 0
1679425063757 9.510609401972033 0
1679425073757 9.813626262010075 0
1679425083625 9.679574528010562 0
1679425093411 9.598606129991822 0
1679425126036 9.633781544980593 0
1679425135910 9.6713921809569 0
1679425145965 9.851908425916918 0
1679425156119 9.954141212045215 0
1679425166068 9.759689886006527 0
1679425175866 9.596360384020954 0
1679425185795 9.732325528981164 0
1679425195791 9.801573797944002 0
1679425206167 10.159501157933846 0
1679425216026 9.666772883036174 0
1679425249650 10.177419757004827 0
1679425259882 10.037307252991013 0
1679425270083 10.003234380972572 0
1679425280229 9.947281570057385 0
1679425290134 9.694715389981866 0
1679425300287 9.952806827030145 0
1679425310443 9.947574325022288 0
1679425320821 10.186555764987133 0
1679425330895 9.862541755079292 0
1679425341029 9.942289180937223 0
1679425375032 10.007017271011136 0
1679425385411 10.148454042966478 0
1679425394749 9.073093793937005 0
1679425405226 10.250376715091988 0
1679425415402 9.979639393044636 0
1679425425820 10.21563309803605 0
1679425435906 9.869196666986682 0
1679425446553 10.44442355108913 0
1679425456947 10.191279610036872 0
1679425467394 10.242805415997282 0
1679425500878 9.898717824020423 0
1679425511642 10.529296863940544 0
1679425522718 10.872657843050547 0
1679425533470 10.532926957006566 0
1679425543670 9.992226547095925 0
1679425554525 10.652194492984563 0
1679425564887 10.153046373976395 0
1679425575203 10.099332693964243 0
1679425586186 10.779978438047692 0
1679425596676 10.276409217040055 0
1679425631721 10.44835595996119 0
1679425642519 10.597735789022408 0
1679425653325 10.58906708995346 0
1679425663896 10.367853833013214 0
1679425674707 10.600542169995606 0
1679425685133 10.226765676983632 0
1679425695916 10.564448937075213 0
1679425706567 10.443587793968618 0
1679425717150 10.36252720199991 0
1679425727764 10.401039508054964 0
1679425763131 10.75512016704306 0
1679425773921 10.511143987067044 0
1679425784621 10.47830749291461 0
1679425795512 10.688675523968413 0
1679425806406 10.681372142047621 0
1679425817471 10.844464147929102 0
1679425828117 10.44872361596208 0
1679425838936 10.614226915990002 0
1679425849649 10.494351948029362 0
1679425860703 10.850538251921535 0
1679425896905 10.824625512002967 0
1679425908091 10.959086023969576 0
1679425918761 10.45619118702598 0
1679425929388 10.406818348914385 0
1679425939526 9.915756577975117 0
1679425950623 10.891488512977958 0
1679425961567 10.728425392997451 0
1679425972776 11.000691893976182 0
1679425983621 10.621259300038218 0
1679425994588 10.757390102022327 0
1679426030396 10.791203844011761 0
1679426041304 10.69408934097737 0
1679426052163 10.630250982940197 0
1679426063383 11.011222571018152 0
1679426074445 10.846713348058984 0
1679426086049 11.384380939067341 0
1679426097396 11.131861564004794 0
1679426108651 11.035846696002409 0
1679426119911 11.039953302009962 0
1679426131341 11.201552247046493 0
1679426168590 11.286869351984933 0
1679426180363 11.558326152036898 0
1679426191675 11.092866585007869 0
1679426203248 11.338531431974843 0
1679426214593 11.135614685015753 0
1679426226100 11.294795554014854 0
1679426237662 11.346014495007694 0
1679426248694 10.81335367797874 0
1679426260180 11.259579074918292 0
1679426271267 10.864006913034245 0
1679426308872 11.346381554962136 0
1679426320648 11.548216060036793 0
1679426332443 11.577830870053731 0
1679426344446 11.799205304007046 0
1679426355970 11.301433852058835 0
1679426367896 11.687653861008584 0
1679426379615 11.48471890098881 0
1679426391247 11.393222204991616 0
1679426402660 11.181934527005069 0
1679426414536 11.653236750047654 0
1679426454190 12.045754682039842 0
1679426466281 11.861181593034416 0
1679426478433 11.913595218909904 0
1679426490173 11.508510952000506 0
1679426501346 10.881406083935872 0
1679426513979 12.408160182996653 0
1679426525881 11.662274486967362 0
1679426538251 12.128451757947914 0
1679426550618 12.139380563981831 0
1679426562680 11.799801187007688 0
1679426602070 11.863300482043996 0
1679426614509 12.20799739996437 0
1679426626591 11.85536347294692 0
1679426638776 11.944414434023201 0
1679426650630 11.625804875046015 0
1679426662880 12.010396461002529 0
1679426674854 11.731857859995216 0
1679426686677 11.515870033064857 0
1679426699138 12.212504473049194 0
1679426710905 11.526583889033645 0
1679426749734 12.017653488903306 0
1679426762118 12.13994962000288 0
1679426774740 12.37366943305824 0
1679426787172 12.188565848977305 0
1679426799235 11.775068196002394 0
1679426811299 11.830210129031911 0
1679426823699 12.133273917948827 0
1679426836095 12.156622548005544 0
1679426848113 11.784121949924156 0
1679426859856 11.50078023399692 0
1679426899895 12.09331668599043 0
1679426912110 11.989077214035206 0
1679426924592 12.2354132180335 0
1679426936856 12.021731966058724 0
1679426949240 12.146109272027388 0
1679426961648 12.15669358195737 0
1679426973860 11.982472594943829 0
1679426986332 12.229469152982347 0
1679426998834 12.256517466972582 0
1679427011013 11.872425623005256 0
1679427052339 12.757889993023127 0
1679427065464 12.886183627997525 0
1679427077979 12.267353208037093 0
1679427090843 12.621841563959606 0
1679427103521 12.435759164043702 0
1679427116106 12.323814013972878 0
1679427128676 12.342549641965888 0
1679427141289 12.354688529041596 0
1679427154011 12.478922663023695 0
1679427166936 12.670125033007935 0
