1679424572560 0.4542343177729183 0
1679424577572 0.21443571630451413 0
1679424582553 0.18160176806979708 0
1679424587140 0.1590428142911858 0
1679424591841 0.14002841172946823 0
1679424596986 0.12576163055168257 0
1679424601791 0.11225491729047564 0
1679424606534 0.10259292183650864 0
1679424611597 0.09190318286418915 0
1679424616345 0.08295598874489467 0
1679424657987 0.12046741437295387 0
1679424666354 0.11824424359305151 0
1679424674750 0.11807337747565631 0
1679424683057 0.11767738132641234 0
1679424691515 0.11691262876165325 0
1679424699805 0.11714365806045203 0
1679424708224 0.11709142229680357 0
1679424716582 0.11709717964303905 0
1679424724794 0.11737578506099766 0
1679424733360 0.11652337117441769 0
1679424767137 0.09491766827652254 0
1679424776665 0.09115592489041478 0
1679424786177 0.08939141997820642 0
1679424795802 0.08793407799788268 0
1679424805317 0.08762887622936662 0
1679424814755 0.08804620259318006 0
1679424824511 0.08883678401450076 0
1679424834337 0.08616653715361314 0
1679424843562 0.08793317681425307 0
1679424853009 0.08634399505982916 0
1679424884469 0.08228699214318219 0
1679424894176 0.0809479040258071 0
1679424903795 0.0796961213078569 0
1679424913564 0.080649750570164 0
1679424923082 0.08107820037094986 0
1679424932967 0.08070691957631532 0
1679424942840 0.07978789102943505 0
1679424952365 0.08044155016541481 0
1679424962248 0.07990185752072755 0
1679424972150 0.07975825485499466 0
1679425004625 0.07376858107530312 0
1679425014436 0.07289464780360977 0
1679425024492 0.07291944010581584 0
1679425034541 0.07240374468137763 0
1679425044282 0.07230913447420721 0
1679425054043 0.07243378391500153 0
1679425063751 0.07304754258924825 0
1679425073749 0.07150689592165065 0
1679425083618 0.07260854428128011 0
1679425093405 0.07249082108108984 0
1679425126030 0.07059011858819568 0
1679425135902 0.06943599096799301 0
1679425145957 0.06913818919894385 0
1679425156113 0.06908603300903476 0
1679425166061 0.06960580982057388 0
1679425175859 0.06941949944459112 0
1679425185787 0.06922644694562012 0
1679425195785 0.06898809704235044 0
1679425206157 0.06927107617595775 0
1679425216021 0.06929736302397345 0
1679425249640 0.06605685796174739 0
1679425259875 0.06630683572341999 0
1679425270072 0.06568003019524946 0
1679425280218 0.06616201796051528 0
1679425290126 0.06611339882430103 0
1679425300281 0.06602557914124595 0
1679425310436 0.06571106786529222 0
1679425320815 0.06586067846251858 0
1679425330888 0.06588220364517636 0
1679425341022 0.06595498066809442 0
1679425375026 0.06077963225747067 0
1679425385400 0.0612715897786487 0
1679425394742 0.06072310736921967 0
1679425405215 0.06105538359919532 0
1679425415397 0.06073451259992813 0
1679425425811 0.06067095754942933 0
1679425435900 0.06024785932214534 0
1679425446546 0.0606903807651964 0
1679425456941 0.06066204622754308 0
1679425467384 0.06069390884921199 0
1679425500869 0.059710584670544305 0
1679425511633 0.05928072130138224 0
1679425522712 0.05949516154148362 0
1679425533458 0.05930313821583189 0
1679425543662 0.059498964066811426 0
1679425554518 0.05919799772414932 0
1679425564880 0.05937808445271324 0
1679425575189 0.05919031753020491 0
1679425586181 0.05947130041963914 0
1679425596667 0.05922204436345853 0
1679425631711 0.0574935982003808 0
1679425642512 0.057229306009647096 0
1679425653319 0.057395152835861635 0
1679425663889 0.057211719394514436 0
1679425674700 0.05725338457054213 0
1679425685127 0.05737349922327619 0
1679425695905 0.057570058028948934 0
1679425706558 0.05731889632971663 0
1679425717140 0.05712340621179656 0
1679425727753 0.057112082182184644 0
1679425763124 0.05504882401289717 0
1679425773914 0.05512942487634526 0
1679425784613 0.05492209756042364 0
1679425795504 0.055238489862627936 0
1679425806396 0.05509775982194923 0
1679425817460 0.05506701753933195 0
1679425828111 0.0548947642176108 0
1679425838928 0.05497014136512045 0
1679425849643 0.05511484035517576 0
1679425860696 0.055261370672849176 0
1679425896897 0.0536910705268383 0
1679425908079 0.05392190668410456 0
1679425918753 0.05385593843982002 0
1679425929379 0.053920612580658216 0
1679425939518 0.053776657435721555 0
1679425950614 0.053928167771945146 0
1679425961560 0.053780634712598044 0
1679425972766 0.053767732302020046 0
1679425983613 0.05367430763763522 0
1679425994581 0.053872433940166144 0
1679426030381 0.052621608036570254 0
1679426041290 0.0524961378891021 0
1679426052145 0.05256781774573028 0
1679426063371 0.052582170888781546 0
1679426074437 0.05231122531928122 0
1679426086039 0.05246219323948026 0
1679426097387 0.05259124642238021 0
1679426108643 0.05243961456231773 0
1679426119905 0.05256252427585423 0
1679426131332 0.052351216757670044 0
1679426168582 0.05132521355864156 0
1679426180355 0.05133757948545106 0
1679426191663 0.05123718311377053 0
1679426203232 0.05130450277970049 0
1679426214585 0.051292211037551244 0
1679426226093 0.05113744352178033 0
1679426237654 0.05138923538839582 0
1679426248687 0.051211633265312084 0
1679426260173 0.05115325172693271 0
1679426271255 0.0512911297858055 0
1679426308858 0.049899212554892866 0
1679426320634 0.04987406425937576 0
1679426332435 0.049784482628541085 0
1679426344439 0.049995851467897014 0
1679426355962 0.04983700805533569 0
1679426367888 0.049805663001624124 0
1679426379605 0.049760540820730545 0
1679426391234 0.04971743181564854 0
1679426402649 0.04976033337088754 0
1679426414529 0.049826563860389216 0
1679426454181 0.04921789533542513 0
1679426466267 0.04929510867708667 0
1679426478422 0.04916434629127313 0
1679426490162 0.049184597022301775 0
1679426501335 0.04922188795502717 0
1679426513972 0.04928055360595479 0
1679426525865 0.048987058940303835 0
1679426538243 0.0492484438811292 0
1679426550609 0.04912506347583934 0
1679426562661 0.04914445499779206 0
1679426602053 0.04769082996172245 0
1679426614502 0.047529914210869675 0
1679426626583 0.047639236667416464 0
1679426638769 0.047583739024022936 0
1679426650622 0.0475644707469873 0
1679426662869 0.047612100752166736 0
1679426674846 0.047630967589821056 0
1679426686663 0.04752763403588337 0
1679426699128 0.047635459336736394 0
1679426710894 0.04753349193245032 0
1679426749717 0.04663487295275209 0
1679426762103 0.04676816399485149 0
1679426774730 0.04662882202063446 0
1679426787162 0.04672013700905221 0
1679426799227 0.04675495883242951 0
1679426811287 0.04657289819550459 0
1679426823691 0.04671265557408333 0
1679426836085 0.04676248692838406 0
1679426848104 0.04675830639381376 0
1679426859836 0.04658507782517484 0
1679426899885 0.045859846426811936 0
1679426912102 0.045846298745233716 0
1679426924576 0.04580231837622107 0
1679426936846 0.045825339573091026 0
1679426949231 0.04574200851187858 0
1679426961634 0.04561158931350599 0
1679426973852 0.04567463066616015 0
1679426986324 0.04572478716248927 0
1679426998825 0.0457546786494451 0
1679427011001 0.04569958557787279 0
1679427052329 0.04438095870760402 0
1679427065455 0.04433009700317468 0
1679427077969 0.04432636202130068 0
1679427090827 0.04429723235911557 0
1679427103499 0.04424545449936496 0
1679427116095 0.044376368584510474 0
1679427128668 0.04429670619512243 0
1679427141268 0.04435481909396393 0
1679427154002 0.04427385326042505 0
1679427166922 0.04430103685340977 0
