1680092353666 0.9786669423766198 0
1680092472195 0.9957092638544252 0
1680092590761 0.9975875379101186 0
1680092708925 0.9991039426523297 0
1680092827646 0.9990867107802591 0
1680092945088 0.9992417976288944 0
1680093062394 0.9995002757099531 0
1680093179715 0.9995175075820237 0
1680093296962 0.9991901020126827 0
1680093414821 0.9995002757099531 0
1680093452162 0.9240837696335078 0
1680093469759 0.9960732984293194 0
1680093487548 1.0 0
1680093505268 0.99967277486911 0
1680093523039 0.9998363874345549 0
1680093540880 1.0 0
1680093558516 1.0 0
1680093576074 1.0 0
1680093593834 1.0 0
1680093611599 1.0 0
1680093647281 0.8975785340314136 0
1680093665220 0.9960732984293194 0
1680093683226 0.9986910994764397 0
1680093701520 0.9995091623036649 0
1680093719412 0.99967277486911 0
1680093737610 0.99967277486911 0
1680093755764 0.99967277486911 0
1680093774131 1.0 0
1680093792625 1.0 0
1680093810851 0.9998363874345549 0
1680093847226 0.875 0
1680093865606 0.9967277486910995 0
1680093884493 0.9991819371727748 0
1680093903483 0.9998363874345549 0
1680093921916 0.9998363874345549 0
1680093940574 0.99967277486911 0
1680093958949 0.9998363874345549 0
1680093977635 0.99967277486911 0
1680093996169 0.9998363874345549 0
1680094014723 1.0 0
1680094051923 0.8041557591623036 0
1680094070822 0.9869109947643979 0
1680094089911 0.9960732984293194 0
1680094108390 0.9986910994764397 0
1680094127095 0.9993455497382199 0
1680094146213 0.9995091623036649 0
1680094165560 0.99967277486911 0
1680094184393 0.9991819371727748 0
1680094203413 0.9995091623036649 0
1680094222088 1.0 0
1680094259511 0.799901832460733 0
1680094278974 0.9847840314136126 0
1680094298055 0.9959096858638743 0
1680094317131 0.9985274869109948 0
1680094336302 0.9990183246073299 0
1680094355520 0.9991819371727748 0
1680094374822 0.9995091623036649 0
1680094393943 0.9995091623036649 0
1680094413332 0.99967277486911 0
1680094432450 0.9998363874345549 0
1680094470630 0.7607984293193717 0
1680094489772 0.9826570680628273 0
1680094508582 0.9985274869109948 0
1680094527807 0.9988547120418848 0
1680094547090 0.9991819371727748 0
1680094566395 0.9995091623036649 0
1680094585750 0.9998363874345549 0
1680094605102 0.9995091623036649 0
1680094624005 0.99967277486911 0
1680094643546 0.9998363874345549 0
1680094682447 0.7758507853403142 0
1680094702069 0.9800392670157068 0
1680094721636 0.9947643979057592 0
1680094741097 0.9983638743455497 0
1680094760251 0.9990183246073299 0
1680094779599 0.9985274869109948 0
1680094799087 0.9995091623036649 0
1680094818416 0.9998363874345549 0
1680094837640 0.99967277486911 0
1680094857074 0.9998363874345549 0
1680094896759 0.756871727748691 0
1680094916246 0.9785667539267016 0
1680094935877 0.9947643979057592 0
1680094955414 0.9982002617801047 0
1680094974843 0.9993455497382199 0
1680094994409 0.9991819371727748 0
1680095014248 1.0 0
1680095033584 1.0 0
1680095053057 0.9998363874345549 0
1680095073079 0.9998363874345549 0
1680095113747 0.7931937172774869 0
1680095133487 0.9857657068062827 0
1680095153265 0.9970549738219895 0
1680095173136 0.9990183246073299 0
1680095192965 0.9995091623036649 0
1680095212938 0.9998363874345549 0
1680095232739 0.9993455497382199 0
1680095252682 1.0 0
1680095272261 0.99967277486911 0
1680095291885 0.9995091623036649 0
1680095332979 0.762270942408377 0
1680095353114 0.9702225130890052 0
1680095373124 0.994273560209424 0
1680095393160 0.9982002617801047 0
1680095413244 0.9990183246073299 0
1680095433275 0.99967277486911 0
1680095453764 0.9991819371727748 0
1680095474216 0.9995091623036649 0
1680095494313 0.99967277486911 0
1680095514955 0.9995091623036649 0
1680095554687 0.8138089005235603 0
1680095573416 0.9895287958115183 0
1680095592016 0.9980366492146597 0
1680095610946 0.9990183246073299 0
1680095629702 0.9957460732984293 0
1680095648875 0.9995091623036649 0
1680095668212 1.0 0
1680095687222 1.0 0
1680095706208 1.0 0
1680095725023 1.0 0
1680095766198 0.731348167539267 0
1680095785184 0.9602421465968587 0
1680095804430 0.9923102094240838 0
1680095823165 0.9970549738219895 0
1680095842751 0.9986910994764397 0
1680095862106 0.9985274869109948 0
1680095880949 1.0 0
1680095900346 0.9998363874345549 0
1680095919634 0.99967277486911 0
1680095938778 0.9998363874345549 0
1680095980937 0.7840314136125655 0
1680096000426 0.9820026178010471 0
1680096020013 0.9960732984293194 0
1680096039779 0.9988547120418848 0
1680096059103 0.9982002617801047 0
1680096078809 0.9985274869109948 0
1680096098333 0.9998363874345549 0
1680096117957 1.0 0
1680096137764 1.0 0
1680096157371 1.0 0
1680096200400 0.7522905759162304 0
1680096220040 0.9644960732984293 0
1680096239887 0.9929646596858639 0
1680096259700 0.9970549738219895 0
1680096279625 0.9965641361256544 0
1680096299638 0.9985274869109948 0
1680096319350 0.9986910994764397 0
1680096339361 0.9985274869109948 0
1680096359168 0.9995091623036649 0
1680096378645 0.9998363874345549 0
1680096422854 0.7851767015706806 0
1680096442901 0.9798756544502618 0
1680096463019 0.993128272251309 0
1680096483626 0.9993455497382199 0
1680096503433 0.9998363874345549 0
1680096523549 0.9995091623036649 0
1680096543787 0.99967277486911 0
1680096564159 0.9995091623036649 0
1680096584350 0.9998363874345549 0
1680096604741 1.0 0
1680096649530 0.7392015706806283 0
1680096669835 0.9602421465968587 0
1680096690469 0.9924738219895288 0
1680096710724 0.9970549738219895 0
1680096731245 0.9985274869109948 0
1680096751614 0.9982002617801047 0
1680096771602 0.9990183246073299 0
1680096792122 0.9995091623036649 0
1680096812274 0.9995091623036649 0
1680096832703 0.9993455497382199 0
1680096878523 0.805628272251309 0
1680096899414 0.9829842931937173 0
1680096920565 0.9918193717277487 0
1680096941601 0.9972185863874345 0
1680096962605 0.9978730366492147 0
1680096983865 0.9995091623036649 0
1680097003931 0.9990183246073299 0
1680097024524 0.99967277486911 0
1680097045774 0.9993455497382199 0
1680097066548 1.0 0
1680097113118 0.7403468586387435 0
1680097133996 0.9656413612565445 0
1680097155077 0.9908376963350786 0
1680097176189 0.9960732984293194 0
1680097196914 0.9982002617801047 0
1680097217851 0.9998363874345549 0
1680097238803 0.9978730366492147 0
1680097259882 0.9991819371727748 0
1680097281156 0.9995091623036649 0
1680097301964 0.9995091623036649 0
1680097349644 0.6920811518324608 0
1680097371270 0.9433900523560209 0
1680097392584 0.987565445026178 0
1680097414123 0.9965641361256544 0
1680097435175 0.9983638743455497 0
1680097456588 0.9986910994764397 0
1680097477657 0.9990183246073299 0
1680097499009 0.99967277486911 0
1680097520180 0.9995091623036649 0
1680097541487 0.9998363874345549 0
