1678678925656 0.47590924990983263 0
1678678932735 0.13294832853238975 0
1678678939543 0.21379426806856502 0
1678678946807 0.05332273457447839 0
1678678953755 0.038755766431535214 0
1678678960497 0.018448970410655113 0
1678678966257 0.11092603705174361 0
1678678972720 0.025866738625382538 0
1678678979241 0.010860329957626718 0
1678678985832 0.027308175584969136 0
1678679057443 0.2706900539299955 0
1678679074978 0.011460182602616957 0
1678679092213 0.006423771898300972 0
1678679109292 0.003757118815633707 0
1678679126598 0.002476938666002305 0
1678679143963 0.002171938368249966 0
1678679161193 0.001248200146905415 0
1678679178585 0.0012642287723629612 0
1678679195659 0.001116502867123348 0
1678679212943 0.000953386841862581 0
1678679282824 0.39062863252333313 0
1678679300589 0.026295888261491047 0
1678679318241 0.01422759215972084 0
1678679335832 0.008277038318477514 0
1678679353728 0.004804363166537185 0
1678679371366 0.0029369760566381573 0
1678679388547 0.0029541718723431042 0
1678679406244 0.0039448555952499185 0
1678679423600 0.0024727232027810376 0
1678679441555 0.002806630379509157 0
1678679516420 0.814520672340471 0
1678679534297 0.0777452366327223 0
1678679552228 0.02779081323957447 0
1678679570121 0.014227136399587165 0
1678679588596 0.007653974533090245 0
1678679606344 0.00615209892146333 0
1678679624351 0.005064572825029348 0
1678679641870 0.0034653538371506084 0
1678679660007 0.004057944898306634 0
1678679678244 0.004289424309463648 0
1678679750657 1.2856050202536282 0
1678679768413 0.1883139080502095 0
1678679786435 0.06031796842758353 0
1678679804546 0.031279784577576755 0
1678679823022 0.013564326843195699 0
1678679841025 0.010950351913490902 0
1678679859103 0.008570551921217494 0
1678679877510 0.005274320306010013 0
1678679895782 0.00480985258367904 0
1678679914057 0.004428760819579353 0
1678679985529 1.5901893798010311 0
1678680003970 0.26873758315782725 0
1678680023063 0.08969401143263822 0
1678680042132 0.03426737729098155 0
1678680060652 0.016779636590294435 0
1678680079142 0.011769967003760793 0
1678680097602 0.007431742820212163 0
1678680116302 0.006048101386744006 0
1678680134939 0.004062152358396321 0
1678680153154 0.004810622920843046 0
1678680224631 2.017290307311706 0
1678680243176 0.4297679931136733 0
1678680262003 0.13143236920894608 0
1678680281040 0.0523673028668209 0
1678680299844 0.025389973666935912 0
1678680318361 0.016027936842286802 0
1678680337199 0.009739855746329382 0
1678680355438 0.007136275846197525 0
1678680374102 0.005005749342750587 0
1678680392820 0.004282250083871519 0
1678680464351 2.0242804784007253 0
1678680483041 0.382626039991767 0
1678680501620 0.10909823201667958 0
1678680520506 0.05271329982720276 0
1678680539531 0.019546360321368215 0
1678680558313 0.01246399887284075 0
1678680577263 0.008067990960211545 0
1678680596029 0.00708699258830659 0
1678680615341 0.0066364731805038935 0
1678680634529 0.005454308665384812 0
1678680705700 2.046543347368702 0
1678680724411 0.3872734257607338 0
1678680743585 0.10965665129555842 0
1678680762987 0.04584347874137527 0
1678680781825 0.025923103199208587 0
1678680800870 0.01624591934925156 0
1678680819999 0.010277562448482087 0
1678680838900 0.0077142352686297225 0
1678680857908 0.0064561297658129015 0
1678680876915 0.004736904816048962 0
1678680948560 2.0932088401484483 0
1678680968064 0.36135907760197244 0
1678680987532 0.09912877369498603 0
1678681007024 0.03459173592793659 0
1678681026646 0.021878977900361193 0
1678681046424 0.01424519802813283 0
1678681066062 0.010477140218747773 0
1678681085646 0.008403195109593989 0
1678681105331 0.006307497364131437 0
1678681124927 0.005015922908453231 0
1678681197372 2.123455184166938 0
1678681217083 0.360565044273023 0
1678681236822 0.11022600518942173 0
1678681256605 0.04680353125561324 0
1678681276509 0.020552303537214073 0
1678681295897 0.012038438279679113 0
1678681315343 0.011155113918150222 0
1678681334940 0.007305679201271076 0
1678681354551 0.005440643027216895 0
1678681374069 0.004630820854413925 0
1678681447446 2.1456192495313426 0
1678681467426 0.41127878924210864 0
1678681487588 0.12124202093508668 0
1678681507776 0.04464445891897784 0
1678681527455 0.0220691812860214 0
1678681547119 0.016620074636025762 0
1678681566787 0.010709966165009304 0
1678681586789 0.008283070774793146 0
1678681606812 0.00615593867397698 0
1678681626561 0.006190371769990151 0
1678681700457 2.239248242673777 0
1678681720515 0.449304056099139 0
1678681740497 0.13185259081811548 0
1678681760875 0.058925201915919025 0
1678681781085 0.024557577446677456 0
1678681801272 0.01768548477060847 0
1678681821231 0.010722393223988836 0
1678681841779 0.009005227190796475 0
1678681861932 0.007298559413931637 0
1678681882261 0.006746058184291675 0
1678681958315 2.268472080682113 0
1678681978689 0.4631794457942146 0
1678681999039 0.1436802790055957 0
1678682019337 0.052583374537934206 0
1678682039605 0.02232550439372259 0
1678682060036 0.015135804576626392 0
1678682080482 0.01162059076769077 0
1678682101045 0.010105037309902523 0
1678682121419 0.008744711645643652 0
1678682141748 0.0074853833350248125 0
1678682216043 2.3376501571275625 0
1678682236603 0.55715973059998 0
1678682257115 0.16979822464519323 0
1678682277426 0.06140025897394387 0
1678682297762 0.027324670681633995 0
1678682318180 0.02209708230834738 0
1678682338543 0.024357626183033724 0
1678682358669 0.010084708577646284 0
1678682379178 0.008786783658480372 0
1678682399777 0.005187633959389821 0
1678682474556 2.3212709983042865 0
1678682495531 0.5665832402306944 0
1678682516560 0.17931810678466764 0
1678682537444 0.059778457424209105 0
1678682559437 0.04327793676673796 0
1678682581018 0.021571142403130322 0
1678682602310 0.011218734955138863 0
1678682623767 0.009398462158356997 0
1678682645360 0.009573257996060581 0
1678682666538 0.006603619813772031 0
1678682743162 2.4053288305978366 0
1678682764744 0.6576268937791383 0
1678682785928 0.2399427956208527 0
1678682807422 0.088567231391504 0
1678682828563 0.04497211452917004 0
1678682850068 0.022298499846482328 0
1678682871413 0.014326143172413635 0
1678682892585 0.0115032286138822 0
1678682913932 0.009362231777774729 0
1678682935496 0.007548286872615821 0
1678683012883 2.459396661044711 0
1678683034853 0.6375842563741339 0
1678683056624 0.20859019283229394 0
1678683078502 0.07335341300653375 0
1678683100040 0.032715571017874416 0
1678683121572 0.02914272638619626 0
1678683143649 0.021558777424137816 0
1678683165590 0.01221187680275066 0
1678683187571 0.009453630792806996 0
1678683209307 0.008717249925562786 0
1678683286511 2.4974509743750186 0
1678683308277 0.7170408711990677 0
1678683330462 0.27197544249604594 0
1678683352468 0.0985456432870351 0
1678683374606 0.04435309425290448 0
1678683396407 0.03035968112938205 0
1678683418498 0.0164516987327878 0
1678683440382 0.01422718789909785 0
1678683462277 0.00972141211635898 0
1678683484046 0.007686697149943908 0
1678683563517 2.389382747048182 0
1678683585796 0.7277204940854272 0
1678683608008 0.2567521030065494 0
1678683630328 0.09972221338837153 0
1678683652605 0.04418234554450526 0
1678683674563 0.032737197773143385 0
1678683696719 0.020760042937498308 0
1678683719185 0.012248573315881521 0
1678683740805 0.012482155205160977 0
1678683763074 0.009357787384397447 0
