1678678925643 0.837343892780993 0
1678678932725 0.9564422784038988 0
1678678939530 0.9226317392628693 0
1678678946793 0.9817240328967408 0
1678678953743 0.9872068230277186 0
1678678960487 0.9942126104173012 0
1678678966247 0.9674078586658544 0
1678678972710 0.9923850137069753 0
1678678979233 0.9969540054827901 0
1678678985820 0.9914712153518124 0
1678679057429 0.9468085106382979 0
1678679074967 0.9984582176996608 0
1678679092202 0.9990749306197965 0
1678679109282 0.9996916435399321 0
1678679126586 0.9998458217699661 0
1678679143952 0.9998458217699661 0
1678679161179 1.0 0
1678679178572 1.0 0
1678679195646 1.0 0
1678679212931 1.0 0
1678679282813 0.9259944495837188 0
1678679300577 0.9959913660191181 0
1678679318223 0.9975331483194573 0
1678679335820 0.9986123959296948 0
1678679353717 0.9995374653098983 0
1678679371354 0.9998458217699661 0
1678679388534 0.9995374653098983 0
1678679406232 0.9993832870798643 0
1678679423589 0.9998458217699661 0
1678679441545 0.9995374653098983 0
1678679516408 0.8342584027135368 0
1678679534284 0.9813444341658958 0
1678679552216 0.9946037619488128 0
1678679570110 0.9981498612395929 0
1678679588584 0.9993832870798643 0
1678679606332 0.9990749306197965 0
1678679624334 1.0 0
1678679641858 0.9996916435399321 0
1678679659997 0.9995374653098983 0
1678679678233 0.9992291088498304 0
1678679750645 0.7210915818686402 0
1678679768402 0.9471168670983657 0
1678679786425 0.9861239592969473 0
1678679804534 0.9932161578785076 0
1678679823009 0.9979956830095591 0
1678679841014 0.9986123959296948 0
1678679859090 0.9993832870798643 0
1678679877498 0.9998458217699661 0
1678679895770 0.9993832870798643 0
1678679914050 0.9996916435399321 0
1678679985519 0.6455442491520197 0
1678680003958 0.9256860931236509 0
1678680023051 0.9796484736355227 0
1678680042122 0.996299722479186 0
1678680060639 0.9979956830095591 0
1678680079131 0.9990749306197965 0
1678680097590 0.9995374653098983 0
1678680116291 1.0 0
1678680134927 1.0 0
1678680153143 0.9998458217699661 0
1678680224620 0.5499537465309898 0
1678680243164 0.8829787234042553 0
1678680261991 0.9691643539932162 0
1678680281029 0.9921369102682701 0
1678680299833 0.9970706136293556 0
1678680318347 0.9976873265494912 0
1678680337190 0.9996916435399321 0
1678680355426 0.9998458217699661 0
1678680374091 0.9998458217699661 0
1678680392809 0.9998458217699661 0
1678680464336 0.5528831329016343 0
1678680483027 0.8954671600370028 0
1678680501607 0.9774899784150478 0
1678680520491 0.9925994449583718 0
1678680539519 0.9986123959296948 0
1678680558300 0.9989207523897625 0
1678680577254 1.0 0
1678680596016 0.9998458217699661 0
1678680615326 0.9993832870798643 0
1678680634518 0.9998458217699661 0
1678680705688 0.5835646006783842 0
1678680724398 0.8962380511871724 0
1678680743571 0.9774899784150478 0
1678680762973 0.9939870490286772 0
1678680781813 0.9970706136293556 0
1678680800857 0.9989207523897625 0
1678680819988 1.0 0
1678680838884 0.9998458217699661 0
1678680857896 1.0 0
1678680876903 1.0 0
1678680948548 0.5824853530681467 0
1678680968053 0.9042553191489362 0
1678680987518 0.9824236817761333 0
1678681007009 0.9970706136293556 0
1678681026635 0.9989207523897625 0
1678681046409 0.9990749306197965 0
1678681066050 0.9996916435399321 0
1678681085634 0.9998458217699661 0
1678681105317 0.9996916435399321 0
1678681124914 1.0 0
1678681197361 0.5746222633364169 0
1678681217071 0.9041011409189023 0
1678681236808 0.9788775824853531 0
1678681256596 0.9933703361085414 0
1678681276495 0.9987665741597287 0
1678681295886 0.9993832870798643 0
1678681315332 0.9993832870798643 0
1678681334928 0.9998458217699661 0
1678681354542 1.0 0
1678681374055 1.0 0
1678681447431 0.561054579093432 0
1678681467416 0.8848288621646624 0
1678681487566 0.9737897008942338 0
1678681507763 0.9955288313290164 0
1678681527444 0.9984582176996608 0
1678681547107 0.9984582176996608 0
1678681566773 0.9995374653098983 0
1678681586777 0.9995374653098983 0
1678681606800 0.9998458217699661 0
1678681626550 0.9996916435399321 0
1678681700446 0.5320690718470552 0
1678681720503 0.876040703052729 0
1678681740485 0.9736355226641998 0
1678681760858 0.9905951279679309 0
1678681781074 0.9983040394696269 0
1678681801259 0.9984582176996608 0
1678681821221 0.9996916435399321 0
1678681841767 0.9993832870798643 0
1678681861921 0.9998458217699661 0
1678681882249 0.9996916435399321 0
1678681958303 0.5271353684859698 0
1678681978674 0.8715695343817453 0
1678681999015 0.9691643539932162 0
1678682019321 0.9947579401788468 0
1678682039593 0.9995374653098983 0
1678682060020 0.9992291088498304 0
1678682080464 0.9995374653098983 0
1678682101034 0.9995374653098983 0
1678682121409 0.9996916435399321 0
1678682141737 0.9992291088498304 0
1678682216029 0.4895158803576935 0
1678682236592 0.8390379278445883 0
1678682257102 0.9620721554116559 0
1678682277413 0.9909034844279988 0
1678682297750 0.9978415047795252 0
1678682318168 0.9970706136293556 0
1678682338532 0.9970706136293556 0
1678682358659 0.9993832870798643 0
1678682379161 0.9995374653098983 0
1678682399763 0.9998458217699661 0
1678682474544 0.5055504162812211 0
1678682495519 0.8347209374036386 0
1678682516548 0.9574468085106383 0
1678682537430 0.9925994449583718 0
1678682559424 0.9936786925686093 0
1678682581006 0.9979956830095591 0
1678682602295 0.9998458217699661 0
1678682623756 0.9996916435399321 0
1678682645347 0.9995374653098983 0
1678682666527 0.9998458217699661 0
1678682743144 0.4774899784150478 0
1678682764731 0.8061979648473635 0
1678682785914 0.9404872032069072 0
1678682807410 0.9853530681467777 0
1678682828552 0.9936786925686093 0
1678682850055 0.9979956830095591 0
1678682871402 0.9989207523897625 0
1678682892573 0.9990749306197965 0
1678682913919 0.9992291088498304 0
1678682935483 0.9998458217699661 0
1678683012871 0.45636756090040087 0
1678683034835 0.8157570151094665 0
1678683056605 0.9535923527597903 0
1678683078488 0.990440949737897 0
1678683100023 0.9973789700894233 0
1678683121560 0.9964539007092199 0
1678683143637 0.9978415047795252 0
1678683165575 0.9990749306197965 0
1678683187549 0.9996916435399321 0
1678683209291 0.9993832870798643 0
1678683286499 0.4543632439099599 0
1678683308264 0.7907801418439716 0
1678683330451 0.9290780141843972 0
1678683352455 0.9804193647856922 0
1678683374594 0.9944495837187789 0
1678683396392 0.9958371877890841 0
1678683418482 0.9989207523897625 0
1678683440370 0.9990749306197965 0
1678683462259 0.9993832870798643 0
1678683484034 0.9995374653098983 0
1678683563506 0.4679309281529448 0
1678683585784 0.7850755473327167 0
1678683607997 0.9340117175454826 0
1678683630317 0.9794942954054887 0
1678683652593 0.9932161578785076 0
1678683674545 0.9953746530989824 0
1678683696707 0.9973789700894233 0
1678683719171 0.9992291088498304 0
1678683740791 0.9987665741597287 0
1678683763062 0.9992291088498304 0
