1671616623916 2.6184949440066703 0
1671616626715 2.6218356280005537 0
1671616629575 2.68355160500505 0
1671616632413 2.694067297008587 0
1671616634929 2.3447516309970524 0
1671616771821 4.6406075740087545 0
1671616776732 4.738246332999552 0
1671616781588 4.681212864990812 0
1671616786552 4.767097678995924 0
1671616791627 4.895453017990803 0
1671616934964 6.7810327030019835 0
1671616941852 6.698477747995639 0
1671616948775 6.718844390998129 0
1671616955658 6.705911779994494 0
1671616962505 6.668187817005673 0
1671617104136 8.702919981005834 0
1671617113221 8.891641982991132 0
1671617122164 8.727435218999744 0
1671617131133 8.769076443000813 0
1671617140149 8.809593967002002 0
1671617283900 10.810246325010667 0
1671617294926 10.81645653799933 0
1671617305712 10.579243211992434 0
1671617316736 10.846568773995386 0
1671617327760 10.818832499004202 0
1671617479472 10.913301841996145 0
1671617492393 12.710263494998799 0
1671617504197 11.586994299999787 0
1671617517059 12.65094757800398 0
1671617529830 12.560561969992705 0
1671617687090 14.909477018998587 0
1671617702240 14.945018711994635 0
1671617716404 13.951371607006877 0
1671617731180 14.559505504992558 0
1671617746084 14.682347406007466 0
1671617895649 16.834492594003677 0
1671617912611 16.757432482991135 0
1671617929359 16.543688688005204 0
1671617944939 15.366800493007759 0
1671617961914 16.76510818200768 0
1671618122590 18.633489878004184 0
1671618141239 18.418546804998186 0
1671618160136 18.67919287699624 0
1671618179206 18.84994727499725 0
1671618198317 18.887753267990774 0
1671618362708 20.61853825900471 0
1671618383500 20.576094295000075 0
1671618404411 20.69533103700087 0
1671618425088 20.45408440499159 0
1671618446077 20.78026304600644 0
1671618610508 20.67661042699183 0
1671618633354 22.64588862900564 0
1671618656229 22.657597888013697 0
1671618678952 22.51301797600172 0
1671618702025 22.854312416005996 0
1671618871328 24.646734642999945 0
1671618896004 24.465706529997988 0
1671618920786 24.55575416100328 0
1671618945582 24.587047096996685 0
1671618970370 24.561845992997405 0
1671619123718 26.447534335995442 0
1671619150135 26.1950961540133 0
1671619177259 26.906483454993577 0
1671619203963 26.482557340990752 0
1671619231081 26.897140546992887 0
1671619403184 28.89683587801119 0
1671619431860 28.43899747800606 0
1671619461127 29.05978514198796 0
1671619490120 28.764348306998727 0
1671619517476 27.138563728993176 0
1671619678329 30.881144554994535 0
1671619708933 30.377736944996286 0
1671619739331 30.176256919003208 0
1671619770360 30.794155825002235 0
1671619801333 30.742660863004858 0
1671619976426 32.99216723200516 0
1671620009416 32.7460337250086 0
1671620040809 31.178917544995784 0
1671620073111 32.0601927129901 0
1671620101903 28.567879146008636 0
1671620283343 35.01061242600554 0
1671620316149 32.58274840100785 0
1671620351132 34.75242712399631 0
1671620386385 35.011088095998275 0
1671620420364 33.751746997993905 0
1671620595300 37.16857937000168 0
1671620632353 36.815525962010724 0
1671620669214 36.61708381900098 0
1671620706427 36.97321181399457 0
1671620742243 35.58402373299759 0
1671620928687 38.43270181000116 0
1671620967254 38.31743836498936 0
1671621006528 39.022414831997594 0
1671621040794 34.0225928209984 0
1671621079737 38.69873887299036 0
1671621266457 40.03438094999001 0
1671621306949 40.24351130500145 0
1671621344218 37.004889542993624 0
1671621385592 41.12748456800182 0
1671621427078 41.25101046000782 0
