1671616623909 0.8707107843137255 0
1671616626695 0.9574142156862745 0
1671616629555 0.9794730392156863 0
1671616632406 0.9883578431372549 0
1671616634909 0.9828431372549019 0
1671616771801 0.8960280373831776 0
1671616776724 0.975321261682243 0
1671616781568 0.9817464953271028 0
1671616786532 0.9905081775700935 0
1671616791606 0.9889018691588785 0
1671616934944 0.94375 0
1671616941832 0.9825 0
1671616948755 0.9842307692307692 0
1671616955650 0.9911538461538462 0
1671616962485 0.9925 0
1671617104116 0.9456521739130435 0
1671617113201 0.9815503432494279 0
1671617122143 0.9900600686498856 0
1671617131112 0.9892019450800915 0
1671617140129 0.9953518306636155 0
1671617283879 0.9683508211678832 0
1671617294905 0.988594890510949 0
1671617305691 0.9922445255474452 0
1671617316727 0.9922445255474452 0
1671617327739 0.9954949817518248 0
1671617479451 0.9662878787878788 0
1671617492372 0.9903882575757575 0
1671617504176 0.9926136363636363 0
1671617517038 0.9959280303030303 0
1671617529809 0.9944602272727273 0
1671617687069 0.9712597150259067 0
1671617702219 0.9923089378238342 0
1671617716383 0.9938471502590673 0
1671617731158 0.9960735103626943 0
1671617746063 0.9955068005181347 0
1671617895628 0.9711211778029445 0
1671617912590 0.9923909966024915 0
1671617929337 0.993452718006795 0
1671617944918 0.9960362400906002 0
1671617961893 0.9971687429218573 0
1671618122568 0.9767587939698492 0
1671618141217 0.992964824120603 0
1671618160114 0.9939070351758794 0
1671618179184 0.9953831658291458 0
1671618198295 0.9965138190954774 0
1671618362686 0.9832448010849909 0
1671618383478 0.99437726039783 0
1671618404388 0.9959030289330922 0
1671618425065 0.9961573236889693 0
1671618446055 0.997004972875226 0
1671618610497 0.9835796387520526 0
1671618633332 0.9956383415435139 0
1671618656207 0.9971520935960592 0
1671618678929 0.9954587438423645 0
1671618702002 0.9973573481116584 0
1671618871306 0.9811325187969925 0
1671618895988 0.9945488721804512 0
1671618920764 0.9960291353383459 0
1671618945559 0.9974154135338346 0
1671618970347 0.9972744360902256 0
1671619123695 0.9845810201249132 0
1671619150112 0.9954024982650936 0
1671619177236 0.9967253643303262 0
1671619203939 0.9968554823039556 0
1671619231058 0.9972675225537821 0
1671619403161 0.9877454925949775 0
1671619431836 0.9957743077913715 0
1671619461103 0.996679813264649 0
1671619490096 0.9971828718609144 0
1671619517453 0.9973639729555699 0
1671619678305 0.9887883112980769 0
1671619708910 0.9968449519230769 0
1671619739307 0.9974083533653846 0
1671619770336 0.9979905348557693 0
1671619801304 0.9971078725961539 0
1671619976403 0.9901639921171171 0
1671620009392 0.9964632601351351 0
1671620040796 0.9971318975225225 0
1671620073087 0.9971846846846847 0
1671620101879 0.9980116835585585 0
1671620283318 0.9899198887711864 0
1671620316124 0.996921345338983 0
1671620351118 0.997798596398305 0
1671620386361 0.9975668697033898 0
1671620420340 0.9976165254237288 0
1671620595275 0.9911049274637319 0
1671620632328 0.9976863431715858 0
1671620669200 0.9978739369684843 0
1671620706413 0.9978270385192596 0
1671620742219 0.9978270385192596 0
1671620928662 0.9928647560397915 0
1671620967229 0.9973945997157745 0
1671621006503 0.9981791804831833 0
1671621040779 0.9979719327333018 0
1671621079712 0.9980311463761251 0
1671621266431 0.9912241224122412 0
1671621306933 0.9971590909090909 0
1671621344193 0.9978482223222322 0
1671621385566 0.9979044779477948 0
1671621427063 0.9985232898289829 0
