1671616623913 0.3625328569289516 0
1671616626711 0.12461366302415948 0
1671616629571 0.07079758780424063 0
1671616632410 0.038913053666999306 0
1671616634925 0.050937481270475295 0
1671616771818 0.37913983243421834 0
1671616776728 0.07610528967691428 0
1671616781584 0.05708913975661821 0
1671616786548 0.031174383361613874 0
1671616791623 0.037389444207139404 0
1671616934960 0.19773115689543863 0
1671616941848 0.05505417343497706 0
1671616948771 0.050571002534125 0
1671616955654 0.03122939405850887 0
1671616962501 0.025893070094753057 0
1671617104132 0.1674004711657741 0
1671617113217 0.05784957885290112 0
1671617122160 0.029468006101715696 0
1671617131129 0.037419142835933096 0
1671617140145 0.0165210038246501 0
1671617283896 0.11756039979517328 0
1671617294922 0.037630210561221816 0
1671617305708 0.0246313395122887 0
1671617316731 0.027347979333088697 0
1671617327755 0.01488455672065987 0
1671617479468 0.14355363326533485 0
1671617492388 0.032188171842658035 0
1671617504193 0.023061879529615744 0
1671617517054 0.013756454863640542 0
1671617529826 0.019923625353517722 0
1671617687086 0.11933251778492457 0
1671617702236 0.025030743117518333 0
1671617716400 0.01961293094937792 0
1671617731175 0.012282925324953968 0
1671617746079 0.01560972926051759 0
1671617895645 0.11694288970981008 0
1671617912606 0.02378750184080062 0
1671617929354 0.02409305666337977 0
1671617944935 0.01483736532289789 0
1671617961910 0.008910823295984109 0
1671618122585 0.10851636209480416 0
1671618141234 0.02305541888751609 0
1671618160131 0.019248813313239205 0
1671618179201 0.016488665892161157 0
1671618198312 0.01458933929038196 0
1671618362703 0.0854915665809254 0
1671618383495 0.01857592930193169 0
1671618404405 0.01375713237541094 0
1671618425082 0.012281910739941407 0
1671618446071 0.011208030446058437 0
1671618610503 0.07745359905325826 0
1671618633349 0.014178167835595749 0
1671618656224 0.010990675248578557 0
1671618678946 0.01589930458256169 0
1671618702019 0.009169973049538399 0
1671618871323 0.08133613859552676 0
1671618895998 0.017866673028901343 0
1671618920781 0.012850057399702934 0
1671618945576 0.008298202081643785 0
1671618970365 0.009213457364618316 0
1671619123712 0.06889085997345364 0
1671619150129 0.015667311299826504 0
1671619177253 0.011047165316005898 0
1671619203957 0.010587471706037984 0
1671619231075 0.008951580133926442 0
1671619403178 0.0617368280959855 0
1671619431854 0.014719818135970477 0
1671619461121 0.010722439096750443 0
1671619490114 0.008922175808546779 0
1671619517470 0.008377172968642804 0
1671619678323 0.05546031480381959 0
1671619708927 0.011436240531952425 0
1671619739325 0.008534551224126795 0
1671619770353 0.007310268753747218 0
1671619801322 0.00925922517711469 0
1671619976420 0.05225452053250613 0
1671620009409 0.011700264321919437 0
1671620040802 0.009132100831052148 0
1671620073105 0.009773235372230446 0
1671620101896 0.006922145075853574 0
1671620283336 0.049175938218430644 0
1671620316142 0.010229810771105382 0
1671620351125 0.007877243069775929 0
1671620386378 0.009236556356994222 0
1671620420357 0.007022198467213474 0
1671620595293 0.044032396296633684 0
1671620632346 0.007886508817812282 0
1671620669207 0.00748007025121395 0
1671620706420 0.007014266620176394 0
1671620742236 0.0065648430968129655 0
1671620928680 0.03896639809715708 0
1671620967247 0.008491143413859877 0
1671621006521 0.006346080542538364 0
1671621040787 0.007525246817690794 0
1671621079729 0.006491655733854062 0
1671621266450 0.047422736848453356 0
1671621306941 0.010438955798515502 0
1671621344211 0.006625292525893901 0
1671621385584 0.006742549496687323 0
1671621427070 0.005222958551072074 0
