1671313437144 0.09947052834147058 0
1671313758771 0.011239387094583001 0
1671314070993 0.0073912041581113185 0
1671314384771 0.004799630057863933 0
1671314697297 0.004475509123981711 0
1671315883735 0.009572603435796743 0
1671317047604 0.001033159614908456 0
1671318211847 0.00036644177078686544 0
1671319375539 0.0003655233547177934 0
1671320538358 0.00019112185805890912 0
1671321787951 0.010669003443356936 0
1671322988156 0.0009669953203391337 0
1671324187670 0.0005414818428983202 0
1671325393825 0.00017216408482154756 0
1671326594414 0.00020977276844283166 0
1671327883142 0.006475373101676102 0
1671329117368 0.0008456980442847168 0
1671330359425 0.0002429293087643538 0
1671331592679 0.0003456104007865739 0
1671332827514 0.0002588730431792534 0
1671334155825 0.0052721510620618 0
1671335419692 0.0005232761423827499 0
1671336682161 0.0003806347817134792 0
1671337943114 0.0001596912559649668 0
1671339203480 0.000237172927583278 0
1671340684287 0.0045772674364187894 0
1671341961002 0.0006477929282856976 0
1671343241056 0.0004977703966579836 0
1671344523206 0.00028330199353377106 0
1671345811029 0.0001281991164161047 0
1671347215855 0.004225928408883643 0
1671348525288 0.00023575421632639014 0
1671349834763 0.00022182573420433097 0
1671351143667 0.00011268545685089637 0
1671352452730 0.0003246677091743823 0
1671353899381 0.0027172105090651115 0
1671355231427 0.00044538945215345007 0
1671356564502 0.00014780068832746763 0
1671357900201 0.00017787161676269402 0
1671359238107 0.0003809799158933402 0
1671360774825 0.0027699366651057823 0
1671362184804 0.00038602447566046116 0
1671363589627 0.00016119640864492292 0
1671364996560 5.420035369920107e-05 0
1671366399493 0.00017347596042446655 0
1671367979658 0.002340937896545986 0
1671369420278 0.00030632870722275575 0
1671370859004 0.000630071732797721 0
1671372296552 0.00014565355374554433 0
