1679282026959 0.3665750456206939 0
1679282031136 0.13683450566239508 0
1679282035318 0.0827838368040473 0
1679282039409 0.07498622840834215 0
1679282043403 0.049073879138507207 0
1679282047700 0.024138669345120434 0
1679282051804 0.06982438134796479 0
1679282055841 0.016266337014374087 0
1679282059999 0.007163107240290521 0
1679282064209 0.02746484854758498 0
1679282083665 0.4834522885069543 0
1679282091163 0.06785336273320604 0
1679282097570 0.07119513516241283 0
1679282104485 0.03572478933960619 0
1679282111776 0.015203768184922714 0
1679282118948 0.02018552584987072 0
1679282126487 0.01577839562763556 0
1679282133681 0.00742392249302094 0
1679282141300 0.012075895761703506 0
1679282148797 0.01929415124597618 0
1679282167597 1.2443126940405835 0
1679282174694 0.15825318420013668 0
1679282181976 0.07314372702054314 0
1679282189543 0.04342113548145611 0
1679282196634 0.037420797851689926 0
1679282204019 0.028067734252830382 0
1679282211151 0.024149682872994876 0
1679282218488 0.01737440324516273 0
1679282226051 0.03055217862585742 0
1679282233000 0.02666791422976245 0
1679282252938 1.1330709611522216 0
1679282259957 0.1179182992919403 0
1679282267289 0.05735586835961679 0
1679282274622 0.04667740287122262 0
1679282281880 0.0429574056470301 0
1679282289101 0.030660678424265272 0
1679282296722 0.01675442897049281 0
1679282303375 0.015081225798662761 0
1679282310750 0.04150451543511521 0
1679282318254 0.03560418927957596 0
1679282338298 1.5546212159827644 0
1679282345453 0.25161420616010827 0
1679282352552 0.11623901998916385 0
1679282360101 0.08361989461506407 0
1679282367400 0.03843036392936483 0
1679282374904 0.04264595406928885 0
1679282381578 0.039105134417802806 0
1679282388905 0.026297400705873004 0
1679282396109 0.03401897469702104 0
1679282403032 0.03527938909531918 0
1679282423171 1.7809840017089658 0
1679282430541 0.3156571502194685 0
1679282437615 0.1411049465977532 0
1679282444985 0.07734649438027512 0
1679282452824 0.06350534783982142 0
1679282459527 0.04533512400367352 0
1679282466643 0.05224410722981773 0
1679282473854 0.04276797701387812 0
1679282481114 0.02554867084094725 0
1679282488422 0.018106833811650763 0
1679282508401 2.062920620628432 0
1679282515675 0.3913862690621731 0
1679282523002 0.14237453225160054 0
1679282530355 0.07316813956005681 0
1679282537101 0.04288158813998213 0
1679282544256 0.03426738921324631 0
1679282551481 0.04945079789168256 0
1679282558861 0.04202237158218244 0
1679282566266 0.026541670056187783 0
1679282573733 0.04274977291546141 0
1679282594129 1.882268031146012 0
1679282601859 0.297464590629234 0
1679282609521 0.08972266446981653 0
1679282616055 0.0667005681259302 0
1679282623118 0.04943703102317693 0
1679282630525 0.02338303998911607 0
1679282637597 0.02204322917518142 0
1679282644905 0.029405391553083582 0
1679282652354 0.011869450717152659 0
1679282659793 0.0290644963715036 0
1679282680544 2.0348613592339495 0
1679282687875 0.32505464856969374 0
1679282694445 0.12712082937907646 0
1679282701475 0.08031581159151506 0
1679282708906 0.07223916010629824 0
1679282716308 0.04775734621273609 0
1679282723652 0.016531066992434253 0
1679282731102 0.013072396796048326 0
1679282738435 0.03991103590199012 0
1679282745784 0.023626620115143906 0
1679282766648 1.8592584533434289 0
1679282773734 0.3298603583346395 0
1679282781123 0.16046450639545334 0
1679282788495 0.08475311530078304 0
1679282795759 0.05970461101855571 0
1679282803076 0.053921191313979676 0
1679282810190 0.04367992888357691 0
1679282817406 0.03055374665863757 0
1679282824443 0.018716715733913303 0
1679282831859 0.03334015426205987 0
1679282852838 1.8511037849912457 0
1679282859927 0.3482058806454434 0
1679282867377 0.12043738676527259 0
1679282875007 0.0724206556629974 0
1679282882579 0.06051494099665433 0
1679282889768 0.03920780771124341 0
1679282897245 0.0403484528309063 0
1679282904398 0.020537642736955748 0
1679282911819 0.013318592577336091 0
1679282919038 0.0073507646987255775 0
1679282939932 1.749786986293746 0
1679282947365 0.2008634188267238 0
1679282955017 0.08631101335106674 0
1679282962391 0.04193071582966356 0
1679282969686 0.03408830902851917 0
1679282977119 0.022216596539353716 0
1679282984289 0.024297106557687763 0
1679282991487 0.019687530264633882 0
1679282999153 0.03398003873407302 0
1679283006760 0.0156530858056452 0
1679283028297 1.9278557484640795 0
1679283035525 0.43549634567370604 0
1679283042738 0.185887753525201 0
1679283050039 0.10900704340790124 0
1679283057329 0.06591885578453395 0
1679283064765 0.043525249091794206 0
1679283072233 0.0323494481648702 0
1679283079761 0.03038159278894811 0
1679283087115 0.033326600505354104 0
1679283093932 0.025867294340666074 0
1679283115590 2.0400954914443634 0
1679283123293 0.35249488092228476 0
1679283130749 0.15129094841141327 0
1679283138034 0.08866910419572949 0
1679283145307 0.043689684937799386 0
1679283152443 0.03359824423073316 0
1679283160082 0.02402430613794565 0
1679283167365 0.03913770948465932 0
1679283174038 0.03625976521460175 0
1679283181245 0.03183146633662046 0
1679283203259 1.822587802421813 0
1679283210573 0.2974302818012588 0
1679283218268 0.12046823412289515 0
1679283225485 0.07566701538984061 0
1679283232723 0.057133940787524824 0
1679283240560 0.05660513983856814 0
1679283247908 0.02726992246964216 0
1679283254639 0.03350831121012258 0
1679283262049 0.019416183144237625 0
1679283269299 0.01224364693549504 0
1679283291483 2.074522579417509 0
1679283299009 0.4029863352576892 0
1679283306281 0.13429922312863318 0
1679283313433 0.08170063010024309 0
1679283321116 0.04867086704254296 0
1679283328786 0.035928913222639546 0
1679283335398 0.027799167963915832 0
1679283342734 0.021009838353362 0
1679283350021 0.030153226384130653 0
1679283357386 0.02339252717559016 0
1679283379510 2.115722437699636 0
1679283387050 0.3362436103908455 0
1679283394484 0.14402491606625856 0
1679283401935 0.07844098613086138 0
1679283409577 0.0669651006190928 0
1679283416035 0.038557414400309103 0
1679283423422 0.027622588983207356 0
1679283430740 0.025386616963135333 0
1679283437960 0.04201483477521049 0
1679283445232 0.035618814077929085 0
1679283467577 1.8928512144906848 0
1679283474980 0.3943943229376101 0
1679283482258 0.15098954474224763 0
1679283489895 0.08071341154658619 0
1679283496755 0.0465426385201806 0
1679283504396 0.058330059679243346 0
1679283512038 0.025839243045387168 0
1679283519375 0.0368449087263263 0
1679283526548 0.015822408604150292 0
1679283534092 0.05599054235818924 0
1679283556933 1.991631667987973 0
1679283564292 0.5116627290844917 0
1679283572150 0.22243953967357383 0
1679283579873 0.09742328376673601 0
1679283586788 0.06920211148384374 0
1679283594080 0.04937323943515509 0
1679283601551 0.052695921487540154 0
1679283609254 0.05795274671354313 0
1679283616759 0.04160264875698725 0
1679283624224 0.017340978066831846 0
1679283647186 2.262229291831746 0
1679283654563 0.5711833881396874 0
1679283662302 0.22016557806408873 0
1679283669687 0.10819510849850143 0
1679283676742 0.08622674506577645 0
1679283684082 0.06131775448482264 0
1679283691272 0.03557937056643377 0
1679283698672 0.04166189928461487 0
1679283706186 0.022287388470859322 0
1679283713646 0.011812922775182718 0
