1679282026947 0.8676470588235294 0
1679282031126 0.9485294117647058 0
1679282035307 0.9721200980392157 0
1679282039397 0.9767156862745098 0
1679282043396 0.9837622549019608 0
1679282047687 0.9917279411764706 0
1679282051793 0.9849877450980392 0
1679282055836 0.9957107843137255 0
1679282059985 0.9969362745098039 0
1679282064203 0.9926470588235294 0
1679282083653 0.90625 0
1679282091151 0.9800857843137255 0
1679282097558 0.9797794117647058 0
1679282104468 0.9892769607843137 0
1679282111765 0.9947916666666666 0
1679282118937 0.992953431372549 0
1679282126474 0.9960171568627451 0
1679282133670 0.9975490196078431 0
1679282141287 0.9960171568627451 0
1679282148786 0.9938725490196079 0
1679282167586 0.7426470588235294 0
1679282174683 0.9543504901960784 0
1679282181962 0.9788602941176471 0
1679282189530 0.9886642156862745 0
1679282196621 0.9892769607843137 0
1679282204008 0.9920343137254902 0
1679282211140 0.9935661764705882 0
1679282218475 0.9947916666666666 0
1679282226040 0.9908088235294118 0
1679282232988 0.991421568627451 0
1679282252925 0.7454044117647058 0
1679282259951 0.9666053921568627 0
1679282267279 0.9813112745098039 0
1679282274603 0.9856004901960784 0
1679282281868 0.9877450980392157 0
1679282289090 0.9905024509803921 0
1679282296711 0.9950980392156863 0
1679282303364 0.9966299019607843 0
1679282310737 0.9859068627450981 0
1679282318243 0.9895833333333334 0
1679282338286 0.6516544117647058 0
1679282345439 0.9243259803921569 0
1679282352538 0.9641544117647058 0
1679282360090 0.9751838235294118 0
1679282367387 0.9886642156862745 0
1679282374893 0.9865196078431373 0
1679282381565 0.9883578431372549 0
1679282388891 0.9941789215686274 0
1679282396098 0.9898897058823529 0
1679282403023 0.9911151960784313 0
1679282423161 0.5977328431372549 0
1679282430529 0.90625 0
1679282437603 0.9610906862745098 0
1679282444973 0.9761029411764706 0
1679282452813 0.9803921568627451 0
1679282459517 0.9862132352941176 0
1679282466629 0.984375 0
1679282473841 0.9865196078431373 0
1679282481102 0.9911151960784313 0
1679282488411 0.9932598039215687 0
1679282508389 0.4846813725490196 0
1679282515659 0.8673406862745098 0
1679282522989 0.9552696078431373 0
1679282530344 0.9797794117647058 0
1679282537089 0.9865196078431373 0
1679282544244 0.9865196078431373 0
1679282551468 0.9837622549019608 0
1679282558849 0.9846813725490197 0
1679282566251 0.9892769607843137 0
1679282573721 0.9880514705882353 0
1679282594119 0.5321691176470589 0
1679282601846 0.9083946078431373 0
1679282609509 0.9712009803921569 0
1679282616041 0.9800857843137255 0
1679282623107 0.9846813725490197 0
1679282630512 0.9920343137254902 0
1679282637583 0.9954044117647058 0
1679282644894 0.991421568627451 0
1679282652343 0.9975490196078431 0
1679282659778 0.991421568627451 0
1679282680531 0.5248161764705882 0
1679282687864 0.9139093137254902 0
1679282694434 0.9638480392156863 0
1679282701465 0.9764093137254902 0
1679282708894 0.9791666666666666 0
1679282716296 0.9874387254901961 0
1679282723631 0.9950980392156863 0
1679282731086 0.9972426470588235 0
1679282738421 0.9901960784313726 0
1679282745773 0.9932598039215687 0
1679282766641 0.5677083333333334 0
1679282773719 0.8918504901960784 0
1679282781114 0.9522058823529411 0
1679282788484 0.9767156862745098 0
1679282795744 0.9822303921568627 0
1679282803065 0.9834558823529411 0
1679282810178 0.9856004901960784 0
1679282817395 0.9911151960784313 0
1679282824431 0.9935661764705882 0
1679282831848 0.9889705882352942 0
1679282852827 0.5775122549019608 0
1679282859915 0.899203431372549 0
1679282867362 0.9647671568627451 0
1679282874993 0.9779411764705882 0
1679282882565 0.9828431372549019 0
1679282889758 0.9877450980392157 0
1679282897233 0.9871323529411765 0
1679282904381 0.9950980392156863 0
1679282911805 0.9969362745098039 0
1679282919023 0.9984681372549019 0
1679282939919 0.6544117647058824 0
1679282947350 0.9390318627450981 0
1679282955005 0.9715073529411765 0
1679282962380 0.9871323529411765 0
1679282969675 0.9911151960784313 0
1679282977100 0.9935661764705882 0
1679282984277 0.9947916666666666 0
1679282991476 0.9941789215686274 0
1679282999142 0.9920343137254902 0
1679283006748 0.9966299019607843 0
1679283028285 0.5536151960784313 0
1679283035509 0.867953431372549 0
1679283042727 0.9466911764705882 0
1679283050028 0.9693627450980392 0
1679283057316 0.9794730392156863 0
1679283064751 0.9859068627450981 0
1679283072222 0.991421568627451 0
1679283079750 0.9920343137254902 0
1679283087104 0.9898897058823529 0
1679283093918 0.9905024509803921 0
1679283115577 0.5444240196078431 0
1679283123279 0.8912377450980392 0
1679283130737 0.9552696078431373 0
1679283138020 0.9730392156862745 0
1679283145295 0.9880514705882353 0
1679283152432 0.9898897058823529 0
1679283160068 0.9920343137254902 0
1679283167347 0.9892769607843137 0
1679283174015 0.9908088235294118 0
1679283181229 0.992953431372549 0
1679283203244 0.5962009803921569 0
1679283210557 0.9154411764705882 0
1679283218246 0.9623161764705882 0
1679283225473 0.9748774509803921 0
1679283232708 0.9810049019607843 0
1679283240549 0.9816176470588235 0
1679283247897 0.991421568627451 0
1679283254626 0.9889705882352942 0
1679283262035 0.9947916666666666 0
1679283269283 0.9969362745098039 0
1679283291469 0.5009191176470589 0
1679283298997 0.8756127450980392 0
1679283306267 0.9586397058823529 0
1679283313413 0.9748774509803921 0
1679283321104 0.9819240196078431 0
1679283328770 0.9898897058823529 0
1679283335378 0.9917279411764706 0
1679283342719 0.9938725490196079 0
1679283350010 0.9923406862745098 0
1679283357375 0.9932598039215687 0
1679283379498 0.5349264705882353 0
1679283387026 0.8958333333333334 0
1679283394469 0.953125 0
1679283401916 0.9770220588235294 0
1679283409566 0.9779411764705882 0
1679283416022 0.9862132352941176 0
1679283423411 0.991421568627451 0
1679283430723 0.9932598039215687 0
1679283437947 0.9883578431372549 0
1679283445221 0.9892769607843137 0
1679283467555 0.5827205882352942 0
1679283474958 0.8762254901960784 0
1679283482247 0.9580269607843137 0
1679283489882 0.9742647058823529 0
1679283496743 0.9852941176470589 0
1679283504378 0.9834558823529411 0
1679283512026 0.9917279411764706 0
1679283519364 0.9920343137254902 0
1679283526535 0.9954044117647058 0
1679283534080 0.9813112745098039 0
1679283556924 0.5438112745098039 0
1679283564275 0.8477328431372549 0
1679283572139 0.9273897058823529 0
1679283579863 0.9669117647058824 0
1679283586770 0.9797794117647058 0
1679283594066 0.9868259803921569 0
1679283601537 0.9834558823529411 0
1679283609235 0.9813112745098039 0
1679283616741 0.9852941176470589 0
1679283624206 0.9954044117647058 0
1679283647173 0.4540441176470588 0
1679283654546 0.8244485294117647 0
1679283662289 0.9347426470588235 0
1679283669676 0.9650735294117647 0
1679283676728 0.9739583333333334 0
1679283684064 0.9810049019607843 0
1679283691254 0.9886642156862745 0
1679283698654 0.9889705882352942 0
1679283706175 0.9938725490196079 0
1679283713630 0.9972426470588235 0
