1671566144833 6.4209228590007115 0
1671566151348 6.377019432999077 0
1671566157628 6.129541088001133 0
1671566164126 6.340249889002735 0
1671566170640 6.385646607002855 0
1671566255140 12.76962835499944 0
1671566267457 12.15078259999791 0
1671566280423 12.804479342998093 0
1671566293330 12.729951195000467 0
1671566305660 12.177864540000883 0
1671566389192 17.9781394979982 0
1671566407365 18.00159178299873 0
1671566425101 17.566730775000906 0
1671566444372 19.105261753000377 0
1671566462881 18.32320896999954 0
1671566565586 25.08184077899932 0
1671566590509 24.7421000989998 0
1671566615950 25.265519376000157 0
1671566641409 25.258311290002894 0
1671566665495 23.899644721001096 0
1671566774374 30.607957071999408 0
1671566803329 28.78337968300184 0
1671566833995 30.471261380000215 0
1671566864838 30.64339749499777 0
1671566895732 30.69969125499847 0
1671567002957 35.972038707997854 0
1671567039807 36.67049144499833 0
1671567076627 36.625174348002474 0
1671567113394 36.56797528899915 0
1671567150629 37.03768892900189 0
1671567264573 38.65943723000237 0
1671567307576 42.80954505000045 0
1671567350317 42.54849026800002 0
1671567391177 40.674760676000005 0
1671567431929 40.57520430700242 0
1671567561524 49.07533641600094 0
1671567611727 50.02935280300153 0
1671567659805 47.88398772599976 0
1671567709777 49.77256083499742 0
1671567761118 51.151253670002916 0
