1671566144829 0.5360840670963023 0
1671566151344 0.20207797746340558 0
1671566157624 0.12515300224697432 0
1671566164122 0.10939964559404369 0
1671566170636 0.050529543389278044 0
1671566255137 0.24864516882797927 0
1671566267453 0.07097479510903802 0
1671566280419 0.06192545791433174 0
1671566293326 0.04614567891424076 0
1671566305656 0.05036515006612225 0
1671566389188 0.11535853965410195 0
1671566407361 0.048673666006051546 0
1671566425097 0.043831984164289656 0
1671566444367 0.02916385705189586 0
1671566462876 0.02533503792429684 0
1671566565582 0.07211235681683871 0
1671566590504 0.030513973625639967 0
1671566615946 0.03280329524896403 0
1671566641405 0.012047516373891901 0
1671566665490 0.01343874188493396 0
1671566774369 0.08265109073548861 0
1671566803324 0.019364503544597067 0
1671566833991 0.01783036984744235 0
1671566864834 0.013028709591457821 0
1671566895728 0.026702341619493777 0
1671567002952 0.0629699640701569 0
1671567039803 0.01626965682828792 0
1671567076623 0.01617087462568285 0
1671567113389 0.010400479046967896 0
1671567150625 0.012924986048301272 0
1671567264568 0.0401662454562591 0
1671567307572 0.011169242014626947 0
1671567350312 0.009068070122680133 0
1671567391172 0.009071263466294709 0
1671567431924 0.0075529880885789 0
1671567561519 0.043006183232978626 0
1671567611722 0.008532014427981509 0
1671567659800 0.006265379264385538 0
1671567709772 0.007484351431618571 0
1671567761113 0.008728945634386894 0
