1671566144812 0.8327749010051781 0
1671566151328 0.9342065184282669 0
1671566157608 0.9604020712762718 0
1671566164106 0.9652756625038075 0
1671566170632 0.9832470301553458 0
1671566255133 0.9377006127808579 0
1671566267449 0.9789903705865188 0
1671566280403 0.9838050773271083 0
1671566293309 0.9861394805952728 0
1671566305652 0.9868689816165742 0
1671566389171 0.9712230215827338 0
1671566407344 0.9870503597122302 0
1671566425081 0.9878177458033573 0
1671566444361 0.9915587529976019 0
1671566462859 0.994052757793765 0
1671566565565 0.9857102029151186 0
1671566590488 0.991926264647042 0
1671566615942 0.9935695913118033 0
1671566641401 0.9967133466704773 0
1671566665486 0.9964989997142041 0
1671566774353 0.9841748733420618 0
1671566803320 0.9947629077247111 0
1671566833974 0.9948767575567826 0
1671566864818 0.9962429555416406 0
1671566895712 0.9945352080605682 0
1671567002948 0.9884568076449995 0
1671567039786 0.9958841896111269 0
1671567076606 0.9966411202573564 0
1671567113373 0.9973034345728072 0
1671567150608 0.9967357365881351 0
1671567264552 0.9919057833178194 0
1671567307555 0.997086081994415 0
1671567350296 0.9972074952446477 0
1671567391156 0.9980169169128658 0
1671567431919 0.9984620988303857 0
1671567561502 0.9926449787835926 0
1671567611705 0.9974540311173975 0
1671567659795 0.997984441301273 0
1671567709755 0.9981258840169731 0
1671567761096 0.998090523338048 0
