1679235669111 6.71118296100758 0
1679235675544 6.283547285012901 0
1679235682276 6.5933063180418685 0
1679235689043 6.636744284012821 0
1679235695877 6.692231576016638 0
1679235702543 6.510495043010451 0
1679235709206 6.526452017948031 0
1679235715873 6.513491415011231 0
1679235722665 6.655414352018852 0
1679235729386 6.566417363006622 0
1679235762572 17.72115884796949 0
1679235780157 17.439994991989806 0
1679235797685 17.390854446974117 0
1679235815516 17.6857249540044 0
1679235833372 17.71166553196963 0
1679235851489 17.977684589044657 0
1679235869360 17.728221683006268 0
1679235886975 17.46835087100044 0
1679235904928 17.80610438401345 0
1679235922456 17.393828964966815 0
1679235953431 18.326240570982918 0
1679235971757 18.15950108197285 0
1679235989974 18.074267244024668 0
1679236008156 18.038810586032923 0
1679236026181 17.87490426003933 0
1679236044469 18.094378651992884 0
1679236062860 18.242908546992112 0
1679236080974 17.96150332200341 0
1679236098964 17.83558301598532 0
1679236117284 18.172625611012336 0
1679236148446 18.24031887302408 0
1679236166835 18.244614160968922 0
1679236185214 18.222091905015986 0
1679236203762 18.413661559985485 0
1679236222228 18.32479219796369 0
1679236240968 18.59010438900441 0
1679236259377 18.26420460897498 0
1679236278410 18.886450176942162 0
1679236297014 18.449667927983683 0
1679236315589 18.42568669602042 0
1679236346902 18.716066938999575 0
1679236365595 18.53703604498878 0
1679236384005 18.266944197006524 0
1679236402797 18.643488347996026 0
1679236421807 18.858868657029234 0
1679236440849 18.888867654954083 0
1679236459572 18.56762049498502 0
1679236478271 18.545699206006248 0
1679236497165 18.739645751949865 0
1679236515950 18.648623019980732 0
1679236548528 19.168207645008806 0
1679236567530 18.850830894021783 0
1679236586351 18.684833566017915 0
1679236605483 18.990883496997412 0
1679236624479 18.841197289992124 0
1679236643430 18.808038749033585 0
1679236662536 18.943042519968003 0
1679236681965 19.2816671669716 0
1679236701201 19.089501322014257 0
1679236720209 18.854450127983 0
1679236752484 19.107993113982957 0
1679236771857 19.212748960999306 0
1679236790781 18.777957942977082 0
1679236810259 19.318419692048337 0
1679236829344 18.927092759986408 0
1679236848501 19.009419611946214 0
1679236867421 18.78304465301335 0
1679236886904 19.30997398099862 0
1679236906053 19.004952721996233 0
1679236925226 19.017882524989545 0
1679236958038 19.309066171990708 0
1679236977619 19.426785906020086 0
1679236996743 18.96985895902617 0
1679237016143 19.244451556995045 0
1679237035256 18.956996198976412 0
1679237054620 19.17930434999289 0
1679237074039 19.269999794021714 0
1679237093472 19.2846711659804 0
1679237112605 18.986705137998797 0
1679237131865 19.1107324520126 0
1679237165018 19.192902853013948 0
1679237184570 19.406663850997575 0
1679237204014 19.273673468036577 0
1679237223703 19.54303348896792 0
1679237243456 19.598768262017984 0
1679237263477 19.859374871011823 0
1679237283131 19.5047568900045 0
1679237302883 19.59175204701023 0
1679237322492 19.457218729017768 0
1679237342066 19.422883555991575 0
1679237375547 19.750140465039294 0
1679237395383 19.689580426027533 0
1679237415049 19.52429241099162 0
1679237435520 20.31864852498984 0
1679237455487 19.813234298024327 0
1679237475733 20.086072772042826 0
1679237495879 19.982444407010917 0
1679237515961 19.935192846984137 0
1679237535748 19.628388837969396 0
1679237555930 20.028821732965298 0
1679237589666 19.86003972601611 0
1679237609545 19.71823175402824 0
1679237629615 19.923188473039772 0
1679237649775 20.001692699966952 0
1679237670090 20.156057093990967 0
1679237690893 20.6427801620448 0
1679237711042 19.982962017005775 0
1679237731461 20.260201714991126 0
1679237751739 20.103707780013792 0
1679237772079 20.16680250701029 0
1679237807439 20.37017685302999 0
1679237828164 20.549842671025544 0
1679237848554 20.2353401229484 0
1679237868875 20.14302875305293 0
1679237889362 20.31829755497165 0
1679237909882 20.34623001801083 0
1679237930267 20.223858423007187 0
1679237950520 20.06549199303845 0
1679237970936 20.21645086602075 0
1679237991909 20.800927370029967 0
1679238027161 20.33577568200417 0
1679238048024 20.69808942900272 0
1679238068644 20.433947133016773 0
1679238089220 20.418342281947844 0
1679238110029 20.6250617710175 0
1679238130872 20.68089754600078 0
1679238151464 20.43217043596087 0
1679238172425 20.799464342009742 0
1679238193191 20.591805962030776 0
1679238213745 20.372604731004685 0
1679238249188 20.62089607602684 0
1679238270092 20.72495878301561 0
1679238290552 20.309784042998217 0
1679238311216 20.496472510974854 0
1679238331680 20.29936417803401 0
1679238352752 20.89736050000647 0
1679238373738 20.809426266001537 0
1679238394679 20.778746045019943 0
1679238415387 20.50946882099379 0
1679238436209 20.65862208098406 0
1679238472003 20.98261367098894 0
1679238493359 21.190612340986263 0
1679238514755 21.212120134965517 0
1679238536097 21.159430787025485 0
1679238557086 20.828925218025688 0
1679238577893 20.636305433989037 0
1679238599030 20.96278176101623 0
1679238620317 21.116164360020775 0
1679238641408 20.92962168401573 0
1679238662347 20.752909036003985 0
1679238698752 21.3977051039692 0
1679238720412 21.489635213976726 0
1679238742204 21.608010015042964 0
1679238763466 21.08751741499873 0
1679238784742 21.109080363996327 0
1679238806182 21.23768606397789 0
1679238827730 21.380405513045844 0
1679238849198 21.30091288598487 0
1679238870742 21.382390832004603 0
1679238891996 21.080878028995357 0
1679238928257 21.35103798902128 0
1679238950008 21.574791845981963 0
1679238971769 21.584164592961315 0
1679238993308 21.34895571996458 0
1679239015073 21.589396597992163 0
1679239036599 21.347111728042364 0
1679239058132 21.36042715900112 0
1679239079999 21.68041066895239 0
1679239102063 21.888891188020352 0
1679239123615 21.37582914304221 0
1679239160881 21.701388143002987 0
1679239182991 21.94496380194323 0
1679239204937 21.778589082998224 0
1679239227133 22.015297712001484 0
1679239248822 21.513297708006576 0
1679239270488 21.496634327981155 0
1679239292331 21.671632486977614 0
1679239314466 21.959414696961176 0
1679239336187 21.54222237796057 0
1679239357989 21.620267920021433 0
1679239395236 21.733433788002003 0
1679239416994 21.576609438983724 0
1679239438788 21.62399866996566 0
1679239460802 21.83467632200336 0
1679239482685 21.70915986201726 0
1679239504763 21.918071163003333 0
1679239526684 21.74275137402583 0
1679239548750 21.880797253979836 0
1679239570978 22.053489869984332 0
1679239592481 21.326554694969673 0
1679239629996 22.260136442026123 0
1679239652048 21.872645540977828 0
1679239674595 22.363502666994464 0
1679239696893 22.10979865095578 0
1679239719229 22.171895976993255 0
1679239741436 22.025878326036036 0
1679239763890 22.28199518698966 0
1679239786073 22.02059232100146 0
1679239808464 22.217938531015534 0
1679239830819 22.172767355979886 0
