1679235669105 0.4575179028938093 0
1679235675536 0.1422051226606638 0
1679235682268 0.07028106767229918 0
1679235689039 0.03769739657617742 0
1679235695872 0.026931762102588148 0
1679235702537 0.02060272825098165 0
1679235709201 0.015450268248010926 0
1679235715862 0.012669921333251361 0
1679235722658 0.004357793910227285 0
1679235729380 0.004366778724091468 0
1679235762564 0.491259005411369 0
1679235780148 0.057831900532743556 0
1679235797677 0.023594317078681253 0
1679235815508 0.011452315915546312 0
1679235833365 0.008143617581326241 0
1679235851483 0.005176681211422674 0
1679235869353 0.004945715958615992 0
1679235886968 0.006284804132244573 0
1679235904918 0.003650846189631876 0
1679235922448 0.0020068808732037545 0
1679235953425 0.9378586959548113 0
1679235971747 0.12463616547061176 0
1679235989970 0.0511383047054817 0
1679236008148 0.022943565825272988 0
1679236026174 0.01298291543782575 0
1679236044464 0.009099973088255288 0
1679236062852 0.006452807980566853 0
1679236080963 0.004605472953024706 0
1679236098955 0.004053131075967785 0
1679236117276 0.0035513016646557555 0
1679236148436 1.3648489759462636 0
1679236166825 0.21788102702760115 0
1679236185203 0.0685145740079262 0
1679236203755 0.02951046221707834 0
1679236222220 0.0150992425851433 0
1679236240959 0.008781728749277025 0
1679236259370 0.0061612778740776026 0
1679236278405 0.005008382337996963 0
1679236297006 0.004812925772048624 0
1679236315581 0.004384068348558574 0
1679236346894 1.4963319612712396 0
1679236365587 0.2224234249715398 0
1679236383999 0.06471404295596407 0
1679236402788 0.023774745350521875 0
1679236421799 0.014950840277370156 0
1679236440842 0.010441067036831888 0
1679236459565 0.006662892279351448 0
1679236478261 0.006886567896595452 0
1679236497158 0.00502494610235572 0
1679236515943 0.0036595553523156702 0
1679236548517 1.6417214126121706 0
1679236567522 0.2877907892552818 0
1679236586344 0.08428606249210312 0
1679236605476 0.03273137191128803 0
1679236624471 0.01819670017490663 0
1679236643423 0.011287905396212165 0
1679236662528 0.008607286468102802 0
1679236681958 0.00581505109397013 0
1679236701190 0.004483365068189436 0
1679236720201 0.004480719018625323 0
1679236752477 1.785588486020158 0
1679236771849 0.292709155889546 0
1679236790768 0.0948992005390365 0
1679236810247 0.032726027187323425 0
1679236829331 0.017050566202847332 0
1679236848495 0.010140641738955932 0
1679236867414 0.007898063253520465 0
1679236886888 0.006090266533513985 0
1679236906046 0.005080419526685302 0
1679236925219 0.004155952190105781 0
1679236958030 1.7683123322521768 0
1679236977611 0.28568030788404186 0
1679236996735 0.08055286846328072 0
1679237016137 0.027249332937616402 0
1679237035247 0.012504555721108507 0
1679237054612 0.010878038753914398 0
1679237074030 0.009381406173314445 0
1679237093466 0.007975195258537807 0
1679237112599 0.0055613617418424745 0
1679237131860 0.004152973673999218 0
1679237165011 1.7716012174036444 0
1679237184560 0.29006065697204775 0
1679237204005 0.08092456638086133 0
1679237223695 0.03627476408259898 0
1679237243449 0.01698607695402532 0
1679237263469 0.0105750764549778 0
1679237283124 0.008237214560802208 0
1679237302871 0.007610625438051435 0
1679237322485 0.00522725015890035 0
1679237342057 0.00404255140527356 0
1679237375541 1.8384462337668348 0
1679237395376 0.31825329817649795 0
1679237415043 0.09149627782767866 0
1679237435511 0.03212878170718507 0
1679237455479 0.020789667254132106 0
1679237475721 0.012283994833280036 0
1679237495862 0.009573198649350826 0
1679237515955 0.00660794698008586 0
1679237535740 0.004653369096709733 0
1679237555920 0.004693735557006354 0
1679237589655 1.9246341356417027 0
1679237609530 0.35036632582181837 0
1679237629609 0.09425247479684469 0
1679237649768 0.036766889464200994 0
1679237670081 0.018928605377128937 0
1679237690884 0.011964344490523927 0
1679237711034 0.009652340618280195 0
1679237731447 0.007552412416354367 0
1679237751732 0.005844840503343177 0
1679237772069 0.004313491593205892 0
1679237807420 1.9770978997393351 0
1679237828154 0.35639434253297203 0
1679237848548 0.106923479995713 0
1679237868861 0.039701583122879996 0
1679237889354 0.019158849334798573 0
1679237909871 0.012649216430216301 0
1679237930260 0.009965840089929904 0
1679237950502 0.007264288665340623 0
1679237970925 0.007644639929711092 0
1679237991899 0.005221340571609666 0
1679238027153 2.060950270513209 0
1679238048016 0.42286697353531677 0
1679238068633 0.1269968152954811 0
1679238089213 0.045986259197134796 0
1679238110018 0.022729810184185826 0
1679238130864 0.016398708489382775 0
1679238151455 0.013310208402165189 0
1679238172418 0.009622056699335212 0
1679238193180 0.007935801168858277 0
1679238213727 0.006456609657488581 0
1679238249180 2.1196535979829183 0
1679238270084 0.44343704326850614 0
1679238290545 0.13398851648699947 0
1679238311208 0.04149871929662257 0
1679238331668 0.023391696894768534 0
1679238352739 0.013938739854933286 0
1679238373730 0.012890722819535834 0
1679238394669 0.008279393247623995 0
1679238415368 0.007133267062330028 0
1679238436198 0.006958939922155767 0
1679238471995 2.2148400135156585 0
1679238493352 0.49249778309973274 0
1679238514746 0.14108796550369845 0
1679238536085 0.05352940945999651 0
1679238557074 0.027063286247685916 0
1679238577884 0.01582177626423356 0
1679238599022 0.014010061187351623 0
1679238620308 0.007648552038207105 0
1679238641401 0.005749348686758156 0
1679238662331 0.005401147603875072 0
1679238698745 2.276435026017631 0
1679238720404 0.5703034374772049 0
1679238742195 0.20565828755497934 0
1679238763449 0.06535146871990546 0
1679238784734 0.034947595465928315 0
1679238806175 0.020398814542355335 0
1679238827723 0.010699656480219125 0
1679238849188 0.008919755485272261 0
1679238870735 0.007775436610369602 0
1679238891988 0.008355909123698749 0
1679238928242 2.37513740818675 0
1679238949999 0.602935085500159 0
1679238971759 0.19676633389984688 0
1679238993288 0.07200389912397397 0
1679239015064 0.032405509742930896 0
1679239036590 0.01883735271034444 0
1679239058124 0.014032198651125882 0
1679239079987 0.011372876593207078 0
1679239102054 0.009916861636973008 0
1679239123597 0.007470383380380709 0
1679239160872 2.3021502393047983 0
1679239182983 0.5769903270936594 0
1679239204929 0.18499682238552628 0
1679239227125 0.06731279240239685 0
1679239248814 0.03424987382732513 0
1679239270480 0.023262621337411606 0
1679239292321 0.015249563709310278 0
1679239314456 0.010732748170337845 0
1679239336178 0.007023095716608733 0
1679239357977 0.00862428302104335 0
1679239395216 2.5074116241641162 0
1679239416983 0.7134121765450734 0
1679239438779 0.23690572172039892 0
1679239460791 0.07754192282332154 0
1679239482674 0.04285756937886884 0
1679239504754 0.020772247454832967 0
1679239526676 0.016505165881954314 0
1679239548741 0.014150606762481536 0
1679239570966 0.0101966142875892 0
1679239592468 0.007881198558252214 0
1679239629987 2.3472068713932503 0
1679239652032 0.5985083888943602 0
1679239674585 0.20309518175881083 0
1679239696881 0.07418012507259845 0
1679239719220 0.03875392855758347 0
1679239741427 0.022882147860236283 0
1679239763880 0.012026129851526603 0
1679239786064 0.010445019325650319 0
1679239808455 0.00957806278701599 0
1679239830806 0.007353134120519205 0
