1678725751579 0.3257498532633501 0
1678725756191 0.11638095061017578 0
1678725760846 0.052010957066263595 0
1678725765266 0.031178725287068592 0
1678725769827 0.04100732140395106 0
1678725774348 0.03390816368689994 0
1678725778864 0.030841475178305617 0
1678725783388 0.03300141683500799 0
1678725787979 0.04213709837659784 0
1678725792625 0.017267129171646488 0
1678725861021 0.4417008641000476 0
1678725869015 0.06181412264980822 0
1678725877347 0.061190695624391264 0
1678725885673 0.014289207944336996 0
1678725893802 0.00517272454399703 0
1678725901533 0.0041335360503711215 0
1678725909499 0.017521155907869124 0
1678725917252 0.027781397516570567 0
1678725925321 0.07318779414892426 0
1678725933321 0.022714779394077064 0
1678726001834 0.6576197122150619 0
1678726009461 0.08507892350453959 0
1678726017737 0.05232659701333876 0
1678726025990 0.04240362569310088 0
1678726034174 0.01173731010640759 0
1678726041850 0.018701957197171888 0
1678726049810 0.03189294087056846 0
1678726057875 0.03409917941293952 0
1678726065449 0.031443151301796965 0
1678726073345 0.02918677849849252 0
1678726142467 1.2300750588177898 0
1678726150592 0.14497785487426806 0
1678726158935 0.0655558383054318 0
1678726166668 0.048104710873490206 0
1678726174358 0.06909508240271711 0
1678726182494 0.03083378307802063 0
1678726190689 0.04030591748491472 0
1678726198568 0.051075833139468244 0
1678726206637 0.015257418946632822 0
1678726214384 0.008944356191411141 0
1678726282902 1.6700340698647456 0
1678726290216 0.2508019278857942 0
1678726298206 0.10663673492439593 0
1678726305976 0.054922881169754315 0
1678726313402 0.05266247851367973 0
1678726321649 0.0293543702296319 0
1678726329310 0.024975043675189792 0
1678726337587 0.04286564267001738 0
1678726345047 0.027484167527913425 0
1678726353255 0.011274302541698053 0
1678726422333 2.2602263214118397 0
1678726429858 0.6358471969125299 0
1678726437367 0.26766417275394017 0
1678726445234 0.17996479825814468 0
1678726453185 0.08008399078941146 0
1678726461008 0.056319051683340234 0
1678726469183 0.038158209028022756 0
1678726477551 0.05066978667274237 0
1678726485449 0.05375622698163972 0
1678726493800 0.038440771297384296 0
1678726562595 2.581333724711691 0
1678726570821 0.5678437758257833 0
1678726578217 0.2579424218530637 0
1678726585908 0.10195010551668524 0
1678726593730 0.06688765583213573 0
1678726601814 0.05866091776066278 0
1678726609802 0.06771968196993527 0
1678726617181 0.030767507814883337 0
1678726625428 0.0708682122568406 0
1678726632758 0.030211749937905343 0
1678726701761 2.56998702491633 0
1678726709461 0.8125505531327528 0
1678726717385 0.3735400447880802 0
1678726724912 0.23810184717643143 0
1678726732657 0.10787408105416972 0
1678726740133 0.12678787636399785 0
1678726747906 0.09583899185724137 0
1678726755705 0.06400274726032401 0
1678726763315 0.07000286895678211 0
1678726771094 0.019605463266633268 0
1678726840397 3.0974795347824005 0
1678726848350 1.0991518721306597 0
1678726856603 0.49451423192038957 0
1678726864465 0.28360336475014464 0
1678726871889 0.14183731521626472 0
1678726879958 0.1449495658434932 0
1678726887531 0.10775807606421038 0
1678726895385 0.04773827151632957 0
1678726903115 0.08623967190871937 0
1678726910631 0.0646241306867439 0
1678726980568 3.0361059307683904 0
1678726988365 0.8744985203156874 0
1678726996111 0.3414410710417613 0
1678727003859 0.15908286961197043 0
1678727011478 0.14880845508434068 0
1678727018997 0.08082097740941684 0
1678727026658 0.06186937487846985 0
1678727034533 0.05182538982745377 0
1678727042168 0.06702936088195768 0
1678727049595 0.05989786994501424 0
1678727119083 3.1232225550332875 0
1678727126493 0.8903589051324987 0
1678727134457 0.42095849114925205 0
1678727142286 0.18367680299790132 0
1678727150054 0.1280315196563831 0
1678727157555 0.07886880934882709 0
1678727165179 0.08521124893147096 0
1678727172768 0.054480099672057 0
1678727180637 0.11870367790976744 0
1678727187993 0.07535833885652773 0
1678727258325 2.8729494012675953 0
1678727265905 0.9458367874623818 0
1678727273749 0.4132900403707833 0
1678727281659 0.2189122316846883 0
1678727289734 0.10953082861246483 0
1678727297910 0.08395373287890855 0
1678727305310 0.1200834620856738 0
1678727312950 0.05393256088189546 0
1678727320588 0.04622692559857826 0
1678727328307 0.028813617731051358 0
1678727398316 3.3789017201206284 0
1678727406138 0.9213611736681964 0
1678727413659 0.3776344514099296 0
1678727421138 0.17183355215782734 0
1678727428750 0.09172488006270174 0
1678727436731 0.09918031167788885 0
1678727444431 0.09334040663726835 0
1678727451921 0.09536880550536754 0
1678727460083 0.04017604957205267 0
1678727468133 0.03151503141907316 0
1678727538234 2.8600088351298587 0
1678727546405 0.612996645037078 0
1678727553984 0.25199677908380064 0
1678727561741 0.1200012304372004 0
1678727569768 0.05909276355709133 0
1678727577741 0.04593102067451259 0
1678727585219 0.11027571358306677 0
1678727593249 0.041340052386615804 0
1678727601915 0.05381015538962223 0
1678727610575 0.06298500804346771 0
1678727680806 2.867721022537566 0
1678727688653 0.8329882476711215 0
1678727696609 0.3542118748078161 0
1678727704411 0.17566241161958754 0
1678727711916 0.09061915823675512 0
1678727719647 0.06633266821098667 0
1678727727416 0.09119182598671845 0
1678727735423 0.0836671002800539 0
1678727743219 0.04088556807179872 0
1678727751603 0.025616972667520027 0
1678727822725 2.7018900833577564 0
1678727830722 0.47080793234947066 0
1678727838627 0.18359788296913349 0
1678727846074 0.10558763870749671 0
1678727853893 0.07152941735108154 0
1678727861495 0.059359610504099734 0
1678727869187 0.018824112331212818 0
1678727877013 0.01162072881444175 0
1678727885079 0.020794587596098146 0
1678727892823 0.05653463481045878 0
1678727963399 2.3221022477850934 0
1678727971176 0.49094550364027795 0
1678727978706 0.2153716667096802 0
1678727986503 0.09218847213647777 0
1678727993985 0.0766179986974573 0
1678728002078 0.042865370102848 0
1678728009911 0.033521787167962246 0
1678728018120 0.07251426744849465 0
1678728025674 0.04685815732288758 0
1678728033618 0.032253714356286114 0
1678728104675 2.5906683003335473 0
1678728112339 0.5429771316868792 0
1678728120133 0.23598195389005194 0
1678728128399 0.09581276871047689 0
1678728136413 0.06075482518677361 0
1678728145024 0.05835184979771964 0
1678728153356 0.06697416447052403 0
1678728161271 0.060339652844017266 0
1678728169018 0.05123115169635667 0
1678728176812 0.04348640906129209 0
1678728248472 2.968772687611571 0
1678728256479 0.6981933366155242 0
1678728264207 0.23751403727304649 0
1678728272435 0.1037940319818505 0
1678728280049 0.07808636542158852 0
1678728287779 0.047449289308544515 0
1678728295559 0.028761651768470488 0
1678728303592 0.09679561267348628 0
1678728311295 0.08788833736342512 0
1678728319409 0.03784210935529549 0
1678728390505 3.145961362834033 0
1678728398313 0.7605267549606662 0
1678728406354 0.2575243455970486 0
1678728415059 0.17291623976143736 0
1678728423488 0.10418110676316879 0
1678728431230 0.06398312377020339 0
1678728439400 0.05240896780911311 0
1678728447806 0.045955971742786324 0
1678728455642 0.012909483006356342 0
1678728463614 0.03414063466858945 0
