1679278597108 3.4072584719979204 0
1679278600391 3.125196649983991 0
1679278604245 3.726132880023215 0
1679278607424 3.023279102984816 0
1679278610760 3.1962602749699727 0
1679278615075 4.18427269498352 0
1679278619398 4.180128392006736 0
1679278623869 4.3287480270373635 0
1679278627768 3.7522152680321597 0
1679278631636 3.704682683048304 0
1679278645132 5.164207993017044 0
1679278651024 5.739102213992737 0
1679278656212 5.028385786979925 0
1679278662112 5.730481819016859 0
1679278667347 5.065459450008348 0
1679278673269 5.743964054971002 0
1679278678836 5.437827007030137 0
1679278684234 5.245910773985088 0
1679278690307 5.917583503003698 0
1679278695496 5.047922997968271 0
1679278711292 5.913349732989445 0
1679278716688 5.20958809601143 0
1679278722830 5.9696854909998365 0
1679278728712 5.75446024897974 0
1679278736392 7.538826530973893 0
1679278743017 6.50543512403965 0
1679278748521 5.319123481982388 0
1679278754736 6.021402479964308 0
1679278760167 5.262907608994283 0
1679278766580 6.219527823035605 0
1679278781707 5.2553566340357065 0
1679278787793 5.8966778960311785 0
1679278793931 5.992656030983198 0
1679278799259 5.153774993028492 0
1679278805670 6.216360746999271 0
1679278811008 5.167239992995746 0
1679278817021 5.843276118976064 0
1679278822898 5.755331271968316 0
1679278828205 5.138904606981669 0
1679278834419 6.045913261012174 0
1679278850806 7.457530569052324 0
1679278857639 6.6542040259810165 0
1679278863464 5.651349669031333 0
1679278869221 5.622100817039609 0
1679278874548 5.147632436011918 0
1679278880599 5.854182711977046 0
1679278886053 5.29593935405137 0
1679278892268 6.045318131975364 0
1679278897731 5.326867615978699 0
1679278903359 5.4343299799948 0
1679278920285 6.230590176943224 0
1679278925872 5.403950100007933 0
1679278932378 6.330943237000611 0
1679278938109 5.59556122100912 0
1679278943513 5.245477688964456 0
1679278949547 5.857097381027415 0
1679278954848 5.129719052987639 0
1679278962691 7.698690224962775 0
1679278970786 7.940639900974929 0
1679278978277 7.332449153997004 0
1679278997178 7.365283226012252 0
1679279004570 7.243358681967948 0
1679279012205 7.4739127599750645 0
1679279019887 7.535153437987901 0
1679279027598 7.555409102002159 0
1679279035623 7.858213173982222 0
1679279043027 7.229061381018255 0
1679279050476 7.294532597006764 0
1679279057988 7.36039437900763 0
1679279065571 7.427702278015204 0
1679279086898 7.459151396993548 0
1679279094456 7.400072465010453 0
1679279101731 7.128839823999442 0
1679279109534 7.633591584977694 0
1679279116405 6.718407633015886 0
1679279124092 7.523559378983919 0
1679279131482 7.233690058987122 0
1679279139074 7.387001366994809 0
1679279146811 7.556194967008196 0
1679279154544 7.5780910510220565 0
1679279176139 7.5770439229672775 0
1679279184046 7.737505758006591 0
1679279190882 6.6809071470052 0
1679279198516 7.472734497976489 0
1679279206042 7.368534833949525 0
1679279213767 7.575996019993909 0
1679279221466 7.547029731038492 0
1679279229156 7.5295853490242735 0
1679279236663 7.3353552630287595 0
1679279244146 7.340365920972545 0
1679279264697 6.694579369039275 0
1679279272256 7.393845529004466 0
1679279279662 7.2318178479908966 0
1679279287342 7.476680475985631 0
1679279294819 7.317032493010629 0
1679279302496 7.524538253957871 0
1679279310062 7.400092374999076 0
1679279317848 7.621682804019656 0
1679279325274 7.257009713968728 0
1679279333237 7.7795518090133555 0
1679279353835 7.2619136910070665 0
1679279361694 7.710333613038529 0
1679279369379 7.513388525985647 0
1679279376874 7.333798961015418 0
1679279384341 7.271058949001599 0
1679279392105 7.616768311010674 0
1679279399985 7.696960020984989 0
1679279407808 7.685436013969593 0
1679279414423 6.45929134398466 0
1679279421985 7.393862425000407 0
1679279443752 7.303487742959987 0
1679279451379 7.467259763972834 0
1679279458760 7.203876870975364 0
1679279466681 7.742696064990014 0
1679279474180 7.320502154005226 0
1679279481969 7.625084686034825 0
1679279488997 6.851519103045575 0
1679279496311 7.153018973011058 0
1679279503975 7.4663419860298745 0
1679279511664 7.530057610012591 0
1679279533548 7.283306697034277 0
1679279541191 7.484493906027637 0
1679279548625 7.247905745985918 0
1679279556540 7.737682172970381 0
1679279563456 6.756212371983565 0
1679279571189 7.556190231000073 0
1679279578780 7.41259079502197 0
1679279586706 7.737552038975991 0
1679279594228 7.370303992007393 0
1679279601860 7.477931110013742 0
1679279623935 7.6460443119867705 0
1679279631589 7.47671055898536 0
1679279638363 6.607446663954761 0
1679279645805 7.287679947039578 0
1679279653452 7.4932959160069 0
1679279661037 7.395910742983688 0
1679279668846 7.5887046530260704 0
1679279676615 7.601164240972139 0
1679279684219 7.4362050970084965 0
1679279691753 7.361387262004428 0
1679279713752 7.031212428002618 0
1679279721484 7.571223173988983 0
1679279729215 7.547887296997942 0
1679279736891 7.50543545698747 0
1679279744719 7.667346948990598 0
1679279752280 7.394404345017392 0
1679279759905 7.463912177016027 0
1679279767258 7.173720737977419 0
1679279774912 7.491006835014559 0
1679279782942 7.865782012988348 0
1679279804596 7.228317515982781 0
1679279812207 7.437705653021112 0
1679279819821 7.395964757015463 0
1679279827282 7.30581875302596 0
1679279835001 7.543481344007887 0
1679279842162 6.993075863050763 0
1679279849601 7.245937668019906 0
1679279857379 7.632677140994929 0
1679279864770 7.188537838985212 0
1679279872677 7.740004650957417 0
1679279895487 7.393795618962031 0
1679279903098 7.461929477984086 0
1679279911113 7.8083227970055304 0
1679279918465 7.198156366997864 0
1679279925891 7.282977775030304 0
1679279933642 7.573612450971268 0
1679279941304 7.4840523970196955 0
1679279948101 6.610422806988936 0
1679279955466 7.194528519001324 0
1679279963192 7.56588536396157 0
1679279986334 7.362190787971485 0
1679279994110 7.5482090540463105 0
1679280002055 7.775044585985597 0
1679280009826 7.595811623963527 0
1679280017778 7.764832902001217 0
1679280024649 6.723788755014539 0
1679280032032 7.219278720964212 0
1679280039443 7.248111968045123 0
1679280046926 7.31358250399353 0
1679280054237 7.126662125985604 0
1679280077721 7.588357635017019 0
1679280085168 7.29029202501988 0
1679280092958 7.606235546991229 0
1679280100714 7.537967029958963 0
1679280108551 7.680415057984646 0
1679280116399 7.650077787984628 0
1679280123975 7.401297491975129 0
1679280131404 7.268841592012905 0
1679280139022 7.430234576982912 0
1679280146684 7.492391216976102 0
1679280170833 7.921799261006527 0
1679280178343 7.339941960002761 0
1679280185132 6.616287056996953 0
1679280192651 7.346014440990984 0
1679280200560 7.73201334301848 0
1679280208206 7.460054381983355 0
1679280215976 7.592674362997059 0
1679280223701 7.55918094899971 0
1679280231126 7.269985230988823 0
1679280238731 7.408590541977901 0
