1679854002521 58.01203303807415 0
1679854060619 57.59358939691447 0
1679854119466 58.360944668063894 0
1679854177818 57.84262373088859 0
1679854236687 58.35929731186479 0
1679854295185 57.98043809388764 0
1679854354301 58.611491340911016 0
1679854411816 57.009688545018435 0
1679854468838 56.50315124099143 0
1679854527225 57.887775185052305 0
1679854550950 7.28611842286773 0
1679854558572 7.394679190823808 0
1679854566437 7.6703794579952955 0
1679854573998 7.370536386966705 0
1679854581581 7.3948837970383465 0
1679854588961 7.170119638089091 0
1679854596504 7.351888524834067 0
1679854603982 7.284487727796659 0
1679854611518 7.349333991063759 0
1679854619264 7.556780692189932 0
1679854643232 7.62267201510258 0
1679854650852 7.400624464964494 0
1679854658838 7.787042472977191 0
1679854666541 7.502280598971993 0
1679854674173 7.447358495090157 0
1679854681806 7.435061604017392 0
1679854689597 7.597050442826003 0
1679854697627 7.814199495129287 0
1679854705502 7.6559643698856235 0
1679854713045 7.34179679187946 0
1679854737347 7.746516738086939 0
1679854745222 7.661333995871246 0
1679854752971 7.525519775925204 0
1679854760539 7.379500832175836 0
1679854768169 7.4417416620999575 0
1679854775577 7.214832879137248 0
1679854783243 7.46648416784592 0
1679854791237 7.75867405696772 0
1679854798924 7.487772206077352 0
1679854806682 7.5566481640562415 0
1679854831816 7.653640994802117 0
1679854839520 7.480143258115277 0
1679854847108 7.394367570988834 0
1679854854735 7.432455577887595 0
1679854862504 7.560903111938387 0
1679854869913 7.21604892401956 0
1679854877534 7.4076181598939 0
1679854885359 7.6059518391266465 0
1679854893054 7.453033996978775 0
1679854900717 7.454732593148947 0
1679854925927 7.4921634930651635 0
1679854933719 7.5705309610348195 0
1679854941367 7.453338626073673 0
1679854949553 7.8259109898936 0
1679854957481 7.687821165891364 0
1679854965192 7.498087459942326 0
1679854972907 7.498162938980386 0
1679854980653 7.497530424967408 0
1679854988446 7.590027779107913 0
1679854996318 7.672470614081249 0
1679855022597 7.879540197085589 0
1679855030378 7.578700958983973 0
1679855038190 7.61277186893858 0
1679855045892 7.504601653898135 0
1679855053742 7.6101593230850995 0
1679855061482 7.461298551876098 0
1679855069624 7.935919332085177 0
1679855077364 7.507634334033355 0
1679855085265 7.685075484914705 0
1679855092979 7.516860590083525 0
1679855120004 7.5884224770125 0
1679855127849 7.647225744789466 0
1679855135864 7.790127327898517 0
1679855143875 7.777598728891462 0
1679855151826 7.740753524005413 0
1679855159575 7.533704659901559 0
1679855167374 7.585039811907336 0
1679855175235 7.63276956602931 0
1679855183268 7.806440975051373 0
1679855191284 7.801748926052824 0
1679855218299 7.745392221026123 0
1679855226071 7.549110711086541 0
1679855233955 7.66787064098753 0
1679855241933 7.7515245450194925 0
1679855249675 7.50512220710516 0
1679855257579 7.657134324079379 0
1679855265352 7.550361244939268 0
1679855273300 7.7359567761886865 0
1679855281157 7.637703615007922 0
1679855288915 7.538620179053396 0
1679855317171 7.703971371054649 0
1679855325080 7.690548495855182 0
1679855332826 7.502512366045266 0
1679855340692 7.616370148025453 0
1679855348525 7.614650271134451 0
1679855356402 7.66102688992396 0
1679855364213 7.601705580018461 0
1679855372138 7.710954328998923 0
1679855379859 7.498741800896823 0
1679855387851 7.761536853853613 0
1679855415718 7.7156808050349355 0
1679855423327 7.370619431836531 0
1679855431388 7.841111480956897 0
1679855439225 7.594006499974057 0
1679855447228 7.7834769601468 0
1679855455060 7.612766465172172 0
1679855462801 7.5289036829490215 0
1679855470600 7.593656327109784 0
1679855478605 7.7787700451444834 0
1679855486560 7.729469393147156 0
1679855515826 8.176327143795788 0
1679855524224 8.174499914050102 0
1679855532531 8.019389274995774 0
1679855540396 7.6425395749975 0
1679855548283 7.654441242106259 0
1679855555934 7.429905254160985 0
1679855563815 7.615255008917302 0
1679855571685 7.657311582937837 0
1679855579577 7.6754630010109395 0
1679855587344 7.521524575073272 0
1679855616323 7.738857013871893 0
1679855624188 7.648561312817037 0
1679855632090 7.673075156984851 0
1679855640249 7.91796283912845 0
1679855647889 7.424228360876441 0
1679855655483 7.353242747019976 0
1679855663270 7.55540134315379 0
1679855671136 7.647240990074351 0
1679855679148 7.781190859153867 0
1679855687087 7.728155025048181 0
1679855716334 7.674930275883526 0
1679855724255 7.693175889085978 0
1679855732034 7.5509826759807765 0
1679855739897 7.648241530172527 0
1679855747677 7.5576616178732365 0
1679855755337 7.441317552002147 0
1679855763080 7.485999176977202 0
1679855770925 7.621326862834394 0
1679855778605 7.459663186920807 0
1679855786617 7.763966524973512 0
1679855817565 7.845584203954786 0
1679855825364 7.573659624904394 0
1679855833127 7.537514063064009 0
1679855840996 7.651647696038708 0
1679855848987 7.750854291021824 0
1679855856644 7.426271078875288 0
1679855864580 7.705673621967435 0
1679855872317 7.522805299144238 0
1679855880063 7.492698804009706 0
1679855887689 7.39869253593497 0
1679855919515 7.630736883031204 0
1679855927334 7.599996614037082 0
1679855935163 7.600231882184744 0
1679855942784 7.399982151808217 0
1679855950940 7.907260053092614 0
1679855959127 7.9408067089971155 0
1679855967029 7.68137040711008 0
1679855974822 7.520632569910958 0
1679855982722 7.675456275930628 0
1679855990536 7.549207000993192 0
1679856021936 7.664612485095859 0
1679856029851 7.636461721966043 0
1679856037919 7.8405923610553145 0
1679856046002 7.849029415054247 0
1679856053913 7.66599971591495 0
1679856061850 7.710918606957421 0
1679856069955 7.8671296439133584 0
1679856077988 7.764463954139501 0
1679856085742 7.477463508956134 0
1679856093594 7.626325227087364 0
1679856126327 7.90950547484681 0
1679856134326 7.770624242955819 0
1679856142431 7.860038419952616 0
1679856150523 7.862618607934564 0
1679856158206 7.443699781084433 0
1679856166228 7.786448240978643 0
1679856173966 7.4958951629232615 0
1679856181761 7.557971911039203 0
1679856189548 7.519354409072548 0
1679856197474 7.682667261920869 0
1679856229877 7.639462867984548 0
1679856237719 7.596883911872283 0
1679856245706 7.743733253795654 0
1679856253616 7.662067998200655 0
1679856261734 7.88502905308269 0
1679856270037 8.071796725969762 0
1679856278307 8.02486977702938 0
1679856286076 7.506820750189945 0
1679856293613 7.301213915925473 0
1679856301429 7.550172843970358 0
1679856334364 7.652112300973386 0
1679856342401 7.798651925986633 0
1679856350147 7.510085855843499 0
1679856357883 7.496242437046021 0
1679856365871 7.7588065029121935 0
1679856374004 7.889158067991957 0
1679856381894 7.635493227979168 0
1679856389706 7.570289578055963 0
1679856397629 7.63953406480141 0
1679856405670 7.784746234072372 0
