1679854002513 0.07949283656966741 0
1679854060613 0.03218339640577287 0
1679854119460 0.020849676860960058 0
1679854177810 0.01706870044912276 0
1679854236678 0.014196463871316766 0
1679854295178 0.011789253883954418 0
1679854354292 0.011608775934479764 0
1679854411808 0.008408962418453422 0
1679854468832 0.010347819307742614 0
1679854527219 0.006770153823820065 0
1679854550943 2.0098227979909433 0
1679854558563 0.06311407510350507 0
1679854566431 0.012053597702546732 0
1679854573992 0.00957673631875016 0
1679854581573 0.009767888390189527 0
1679854588955 0.01384120194929174 0
1679854596498 0.0136943900871158 0
1679854603976 0.011877689995507305 0
1679854611511 0.014721784178293187 0
1679854619258 0.00799624461071385 0
1679854643227 1.6930168226361275 0
1679854650845 0.0587810134147539 0
1679854658832 0.015651105163239042 0
1679854666534 0.014883057541354853 0
1679854674168 0.006071516204821436 0
1679854681800 0.007643765139800962 0
1679854689591 0.005198427082321264 0
1679854697620 0.0008766018562279274 0
1679854705497 0.0023563154726090082 0
1679854713039 0.0017595144783339684 0
1679854737340 2.1641586065292358 0
1679854745216 0.2007570481025859 0
1679854752963 0.09312446518605084 0
1679854760531 0.06822388193717129 0
1679854768161 0.031088324557181055 0
1679854775571 0.018699834610513215 0
1679854783235 0.016687321384884664 0
1679854791231 0.015524157839612791 0
1679854798917 0.011412438178989473 0
1679854806676 0.005095184371671884 0
1679854831811 1.9093237691803981 0
1679854839513 0.19948208773214565 0
1679854847103 0.07331960149305432 0
1679854854730 0.04138474313076586 0
1679854862497 0.019319796907764517 0
1679854869906 0.024688667025858244 0
1679854877527 0.0047087060523489 0
1679854885354 0.0026363553997821565 0
1679854893044 0.003920380659340145 0
1679854900710 0.010943664613755812 0
1679854925921 2.058837811884127 0
1679854933713 0.24495623617580062 0
1679854941358 0.10105072321664346 0
1679854949547 0.07693454274466556 0
1679854957470 0.02950149632769784 0
1679854965185 0.013589561250256864 0
1679854972898 0.012274950210274638 0
1679854980642 0.020543070556289567 0
1679854988441 0.009352165723899625 0
1679854996309 0.0064509294542643295 0
1679855022592 1.1663691352072516 0
1679855030369 0.056498138792812826 0
1679855038183 0.014702097229708574 0
1679855045885 0.013836528932810515 0
1679855053730 0.014096686581002646 0
1679855061474 0.005042399873950911 0
1679855069615 0.0011083356221206486 0
1679855077352 0.0006736874686076159 0
1679855085258 0.0003983354473204695 0
1679855092974 0.0006675362910563739 0
1679855119993 2.1881093185198934 0
1679855127843 0.24847081409473168 0
1679855135853 0.0852039470974552 0
1679855143870 0.03757866620037117 0
1679855151819 0.03713975291895239 0
1679855159566 0.020050957573479727 0
1679855167366 0.019442110325173033 0
1679855175227 0.01021610797753582 0
1679855183260 0.004847046659070704 0
1679855191278 0.04984162878337022 0
1679855218292 0.7920778406685904 0
1679855226065 0.05547869268584212 0
1679855233947 0.029512845239553012 0
1679855241926 0.021233488995839205 0
1679855249668 0.01970944592321757 0
1679855257565 0.02659328458524358 0
1679855265345 0.02068716759140922 0
1679855273292 0.01661390452737626 0
1679855281150 0.00783994499280724 0
1679855288905 0.0055262318412133025 0
1679855317160 0.8919048605045597 0
1679855325070 0.034297923670199355 0
1679855332809 0.015677381696571645 0
1679855340684 0.010667173452154536 0
1679855348518 0.005142385542306951 0
1679855356394 0.003549564949092823 0
1679855364207 0.0022659741257819786 0
1679855372128 0.0496338533827312 0
1679855379846 0.0060621273369945 0
1679855387843 0.01738160014976625 0
1679855415712 1.487386044232469 0
1679855423313 0.24035434087640362 0
1679855431378 0.11597697953938653 0
1679855439217 0.06733928197431133 0
1679855447214 0.052464635479018876 0
1679855455053 0.0176825496760246 0
1679855462794 0.019473971813721094 0
1679855470593 0.030018072607498125 0
1679855478595 0.03284583255391274 0
1679855486546 0.017203715815527463 0
1679855515820 1.6433160420311124 0
1679855524216 0.171524973743056 0
1679855532522 0.062183853013342935 0
1679855540387 0.033470963043356804 0
1679855548275 0.026631678615721237 0
1679855555919 0.021441373507810856 0
1679855563803 0.02126762777334079 0
1679855571676 0.026038340250593855 0
1679855579571 0.010102390052174757 0
1679855587332 0.03275068647604999 0
1679855616316 1.7586741127465901 0
1679855624180 0.18955471870538435 0
1679855632075 0.0763775368662257 0
1679855640242 0.03962202198546086 0
1679855647881 0.018885899178291622 0
1679855655468 0.012903602797795382 0
1679855663262 0.014363026946145845 0
1679855671128 0.021492070065792894 0
1679855679137 0.021962073437967584 0
1679855687079 0.01711823994042597 0
1679855716323 1.3965813326208214 0
1679855724247 0.11219051389121695 0
1679855732023 0.0384573477920831 0
1679855739890 0.016824615940353588 0
1679855747670 0.016048314367684436 0
1679855755330 0.028314948994298712 0
1679855763063 0.021817264992032983 0
1679855770918 0.009682112619032667 0
1679855778594 0.0014268236040247996 0
1679855786600 0.0015964256051168042 0
1679855817552 1.8703516386057202 0
1679855825355 0.3451857385274611 0
1679855833111 0.15311319576086183 0
1679855840987 0.08012002582024587 0
1679855848978 0.05138418862939273 0
1679855856633 0.03405611192513453 0
1679855864573 0.029549821555663488 0
1679855872305 0.02212404509313944 0
1679855880043 0.022280604781668732 0
1679855887674 0.010513669002868578 0
1679855919506 0.805771009888696 0
1679855927327 0.02032376317426832 0
1679855935149 0.005207265633706763 0
1679855942776 0.003098951074858441 0
1679855950933 0.0020908462167426476 0
1679855959120 0.0021435581110142124 0
1679855967022 0.0015064480245775102 0
1679855974805 0.005320971575355016 0
1679855982714 0.020264597526597514 0
1679855990526 0.017225147366269466 0
1679856021928 2.19780270394526 0
1679856029840 0.40379557201736854 0
1679856037911 0.20913594027883128 0
1679856045994 0.11622909226111676 0
1679856053905 0.06401748480275274 0
1679856061842 0.05162674905732274 0
1679856069941 0.028819548819018038 0
1679856077980 0.02292713676640568 0
1679856085733 0.032816697722668514 0
1679856093584 0.022568138999447814 0
1679856126318 1.4027288979213488 0
1679856134318 0.11102869045479517 0
1679856142423 0.05121222697443476 0
1679856150511 0.027900063101275775 0
1679856158185 0.026140104473789075 0
1679856166211 0.011293146960547586 0
1679856173958 0.017622726282264155 0
1679856181744 0.010021282768636746 0
1679856189536 0.03885806497794539 0
1679856197466 0.02523473774919311 0
1679856229861 1.8782701947187121 0
1679856237709 0.4009519806033687 0
1679856245698 0.13194018620017328 0
1679856253605 0.05804657148883531 0
1679856261726 0.02955901758059075 0
1679856270019 0.0392679166189689 0
1679856278290 0.06323431548907568 0
1679856286066 0.026309150684698437 0
1679856293605 0.02613019036790846 0
1679856301413 0.015097543791757505 0
1679856334355 2.158713798773916 0
1679856342387 0.2764203371578141 0
1679856350139 0.11335253915504405 0
1679856357874 0.04094581853745407 0
1679856365862 0.03069879297828792 0
1679856373989 0.04226544980989083 0
1679856381875 0.021923475442331676 0
1679856389694 0.01894995942405474 0
1679856397619 0.01712945154592346 0
1679856405658 0.003894665826412261 0
