1679228492391 4.423838916001841 0
1679228496848 4.323824088962283 0
1679228501415 4.419248313992284 0
1679228505639 4.087503664020915 0
1679228509918 4.149838611017913 0
1679228514071 4.014194699993823 0
1679228518572 4.340970627963543 0
1679228522957 4.242820698011201 0
1679228526917 3.8031528610154055 0
1679228531361 4.305904729990289 0
1679228547681 4.117105277022347 0
1679228551962 4.152021677989978 0
1679228556259 4.167214776040055 0
1679228560772 4.373013963981066 0
1679228565113 4.207532326981891 0
1679228569489 4.246698138013016 0
1679228573777 4.162819940014742 0
1679228578054 4.155310037953313 0
1679228582509 4.31138650001958 0
1679228587072 4.41477642202517 0
1679228602095 4.259097183996346 0
1679228606339 4.10428328695707 0
1679228610599 4.129954576957971 0
1679228614966 4.230684450012632 0
1679228619474 4.370592697989196 0
1679228623891 4.278248640999664 0
1679228628312 4.289041386975441 0
1679228632577 4.124502889986616 0
1679228636785 4.076626384980045 0
1679228641101 4.194409632007591 0
1679228659402 4.244154749030713 0
1679228663777 4.235033337958157 0
1679228668299 4.375056574004702 0
1679228672636 4.203656878031325 0
1679228676974 4.208132816012949 0
1679228681381 4.281843181990553 0
1679228685831 4.241609374992549 0
1679228690264 4.303395509021357 0
1679228694662 4.244053342961706 0
1679228699017 4.2195117470109835 0
1679228715975 4.4499884260003455 0
1679228719866 3.732794314972125 0
1679228724575 4.546719555044547 0
1679228729003 4.2837560690240934 0
1679228733469 4.330161557998508 0
1679228738279 4.6654293009778485 0
1679228742719 4.304689674987458 0
1679228746979 4.123914651980158 0
1679228751440 4.3143164640059695 0
1679228755635 4.06891704397276 0
1679228772928 4.514414280012716 0
1679228777296 4.215271687018685 0
1679228781582 4.153987158962991 0
1679228785311 3.57993882894516 0
1679228789908 4.4586347109870985 0
1679228794336 4.252763775992207 0
1679228798901 4.419927173003089 0
1679228803585 4.543238056008704 0
1679228807892 4.166880484030116 0
1679228812158 4.128886627033353 0
1679228829320 4.318455789994914 0
1679228834018 4.528488771000411 0
1679228838534 4.364000011002645 0
1679228842948 4.257756060047541 0
1679228847289 4.204201121989172 0
1679228850958 3.541782937012613 0
1679228855240 4.142278439016081 0
1679228859813 4.429743675980717 0
1679228864369 4.415787895966787 0
1679228868719 4.215517182019539 0
1679228885501 4.212468741985504 0
1679228890001 4.351622003014199 0
1679228894507 4.364845486998092 0
1679228898908 4.258535719010979 0
1679228903275 4.229832270997576 0
1679228908210 4.783688550000079 0
1679228912670 4.3032023460255004 0
1679228917013 4.196821463003289 0
1679228921546 4.390386536018923 0
1679228925893 4.219454832025804 0
1679228943017 4.4019672779832035 0
1679228947681 4.503302980971057 0
1679228952108 4.2816344480379485 0
1679228956593 4.321916452026926 0
1679228961137 4.386563776002731 0
1679228965422 4.152739902026951 0
1679228969544 3.9827170390053652 0
1679228974130 4.456733115017414 0
1679228978821 4.528628795000259 0
1679228983179 4.186761554970872 0
1679229000872 4.237416716001462 0
1679229005542 4.5201895459904335 0
1679229009990 4.3126699879649095 0
1679229014331 4.195637887984049 0
1679229018798 4.303423851029947 0
1679229023364 4.401082206051797 0
1679229027784 4.279312960046809 0
1679229032142 4.220518640009686 0
1679229036769 4.469996887957677 0
1679229041644 4.721374659973662 0
1679229058650 4.298904302006122 0
1679229063219 4.42366921302164 0
1679229067623 4.249043817049824 0
1679229072221 4.446290253021289 0
1679229076866 4.502200632006861 0
1679229081303 4.288377583026886 0
1679229085903 4.44442065898329 0
1679229090445 4.399146418028977 0
1679229094892 4.284842277003918 0
1679229099482 4.404648575000465 0
1679229117092 4.308517926023342 0
1679229121622 4.380199557985179 0
1679229126068 4.305291187018156 0
1679229130594 4.360047132999171 0
1679229134980 4.244305701984558 0
1679229139520 4.396396004012786 0
1679229143997 4.290366940025706 0
1679229148626 4.454359958006535 0
1679229152993 4.218470673018601 0
1679229157552 4.3940395370009355 0
1679229175477 4.398985587991774 0
1679229180034 4.388922155019827 0
1679229184503 4.321196132979821 0
1679229189179 4.514366518997122 0
1679229193711 4.384344532038085 0
1679229198130 4.269028392969631 0
1679229202572 4.281513758993242 0
1679229207201 4.474306380026974 0
1679229211440 4.095465248043183 0
1679229215734 4.133563596988097 0
1679229235593 4.61207537597511 0
1679229240081 4.336269425984938 0
1679229244473 4.238413030980155 0
1679229249074 4.451785659010056 0
1679229253537 4.309833391977008 0
1679229258030 4.3386925279628485 0
1679229262486 4.31933593202848 0
1679229266803 4.166975244996138 0
1679229271436 4.455578977998812 0
1679229275818 4.228340421977919 0
1679229295681 4.25029130798066 0
1679229300042 4.218478152004536 0
1679229304421 4.237458880001213 0
1679229309013 4.39283795200754 0
1679229313498 4.331979556998704 0
1679229317903 4.257366241014097 0
1679229322473 4.388084697013255 0
1679229326937 4.282925845007412 0
1679229331434 4.347222568001598 0
1679229335929 4.34867886302527 0
1679229356227 4.400668193993624 0
1679229360624 4.2501083120005205 0
1679229365170 4.388142075040378 0
1679229369641 4.3076182209770195 0
1679229374178 4.376683896000031 0
1679229378767 4.416236451012082 0
1679229383142 4.218570043973159 0
1679229387416 4.119301540020388 0
1679229391947 4.384093986998778 0
1679229396288 4.1850103519973345 0
1679229415335 3.901172166049946 0
1679229419720 4.2418816779972985 0
1679229424200 4.326491162006278 0
1679229428656 4.28791838104371 0
1679229433151 4.328332648030482 0
1679229437700 4.396588415023871 0
1679229442248 4.39306451001903 0
1679229446938 4.531325661984738 0
1679229451340 4.232329481979832 0
1679229455751 4.257179155014455 0
1679229474954 4.199450807005633 0
1679229479465 4.360408323002048 0
1679229483878 4.258614232996479 0
1679229488437 4.406923686037771 0
1679229493111 4.526400134025607 0
1679229497597 4.333359090960585 0
1679229502047 4.307528667035513 0
1679229506552 4.3245002389885485 0
1679229511071 4.360057365964167 0
1679229515496 4.268626812961884 0
1679229534963 4.36779954098165 0
1679229538919 3.794450950983446 0
1679229543309 4.235598012979608 0
1679229547711 4.258650619012769 0
1679229552255 4.412637006025761 0
1679229556827 4.411917016026564 0
1679229561390 4.410000755044166 0
1679229565998 4.439912747009657 0
1679229570531 4.380376943037845 0
1679229574880 4.196149035997223 0
1679229594580 4.208007573965006 0
1679229598789 4.027245304954704 0
1679229603553 4.611250707006548 0
1679229608305 4.586968787014484 0
1679229613079 4.61139934201492 0
1679229617656 4.399733836995438 0
1679229622102 4.284952762012836 0
1679229626536 4.288682462996803 0
1679229631013 4.320918825978879 0
1679229635532 4.3652069109957665 0
