1679228492382 0.3665750456206939 0
1679228496839 0.13683450566239508 0
1679228501407 0.0827838368040473 0
1679228505633 0.07498622840834215 0
1679228509911 0.049073879138507207 0
1679228514063 0.024138669345120434 0
1679228518563 0.06982438134796479 0
1679228522949 0.016266337014374087 0
1679228526911 0.007163107240290521 0
1679228531354 0.02746484854758498 0
1679228547673 0.5535232499880972 0
1679228551954 0.0823861615088604 0
1679228556254 0.03156448901270279 0
1679228560764 0.04803164450448308 0
1679228565106 0.0444432388724047 0
1679228569481 0.027674640029812615 0
1679228573772 0.008019572153274318 0
1679228578049 0.03007059591761265 0
1679228582503 0.028890543336969773 0
1679228587064 0.009266668661367992 0
1679228602090 1.1178977256823404 0
1679228606326 0.12282587545832582 0
1679228610591 0.07555396715635616 0
1679228614957 0.042314911260059575 0
1679228619467 0.024385314594837837 0
1679228623884 0.030603260704511366 0
1679228628306 0.047881197324992776 0
1679228632565 0.028745448895029304 0
1679228636779 0.010868793964190819 0
1679228641094 0.035332311449048005 0
1679228659397 1.532659501713865 0
1679228663767 0.2429568057916328 0
1679228668292 0.13164606390922678 0
1679228672630 0.07337472994136167 0
1679228676965 0.04741231685529426 0
1679228681374 0.04447244980895216 0
1679228685823 0.05211175369514225 0
1679228690259 0.021930618926668175 0
1679228694651 0.025537369071731948 0
1679228699011 0.01677657997360631 0
1679228715967 1.5171096089716052 0
1679228719859 0.22039775510190748 0
1679228724565 0.09091304869884077 0
1679228728995 0.06952536850711148 0
1679228733464 0.04370222684320099 0
1679228738272 0.01190877007605855 0
1679228742714 0.04731262505953839 0
1679228746973 0.04720810445609922 0
1679228751428 0.0720125143444759 0
1679228755629 0.036249321966441164 0
1679228772922 1.6848456462224324 0
1679228777288 0.31258232332766056 0
1679228781575 0.1832360833992853 0
1679228785298 0.078932872311413 0
1679228789900 0.05279140274597369 0
1679228794328 0.07308109050990977 0
1679228798892 0.03229676092536572 0
1679228803578 0.015759462671578114 0
1679228807885 0.030791148255458194 0
1679228812149 0.042199598805631934 0
1679228829312 1.5762329723905115 0
1679228834003 0.2549665532823579 0
1679228838526 0.08482800010253913 0
1679228842939 0.06814812517989718 0
1679228847280 0.04754030487988619 0
1679228850947 0.032733446078411506 0
1679228855228 0.03106591211861301 0
1679228859807 0.016634365489367423 0
1679228864361 0.04637069231545206 0
1679228868710 0.01924171740157523 0
1679228885486 1.7190255998980766 0
1679228889992 0.2531793026582283 0
1679228894500 0.12160729475355908 0
1679228898895 0.06581621695373792 0
1679228903269 0.03191445786368979 0
1679228908199 0.045257085542806295 0
1679228912655 0.019672957145695703 0
1679228917003 0.03820499235150112 0
1679228921538 0.03917127655186763 0
1679228925887 0.03907564354549144 0
1679228943007 2.161897938917665 0
1679228947671 0.3816784466890728 0
1679228952098 0.1338614995646126 0
1679228956584 0.07776804841762665 0
1679228961126 0.05488011294144991 0
1679228965412 0.04643761222570331 0
1679228969538 0.060930337229579246 0
1679228974124 0.03272269158418674 0
1679228978811 0.025001068358702184 0
1679228983170 0.01405372794811139 0
1679229000862 2.200953749172828 0
1679229005533 0.326761153033551 0
1679229009983 0.12185980808720284 0
1679229014318 0.09205085737174194 0
1679229018788 0.04484904875440121 0
1679229023356 0.03701320620865433 0
1679229027773 0.02836719054646571 0
1679229032131 0.012153933853351548 0
1679229036761 0.012861571819966604 0
1679229041637 0.031719581388946004 0
1679229058642 1.924794187148412 0
1679229063211 0.30094979896995366 0
1679229067615 0.11665414224433548 0
1679229072213 0.06574812539688804 0
1679229076859 0.06323982307952189 0
1679229081290 0.046643931506539456 0
1679229085896 0.03256179552551532 0
1679229090438 0.016111819730676692 0
1679229094885 0.03085927956457382 0
1679229099466 0.03235871274641706 0
1679229117079 2.0400718392110337 0
1679229121614 0.3897955495791108 0
1679229126061 0.1698527617069582 0
1679229130579 0.0915407589636743 0
1679229134967 0.0803433401354899 0
1679229139511 0.04752081690422332 0
1679229143990 0.032197910983015 0
1679229148614 0.021965916944192906 0
1679229152985 0.026286206850522385 0
1679229157542 0.017682221064865635 0
1679229175469 2.121249532582713 0
1679229180022 0.4742316101842067 0
1679229184496 0.1946413156521671 0
1679229189166 0.10438393584142129 0
1679229193701 0.05807112859945525 0
1679229198121 0.040751397659929064 0
1679229202559 0.04375217990223866 0
1679229207192 0.06367793637350676 0
1679229211432 0.013896266398803038 0
1679229215726 0.03647878806805238 0
1679229235582 2.1997679542092716 0
1679229240074 0.30211596095971033 0
1679229244460 0.1026540830658347 0
1679229249065 0.0702301446010596 0
1679229253529 0.044768277512333705 0
1679229258021 0.014271826653366945 0
1679229262478 0.02157655412926996 0
1679229266796 0.015637742863784262 0
1679229271420 0.04135952482636854 0
1679229275810 0.01366469053398617 0
1679229295672 1.9784653239390428 0
1679229300034 0.2795804667414403 0
1679229304413 0.08541379226189033 0
1679229309006 0.06759799059535213 0
1679229313488 0.027850530878412445 0
1679229317893 0.038212165253592986 0
1679229322462 0.023272482715957964 0
1679229326921 0.01706819551142033 0
1679229331426 0.04459738679710712 0
1679229335921 0.013783057902222864 0
1679229356218 2.0023597385369096 0
1679229360616 0.2451162243298456 0
1679229365161 0.10371303309996922 0
1679229369631 0.04658209604859425 0
1679229374167 0.026592008237653942 0
1679229378756 0.025338876213508603 0
1679229383130 0.028449609463089418 0
1679229387408 0.015008719700049637 0
1679229391939 0.027230261254789737 0
1679229396277 0.024948225029077672 0
1679229415321 1.9477756046781354 0
1679229419711 0.25561490384679214 0
1679229424184 0.10440153846809384 0
1679229428640 0.056353474558586726 0
1679229433143 0.025163726706523448 0
1679229437692 0.026996437338632804 0
1679229442232 0.038012995351535066 0
1679229446926 0.02560161694133307 0
1679229451329 0.027819027933041 0
1679229455743 0.02727158456857033 0
1679229474945 2.2474214937172685 0
1679229479457 0.3035949646842246 0
1679229483869 0.11077270453211431 0
1679229488429 0.04530854080575427 0
1679229493102 0.03689276034984847 0
1679229497587 0.019469540953401056 0
1679229502038 0.02535551234648344 0
1679229506530 0.023833049397331243 0
1679229511056 0.052344877834377045 0
1679229515484 0.031196285719702514 0
1679229534954 2.136548815989027 0
1679229538910 0.3658440357037619 0
1679229543290 0.16630574371483103 0
1679229547696 0.07684977282313447 0
1679229552246 0.03042179145667629 0
1679229556817 0.033887372661482396 0
1679229561382 0.0338454911823147 0
1679229565981 0.04528029822954433 0
1679229570522 0.04299345315609803 0
1679229574871 0.04165199223144537 0
1679229594569 2.2963598972442103 0
1679229598775 0.42642903108807173 0
1679229603544 0.15606398802871504 0
1679229608296 0.07934686780779385 0
1679229613070 0.06316588772460818 0
1679229617646 0.02672690867934851 0
1679229622093 0.034306743189089876 0
1679229626527 0.05559337255487894 0
1679229630999 0.04030502465149552 0
1679229635523 0.026053965864383487 0
