1679228492367 0.8676470588235294 0
1679228496825 0.9485294117647058 0
1679228501398 0.9721200980392157 0
1679228505622 0.9767156862745098 0
1679228509899 0.9837622549019608 0
1679228514052 0.9917279411764706 0
1679228518551 0.9849877450980392 0
1679228522938 0.9957107843137255 0
1679228526905 0.9969362745098039 0
1679228531341 0.9926470588235294 0
1679228547662 0.8924632352941176 0
1679228551941 0.9785539215686274 0
1679228556245 0.9920343137254902 0
1679228560750 0.9871323529411765 0
1679228565090 0.9886642156862745 0
1679228569466 0.9917279411764706 0
1679228573762 0.9972426470588235 0
1679228578044 0.9905024509803921 0
1679228582493 0.9920343137254902 0
1679228587052 0.9975490196078431 0
1679228602084 0.7484681372549019 0
1679228606311 0.9635416666666666 0
1679228610580 0.9751838235294118 0
1679228614946 0.9880514705882353 0
1679228619456 0.9926470588235294 0
1679228623875 0.9911151960784313 0
1679228628294 0.9874387254901961 0
1679228632553 0.991421568627451 0
1679228636767 0.9969362745098039 0
1679228641087 0.9892769607843137 0
1679228659389 0.6467524509803921 0
1679228663754 0.9243259803921569 0
1679228668279 0.9568014705882353 0
1679228672618 0.9776348039215687 0
1679228676951 0.9831495098039216 0
1679228681364 0.9886642156862745 0
1679228685813 0.9849877450980392 0
1679228690248 0.9938725490196079 0
1679228694631 0.9923406862745098 0
1679228699001 0.9947916666666666 0
1679228715955 0.6709558823529411 0
1679228719851 0.9310661764705882 0
1679228724546 0.9721200980392157 0
1679228728983 0.9788602941176471 0
1679228733453 0.9871323529411765 0
1679228738261 0.9969362745098039 0
1679228742706 0.9883578431372549 0
1679228746963 0.9840686274509803 0
1679228751415 0.9791666666666666 0
1679228755619 0.991421568627451 0
1679228772909 0.6167279411764706 0
1679228777277 0.8998161764705882 0
1679228781564 0.9417892156862745 0
1679228785285 0.9788602941176471 0
1679228789887 0.9846813725490197 0
1679228794316 0.9776348039215687 0
1679228798881 0.9889705882352942 0
1679228803565 0.9960171568627451 0
1679228807873 0.9889705882352942 0
1679228812137 0.9862132352941176 0
1679228829298 0.6501225490196079 0
1679228833982 0.9227941176470589 0
1679228838516 0.9733455882352942 0
1679228842925 0.9813112745098039 0
1679228847267 0.9862132352941176 0
1679228850937 0.9886642156862745 0
1679228855214 0.9908088235294118 0
1679228859795 0.9947916666666666 0
1679228864350 0.9849877450980392 0
1679228868697 0.9947916666666666 0
1679228885474 0.6295955882352942 0
1679228889978 0.9280024509803921 0
1679228894488 0.9632352941176471 0
1679228898882 0.9813112745098039 0
1679228903259 0.9911151960784313 0
1679228908183 0.9895833333333334 0
1679228912640 0.9947916666666666 0
1679228916988 0.9901960784313726 0
1679228921525 0.9883578431372549 0
1679228925877 0.9901960784313726 0
1679228942994 0.5174632352941176 0
1679228947659 0.8841911764705882 0
1679228952084 0.9613970588235294 0
1679228956570 0.9751838235294118 0
1679228961114 0.9813112745098039 0
1679228965403 0.9862132352941176 0
1679228969529 0.9813112745098039 0
1679228974115 0.9895833333333334 0
1679228978795 0.9947916666666666 0
1679228983161 0.9957107843137255 0
1679229000849 0.5640318627450981 0
1679229005519 0.9028799019607843 0
1679229009972 0.9629289215686274 0
1679229014305 0.9708946078431373 0
1679229018777 0.9871323529411765 0
1679229023345 0.9886642156862745 0
1679229027754 0.9932598039215687 0
1679229032118 0.9966299019607843 0
1679229036748 0.9972426470588235 0
1679229041627 0.9905024509803921 0
1679229058629 0.5640318627450981 0
1679229063202 0.9102328431372549 0
1679229067604 0.9653799019607843 0
1679229072198 0.9788602941176471 0
1679229076852 0.9825367647058824 0
1679229081277 0.9868259803921569 0
1679229085886 0.9911151960784313 0
1679229090427 0.9957107843137255 0
1679229094873 0.9905024509803921 0
1679229099451 0.9926470588235294 0
1679229117064 0.5692401960784313 0
1679229121601 0.8783700980392157 0
1679229126050 0.9488357843137255 0
1679229130561 0.9718137254901961 0
1679229134953 0.9767156862745098 0
1679229139499 0.9856004901960784 0
1679229143981 0.9892769607843137 0
1679229148596 0.9932598039215687 0
1679229152973 0.9917279411764706 0
1679229157529 0.9941789215686274 0
1679229175457 0.5294117647058824 0
1679229180005 0.8541666666666666 0
1679229184488 0.9396446078431373 0
1679229189153 0.9684436274509803 0
1679229193691 0.9810049019607843 0
1679229198108 0.9883578431372549 0
1679229202547 0.9859068627450981 0
1679229207181 0.9822303921568627 0
1679229211421 0.9957107843137255 0
1679229215713 0.9886642156862745 0
1679229235571 0.5214460784313726 0
1679229240065 0.914828431372549 0
1679229244447 0.9681372549019608 0
1679229249052 0.9779411764705882 0
1679229253521 0.9868259803921569 0
1679229258008 0.9963235294117647 0
1679229262467 0.992953431372549 0
1679229266786 0.9954044117647058 0
1679229271404 0.9905024509803921 0
1679229275798 0.9947916666666666 0
1679229295659 0.5762867647058824 0
1679229300026 0.9145220588235294 0
1679229304402 0.9761029411764706 0
1679229308998 0.9764093137254902 0
1679229313477 0.992953431372549 0
1679229317879 0.9892769607843137 0
1679229322442 0.9923406862745098 0
1679229326902 0.9944852941176471 0
1679229331415 0.9868259803921569 0
1679229335910 0.9969362745098039 0
1679229356204 0.6017156862745098 0
1679229360605 0.9240196078431373 0
1679229365149 0.96875 0
1679229369618 0.9880514705882353 0
1679229374153 0.9935661764705882 0
1679229378735 0.9898897058823529 0
1679229383118 0.9908088235294118 0
1679229387398 0.9960171568627451 0
1679229391928 0.9901960784313726 0
1679229396255 0.991421568627451 0
1679229415304 0.5842524509803921 0
1679229419700 0.9215686274509803 0
1679229424169 0.9724264705882353 0
1679229428623 0.9852941176470589 0
1679229433130 0.992953431372549 0
1679229437683 0.9917279411764706 0
1679229442220 0.9898897058823529 0
1679229446910 0.991421568627451 0
1679229451313 0.992953431372549 0
1679229455731 0.9941789215686274 0
1679229474934 0.5067401960784313 0
1679229479449 0.9090073529411765 0
1679229483856 0.9669117647058824 0
1679229488414 0.9868259803921569 0
1679229493089 0.9908088235294118 0
1679229497575 0.9950980392156863 0
1679229502026 0.991421568627451 0
1679229506510 0.9932598039215687 0
1679229511044 0.984375 0
1679229515472 0.9889705882352942 0
1679229534945 0.5477941176470589 0
1679229538897 0.8903186274509803 0
1679229543275 0.9488357843137255 0
1679229547685 0.9776348039215687 0
1679229552238 0.9908088235294118 0
1679229556802 0.9905024509803921 0
1679229561371 0.9895833333333334 0
1679229565967 0.9871323529411765 0
1679229570510 0.9856004901960784 0
1679229574859 0.9898897058823529 0
1679229594554 0.4791666666666667 0
1679229598762 0.866421568627451 0
1679229603532 0.9491421568627451 0
1679229608284 0.9776348039215687 0
1679229613056 0.9813112745098039 0
1679229617634 0.9920343137254902 0
1679229622081 0.9874387254901961 0
1679229626515 0.9840686274509803 0
1679229630976 0.9852941176470589 0
1679229635511 0.9935661764705882 0
