1679815798971 58.08237816696055 0
1679815857191 57.70095693995245 0
1679815916498 58.78675082908012 0
1679815974395 57.38781815103721 0
1679816032163 57.247500895056874 0
1679816090171 57.494994584005326 0
1679816148926 58.26480813801754 0
1679816206982 57.53455648198724 0
1679816265679 58.199845621944405 0
1679816324312 58.131994602968916 0
1679816344334 4.711410585907288 0
1679816349169 4.650383725995198 0
1679816353941 4.584380137966946 0
1679816358723 4.591696528950706 0
1679816363585 4.638045097934082 0
1679816368355 4.5793710220605135 0
1679816373288 4.737407902954146 0
1679816378066 4.581125975004397 0
1679816383010 4.754146125051193 0
1679816387879 4.679314334993251 0
1679816407792 4.686853869003244 0
1679816412586 4.596734824939631 0
1679816417394 4.602804252062924 0
1679816422238 4.654338423977606 0
1679816426920 4.4663622139487416 0
1679816431756 4.625287531060167 0
1679816436679 4.718776197987609 0
1679816441548 4.672962940996513 0
1679816446376 4.630898636998609 0
1679816451218 4.651236088015139 0
1679816471729 4.761412066989578 0
1679816476626 4.678014790988527 0
1679816481552 4.720394477015361 0
1679816486395 4.645706161041744 0
1679816491177 4.58529095700942 0
1679816495857 4.44520152406767 0
1679816500829 4.776721220929176 0
1679816505629 4.604728699079715 0
1679816510484 4.653710896032862 0
1679816515338 4.647138257976621 0
1679816536111 4.788811334990896 0
1679816540987 4.667904837988317 0
1679816545866 4.651690826984122 0
1679816550929 4.843756538000889 0
1679816555974 4.832440344966017 0
1679816560916 4.740499519975856 0
1679816565902 4.769173931097612 0
1679816571066 4.965578844072297 0
1679816575964 4.682253030943684 0
1679816580898 4.7336981010157615 0
1679816602609 4.805324700078927 0
1679816607742 4.9208160259295255 0
1679816612562 4.613836941076443 0
1679816617505 4.740643140976317 0
1679816622445 4.725595328956842 0
1679816627277 4.631178490933962 0
1679816632232 4.752202323055826 0
1679816637270 4.850835099001415 0
1679816642323 4.85243604297284 0
1679816647284 4.72814244905021 0
1679816670112 4.922364776022732 0
1679816675401 5.076197045040317 0
1679816680254 4.643149198032916 0
1679816685175 4.71343456604518 0
1679816690318 4.936980267986655 0
1679816695321 4.783801248995587 0
1679816700273 4.740920788957737 0
1679816705202 4.71308906795457 0
1679816710279 4.858395750983618 0
1679816715139 4.6685422050068155 0
1679816737670 4.699332321994007 0
1679816742580 4.6973884019535035 0
1679816747623 4.832571659935638 0
1679816752675 4.84404034097679 0
1679816757644 4.761284093023278 0
1679816762671 4.815628637094051 0
1679816767650 4.779675403027795 0
1679816772595 4.733468962018378 0
1679816777546 4.748394478927366 0
1679816782413 4.660321132047102 0
1679816806198 4.814116497989744 0
1679816811248 4.837918171077035 0
1679816816585 5.135017046006396 0
1679816822043 5.243263876996934 0
1679816827530 5.25651465903502 0
1679816832729 4.978058425011113 0
1679816837159 4.214907602989115 0
1679816842295 4.933791254996322 0
1679816847332 4.821786921937019 0
1679816852265 4.69679300498683 0
1679816876101 4.75964824098628 0
1679816881061 4.7486782759660855 0
1679816886044 4.783343309070915 0
1679816891011 4.758625964052044 0
1679816896148 4.923884121002629 0
1679816901070 4.705341516062617 0
1679816906105 4.818626691005193 0
1679816911225 4.900105498032644 0
1679816916280 4.848400693037547 0
1679816921488 4.992261801962741 0
1679816945906 4.897485377034172 0
1679816951000 4.87986910098698 0
1679816956018 4.816470405086875 0
1679816961100 4.876990505959839 0
1679816966048 4.744229748961516 0
1679816971132 4.875644610961899 0
1679816976138 4.789474991033785 0
1679816981176 4.807332181953825 0
1679816986270 4.882417629938573 0
1679816991351 4.8297116530593485 0
1679817016307 4.879863726906478 0
1679817021408 4.873966373037547 0
1679817026449 4.8177634089952335 0
1679817031601 4.927424215013161 0
1679817036730 4.920321491081268 0
1679817041745 4.806913156062365 0
1679817046836 4.870589989004657 0
1679817051918 4.862363300984725 0
1679817057016 4.864611371071078 0
1679817062039 4.7829934320179746 0
1679817088014 4.910475261043757 0
1679817093102 4.858152678003535 0
1679817098139 4.808491864940152 0
1679817103198 4.846609696978703 0
1679817108362 4.9450845469255 0
1679817113565 4.981316529912874 0
1679817118666 4.880151240970008 0
1679817123976 5.085024079075083 0
1679817128991 4.795862745959312 0
1679817134119 4.900118598015979 0
1679817160668 4.838284548022784 0
1679817165774 4.8900050420779735 0
1679817170948 4.947951221955009 0
1679817176052 4.893614282947965 0
1679817181116 4.836885235039517 0
1679817186196 4.860739607014693 0
1679817191385 4.930846227915026 0
1679817196744 5.13056305795908 0
1679817201910 4.9200711799785495 0
1679817206896 4.764748699963093 0
1679817233571 4.892848400049843 0
1679817238789 4.966667087981477 0
1679817244024 5.017021390027367 0
1679817249060 4.794727782951668 0
1679817254146 4.856287091039121 0
1679817259246 4.874620646005496 0
1679817264435 4.932088025962003 0
1679817269733 5.066014037001878 0
1679817274741 4.77503879298456 0
1679817279808 4.8283116209786385 0
1679817307255 4.870550744002685 0
1679817312475 4.993846914032474 0
1679817317822 5.119640882010572 0
1679817322985 4.946819576085545 0
1679817328097 4.881119327037595 0
1679817333119 4.779171768925153 0
1679817338207 4.8533116119215265 0
1679817343519 5.081334781018086 0
1679817348709 4.946103829075582 0
1679817353949 5.007155145984143 0
1679817383340 4.924707312020473 0
1679817388489 4.918964550015517 0
1679817393732 4.999958198983222 0
1679817398838 4.868968986091204 0
1679817403868 4.781053629005328 0
1679817408990 4.876364959985949 0
1679817414109 4.871101820026524 0
1679817419444 5.101932506076992 0
1679817424669 4.996199860936031 0
1679817429873 4.909180724993348 0
1679817459026 4.945772809092887 0
1679817464347 5.080543769989163 0
1679817469516 4.940015116939321 0
1679817474834 5.073605917976238 0
1679817480058 5.005365582066588 0
1679817485378 5.0860276799649 0
1679817490425 4.786193842999637 0
1679817495660 5.008283847942948 0
1679817501002 5.074278734973632 0
1679817506121 4.857292152009904 0
1679817535150 4.918510040966794 0
1679817540401 5.015909873996861 0
1679817545674 5.032912541064434 0
1679817550949 5.037121669971384 0
1679817556284 5.098253895994276 0
1679817561606 5.08812430803664 0
1679817566737 4.880982028087601 0
1679817571926 4.955125274020247 0
1679817577080 4.914599207928404 0
1679817582124 4.828874264960177 0
1679817612449 4.9014448610832915 0
1679817617724 5.027970680966973 0
1679817622866 4.908156289020553 0
1679817628199 5.08615839399863 0
1679817633464 5.0102973179891706 0
1679817638608 4.87767924007494 0
1679817643948 5.088556976988912 0
1679817649087 4.910971952020191 0
1679817654273 4.955978179932572 0
1679817659506 4.985229673911817 0
