1671611280244 0.3630500078618871 0
1671611282961 0.11904442324630742 0
1671611285606 0.05644868409497697 0
1671611288360 0.04989981296478776 0
1671611291114 0.04381468033397067 0
1671611434163 0.710327246932882 0
1671611437258 0.14634730835458004 0
1671611440312 0.07922823146169208 0
1671611443484 0.0465470701779464 0
1671611446638 0.03629554041122245 0
1671611578218 0.549569734254577 0
1671611581280 0.10086010965654009 0
1671611584362 0.04805329684778376 0
1671611587778 0.04694935592640952 0
1671611590860 0.03676485280928551 0
1671611720038 0.49982627073432745 0
1671611723135 0.08688210681846532 0
1671611726571 0.04869229193162397 0
1671611729775 0.036356444079251565 0
1671611733245 0.03343539939031685 0
1671611874659 0.4993838283301935 0
1671611877901 0.0886304457615868 0
1671611881228 0.039415828589202895 0
1671611884543 0.03674895034748795 0
1671611887993 0.023713534703106314 0
1671612032148 0.5809682656180721 0
1671612035581 0.0653607466538992 0
1671612038832 0.03779875308961653 0
1671612042102 0.03726433418420968 0
1671612045301 0.014403826024803718 0
1671612181344 0.5660924060305138 0
1671612184649 0.04959980439101572 0
1671612188018 0.027100823221879993 0
1671612191342 0.0183436127695889 0
1671612194858 0.019567702406846785 0
1671612334335 0.6407052331680478 0
1671612337599 0.06948935951608814 0
1671612340955 0.021482427418544926 0
1671612344441 0.04429801354385303 0
1671612347833 0.019624030306461693 0
1671612493043 0.5140162013101831 0
1671612496168 0.05680991143449302 0
1671612499341 0.022965682980827976 0
1671612502687 0.01838131700020395 0
1671612505856 0.01852232300136807 0
1671612648629 0.46767811465917664 0
1671612651798 0.016830677542754885 0
1671612655081 0.02109659019895722 0
1671612658335 0.009829045633304459 0
1671612661520 0.003223261275997391 0
1671612810985 0.7339428406572832 0
1671612814318 0.041124897737246924 0
1671612817460 0.016521129414717086 0
1671612820560 0.0031323382826773665 0
1671612823773 0.003364908445644802 0
1671612968887 0.8675632159755331 0
1671612972343 0.06395809583155189 0
1671612975540 0.018278206605979303 0
1671612978777 0.011453159857886624 0
1671612981947 0.011081682648981793 0
1671613129416 0.6665689441811233 0
1671613132596 0.03480635352434814 0
1671613135672 0.019949920844256428 0
1671613139031 0.014596408841887907 0
1671613142176 0.007170723066778681 0
1671613286785 0.6809846383309004 0
1671613289999 0.04232695499902945 0
1671613293112 0.018083792419956012 0
1671613296748 0.007385062165683523 0
1671613299949 0.0009495239705238539 0
1671613435162 0.6829147297055472 0
1671613438256 0.050434267667370726 0
1671613441586 0.029356878945612834 0
1671613444748 0.016239823550257118 0
1671613447918 0.004890457700217652 0
1671613589411 0.5855559403260894 0
1671613592698 0.03237792958392786 0
1671613595876 0.014658077610597287 0
1671613599055 0.005673068707159913 0
1671613602256 0.012827619574718892 0
1671613743839 0.7411345334755409 0
1671613747305 0.044315103885361175 0
1671613750662 0.025307777317778606 0
1671613753819 0.029060749378349 0
1671613757050 0.009131001992577813 0
1671613898443 0.7943611226640005 0
1671613901859 0.04220312830343429 0
1671613905163 0.02016782319787144 0
1671613908584 0.0038974867529077083 0
1671613911931 0.0023279521795798452 0
1671614054216 0.7237640338853624 0
1671614057824 0.07880075964727211 0
1671614061151 0.03119792581681403 0
1671614064703 0.016348939178262696 0
1671614068151 0.011652559845083926 0
1671614208564 0.6508749695205281 0
1671614212069 0.023069080730936158 0
1671614215516 0.018431409925469638 0
1671614218935 0.00613492337651216 0
1671614222523 0.006685387079677125 0
