1671611280229 0.8705452330185806 0
1671611282957 0.9597928723728297 0
1671611285590 0.9811148339932988 0
1671611288344 0.9838562290587877 0
1671611291098 0.9872068230277186 0
1671611434147 0.7832539904788575 0
1671611437242 0.9501540184822179 0
1671611440308 0.9764771772612714 0
1671611443480 0.9865583870064407 0
1671611446622 0.9893587230467656 0
1671611578201 0.8364603752450294 0
1671611581264 0.965275833099972 0
1671611584346 0.9840380845701484 0
1671611587762 0.9854382525903108 0
1671611590844 0.9893587230467656 0
1671611720033 0.8454214505740689 0
1671611723119 0.9742369084290115 0
1671611726555 0.9829179501540185 0
1671611729770 0.990758891066928 0
1671611733229 0.9904788574628955 0
1671611874643 0.8608232987958555 0
1671611877885 0.9691963035564267 0
1671611881224 0.9885186222346681 0
1671611884526 0.9885186222346681 0
1671611887988 0.9938392607112854 0
1671612032144 0.8479417530103612 0
1671612035577 0.9809577149257911 0
1671612038827 0.9871184542145057 0
1671612042085 0.9887986558387006 0
1671612045284 0.9960795295435452 0
1671612181327 0.8353402408288995 0
1671612184632 0.982077849341921 0
1671612188001 0.9904788574628955 0
1671612191326 0.9941192943153179 0
1671612194841 0.9941192943153179 0
1671612334318 0.8199383926071129 0
1671612337594 0.9761971436572389 0
1671612340950 0.9941192943153179 0
1671612344436 0.990758891066928 0
1671612347816 0.9946793615233828 0
1671612493037 0.8423410809297116 0
1671612496151 0.9778773452814338 0
1671612499324 0.9935592271072529 0
1671612502670 0.9941192943153179 0
1671612505849 0.9935592271072529 0
1671612648612 0.9017082049845981 0
1671612651781 0.9946793615233828 0
1671612655065 0.9946793615233828 0
1671612658318 0.9983197983758051 0
1671612661502 0.9991598991879026 0
1671612810980 0.8118174180901708 0
1671612814301 0.9890786894427331 0
1671612817442 0.9957994959395128 0
1671612820554 0.9997199663959675 0
1671612823756 0.9991598991879026 0
1671612968881 0.7591711005320638 0
1671612972326 0.9815177821338561 0
1671612975523 0.9943993279193504 0
1671612978771 0.9969196303556427 0
1671612981930 0.9966395967516102 0
1671613129399 0.8291795015401848 0
1671613132579 0.9904788574628955 0
1671613135654 0.9941192943153179 0
1671613139014 0.9946793615233828 0
1671613142158 0.9977597311677401 0
1671613286767 0.8504620554466537 0
1671613289982 0.9879585550266032 0
1671613293094 0.9957994959395128 0
1671613296730 0.9985998319798376 0
1671613299931 1.0 0
1671613435144 0.8232987958555027 0
1671613438238 0.9840380845701484 0
1671613441565 0.9904788574628955 0
1671613444730 0.9946793615233828 0
1671613447900 0.9988798655838701 0
1671613589393 0.859983197983758 0
1671613592680 0.991318958274993 0
1671613595869 0.9955194623354803 0
1671613599038 0.9985998319798376 0
1671613602238 0.9952394287314478 0
1671613743821 0.78353402408289 0
1671613747287 0.9857182861943433 0
1671613750655 0.9910389246709606 0
1671613753801 0.990758891066928 0
1671613757043 0.9980397647717726 0
1671613898435 0.8028563427611314 0
1671613901841 0.9862783534024083 0
1671613905145 0.9921590590870905 0
1671613908566 0.9988798655838701 0
1671613911913 0.999439932791935 0
1671614054198 0.8070568468216186 0
1671614057806 0.9764771772612714 0
1671614061133 0.9904788574628955 0
1671614064685 0.9946793615233828 0
1671614068132 0.9957994959395128 0
1671614208545 0.8510221226547185 0
1671614212051 0.992439092691123 0
1671614215497 0.9941192943153179 0
1671614218917 0.9980397647717726 0
1671614222505 0.9983197983758051 0
