1679980320284 0.7948188654357388 0
1679980324443 0.1289056887429568 0
1679980328493 0.060147648226589925 0
1679980332643 0.02120613192598666 0
1679980336740 0.013886093623906134 0
1679980340869 0.009487587665658324 0
1679980344714 0.006288624945051608 0
1679980348820 0.007184634582259723 0
1679980352918 0.006887890011703055 0
1679980356984 0.003656015855320279 0
1679980384125 1.2003490232652234 0
1679980388660 0.31944424779184405 0
1679980393137 0.11966083619383074 0
1679980397709 0.05490379187188322 0
1679980402055 0.026377957254167524 0
1679980406565 0.01574267173606542 0
1679980411154 0.011237067102845158 0
1679980415745 0.008546813293510386 0
1679980420235 0.00652466127235863 0
1679980424786 0.006482042742127012 0
1679980451225 1.5501901228581705 0
1679980456078 0.4956456800141642 0
1679980460811 0.18676454477733181 0
1679980465538 0.07251313905562123 0
1679980470323 0.03750925389448962 0
1679980475202 0.01952929368182536 0
1679980479855 0.014359924671871046 0
1679980484441 0.010009448930260635 0
1679980489141 0.0093101222357232 0
1679980493835 0.00835768464622238 0
1679980521893 1.7100589063859755 0
1679980526669 0.5937395182348066 0
1679980531403 0.20658224568732322 0
1679980536238 0.07910560840560545 0
1679980541084 0.043579274743434884 0
1679980545976 0.024589967268008377 0
1679980550901 0.01842660431359564 0
1679980555700 0.012040902616366023 0
1679980560595 0.01125304314923743 0
1679980565369 0.011237385588878344 0
1679980595401 1.848495292086755 0
1679980600474 0.637673294351947 0
1679980605497 0.2305359251556858 0
1679980610459 0.0805282115695938 0
1679980615512 0.043033526459288214 0
1679980620464 0.025387466524637515 0
1679980625479 0.01895506744227943 0
1679980630492 0.01369496721834425 0
1679980635500 0.011176540482518893 0
1679980640481 0.010446526928834857 0
1679980671811 1.9242273319152094 0
1679980676973 0.6669901450795512 0
1679980682008 0.21471062206452893 0
1679980687092 0.06871747961568256 0
1679980692211 0.032490360250155774 0
1679980697380 0.022520329142289776 0
1679980702359 0.016890836804504355 0
1679980707550 0.01295738386350774 0
1679980712660 0.010454634005474228 0
1679980717726 0.008457883324984821 0
1679980751301 1.9885785406635654 0
1679980756470 0.7320656757200917 0
1679980761762 0.23569869201990865 0
1679980767020 0.0715923493788127 0
1679980772295 0.03761196792906811 0
1679980777440 0.022579285736766555 0
1679980782719 0.02083092963232869 0
1679980787991 0.011669883940128549 0
1679980793299 0.011687488250073886 0
1679980798486 0.0075332098978481464 0
1679980833791 2.0195991685313563 0
1679980839202 0.7281010766183177 0
1679980844630 0.2139363987070899 0
1679980849959 0.07354535114380621 0
1679980855445 0.03491815561128239 0
1679980860847 0.02469898296159602 0
1679980866237 0.017475366036617947 0
1679980871453 0.014056377721229387 0
1679980876842 0.012567230830750158 0
1679980882248 0.008884326475972851 0
1679980919506 2.042599581903027 0
1679980925173 0.7082792751250728 0
1679980930763 0.2069310147555605 0
1679980936357 0.07885202909669568 0
1679980941954 0.03706440994996698 0
1679980947475 0.021497899681449897 0
1679980953044 0.015771745538879788 0
1679980958555 0.011392883490771055 0
1679980964222 0.009421394972671424 0
1679980969628 0.008374544885760594 0
1679981008980 2.0644970132458593 0
1679981014573 0.7157630458954842 0
1679981020075 0.21294443934194504 0
1679981025712 0.06896815433978074 0
1679981031292 0.03314675871402987 0
1679981036738 0.022540473198938753 0
1679981042416 0.020357286993173823 0
1679981047921 0.013129533058212649 0
1679981053330 0.01081657709343539 0
1679981059020 0.00951315494509594 0
1679981100260 2.096241527988065 0
1679981106119 0.738192385723514 0
1679981111837 0.21587072589224385 0
1679981117649 0.0765811733060306 0
1679981123375 0.039136267086911584 0
1679981129101 0.02249050452824562 0
1679981134820 0.015157201282319522 0
1679981140738 0.012924637299992384 0
1679981146509 0.010645349123214761 0
1679981152221 0.010680385219353822 0
1679981195587 2.0948932747687063 0
1679981201415 0.7310419717142659 0
1679981207271 0.2121488796847482 0
1679981213129 0.0683958773170748 0
1679981219092 0.03801600552434402 0
1679981225037 0.024175291956071893 0
1679981230970 0.01899493315948113 0
1679981236631 0.012692857894205278 0
1679981242524 0.012047849723228043 0
1679981248344 0.00926270857528453 0
1679981293706 2.1086405284943117 0
1679981299821 0.7404447572846566 0
1679981305931 0.2292917367191084 0
1679981311958 0.08211230162170625 0
1679981318020 0.03898859455160076 0
1679981324152 0.023405879946245302 0
1679981330211 0.018675197328951572 0
1679981336359 0.012703914968897738 0
1679981342410 0.01140308809737044 0
1679981348416 0.00955137746378539 0
1679981396089 2.1345887857098735 0
1679981402467 0.7469873952288781 0
1679981408543 0.22321003987904517 0
1679981414492 0.07783617734188034 0
1679981420577 0.03821308835740051 0
1679981426641 0.021743538158555186 0
1679981432791 0.017630791516914483 0
1679981438768 0.01447618149611498 0
1679981444875 0.011784096173341236 0
1679981451081 0.010236076529948943 0
1679981500890 2.120495634694253 0
1679981507123 0.7226084009293587 0
1679981513389 0.2095750945229684 0
1679981519561 0.07385678679472016 0
1679981525733 0.03606551344836912 0
1679981531898 0.025429108991257606 0
1679981538287 0.015034109023549864 0
1679981544721 0.016155696151057077 0
1679981550985 0.010668512369926659 0
1679981557095 0.00815575972064248 0
1679981609210 2.1261664744346374 0
1679981615606 0.7139906897660224 0
1679981621996 0.21499762287543667 0
1679981628292 0.07643219651353936 0
1679981634822 0.037747989153309215 0
1679981641062 0.025737460927977678 0
1679981647491 0.01784959228168572 0
1679981653979 0.013313962439555795 0
1679981660227 0.011892491065326237 0
1679981666582 0.009670933682261216 0
