1679980320271 0.7631048387096774 0
1679980324423 0.9627016129032258 0
1679980328474 0.9868951612903226 0
1679980332631 0.9994959677419355 0
1679980336735 0.9994959677419355 0
1679980340851 1.0 0
1679980344696 1.0 0
1679980348802 0.9994959677419355 0
1679980352904 1.0 0
1679980356972 1.0 0
1679980384113 0.6118951612903226 0
1679980388646 0.9022177419354839 0
1679980393126 0.9808467741935484 0
1679980397696 0.9934475806451613 0
1679980402043 0.9994959677419355 0
1679980406552 0.9994959677419355 0
1679980411136 1.0 0
1679980415726 1.0 0
1679980420224 1.0 0
1679980424766 1.0 0
1679980451211 0.4838709677419355 0
1679980456056 0.8598790322580645 0
1679980460800 0.9642137096774194 0
1679980465527 0.9899193548387096 0
1679980470311 0.9974798387096774 0
1679980475190 0.9994959677419355 0
1679980479844 1.0 0
1679980484428 1.0 0
1679980489126 0.9994959677419355 0
1679980493823 1.0 0
1679980521881 0.4405241935483871 0
1679980526657 0.8351814516129032 0
1679980531393 0.9601814516129032 0
1679980536217 0.9944556451612904 0
1679980541073 0.9954637096774194 0
1679980545966 0.9984879032258065 0
1679980550889 0.9994959677419355 0
1679980555684 0.9994959677419355 0
1679980560583 0.9994959677419355 0
1679980565352 0.9994959677419355 0
1679980595390 0.39314516129032256 0
1679980600457 0.8261088709677419 0
1679980605486 0.9606854838709677 0
1679980610447 0.9914314516129032 0
1679980615495 0.9974798387096774 0
1679980620452 0.998991935483871 0
1679980625467 1.0 0
1679980630479 0.998991935483871 0
1679980635488 0.9994959677419355 0
1679980640469 0.9994959677419355 0
1679980671800 0.3503024193548387 0
1679980676959 0.8301411290322581 0
1679980682002 0.9627016129032258 0
1679980687083 0.9969758064516129 0
1679980692202 0.998991935483871 0
1679980697368 1.0 0
1679980702347 0.9994959677419355 0
1679980707537 1.0 0
1679980712649 1.0 0
1679980717714 1.0 0
1679980751281 0.34274193548387094 0
1679980756459 0.796875 0
1679980761751 0.9571572580645161 0
1679980767008 0.9964717741935484 0
1679980772286 0.998991935483871 0
1679980777431 1.0 0
1679980782708 1.0 0
1679980787978 1.0 0
1679980793283 1.0 0
1679980798477 1.0 0
1679980833778 0.3245967741935484 0
1679980839179 0.8079637096774194 0
1679980844609 0.9717741935483871 0
1679980849946 0.9969758064516129 0
1679980855437 0.9994959677419355 0
1679980860836 0.9994959677419355 0
1679980866219 1.0 0
1679980871435 0.9994959677419355 0
1679980876822 1.0 0
1679980882235 1.0 0
1679980919494 0.31955645161290325 0
1679980925163 0.8150201612903226 0
1679980930752 0.9667338709677419 0
1679980936346 0.9944556451612904 0
1679980941941 0.9974798387096774 0
1679980947457 1.0 0
1679980953031 1.0 0
1679980958536 1.0 0
1679980964207 1.0 0
1679980969616 1.0 0
1679981008961 0.3130040322580645 0
1679981014562 0.8235887096774194 0
1679981020063 0.9702620967741935 0
1679981025700 0.9969758064516129 0
1679981031279 0.9984879032258065 0
1679981036720 1.0 0
1679981042405 1.0 0
1679981047903 1.0 0
1679981053307 1.0 0
1679981059009 1.0 0
1679981100239 0.2903225806451613 0
1679981106103 0.8069556451612904 0
1679981111825 0.9758064516129032 0
1679981117637 0.9949596774193549 0
1679981123353 0.998991935483871 0
1679981129079 0.9994959677419355 0
1679981134801 1.0 0
1679981140723 1.0 0
1679981146487 1.0 0
1679981152209 1.0 0
1679981195569 0.2872983870967742 0
1679981201403 0.8210685483870968 0
1679981207260 0.9672379032258065 0
1679981213107 0.9979838709677419 0
1679981219077 0.9984879032258065 0
1679981225010 1.0 0
1679981230957 0.9994959677419355 0
1679981236613 1.0 0
1679981242503 1.0 0
1679981248322 1.0 0
1679981293694 0.2903225806451613 0
1679981299804 0.8084677419354839 0
1679981305914 0.9611895161290323 0
1679981311934 0.9954637096774194 0
1679981317996 0.9994959677419355 0
1679981324136 1.0 0
1679981330192 1.0 0
1679981336342 1.0 0
1679981342386 1.0 0
1679981348403 1.0 0
1679981396077 0.2847782258064516 0
1679981402449 0.8009072580645161 0
1679981408529 0.9712701612903226 0
1679981414471 0.9954637096774194 0
1679981420565 0.998991935483871 0
1679981426618 1.0 0
1679981432772 1.0 0
1679981438754 1.0 0
1679981444862 0.9994959677419355 0
1679981451069 1.0 0
1679981500874 0.28881048387096775 0
1679981507104 0.8140120967741935 0
1679981513375 0.9692540322580645 0
1679981519547 0.9979838709677419 0
1679981525712 0.9994959677419355 0
1679981531883 1.0 0
1679981538268 1.0 0
1679981544700 0.998991935483871 0
1679981550973 1.0 0
1679981557069 1.0 0
1679981609196 0.2862903225806452 0
1679981615592 0.8220766129032258 0
1679981621977 0.9672379032258065 0
1679981628271 0.9954637096774194 0
1679981634808 0.9984879032258065 0
1679981641035 0.9984879032258065 0
1679981647478 1.0 0
1679981653966 1.0 0
1679981660212 0.9994959677419355 0
1679981666569 1.0 0
