1675341514231 4.432851898003719 0
1675341518520 4.172221777000232 0
1675341522913 4.262580426999193 0
1675341527286 4.249188812005741 0
1675341531130 3.716977174000931 0
1675341550990 4.309327602000849 0
1675341555324 4.203105360000336 0
1675341559140 3.683952595005394 0
1675341563193 3.937400766000792 0
1675341567272 3.9450931870014756 0
1675341587096 4.180904480002937 0
1675341591444 4.226988654001616 0
1675341595597 4.0189996170011 0
1675341599753 4.032469459998538 0
1675341603600 3.7146104450002895 0
1675341623720 4.2196870840052725 0
1675341627830 3.9659701839991612 0
1675341632181 4.227658945004805 0
1675341636490 4.175280962001125 0
1675341640938 4.315596341002674 0
1675341661706 4.187293868002598 0
1675341666095 4.251144663998275 0
1675341670512 4.2839822259993525 0
1675341674929 4.285946887997852 0
1675341679244 4.173279648006428 0
1675341699911 4.2055055310047464 0
1675341704317 4.264917014996172 0
1675341708431 3.9781145969973295 0
1675341712947 4.377914190998126 0
1675341717321 4.2250675019968185 0
1675341738174 4.389312991996121 0
1675341742576 4.264102657994954 0
1675341746435 3.7071017420021235 0
1675341750861 4.284310821996769 0
1675341754995 3.992941029006033 0
1675341775379 4.320915414995397 0
1675341779771 4.257542423001723 0
1675341784199 4.274350984000193 0
1675341788547 4.188262069001212 0
1675341792884 4.188819850001892 0
1675341813762 4.192130272000213 0
1675341818187 4.285486653003318 0
1675341822577 4.2484190210016095 0
1675341826502 3.7788191350045963 0
1675341830932 4.284647449996555 0
1675341849868 4.364586824995058 0
1675341853768 3.7586180119978962 0
1675341857624 3.7269733939974685 0
1675341862008 4.231132520995743 0
1675341866276 4.1295027490050416 0
