1675341514212 0.9112633181126332 0
1675341518504 0.9643835616438357 0
1675341522893 0.9866057838660578 0
1675341527266 0.9863013698630136 0
1675341531109 0.9955859969558599 0
1675341550969 0.9411946288007409 0
1675341555303 0.9871893810773268 0
1675341559119 0.9958326902299738 0
1675341563185 0.9989195863559192 0
1675341567251 0.9995369655811082 0
1675341587087 0.9132582188609353 0
1675341591436 0.985028553789165 0
1675341595576 0.9925914492977311 0
1675341599743 0.991356690847353 0
1675341603579 0.9969131038740546 0
1675341623699 0.8606266399135669 0
1675341627809 0.9824046920821115 0
1675341632172 0.983330760919895 0
1675341636469 0.9924371044914339 0
1675341640917 0.9915110356536503 0
1675341661697 0.7718783762926378 0
1675341666074 0.9587899367186294 0
1675341670490 0.9803982096002469 0
1675341674908 0.9842568297576787 0
1675341679222 0.9887328291402995 0
1675341699890 0.6686217008797654 0
1675341704295 0.943046766476308 0
1675341708410 0.974687451767248 0
1675341712926 0.978700416730977 0
1675341717300 0.9858002778206514 0
1675341738152 0.6218552245716932 0
1675341742554 0.943046766476308 0
1675341746413 0.9731440037042753 0
1675341750835 0.974687451767248 0
1675341754973 0.981015588825436 0
1675341775357 0.5588825436024077 0
1675341779749 0.9163451149868806 0
1675341784177 0.9506096619848742 0
1675341788524 0.9719092452538972 0
1675341792862 0.9768482790554098 0
1675341813739 0.5243093069918198 0
1675341818165 0.9114060811853681 0
1675341822555 0.9631115912949529 0
1675341826491 0.9783917271183825 0
1675341830909 0.9717549004475999 0
1675341849845 0.4531563512887791 0
1675341853745 0.8879456706281834 0
1675341857613 0.9486031795030098 0
1675341861985 0.9635746257138448 0
1675341866253 0.974687451767248 0
