1675341514228 0.25235330678828777 0
1675341518517 0.1191920314182611 0
1675341522909 0.04225293805743348 0
1675341527282 0.04246188140526709 0
1675341531126 0.012903290192504562 0
1675341550986 0.2317796551320155 0
1675341555320 0.042254100493785744 0
1675341559136 0.015357754900937963 0
1675341563189 0.004500598186501397 0
1675341567268 0.0017658840230452136 0
1675341587091 0.4221845667698277 0
1675341591440 0.049118404127318174 0
1675341595592 0.023133448239856892 0
1675341599747 0.027867099655820005 0
1675341603596 0.010086723036693142 0
1675341623716 0.6287160195061814 0
1675341627826 0.05732645477345212 0
1675341632176 0.05607228589591043 0
1675341636485 0.0242570660445094 0
1675341640933 0.02927165468017694 0
1675341661701 0.970058889862085 0
1675341666091 0.13086778059116502 0
1675341670507 0.06265374857930604 0
1675341674925 0.046446912429926664 0
1675341679239 0.03191022593200294 0
1675341699906 1.3739902655464538 0
1675341704312 0.18229945734957428 0
1675341708426 0.07714366901572205 0
1675341712943 0.059077900752878276 0
1675341717317 0.04048232670030268 0
1675341738169 1.5399093230458059 0
1675341742571 0.17009878218252178 0
1675341746430 0.08736165878267363 0
1675341750854 0.0794669520880364 0
1675341754990 0.05771449603385295 0
1675341775374 1.744097493546376 0
1675341779766 0.2615395765265743 0
1675341784194 0.13825240415230744 0
1675341788541 0.0944955462216411 0
1675341792879 0.07034767967112493 0
1675341813756 1.894513418339969 0
1675341818182 0.26572280699022943 0
1675341822572 0.10886591700740707 0
1675341826496 0.06544730261042668 0
1675341830926 0.09803662123151387 0
1675341849862 2.1424757017454885 0
1675341853762 0.34256363754968694 0
1675341857618 0.1535768198192368 0
1675341862002 0.11154742683593755 0
1675341866270 0.07774627567467994 0
