1679291545830 0.8676470588235294 0
1679291550953 0.9485294117647058 0
1679291555782 0.9721200980392157 0
1679291560792 0.9767156862745098 0
1679291565704 0.9837622549019608 0
1679291570780 0.9917279411764706 0
1679291575837 0.9849877450980392 0
1679291580747 0.9957107843137255 0
1679291585787 0.9969362745098039 0
1679291590781 0.9926470588235294 0
1679291611975 0.9448674992385013 0
1679291619120 0.9823332318001827 0
1679291626210 0.9814194334450198 0
1679291633447 0.9937557112397197 0
1679291640575 0.990405117270789 0
1679291647781 0.9983247030155346 0
1679291654864 0.9983247030155346 0
1679291661924 0.9818763326226013 0
1679291669128 0.9939080109655802 0
1679291676223 1.0 0
1679291699703 0.8880840275262586 0
1679291708604 0.9765785343474587 0
1679291717332 0.9896172884220693 0
1679291726215 0.9862368706990221 0
1679291734942 0.9943257273934565 0
1679291743672 0.9907038512616202 0
1679291752289 0.9956537486417965 0
1679291760984 0.9919111433055656 0
1679291769792 0.993118435349511 0
1679291778520 0.9963781238681637 0
1679291802132 0.8614901581934549 0
1679291810873 0.961840357444753 0
1679291819736 0.9836976210602584 0
1679291828553 0.9829730708851588 0
1679291837364 0.9932375316990701 0
1679291846140 0.9928752566115203 0
1679291854929 0.994203598599203 0
1679291863804 0.9931167733365536 0
1679291872468 0.9927544982490037 0
1679291881268 0.9938413235116532 0
1679291904590 0.8738379814077025 0
1679291913413 0.9608837377761681 0
1679291922128 0.9862368706990221 0
1679291930913 0.9892551008088857 0
1679291939633 0.9914282264879875 0
1679291948491 0.9933598937583001 0
1679291957243 0.9926355185319329 0
1679291966038 0.9919111433055656 0
1679291974871 0.9949293734154292 0
1679291983637 0.9927562477363274 0
1679292007373 0.8521067246166848 0
1679292016286 0.9372208137148376 0
1679292025100 0.9780272848001932 0
1679292033817 0.9894965592176748 0
1679292042584 0.9914282264879875 0
1679292051273 0.994446456597851 0
1679292059996 0.9909453096704093 0
1679292068768 0.9879270795605457 0
1679292077633 0.9897380176264639 0
1679292086565 0.9911867680791984 0
1679292110610 0.8757396449704142 0
1679292119334 0.9595459485569375 0
1679292128268 0.9875618886607898 0
1679292137106 0.9913053978988045 0
1679292145800 0.9939620818741698 0
1679292154497 0.9940828402366864 0
1679292163157 0.9880449221108561 0
1679292171878 0.9887694722859558 0
1679292180761 0.9963772491245019 0
1679292189573 0.9925129815239705 0
1679292213230 0.8281608501388721 0
1679292222087 0.9189711387513585 0
1679292230866 0.9723463349836976 0
1679292239690 0.9863543050356237 0
1679292248446 0.9914261562613211 0
1679292257219 0.9909431228112546 0
1679292265882 0.9880449221108561 0
1679292274832 0.9867165801231735 0
1679292283534 0.994203598599203 0
1679292292237 0.9937205651491365 0
1679292316185 0.8247011952191236 0
1679292324889 0.9205601835083906 0
1679292333600 0.9736810334419896 0
1679292342365 0.9853917662682603 0
1679292351098 0.9905831220572257 0
1679292359747 0.9901002052396475 0
1679292368641 0.9913074972835929 0
1679292377471 0.9882892671737293 0
1679292386130 0.9903416636484366 0
1679292394878 0.9907038512616202 0
1679292418856 0.809736651365064 0
1679292427574 0.918820971249094 0
1679292436371 0.9731819280019328 0
1679292445219 0.9862285576226142 0
1679292454091 0.9894902150277844 0
1679292462914 0.9911814447934284 0
1679292471613 0.9853829427397922 0
1679292480382 0.9908190384150761 0
1679292489142 0.9911814447934284 0
1679292498126 0.991664653297898 0
1679292522373 0.7797899311843535 0
1679292531453 0.8799951708318242 0
1679292540233 0.9596764457322227 0
1679292549111 0.9799589520705059 0
1679292557863 0.9862368706990221 0
1679292566664 0.9882892671737293 0
1679292575444 0.9878063503561512 0
1679292584215 0.9897380176264639 0
1679292593013 0.9857539538814439 0
1679292601890 0.9857539538814439 0
1679292626829 0.764890660867464 0
1679292635633 0.8814787966654585 0
1679292644302 0.9627884499214692 0
1679292652990 0.9834481092183158 0
1679292661793 0.9881599613386493 0
1679292670636 0.9870726108493415 0
1679292679504 0.9868309774072732 0
1679292688310 0.9899722121541621 0
1679292697093 0.9834481092183158 0
1679292705910 0.9879183278965809 0
1679292730698 0.7661631419939577 0
1679292739612 0.8703323262839879 0
1679292748518 0.9508157099697885 0
1679292757318 0.9757099697885196 0
1679292766062 0.9828398791540786 0
1679292774814 0.9842900302114803 0
1679292783508 0.988036253776435 0
1679292792352 0.9893655589123868 0
1679292801167 0.9850151057401813 0
1679292810138 0.990453172205438 0
1679292835106 0.7658006042296073 0
1679292843910 0.8634441087613293 0
1679292852694 0.9438066465256798 0
1679292861531 0.9781268882175227 0
1679292870277 0.9891238670694864 0
1679292879018 0.9899697885196375 0
1679292887804 0.9914199395770392 0
1679292896663 0.9874320241691843 0
1679292905494 0.9836858006042296 0
1679292914290 0.9819939577039275 0
1679292939610 0.7590870667793744 0
1679292948323 0.8745320613452482 0
1679292957071 0.9642555246950851 0
1679292965915 0.9888902306484724 0
1679292974616 0.9923922231614539 0
1679292983309 0.9881656804733728 0
1679292992181 0.989010989010989 0
1679293001186 0.9880449221108561 0
1679293010131 0.9893732640985389 0
1679293018956 0.9806786619973433 0
1679293044227 0.7267455907223968 0
1679293052939 0.8113070790045904 0
1679293061779 0.9120560521865185 0
1679293070537 0.9609809132640734 0
1679293079439 0.979584440686156 0
1679293088299 0.9875573810099058 0
1679293097144 0.9884029958927277 0
1679293105847 0.9890070065233149 0
1679293114683 0.9859869533703793 0
1679293123470 0.9855037448659096 0
1679293148848 0.7250755287009063 0
1679293157547 0.8327492447129909 0
1679293166271 0.9361933534743202 0
1679293175140 0.9709969788519638 0
1679293184028 0.9818731117824774 0
1679293192664 0.9824773413897281 0
1679293201469 0.9798187311178248 0
1679293210197 0.9845317220543807 0
1679293218955 0.9865861027190332 0
1679293227806 0.9886404833836858 0
1679293253525 0.7208066658616109 0
1679293262440 0.8151189469870789 0
1679293271171 0.9250090568771887 0
1679293279911 0.9671537253954836 0
1679293288832 0.9847844463229078 0
1679293297680 0.9914261562613211 0
1679293306504 0.9891317473735056 0
1679293315255 0.9811616954474097 0
1679293323919 0.9752445356840961 0
1679293332715 0.9771766694843618 0
1679293358735 0.7211271012214294 0
1679293367480 0.8300882815334382 0
1679293376350 0.9308259765388801 0
1679293385137 0.9694037973152739 0
1679293394023 0.9790784859112347 0
1679293403099 0.982948361349619 0
1679293412027 0.982222759704922 0
1679293420988 0.9813762244527754 0
1679293429928 0.981980892490023 0
1679293438728 0.9828274277421696 0
1679293464888 0.6955314009661836 0
1679293473560 0.7990338164251207 0
1679293482440 0.922463768115942 0
1679293491288 0.9688405797101449 0
1679293500400 0.9892512077294686 0
1679293509273 0.9896135265700483 0
1679293518224 0.9865942028985507 0
1679293527149 0.9764492753623188 0
1679293536063 0.9721014492753624 0
1679293544841 0.9794685990338164 0
