1679291545840 0.3665750456206939 0
1679291550970 0.13683450566239508 0
1679291555799 0.0827838368040473 0
1679291560804 0.07498622840834215 0
1679291565716 0.049073879138507207 0
1679291570791 0.024138669345120434 0
1679291575847 0.06982438134796479 0
1679291580759 0.016266337014374087 0
1679291585804 0.007163107240290521 0
1679291590796 0.02746484854758498 0
1679291611986 0.2501063190076212 0
1679291619135 0.0627583558510897 0
1679291626221 0.06286315324705206 0
1679291633458 0.02291561923902669 0
1679291640587 0.03140557861083642 0
1679291647792 0.010180265893493735 0
1679291654881 0.007302993189536677 0
1679291661935 0.07765104183504494 0
1679291669146 0.0227227898478527 0
1679291676242 0.001465875276096592 0
1679291699715 0.4751637626349832 0
1679291708615 0.07232095743796538 0
1679291717349 0.036700336228627506 0
1679291726226 0.04160934525672277 0
1679291734954 0.018798975381991437 0
1679291743683 0.035077470064308926 0
1679291752299 0.014099579969048636 0
1679291761003 0.024326480912743108 0
1679291769802 0.019077215214241595 0
1679291778531 0.012950620188288521 0
1679291802142 0.5987655742130135 0
1679291810885 0.13390556191774744 0
1679291819747 0.05706662930100131 0
1679291828568 0.05360989243634717 0
1679291837382 0.022708559485485034 0
1679291846156 0.02335093078014446 0
1679291854947 0.019318699729692405 0
1679291863815 0.024760985759603907 0
1679291872479 0.03444940642984396 0
1679291881280 0.020496562353036502 0
1679291904601 0.5692816508121425 0
1679291913423 0.13999160700642382 0
1679291922147 0.04807780066566465 0
1679291930925 0.03842474906537225 0
1679291939644 0.02965847156572195 0
1679291948503 0.020324553174143684 0
1679291957254 0.026513697453657014 0
1679291966049 0.030451607559719335 0
1679291974881 0.016173515964911553 0
1679291983650 0.027388009202383407 0
1679292007383 0.7137821244686882 0
1679292016306 0.2131016632126219 0
1679292025120 0.07800332391073518 0
1679292033836 0.03374168294866808 0
1679292042595 0.0273383295800585 0
1679292051285 0.026242222925678453 0
1679292060007 0.029664303387600587 0
1679292068779 0.04710016878348527 0
1679292077644 0.034589148447608804 0
1679292086578 0.0323004344511756 0
1679292110622 0.6379607173285469 0
1679292119354 0.1445289372852597 0
1679292128282 0.04468586840623531 0
1679292137116 0.02612391676087517 0
1679292145811 0.020150964453909986 0
1679292154517 0.023801021362140788 0
1679292163168 0.0457346363870573 0
1679292171898 0.03817494359794006 0
1679292180775 0.01507197520924493 0
1679292189593 0.028071833257516176 0
1679292213242 0.8316480193416244 0
1679292222099 0.27430307037040613 0
1679292230878 0.09689117754488921 0
1679292239702 0.044373831512534004 0
1679292248460 0.029406699272228703 0
1679292257229 0.027665829026859937 0
1679292265902 0.04427559023912847 0
1679292274845 0.04912165767140844 0
1679292283555 0.018699673183225574 0
1679292292248 0.02257678167928897 0
1679292316201 0.8364054226586025 0
1679292324911 0.2666815594603269 0
1679292333617 0.099613158631142 0
1679292342377 0.05082716730238986 0
1679292351112 0.03056652838799715 0
1679292359767 0.03853065427870582 0
1679292368655 0.03216933841601988 0
1679292377490 0.041300830419139234 0
1679292386140 0.03248043251063076 0
1679292394895 0.03175974730818251 0
1679292418869 0.9226142895714216 0
1679292427595 0.2755220295165178 0
1679292436382 0.09275644468055828 0
1679292445232 0.04355572057290731 0
1679292454103 0.041059575327358176 0
1679292462925 0.03464947662834464 0
1679292471626 0.05617714381480185 0
1679292480403 0.03085729782902718 0
1679292489153 0.03491036626771336 0
1679292498147 0.030079211145091517 0
1679292522394 1.0134657031165997 0
1679292531465 0.39220059280678743 0
1679292540245 0.13775437460434434 0
1679292549122 0.0722729457681948 0
1679292557877 0.05043071131246124 0
1679292566676 0.038079949754281174 0
1679292575456 0.04044924438376167 0
1679292584227 0.038235769221577384 0
1679292593026 0.045655285925407074 0
1679292601901 0.04760054308654846 0
1679292626844 1.0553541386474572 0
1679292635654 0.3971467113543841 0
1679292644313 0.13082276555191164 0
1679292653012 0.05805209296343335 0
1679292661814 0.04669352420195586 0
1679292670647 0.0514628857052836 0
1679292679516 0.043034955846307836 0
1679292688321 0.034882490095023415 0
1679292697109 0.05106566901145112 0
1679292705922 0.03936253352804314 0
1679292730720 1.098119000279291 0
1679292739634 0.43622379917392556 0
1679292748532 0.16744001058653402 0
1679292757330 0.08065156451524924 0
1679292766084 0.055746876768475215 0
1679292774826 0.05028637437661969 0
1679292783522 0.03746008168894719 0
1679292792372 0.03902058189909264 0
1679292801182 0.04745098134249539 0
1679292810160 0.034042815582551 0
1679292835119 1.0886430120828288 0
1679292843932 0.45338181362051255 0
1679292852706 0.18391574748333128 0
1679292861543 0.08201943429035002 0
1679292870290 0.04098047106737817 0
1679292879042 0.03569163599695864 0
1679292887821 0.028455890348755116 0
1679292896675 0.04042948519152637 0
1679292905506 0.05429318801626518 0
1679292914313 0.0639629230231857 0
1679292939626 1.0846683133297705 0
1679292948335 0.40983686633133654 0
1679292957092 0.12841855806654282 0
1679292965927 0.0499646025881317 0
1679292974627 0.03117199869039856 0
1679292983325 0.042255001781197246 0
1679292992193 0.03858583657433806 0
1679293001199 0.038919606161817895 0
1679293010151 0.04116007439700385 0
1679293018969 0.06452542920843758 0
1679293044239 1.2261104906028697 0
1679293052954 0.6096339549137562 0
1679293061802 0.27236619949571234 0
1679293070551 0.13039675765288541 0
1679293079456 0.06645352104203976 0
1679293088319 0.04817107613741862 0
1679293097156 0.0461179790768604 0
1679293105859 0.03830722282098583 0
1679293114695 0.05062832913151554 0
1679293123492 0.04756357247429745 0
1679293148858 1.2421068477486557 0
1679293157572 0.5448223816880287 0
1679293166294 0.21506898354187473 0
1679293175152 0.10876934551580435 0
1679293184040 0.06448501163356433 0
1679293192686 0.058533941340770605 0
1679293201492 0.06477202933360443 0
1679293210208 0.05467898142076691 0
1679293218979 0.04622047855234578 0
1679293227822 0.03964914945092086 0
1679293253533 1.2421536812559444 0
1679293262453 0.5862907648172921 0
1679293271183 0.23854338926273388 0
1679293279938 0.1087410556688471 0
1679293288845 0.056679600775745693 0
1679293297692 0.03511433279018747 0
1679293306516 0.03447062449363094 0
1679293315267 0.06332190403220606 0
1679293323934 0.07898060038241338 0
1679293332727 0.06912302957457911 0
1679293358743 1.3684247166318406 0
1679293367493 0.5529497488333014 0
1679293376368 0.22920199488768886 0
1679293385150 0.10718094091963805 0
1679293394043 0.07314951814353386 0
1679293403122 0.058013898716158946 0
1679293412040 0.060136578288273936 0
1679293421009 0.06427333504502178 0
1679293429955 0.0632538727497821 0
1679293438740 0.06305574668979742 0
1679293464896 1.2619099682655888 0
1679293473573 0.6335279993388964 0
1679293482463 0.2609382447053269 0
1679293491300 0.11338616422768952 0
1679293500423 0.04797948228042339 0
1679293509285 0.04075882644145097 0
1679293518236 0.04519810126464508 0
1679293527162 0.07819494529343818 0
1679293536076 0.09521739873045308 0
1679293544865 0.06987318679609376 0
