1672665532742 0.9105022831050228 0
1672665537373 0.9792998477929985 0
1672665541704 0.9846270928462709 0
1672665546250 0.9931506849315068 0
1672665550554 0.9901065449010654 0
1672665657957 0.9859546226269486 0
1672665662298 0.9964500694551628 0
1672665667303 0.9887328291402995 0
1672665671909 0.993054483716623 0
1672665676650 0.9972217934866492 0
1672665784105 0.9941348973607038 0
1672665788950 0.9950609661984874 0
1672665793732 0.9973761382929465 0
1672665798202 0.9887328291402995 0
1672665802619 0.9975304830992437 0
1672665909757 0.9942892421670011 0
1672665914069 0.9966044142614601 0
1672665918625 0.9993826207748109 0
1672665923368 1.0 0
1672665927792 1.0 0
1672666035833 0.9975304830992437 0
1672666040242 0.9964500694551628 0
1672666044824 0.9941348973607038 0
1672666049223 0.9967587590677573 0
1672666053715 0.9958326902299738 0
1672666159802 0.9964500694551628 0
1672666164222 0.9979935175181355 0
1672666168669 0.9975304830992437 0
1672666173242 0.9978391727118382 0
1672666177596 0.9953696558110819 0
1672666286136 0.9986108967433246 0
1672666290591 0.9966044142614601 0
1672666295059 0.9984565519370273 0
1672666299710 0.9990739311622164 0
1672666304581 0.9967587590677573 0
1672666414053 0.99830220713073 0
1672666418587 0.9989195863559192 0
1672666423064 0.9981478623244328 0
1672666427547 0.9989195863559192 0
1672666432396 0.9989195863559192 0
