1679709638818 0.9740293330087634 0
1679709697404 0.9985850778967867 0
1679709757154 0.9993914313534566 0
1679709814159 0.9996196445959105 0
1679709873068 0.9997109298928919 0
1679709930964 0.9998326436222006 0
1679709989761 0.9998935004868549 0
1679710048227 0.9998782862706913 0
1679710106919 0.9998478578383642 0
1679710166774 0.9999695715676729 0
1679710268822 0.9254 0
1679710295054 0.9854 0
1679710322877 0.99495 0
1679710348139 0.99695 0
1679710374453 0.99835 0
1679710400811 0.9987 0
1679710426590 0.9987 0
1679710452908 0.99945 0
1679710479774 0.99935 0
1679710505912 0.9986 0
1679710575271 0.8353 0
1679710606110 0.9691 0
1679710636919 0.98775 0
1679710668437 0.9938 0
1679710699317 0.99585 0
1679710730463 0.9975 0
1679710761659 0.9975 0
1679710793200 0.99835 0
1679710824072 0.99825 0
1679710855401 0.99905 0
1679710931174 0.83735 0
1679710966521 0.981 0
1679711002153 0.9897 0
1679711037137 0.9964 0
1679711072179 0.99785 0
1679711108036 0.9975 0
1679711143806 0.9984 0
1679711178860 0.9989 0
1679711214502 0.9989 0
1679711249834 0.99935 0
1679711330630 0.82905 0
1679711369941 0.9777 0
1679711408380 0.9905 0
1679711447172 0.9937 0
1679711486249 0.9952 0
1679711525748 0.99755 0
1679711564184 0.99705 0
1679711603333 0.9985 0
1679711642050 0.9986 0
1679711681346 0.99895 0
1679711767243 0.8197 0
1679711809903 0.9637 0
1679711852654 0.98565 0
1679711896040 0.99165 0
1679711938948 0.99415 0
1679711981580 0.99485 0
1679712024780 0.9955 0
1679712068067 0.99605 0
1679712111628 0.99775 0
1679712154808 0.998 0
1679712246278 0.80155 0
1679712293163 0.9592 0
1679712339822 0.97855 0
1679712386844 0.9868 0
1679712434718 0.98965 0
1679712481612 0.99235 0
1679712529858 0.99465 0
1679712577617 0.99465 0
1679712624886 0.99465 0
1679712672193 0.9954 0
1679712768697 0.79305 0
1679712819426 0.95185 0
1679712870366 0.9731 0
1679712920871 0.9849 0
1679712971210 0.9881 0
1679713021896 0.98875 0
1679713072152 0.9933 0
1679713122621 0.9936 0
1679713173207 0.99455 0
1679713224088 0.99575 0
1679713325985 0.8042 0
1679713380389 0.95405 0
1679713433639 0.97695 0
1679713487504 0.98135 0
1679713541413 0.9906 0
1679713594773 0.99105 0
1679713648373 0.9927 0
1679713702004 0.9939 0
1679713755856 0.9942 0
1679713810264 0.9953 0
1679713918198 0.7961 0
1679713976059 0.95565 0
1679714034342 0.97895 0
1679714092614 0.9853 0
1679714151215 0.9909 0
1679714209333 0.9892 0
1679714266510 0.98975 0
1679714324283 0.993 0
1679714381887 0.99315 0
1679714439452 0.995 0
1679714551767 0.72605 0
1679714614262 0.9109 0
1679714676265 0.9527 0
1679714737860 0.9653 0
1679714799601 0.9726 0
1679714860586 0.97485 0
1679714921880 0.97835 0
1679714983800 0.9815 0
1679715044970 0.98445 0
1679715106402 0.9829 0
1679715224190 0.7706 0
1679715289358 0.93445 0
1679715354965 0.96185 0
1679715420395 0.9674 0
1679715486385 0.97265 0
1679715551483 0.9769 0
1679715615889 0.98065 0
1679715680853 0.978 0
1679715744675 0.9813 0
1679715809174 0.9779 0
1679715933117 0.668 0
1679716002628 0.8615 0
1679716071457 0.8986 0
1679716140550 0.91895 0
1679716209064 0.92275 0
1679716276811 0.93255 0
1679716344902 0.93275 0
1679716413013 0.94275 0
1679716481188 0.9382 0
1679716549709 0.94285 0
1679716678641 0.75165 0
1679716750342 0.9033 0
1679716822819 0.91385 0
1679716895333 0.9229 0
1679716968324 0.9334 0
1679717040875 0.9365 0
1679717113252 0.93815 0
1679717185924 0.94075 0
1679717258136 0.9416 0
1679717330150 0.94585 0
1679717463518 0.63875 0
1679717539683 0.78915 0
1679717616143 0.8142 0
1679717691585 0.8296 0
1679717767085 0.83455 0
1679717842689 0.8398 0
1679717918049 0.85205 0
1679717994159 0.84905 0
1679718069463 0.85645 0
1679718144558 0.85245 0
1679718285003 0.6554 0
1679718363922 0.7759 0
1679718442789 0.7935 0
1679718521741 0.80515 0
1679718601943 0.8046 0
1679718681162 0.81245 0
1679718760648 0.81415 0
1679718839628 0.81335 0
1679718918758 0.81705 0
1679718998074 0.8207 0
1679719145445 0.53505 0
1679719228155 0.61015 0
1679719310629 0.62565 0
1679719394016 0.6349 0
1679719477744 0.63865 0
1679719561089 0.63865 0
1679719644713 0.641 0
1679719727804 0.6487 0
1679719810502 0.64355 0
1679719892907 0.6444 0
1679720043827 0.43825 0
1679720129945 0.5012 0
1679720216068 0.5086 0
1679720302038 0.50935 0
1679720388205 0.5217 0
1679720474823 0.52055 0
1679720562043 0.52765 0
1679720648753 0.5315 0
1679720735117 0.53185 0
1679720820829 0.5301 0
1679720979104 0.3453 0
1679721069568 0.3899 0
1679721160054 0.396 0
1679721251345 0.4016 0
1679721342844 0.40205 0
1679721432629 0.4104 0
1679721523225 0.41335 0
1679721613477 0.41545 0
1679721702070 0.41835 0
1679721792067 0.42165 0
1679721955536 0.2942 0
1679722049292 0.3207 0
1679722142754 0.32895 0
1679722236617 0.32845 0
1679722330621 0.3326 0
1679722424667 0.3338 0
1679722518850 0.3343 0
1679722613116 0.33125 0
1679722707508 0.3338 0
1679722800875 0.3364 0
