1679400673358 0.3925942315823502 0
1679400677465 0.11782081994331545 0
1679400681701 0.054637441008041306 0
1679400685898 0.028633395039166013 0
1679400690113 0.023051304922490898 0
1679400694459 0.008648246500201316 0
1679400698788 0.005526402828400024 0
1679400703120 0.00538120410961306 0
1679400707056 0.003130906098360558 0
1679400711236 0.005742170459254541 0
1679400730953 1.9163865937127007 0
1679400735792 1.428241863515642 0
1679400740820 1.3488880806499057 0
1679400745687 1.3277675006124707 0
1679400750463 1.2975577341185676 0
1679400755305 1.2897493269708422 0
1679400760373 1.2822907487551372 0
1679400765208 1.277191170056661 0
1679400769900 1.2612014982435438 0
1679400774686 1.2597791936662461 0
1679400790905 1.6958146585358513 0
1679400795774 1.2843291136953565 0
1679400800445 1.2319149600134955 0
1679400805354 1.203004781405131 0
1679400810250 1.1979846583472358 0
1679400815164 1.183500267399682 0
1679400820083 1.1755475997924805 0
1679400824854 1.1772821346918743 0
1679400829573 1.1746932678752475 0
1679400834269 1.1735093686315747 0
1679400851553 1.9724005752139622 0
1679400856394 1.4042120059331258 0
1679400861191 1.3113071110513475 0
1679400866179 1.2457798679669698 0
1679400871073 1.2092855585945976 0
1679400876011 1.1966720276408724 0
1679400880870 1.1800249139467875 0
1679400885711 1.1817645152409872 0
1679400890539 1.1726840602027044 0
1679400895571 1.1707571824391683 0
1679400912859 2.063601079252031 0
1679400917671 1.5169186525874667 0
1679400922370 1.4147631300820245 0
1679400927160 1.3569826033380297 0
1679400932012 1.3384838223457336 0
1679400936839 1.3165600140889486 0
1679400941653 1.3160917520523072 0
1679400946197 1.3092443121804132 0
1679400951369 1.2950867970784505 0
1679400956355 1.301919208632575 0
1679400973440 2.016817757818434 0
1679400978382 1.5271196365356445 0
1679400983281 1.4226492444674175 0
1679400988009 1.3706967194875082 0
1679400993010 1.3434193240271675 0
1679400998109 1.310370381673177 0
1679401002930 1.3130490395757888 0
1679401007909 1.3006889197561475 0
1679401012842 1.2977462901009453 0
1679401017787 1.288475637965732 0
1679401035912 1.9827921430269877 0
1679401040631 1.463053035736084 0
1679401045052 1.3669224037064447 0
1679401050002 1.3164040154880947 0
1679401054792 1.29439377784729 0
1679401059438 1.2743188407686021 0
1679401064376 1.27022571961085 0
1679401069305 1.2582757751146951 0
1679401074085 1.2571289367145961 0
1679401078793 1.2566452768113878 0
1679401096857 1.987589384449853 0
1679401101382 1.4780544916788736 0
1679401106408 1.3787371595700582 0
1679401111180 1.3206728180249532 0
1679401115808 1.2918790181477864 0
1679401120663 1.2706462542215984 0
1679401125563 1.267910573217604 0
1679401130811 1.26095376279619 0
1679401135586 1.2546500537130567 0
1679401140388 1.2468940960036383 0
1679401157744 2.0382722245322333 0
1679401162764 1.5162149217393663 0
1679401167775 1.404643428325653 0
1679401172627 1.3683915350172255 0
1679401177513 1.3297305186589559 0
1679401182365 1.3173786017629836 0
1679401187436 1.3009576903449165 0
1679401192301 1.2958175579706828 0
1679401197217 1.288249843650394 0
1679401202139 1.2840472194883559 0
1679401220473 1.9827333781454297 0
1679401225400 1.4904000189569262 0
1679401230222 1.3845316569010417 0
1679401235184 1.3333142730924818 0
1679401240012 1.2974670688311258 0
1679401244883 1.2776145259539287 0
1679401249733 1.262701267666287 0
1679401254488 1.2598781492975024 0
1679401259496 1.2500423497623867 0
1679401264403 1.2444957825872633 0
1679401281027 2.060283642345005 0
1679401285681 1.5025660673777261 0
1679401290610 1.3984094076686435 0
1679401295557 1.3463225881258647 0
1679401300331 1.3162260002560087 0
1679401305445 1.3045592837863498 0
1679401310282 1.278121813138326 0
1679401315293 1.2789722985691494 0
1679401320098 1.2714610351456537 0
1679401325018 1.2692226383421157 0
1679401342022 2.038237029976315 0
1679401346936 1.4977318498823378 0
1679401351834 1.408121555381351 0
1679401356757 1.3606742368804083 0
1679401361740 1.3430823418829176 0
1679401366734 1.323162974251641 0
1679401371814 1.3129774848620097 0
1679401376539 1.3057455155584548 0
1679401381444 1.3036460479100545 0
1679401386503 1.3010231044557359 0
1679401406032 1.95588811106152 0
1679401410713 1.4755101150936552 0
1679401415503 1.380049498875936 0
1679401420285 1.3335156891081068 0
1679401425416 1.2905531724294026 0
1679401430365 1.2792010068893434 0
1679401435555 1.26521225505405 0
1679401440455 1.2558495812945896 0
1679401445368 1.2515733149316577 0
1679401450037 1.2466182894176907 0
1679401470750 1.9281857675976224 0
1679401475698 1.4549721717834472 0
1679401480904 1.367407833205329 0
1679401486037 1.3307361920674643 0
1679401490820 1.2972841885354784 0
1679401495648 1.286032083299425 0
1679401500692 1.2698224067687989 0
1679401505482 1.2649207419819302 0
1679401509979 1.265406600634257 0
1679401514926 1.2586115254296197 0
1679401534537 1.9104713201522827 0
1679401539647 1.4340852181116739 0
1679401544666 1.3264367116822138 0
1679401549657 1.2732334931691487 0
1679401554588 1.2431064208348592 0
1679401559603 1.230404305458069 0
1679401564631 1.2181769212086995 0
1679401569106 1.2051174296273126 0
1679401574180 1.197458263238271 0
1679401579417 1.1946105705367194 0
1679401599497 1.9696617775493197 0
1679401604553 1.5003392842080858 0
1679401609523 1.404332036442227 0
1679401614510 1.3545258137914868 0
1679401619318 1.3220862891938951 0
1679401624185 1.3000954164399041 0
1679401628920 1.289780248536004 0
1679401633746 1.2774641036987304 0
1679401638902 1.2782812860276964 0
1679401643765 1.2689389162593419 0
1679401664527 1.9690106100506253 0
1679401669504 1.4579962876107957 0
1679401674682 1.3638043549325731 0
1679401679574 1.3028747664557563 0
1679401684646 1.26333210600747 0
1679401689200 1.2548134843508403 0
1679401693930 1.2331187658839755 0
1679401698706 1.2238102939393785 0
1679401703519 1.2186554272969563 0
1679401708467 1.2116757498847113 0
1679401729622 2.0205203255017596 0
1679401734573 1.534732499387529 0
1679401739539 1.4484405371877882 0
1679401744333 1.397346066104041 0
1679401749000 1.363450664944119 0
1679401753391 1.349057224061754 0
1679401758765 1.3401680866877237 0
1679401763531 1.3308646374278599 0
1679401768434 1.3223206573062474 0
1679401773037 1.318138145075904 0
1679401794063 1.9202559855249193 0
1679401799051 1.439960765838623 0
1679401804065 1.349872593084971 0
1679401809166 1.2956927167044745 0
1679401814267 1.264398717880249 0
1679401819247 1.2396165463659499 0
1679401823909 1.2298348983128866 0
1679401829042 1.211550866232978 0
1679401834117 1.206596310933431 0
1679401839055 1.209879203637441 0
1679401860561 1.9311694741249084 0
1679401865606 1.45001898739073 0
1679401870667 1.3465534382396274 0
1679401875599 1.3018222782346938 0
1679401880694 1.270156024561988 0
1679401885615 1.2446715792020162 0
1679401890684 1.2324056347211203 0
1679401895772 1.2277834388944837 0
1679401900993 1.2190531267060174 0
1679401905871 1.2093803577952915 0
