1679400673366 4.2838349000085145 0
1679400677471 3.955691816052422 0
1679400681708 4.035150310024619 0
1679400685904 4.027816541027278 0
1679400690120 4.041757089085877 0
1679400694468 4.179325966979377 0
1679400698794 4.154020130983554 0
1679400703129 4.164930509985425 0
1679400707063 3.7773516200250015 0
1679400711241 4.008823095005937 0
1679400730957 4.494239600957371 0
1679400735800 4.658320251037367 0
1679400740828 4.856802521040663 0
1679400745699 4.668267811066471 0
1679400750471 4.585423419019207 0
1679400755311 4.65055271005258 0
1679400760382 4.885986836045049 0
1679400765214 4.6649458729662 0
1679400769906 4.50144096405711 0
1679400774695 4.598755629034713 0
1679400790912 4.7224166309461 0
1679400795781 4.690761714009568 0
1679400800452 4.478565611992963 0
1679400805365 4.721379637019709 0
1679400810257 4.6967823470477015 0
1679400815170 4.733034919016063 0
1679400820091 4.742576487944461 0
1679400824861 4.570032031042501 0
1679400829585 4.519485377008095 0
1679400834275 4.518773355986923 0
1679400851563 4.766109109041281 0
1679400856408 4.6441137010697275 0
1679400861197 4.611551020061597 0
1679400866185 4.810209823073819 0
1679400871081 4.715394178987481 0
1679400876017 4.677499165991321 0
1679400880876 4.658100525964983 0
1679400885718 4.656625229050405 0
1679400890547 4.628954473999329 0
1679400895579 4.861096165957861 0
1679400912865 4.84554170910269 0
1679400917677 4.631636766018346 0
1679400922376 4.5275114689720795 0
1679400927165 4.6181789570255205 0
1679400932019 4.606304667075165 0
1679400936846 4.598344225087203 0
1679400941660 4.63034235604573 0
1679400946203 4.374578199000098 0
1679400951377 4.97912706900388 0
1679400956360 4.803401776007377 0
1679400973445 4.727336844080128 0
1679400978389 4.765764712006785 0
1679400983293 4.698125907103531 0
1679400988015 4.484302452998236 0
1679400993017 4.795131218968891 0
1679400998121 4.90464713901747 0
1679401002938 4.624263436067849 0
1679401007915 4.785888624028303 0
1679401012848 4.716125266044401 0
1679401017797 4.766876030014828 0
1679401035922 4.76087912498042 0
1679401040639 4.5137191930552945 0
1679401045060 4.169155649957247 0
1679401050011 4.774183417903259 0
1679401054801 4.6065483840648085 0
1679401059445 4.450583216967061 0
1679401064382 4.749653321108781 0
1679401069318 4.750179060967639 0
1679401074094 4.584578690002672 0
1679401078799 4.520040964940563 0
1679401096867 4.760357644991018 0
1679401101389 4.294821591000073 0
1679401106417 4.804969082935713 0
1679401111185 4.578199981013313 0
1679401115814 4.446561579010449 0
1679401120673 4.660477120894939 0
1679401125571 4.716699504991993 0
1679401130819 5.047695551067591 0
1679401135592 4.588839692994952 0
1679401140395 4.6055177870439366 0
1679401157753 3.7645934149622917 0
1679401162773 4.841720784083009 0
1679401167788 4.822298367973417 0
1679401172633 4.672741255024448 0
1679401177521 4.688352830009535 0
1679401182372 4.658557290094905 0
1679401187443 4.88365735008847 0
1679401192306 4.659567205002531 0
1679401197231 4.720434529008344 0
1679401202147 4.714861170039512 0
1679401220480 4.827168866060674 0
1679401225411 4.741866472060792 0
1679401230233 4.603986070957035 0
1679401235190 4.788564146030694 0
1679401240018 4.643734096898697 0
1679401244889 4.69093168398831 0
1679401249740 4.665059179998934 0
1679401254498 4.581243864027783 0
1679401259505 4.816690386971459 0
1679401264420 4.703847152995877 0
1679401281039 4.95534480700735 0
1679401285689 4.453786744968966 0
1679401290618 4.7251374969491735 0
1679401295568 4.743654867052101 0
1679401300339 4.569917757995427 0
1679401305451 4.904871355975047 0
1679401310290 4.6461432699579746 0
1679401315303 4.822900399914943 0
1679401320109 4.6207502000033855 0
1679401325028 4.712140163988806 0
1679401342031 4.602119165938348 0
1679401346944 4.6810715310275555 0
1679401351841 4.713344604941085 0
1679401356771 4.730327173951082 0
1679401361749 4.763819859013893 0
1679401366744 4.7997257630340755 0
1679401371822 4.858599457889795 0
1679401376547 4.521357088000514 0
1679401381452 4.705601233989 0
1679401386509 4.851816063048318 0
1679401406039 4.587878057966009 0
1679401410721 4.486489275004715 0
1679401415511 4.59646449808497 0
1679401420294 4.571599913062528 0
1679401425425 4.912023506010883 0
1679401430377 4.729235464008525 0
1679401435569 4.9888254759134725 0
1679401440462 4.703181782038882 0
1679401445377 4.719419418019243 0
1679401450046 4.405744601041079 0
1679401470759 4.625254065031186 0
1679401475705 4.745332774007693 0
1679401480913 4.985959803918377 0
1679401486043 4.950674840947613 0
1679401490843 4.578760739997961 0
1679401495657 4.617025236017071 0
1679401500702 4.848434722051024 0
1679401505491 4.611360887996852 0
1679401509987 4.22247260902077 0
1679401514940 4.733522768015973 0
1679401534547 5.020332984975539 0
1679401539655 4.824070065980777 0
1679401544675 4.815741093014367 0
1679401549665 4.774914950015955 0
1679401554595 4.729631258989684 0
1679401559611 4.79269812698476 0
1679401564638 4.82552711898461 0
1679401569113 4.241023832000792 0
1679401574191 4.86720460106153 0
1679401579426 4.9878150259610265 0
1679401599504 4.797904178965837 0
1679401604567 4.84672622801736 0
1679401609537 4.652975479024462 0
1679401614518 4.790860691922717 0
1679401619326 4.599355024052784 0
1679401624199 4.655209509073757 0
1679401628931 4.47605709603522 0
1679401633754 4.624722040025517 0
1679401638914 4.937076936010271 0
1679401643772 4.6630975709995255 0
1679401664534 4.952769817085937 0
1679401669511 4.771230270038359 0
1679401674690 4.96334007801488 0
1679401679583 4.680353431031108 0
1679401684660 4.881442794925533 0
1679401689209 4.285501174046658 0
1679401693937 4.516245655948296 0
1679401698714 4.560145662049763 0
1679401703527 4.55720077699516 0
1679401708475 4.738382983021438 0
1679401729630 4.832146731088869 0
1679401734581 4.745802453020588 0
1679401739549 4.758045985014178 0
1679401744345 4.569128351053223 0
1679401749010 4.411469576996751 0
1679401753399 4.193375727976672 0
1679401758773 5.171136592980474 0
1679401763539 4.569693465018645 0
1679401768442 4.713213006965816 0
1679401773047 4.394509574980475 0
1679401794071 4.716829535085708 0
1679401799059 4.770788731053472 0
1679401804079 4.793465330032632 0
1679401809176 4.886583111947402 0
1679401814277 4.872331548016518 0
1679401819262 4.740554478019476 0
1679401823924 4.448488736059517 0
1679401829050 4.936585100018419 0
1679401834126 4.861823067069054 0
1679401839064 4.733901286963373 0
1679401860569 4.904297081986442 0
1679401865614 4.7549693250330165 0
1679401870676 4.811872597900219 0
1679401875607 4.7211917280219495 0
1679401880702 4.8778531240532175 0
1679401885624 4.7278075070353225 0
1679401890700 4.865784860099666 0
1679401895780 4.859351718914695 0
1679401901002 5.006088929949328 0
1679401905880 4.67237786995247 0
