1679269914413 0.5918089735011259 0
1679269917518 0.1104836855814153 0
1679269921232 0.05018064781439071 0
1679269924239 0.022961231717821575 0
1679269927245 0.011342943247690723 0
1679269931774 0.007000420623751101 0
1679269936145 0.005530567416309507 0
1679269940588 0.004278491620960481 0
1679269944514 0.0034897677251137793 0
1679269948024 0.0024692222773321157 0
1679269963036 0.9540347971168219 0
1679269967788 0.151794190354207 0
1679269971616 0.056437310415740106 0
1679269976147 0.029500151591777216 0
1679269980097 0.016667950811668063 0
1679269983949 0.01206584481120694 0
1679269988358 0.006900277498917764 0
1679269992495 0.006453362805997113 0
1679269997287 0.0047597024463089735 0
1679270001161 0.0040676642880391545 0
1679270018324 1.9466317754750158 0
1679270022965 0.36545684780268106 0
1679270028183 0.13822701668330267 0
1679270032988 0.05833690245544501 0
1679270038181 0.03549225398284547 0
1679270043126 0.020484557288571025 0
1679270049280 0.016926559758847395 0
1679270055207 0.013457753567718993 0
1679270060896 0.016979267549080152 0
1679270066966 0.010578087696522548 0
1679270085803 2.3429556512365153 0
1679270091431 0.5039841598447632 0
1679270096917 0.20187715857344515 0
1679270102856 0.0842182738341245 0
1679270108626 0.039740614291718775 0
1679270114830 0.026002167121452445 0
1679270120686 0.01963314866446251 0
1679270126303 0.01664017314346982 0
1679270132461 0.012679115837147715 0
1679270138197 0.011416185135934866 0
1679270155587 2.4146274561975516 0
1679270162490 0.5125063405025239 0
1679270169141 0.19129630784485854 0
1679270176073 0.08935267909192572 0
1679270182846 0.04059467156070704 0
1679270189268 0.026294517901488672 0
1679270196013 0.02170389267049876 0
1679270203048 0.017648384742000523 0
1679270209557 0.013553620279565746 0
1679270215882 0.013680943566392743 0
1679270235365 2.3347064767982446 0
1679270243010 0.3830411228186944 0
1679270250171 0.14662318384530498 0
1679270257359 0.08019275258423067 0
1679270264479 0.04276726927206505 0
1679270272163 0.02640799655779904 0
1679270279462 0.02178023480718919 0
1679270286872 0.018768254539691935 0
1679270294287 0.013988790937754162 0
1679270301437 0.01355805637899275 0
1679270321699 2.298568748960308 0
1679270329597 0.38186658816594704 0
1679270337467 0.16258800033406884 0
1679270345610 0.07303734868764877 0
1679270353832 0.0453160708295364 0
1679270362111 0.03091287478695021 0
1679270370126 0.025537231115295607 0
1679270377965 0.025386885803777213 0
1679270385734 0.019778780155249087 0
1679270393881 0.017420661516998913 0
1679270416766 2.391232256795846 0
1679270425970 0.41775835451542165 0
1679270434924 0.165287080531319 0
1679270444051 0.07941314395444066 0
1679270453215 0.04885315610205426 0
1679270462429 0.03738198860311041 0
1679270471266 0.03112933706200006 0
1679270480066 0.025095376396076938 0
1679270489076 0.0219134835836788 0
1679270497728 0.021576836495203713 0
1679270524070 2.2025564225280987 0
1679270533709 0.2739788115608926 0
1679270543320 0.12385124804488584 0
1679270553042 0.06819706170947529 0
1679270562612 0.04542968922532072 0
1679270572397 0.03566754202121029 0
1679270582077 0.03048091085956377 0
1679270591814 0.026817522961281093 0
1679270601554 0.024335334223567272 0
1679270610760 0.023876025487540985 0
1679270636048 2.210733037661104 0
1679270646508 0.3700527220818342 0
1679270656917 0.1732985314493086 0
1679270667518 0.09101881598140679 0
1679270678040 0.06097882573364997 0
1679270688345 0.044676293089401485 0
1679270698731 0.037287801412828996 0
1679270709145 0.031134076179096512 0
1679270719203 0.02935497199787813 0
1679270729013 0.026989923114431838 0
1679270752701 2.194284111261368 0
1679270763899 0.4242177874434228 0
1679270775216 0.18137867186291545 0
1679270786428 0.09231933056577749 0
1679270797919 0.056155153349334117 0
1679270809155 0.045480089389956464 0
1679270820281 0.03902331465745673 0
1679270830628 0.03447358257265067 0
1679270841593 0.03224692751160439 0
1679270852917 0.03253278519739123 0
1679270877933 2.1528996576865516 0
1679270889636 0.2657850243005098 0
1679270901755 0.10634284422678106 0
1679270913594 0.06157271312001873 0
1679270925615 0.05179313331038928 0
1679270937186 0.04114697165056771 0
1679270948398 0.040446747496139766 0
1679270960394 0.04488095520612072 0
1679270972563 0.03546696320614394 0
1679270984754 0.033966252689852434 0
1679271010323 2.0911341332921793 0
1679271022825 0.32989275535824253 0
1679271035611 0.15043769119416966 0
1679271047815 0.0910075920104396 0
1679271059728 0.06313767108847113 0
1679271072188 0.04973846904056914 0
1679271084997 0.04379854473632341 0
1679271097743 0.04281582940808114 0
1679271110298 0.04124716483056545 0
1679271123135 0.03724920008258492 0
1679271149312 1.937782646686423 0
1679271161723 0.3089870586260861 0
1679271175025 0.15612243086683983 0
1679271188386 0.08437849953770638 0
1679271201634 0.0684029169965024 0
1679271214927 0.05307737336147065 0
1679271228355 0.04795280679622117 0
1679271242177 0.044993906921031425 0
1679271255729 0.04127227821770836 0
1679271268101 0.04070784016421028 0
1679271298693 1.998951316464181 0
1679271313010 0.3047506883740425 0
1679271327288 0.14923456943064345 0
1679271341303 0.09346852867918856 0
1679271355519 0.07097061876864995 0
1679271369651 0.0538745106873559 0
1679271382294 0.05498847763474081 0
1679271396031 0.04583044868766093 0
1679271410160 0.04640588138763811 0
1679271424249 0.04496953187181669 0
1679271452171 1.8629498210023432 0
1679271466885 0.3133168906411704 0
1679271481807 0.15047021714203498 0
1679271495370 0.09864400520774663 0
1679271509684 0.07689838410884726 0
1679271524292 0.06081396162363829 0
1679271539023 0.05254300271033072 0
1679271553663 0.05140516479663989 0
1679271568636 0.04773585991386105 0
1679271583306 0.04616118226127297 0
1679271611625 1.8750063546148001 0
1679271627222 0.28414957722028095 0
1679271642594 0.13696963186649716 0
1679271658206 0.08946357002737475 0
1679271674629 0.07408746017837058 0
1679271690171 0.0656851065144235 0
1679271705819 0.05775046133089299 0
1679271719676 0.05373921592299845 0
1679271735226 0.05076823449310135 0
1679271750621 0.04967975937852673 0
1679271781287 2.0129394510797427 0
1679271797150 0.3409243995944659 0
1679271813980 0.1723974094379182 0
1679271828910 0.10514009144960665 0
1679271844409 0.08211079342108146 0
1679271860617 0.07177410351441187 0
1679271876686 0.06942427614886387 0
1679271893156 0.06010764559694365 0
1679271910087 0.057426470423153804 0
1679271926573 0.056116315152715236 0
1679271961268 1.919375803248555 0
1679271978050 0.27199280583391 0
1679271994972 0.1431062122916474 0
1679272011713 0.09135438991235752 0
1679272028966 0.07607282307364192 0
1679272046049 0.06957033831699222 0
1679272060996 0.0655538715860423 0
1679272077467 0.06220449518193217 0
1679272093990 0.057546489196372966 0
1679272110775 0.05926926828482572 0
1679272143644 2.010590672492981 0
1679272160986 0.3259225090344747 0
1679272177233 0.14545433975610078 0
1679272194942 0.1028794939903652 0
1679272212215 0.08922003578467697 0
1679272229504 0.0760537340652709 0
1679272247477 0.0683755743152955 0
1679272265037 0.06871963321578269 0
1679272281066 0.06516371802518181 0
1679272296281 0.061734576216515374 0
