1679269914402 0.8097426470588235 0
1679269917507 0.9632352941176471 0
1679269921221 0.9859068627450981 0
1679269924228 0.9960171568627451 0
1679269927234 0.9993872549019608 0
1679269931762 1.0 0
1679269936134 0.9990808823529411 0
1679269940575 1.0 0
1679269944507 0.9996936274509803 0
1679269948017 1.0 0
1679269963025 0.7352941176470589 0
1679269967778 0.9515931372549019 0
1679269971605 0.9880514705882353 0
1679269976134 0.9957107843137255 0
1679269980086 0.9984681372549019 0
1679269983937 0.9993872549019608 0
1679269988347 0.9996936274509803 0
1679269992483 0.9996936274509803 0
1679269997277 1.0 0
1679270001150 0.9996936274509803 0
1679270018313 0.5677083333333334 0
1679270022958 0.8912377450980392 0
1679270028176 0.9675245098039216 0
1679270032976 0.9898897058823529 0
1679270038168 0.9950980392156863 0
1679270043113 0.9990808823529411 0
1679270049268 0.9981617647058824 0
1679270055195 0.9987745098039216 0
1679270060890 0.9975490196078431 0
1679270066960 0.9984681372549019 0
1679270085791 0.5254289215686274 0
1679270091418 0.8504901960784313 0
1679270096904 0.946078431372549 0
1679270102844 0.9856004901960784 0
1679270108614 0.9966299019607843 0
1679270114818 0.9975490196078431 0
1679270120679 0.9984681372549019 0
1679270126292 0.9990808823529411 0
1679270132450 0.9996936274509803 0
1679270138183 0.9990808823529411 0
1679270155575 0.4898897058823529 0
1679270162479 0.8556985294117647 0
1679270169128 0.9549632352941176 0
1679270176058 0.9846813725490197 0
1679270182835 0.9966299019607843 0
1679270189259 0.9990808823529411 0
1679270195997 0.9978553921568627 0
1679270203037 0.9990808823529411 0
1679270209545 0.9993872549019608 0
1679270215870 0.9990808823529411 0
1679270235354 0.5168504901960784 0
1679270243002 0.8860294117647058 0
1679270250159 0.9650735294117647 0
1679270257346 0.9865196078431373 0
1679270264467 0.9954044117647058 0
1679270272151 0.9990808823529411 0
1679270279451 0.9993872549019608 0
1679270286861 0.9993872549019608 0
1679270294273 1.0 0
1679270301426 1.0 0
1679270321686 0.5260416666666666 0
1679270329587 0.8955269607843137 0
1679270337456 0.9641544117647058 0
1679270345598 0.9886642156862745 0
1679270353821 0.9963235294117647 0
1679270362099 0.9981617647058824 0
1679270370116 0.9990808823529411 0
1679270377953 0.9984681372549019 0
1679270385722 1.0 0
1679270393869 1.0 0
1679270416754 0.5272671568627451 0
1679270425958 0.8841911764705882 0
1679270434907 0.9647671568627451 0
1679270444039 0.9895833333333334 0
1679270453203 0.9960171568627451 0
1679270462412 0.9990808823529411 0
1679270471254 0.9990808823529411 0
1679270480051 0.9996936274509803 0
1679270489064 0.9993872549019608 0
1679270497715 1.0 0
1679270524058 0.5738357843137255 0
1679270533699 0.9350490196078431 0
1679270543308 0.975796568627451 0
1679270553031 0.9911151960784313 0
1679270562593 0.9963235294117647 0
1679270572385 0.9987745098039216 0
1679270582065 0.9984681372549019 0
1679270591805 0.9996936274509803 0
1679270601542 1.0 0
1679270610747 0.9993872549019608 0
1679270636034 0.5520833333333334 0
1679270646496 0.897671568627451 0
1679270656904 0.9595588235294118 0
1679270667507 0.984375 0
1679270678033 0.9950980392156863 0
1679270688330 0.9972426470588235 0
1679270698719 0.9984681372549019 0
1679270709121 0.9996936274509803 0
1679270719192 0.9990808823529411 0
1679270729001 1.0 0
1679270752689 0.5364583333333334 0
1679270763890 0.8878676470588235 0
1679270775203 0.9595588235294118 0
1679270786415 0.9898897058823529 0
1679270797906 0.9963235294117647 0
1679270809143 0.9984681372549019 0
1679270820271 0.9987745098039216 0
1679270830619 0.9993872549019608 0
1679270841581 1.0 0
1679270852906 0.9981617647058824 0
1679270877921 0.5922181372549019 0
1679270889620 0.9335171568627451 0
1679270901743 0.984375 0
1679270913581 0.9963235294117647 0
1679270925599 0.9978553921568627 0
1679270937174 0.9993872549019608 0
1679270948374 0.9993872549019608 0
1679270960375 0.9969362745098039 0
1679270972550 0.9990808823529411 0
1679270984742 0.9990808823529411 0
1679271010310 0.5952818627450981 0
1679271022812 0.9099264705882353 0
1679271035599 0.9718137254901961 0
1679271047805 0.9892769607843137 0
1679271059716 0.9957107843137255 0
1679271072175 0.9978553921568627 0
1679271084981 1.0 0
1679271097732 0.9987745098039216 0
1679271110285 0.9987745098039216 0
1679271123122 1.0 0
1679271149298 0.6151960784313726 0
1679271161710 0.9231004901960784 0
1679271175012 0.9705882352941176 0
1679271188375 0.9917279411764706 0
1679271201623 0.9935661764705882 0
1679271214913 0.9990808823529411 0
1679271228339 0.9990808823529411 0
1679271242164 0.9987745098039216 0
1679271255715 0.9996936274509803 0
1679271268087 0.9996936274509803 0
1679271298683 0.5912990196078431 0
1679271312994 0.9243259803921569 0
1679271327275 0.9730392156862745 0
1679271341289 0.9892769607843137 0
1679271355506 0.9954044117647058 0
1679271369637 0.9984681372549019 0
1679271382284 0.9972426470588235 0
1679271396016 0.9996936274509803 0
1679271410146 0.9993872549019608 0
1679271424236 0.9993872549019608 0
1679271452158 0.6167279411764706 0
1679271466873 0.9234068627450981 0
1679271481794 0.9745710784313726 0
1679271495358 0.9895833333333334 0
1679271509672 0.9941789215686274 0
1679271524282 0.9978553921568627 0
1679271539012 0.9996936274509803 0
1679271553650 0.9987745098039216 0
1679271568619 0.9990808823529411 0
1679271583292 1.0 0
1679271611613 0.6127450980392157 0
1679271627206 0.9322916666666666 0
1679271642580 0.9806985294117647 0
1679271658189 0.9926470588235294 0
1679271674614 0.9960171568627451 0
1679271690160 0.9972426470588235 0
1679271705805 0.9987745098039216 0
1679271719665 0.9996936274509803 0
1679271735212 0.9996936274509803 0
1679271750609 1.0 0
1679271781275 0.5664828431372549 0
1679271797136 0.9157475490196079 0
1679271813969 0.977328431372549 0
1679271828899 0.9911151960784313 0
1679271844396 0.9969362745098039 0
1679271860593 0.9969362745098039 0
1679271876674 0.9978553921568627 0
1679271893141 1.0 0
1679271910073 0.9996936274509803 0
1679271926561 0.9996936274509803 0
1679271961254 0.617953431372549 0
1679271978038 0.9408700980392157 0
1679271994961 0.9797794117647058 0
1679272011700 0.9932598039215687 0
1679272028954 0.9984681372549019 0
1679272046040 0.9993872549019608 0
1679272060985 0.9984681372549019 0
1679272077453 0.9990808823529411 0
1679272093975 0.9996936274509803 0
1679272110763 0.9990808823529411 0
1679272143627 0.5925245098039216 0
1679272160970 0.9231004901960784 0
1679272177219 0.9825367647058824 0
1679272194926 0.9926470588235294 0
1679272212199 0.9954044117647058 0
1679272229486 0.9984681372549019 0
1679272247462 0.9993872549019608 0
1679272265024 0.9987745098039216 0
1679272281055 0.9993872549019608 0
1679272296268 0.9996936274509803 0
