1679269914420 3.1832551860134117 0
1679269917523 2.943158179987222 0
1679269921238 3.540960019978229 0
1679269924245 2.833903936028946 0
1679269927251 2.8382260089856572 0
1679269931781 4.376186150009744 0
1679269936153 4.210395239002537 0
1679269940598 4.278495663020294 0
1679269944520 3.768131971999537 0
1679269948030 3.342118479020428 0
1679269963046 3.822824914008379 0
1679269967795 4.570225166040473 0
1679269971623 3.6607931140461005 0
1679269976154 4.39808814303251 0
1679269980106 3.7663565140101127 0
1679269983956 3.6852510389871895 0
1679269988366 4.2445882959873416 0
1679269992502 3.957158110977616 0
1679269997294 4.603303788986523 0
1679270001168 3.688128703041002 0
1679270018331 5.182103033992462 0
1679270022972 4.467138857988175 0
1679270028190 5.035888214013539 0
1679270032995 4.6123119840049185 0
1679270038188 5.025861669972073 0
1679270043135 4.718379619996995 0
1679270049287 6.004692491027527 0
1679270055216 5.77699823200237 0
1679270060902 5.545557372039184 0
1679270066974 5.942774865019601 0
1679270085810 6.062970819999464 0
1679270091444 5.477937739051413 0
1679270096924 5.2877969440305606 0
1679270102863 5.736472011951264 0
1679270108637 5.5719856699579395 0
1679270114839 5.9979067480308 0
1679270120694 5.662612424988765 0
1679270126310 5.414734486024827 0
1679270132472 5.9703570830170065 0
1679270138207 5.582376812002622 0
1679270155594 6.112695355026517 0
1679270162498 6.699037980986759 0
1679270169149 6.512394535995554 0
1679270176084 6.786316180019639 0
1679270182854 6.5775531369727105 0
1679270189275 6.18413824099116 0
1679270196020 6.548421953979414 0
1679270203056 6.816210228018463 0
1679270209566 6.368691917043179 0
1679270215890 6.130258632998448 0
1679270235373 7.218225668009836 0
1679270243018 7.453056622995064 0
1679270250179 6.96667835500557 0
1679270257371 7.036619827966206 0
1679270264487 6.914702682988718 0
1679270272172 7.502706667990424 0
1679270279469 7.1505605800193734 0
1679270286880 7.268679979024455 0
1679270294300 7.22361861797981 0
1679270301445 6.962136341957375 0
1679270321707 7.826807162025943 0
1679270329603 7.7630688539939 0
1679270337474 7.680429805011954 0
1679270345618 7.947137966984883 0
1679270353839 8.025866146024782 0
1679270362119 8.090049812977668 0
1679270370132 7.824501366994809 0
1679270377974 7.683568250038661 0
1679270385745 7.565494683047291 0
1679270393888 7.996447591984179 0
1679270416775 8.653031088004354 0
1679270425979 9.009773006953765 0
1679270434934 8.765236365958117 0
1679270444060 8.938503532961477 0
1679270453224 8.95715052599553 0
1679270462440 8.996823274006601 0
1679270471275 8.632208066002931 0
1679270480075 8.59212932997616 0
1679270489084 8.78410042397445 0
1679270497741 8.506147986045107 0
1679270524079 9.490445892966818 0
1679270533716 9.453881394991186 0
1679270543329 9.40575481497217 0
1679270553050 9.502351176983211 0
1679270562625 9.347590527962893 0
1679270572407 9.585534817015287 0
1679270582086 9.480938093038276 0
1679270591823 9.522851412999444 0
1679270601563 9.52742442098679 0
1679270610768 9.051486805954482 0
1679270636059 10.185611487017013 0
1679270646518 10.244503626017831 0
1679270656926 10.206137973000295 0
1679270667525 10.341898912971374 0
1679270678046 10.381841287016869 0
1679270688356 10.148811888997443 0
1679270698739 10.179253244015854 0
1679270709157 10.192715165962 0
1679270719209 9.90498671901878 0
1679270729025 9.674075432005338 0
1679270752711 10.86981195397675 0
1679270763909 10.986028695013374 0
1679270775226 11.099712705996353 0
1679270786441 11.00329976802459 0
1679270797927 11.32133566000266 0
1679270809165 11.020832562004216 0
1679270820292 10.906091217009816 0
1679270830635 10.195371269015595 0
1679270841603 10.756531984021422 0
1679270852924 11.135579383000731 0
1679270877941 11.515993813984096 0
1679270889646 11.485680226993281 0
1679270901765 11.895796981989406 0
1679270913607 11.623754778003786 0
1679270925626 11.862880517030135 0
1679270937194 11.428690826985985 0
1679270948411 10.99308992899023 0
1679270960405 11.763363156002015 0
1679270972573 11.971133693994489 0
1679270984765 11.991456235991791 0
1679271010333 12.211911553982645 0
1679271022836 12.30323324300116 0
1679271035618 12.627092912967782 0
1679271047826 12.055582228000276 0
1679271059736 11.750432505039498 0
1679271072198 12.238906829967164 0
1679271085007 12.60665919596795 0
1679271097751 12.532657737960108 0
1679271110308 12.332136832003016 0
1679271123147 12.631737660965882 0
1679271149322 13.133045523019973 0
1679271161731 12.250886068039108 0
1679271175034 13.076672928000335 0
1679271188395 13.138168335950468 0
1679271201648 13.056043333024718 0
1679271214943 13.128595861024223 0
1679271228366 13.209710869996343 0
1679271242191 13.62621414399473 0
1679271255740 13.337723953009117 0
1679271268111 12.21360655099852 0
1679271298701 14.020379318040796 0
1679271313022 14.108542843954638 0
1679271327299 14.100099786010105 0
1679271341314 13.800841696967836 0
1679271355536 14.061088871967513 0
1679271369660 13.905210626951884 0
1679271382309 12.491457080992404 0
1679271396044 13.52114572795108 0
1679271410169 13.900714538991451 0
1679271424264 13.873534375976305 0
1679271452182 14.203618536994327 0
1679271466893 14.551897714030929 0
1679271481815 14.710355919029098 0
1679271495385 13.405743128038011 0
1679271509691 14.1481629810296 0
1679271524300 14.404494863993023 0
1679271539034 14.580257454013918 0
1679271553677 14.425319097994361 0
1679271568646 14.804961494985037 0
1679271583318 14.450623159995303 0
1679271611633 13.739611678989604 0
1679271627235 15.377550559991505 0
1679271642606 15.154153593990486 0
1679271658219 15.41124085400952 0
1679271674644 16.210037904034834 0
1679271690179 15.332896790991072 0
1679271705830 15.4467101690243 0
1679271719684 13.70042133500101 0
1679271735235 15.342738215986174 0
1679271750630 15.185825355991255 0
1679271781295 16.30130317795556 0
1679271797166 15.657210999983363 0
1679271813988 16.610857482999563 0
1679271828920 14.786590036004782 0
1679271844421 15.26868649898097 0
1679271860630 15.984336964960676 0
1679271876695 15.869494601967745 0
1679271893166 16.308304813981522 0
1679271910100 16.7215020970325 0
1679271926581 16.257978626003023 0
1679271961281 16.685107311001047 0
1679271978067 16.625327337998897 0
1679271994982 16.67582206299994 0
1679272011729 16.530732749029994 0
1679272028975 17.042357400001492 0
1679272046062 16.928842616965994 0
1679272061005 14.73169703799067 0
1679272077476 16.25670360098593 0
1679272094004 16.308633845008444 0
1679272110784 16.61078698601341 0
1679272143659 17.00904646300478 0
1679272161005 17.166594655951485 0
1679272177248 16.029895026993472 0
1679272194953 17.475833041011356 0
1679272212229 17.048321668000426 0
1679272229515 17.064045528997667 0
1679272247490 17.755261779006105 0
1679272265046 17.33449609100353 0
1679272281075 15.873195066989865 0
1679272296290 15.044667758978903 0
