1678653395558 0.8114529393847091 0
1678653399573 0.9664940603106914 0
1678653403339 0.9917758148035334 0
1678653407319 0.9963448065793482 0
1678653411003 0.998172403289674 0
1678653414756 1.0 0
1678653418544 1.0 0
1678653422221 1.0 0
1678653426015 1.0 0
1678653429807 1.0 0
1678653492501 0.7906114885731933 0
1678653497035 0.8332303891290921 0
1678653501404 0.846201358863496 0
1678653505721 0.8483631871525633 0
1678653509996 0.8545398394070414 0
1678653513800 0.8533045089561457 0
1678653518028 0.8551575046324892 0
1678653522345 0.8551575046324892 0
1678653526570 0.8665843113032736 0
1678653530885 0.8638048177887585 0
1678653591452 0.7442865966646078 0
1678653595997 0.8326127239036443 0
1678653600172 0.8619518221124151 0
1678653604575 0.865348980852378 0
1678653608865 0.8736874613959235 0
1678653612836 0.8798641136504015 0
1678653617117 0.8851142680667079 0
1678653621286 0.8894379246448425 0
1678653625584 0.8949969116738727 0
1678653629823 0.8906732550957381 0
1678653689969 0.6219888820259419 0
1678653694321 0.7912291537986411 0
1678653698461 0.8292155651636813 0
1678653702951 0.830142063001853 0
1678653707356 0.8560840024706609 0
1678653711296 0.8625694873378629 0
1678653715750 0.8604076590487956 0
1678653720089 0.8672019765287214 0
1678653724605 0.8733786287831995 0
1678653729063 0.8699814700432366 0
1678653789396 0.5407659048795552 0
1678653793716 0.7507720815318097 0
1678653798056 0.7835083384805436 0
1678653802473 0.8020382952439777 0
1678653807016 0.8113032736256949 0
1678653811236 0.8285978999382335 0
1678653815720 0.8313773934527486 0
1678653820147 0.8344657195799876 0
1678653824497 0.8477455219271155 0
1678653828943 0.862260654725139 0
1678653889171 0.39252625077208153 0
1678653893612 0.6525633106856084 0
1678653897819 0.7081531809759111 0
1678653902108 0.7347127856701667 0
1678653906464 0.7516985793699815 0
1678653910603 0.7782581840642372 0
1678653914439 0.7770228536133416 0
1678653918702 0.7955528103767758 0
1678653923089 0.798023471278567 0
1678653927389 0.8091414453366276 0
1678653987618 0.26961087090796787 0
1678653991972 0.5546633724521309 0
1678653996359 0.6300185299567634 0
1678654000896 0.6581222977146387 0
1678654005409 0.695491043854231 0
1678654009619 0.7038295243977764 0
1678654013473 0.7001235330450896 0
1678654017706 0.7044471896232242 0
1678654022034 0.7313156269302038 0
1678654026343 0.7344039530574429 0
1678654086176 0.15935762816553428 0
1678654090639 0.4459542927733169 0
1678654095013 0.5457072266831378 0
1678654099494 0.5781346510191476 0
1678654103974 0.5985176034589252 0
1678654108449 0.6105620753551575 0
1678654112684 0.6219888820259419 0
1678654116992 0.6161210623841877 0
1678654121358 0.6226065472513898 0
1678654125669 0.6414453366275479 0
1678654185417 0.22513897467572574 0
1678654189794 0.4478072884496603 0
1678654194063 0.5126621371216801 0
1678654198464 0.551575046324892 0
1678654202955 0.567016676961087 0
1678654207487 0.5741198270537369 0
1678654211566 0.586781964175417 0
1678654215439 0.5917232859789994 0
1678654219758 0.602532427424336 0
1678654223991 0.6050030883261273 0
1678654285044 0.22421247683755405 0
1678654289405 0.4666460778258184 0
1678654293862 0.5324274243360099 0
1678654298252 0.5534280420012353 0
1678654302686 0.5605311920938851 0
1678654307207 0.5645460160592959 0
1678654311586 0.5725756639901174 0
1678654315533 0.5756639901173564 0
1678654319727 0.5781346510191476 0
1678654323864 0.5954292773316863 0
1678654384257 0.23378628783199507 0
1678654388215 0.47035206917850525 0
1678654392660 0.5293390982087709 0
1678654397027 0.5546633724521309 0
1678654401485 0.5531192093885114 0
1678654405882 0.5784434836318715 0
1678654410505 0.5778258184064237 0
1678654414522 0.5852378011117974 0
1678654418887 0.5907967881408277 0
1678654423356 0.5886349598517604 0
1678654483843 0.25941939468807906 0
1678654488076 0.47899938233477457 0
1678654492536 0.5197652872143298 0
1678654496788 0.5602223594811612 0
1678654501331 0.551575046324892 0
1678654505778 0.5697961704756023 0
1678654510287 0.5787523162445954 0
1678654514492 0.5778258184064237 0
1678654519003 0.5861642989499691 0
1678654523278 0.5951204447189623 0
1678654583535 0.262816553428042 0
1678654588014 0.4873378628783199 0
1678654592335 0.5284126003705991 0
1678654596720 0.5518838789376158 0
1678654601028 0.5775169857936998 0
1678654605494 0.5898702903026559 0
1678654609963 0.5945027794935145 0
1678654614382 0.5870907967881408 0
1678654618737 0.5954292773316863 0
1678654623103 0.6037677578752316 0
1678654683743 0.2711550339715874 0
1678654688370 0.4975293390982088 0
1678654692909 0.5562075355157504 0
1678654697492 0.5735021618282891 0
1678654701992 0.5741198270537369 0
1678654706450 0.6009882643607165 0
1678654710710 0.5904879555281037 0
1678654714959 0.6099444101297097 0
1678654719390 0.6130327362569488 0
1678654723690 0.6179740580605312 0
1678654783946 0.2603458925262508 0
1678654788553 0.46016059295861644 0
1678654793035 0.5237801111797405 0
1678654797540 0.5558987029030266 0
1678654801967 0.5762816553428042 0
1678654806343 0.5836936380481779 0
1678654810711 0.6031500926497838 0
1678654814950 0.6099444101297097 0
1678654819611 0.608709079678814 0
1678654824060 0.6195182211241507 0
1678654885199 0.20846201358863495 0
1678654889551 0.4638665843113033 0
1678654893843 0.5271772699197035 0
1678654898374 0.5370599135268684 0
1678654902721 0.5667078443483632 0
1678654907194 0.5602223594811612 0
1678654911825 0.5741198270537369 0
1678654916183 0.5691785052501545 0
1678654920499 0.5861642989499691 0
1678654924908 0.5840024706609018 0
1678654985856 0.2279184681902409 0
1678654990308 0.44502779493514516 0
1678654994697 0.5052501544163064 0
1678654999265 0.5438542310067943 0
1678655003478 0.5503397158739963 0
1678655008041 0.5713403335392218 0
1678655012599 0.5750463248919085 0
1678655016845 0.5731933292155652 0
1678655021397 0.5923409512044472 0
1678655025744 0.5790611488573193 0
1678655086674 0.15626930203829525 0
1678655091187 0.4073502161828289 0
1678655095641 0.5040148239654108 0
1678655100037 0.5194564546016059 0
1678655104619 0.5453983940704138 0
1678655109102 0.5558987029030266 0
1678655113617 0.5784434836318715 0
1678655118025 0.5725756639901174 0
1678655122305 0.5784434836318715 0
1678655126796 0.5802964793082149 0
1678655188064 0.28289067325509576 0
1678655192775 0.4718962322421248 0
1678655197771 0.5135886349598517 0
1678655202546 0.5525015441630636 0
1678655207279 0.5719579987646696 0
1678655212052 0.5778258184064237 0
1678655216934 0.5877084620135886 0
1678655221845 0.5972822730080296 0
1678655226651 0.5985176034589252 0
1678655231470 0.608709079678814 0
1678655298243 0.20537368746139592 0
1678655303193 0.46294008647313156 0
1678655307920 0.5373687461395923 0
1678655312616 0.5546633724521309 0
1678655317539 0.5836936380481779 0
1678655322430 0.5728844966028412 0
1678655327236 0.5945027794935145 0
1678655332040 0.5812229771463867 0
1678655336936 0.6006794317479925 0
1678655341778 0.5982087708462014 0
