1678653395568 0.5865011595341624 0
1678653399585 0.1078802235821671 0
1678653403350 0.04091112752749431 0
1678653407330 0.023049054335447627 0
1678653411013 0.012321488928370929 0
1678653414765 0.006513559347982545 0
1678653418556 0.004669137619052252 0
1678653422232 0.003597983284795244 0
1678653426022 0.0027606403850517687 0
1678653429819 0.002236990995595627 0
1678653492512 0.9546359710445957 0
1678653497047 0.7580329410966493 0
1678653501415 0.7095590899799105 0
1678653505733 0.6630828014636496 0
1678653510006 0.6694749810211154 0
1678653513810 0.6354838963862626 0
1678653518040 0.6286930916410968 0
1678653522357 0.6198065074378137 0
1678653526581 0.6028829864545543 0
1678653530897 0.6073108272761604 0
1678653591467 1.3867171493999157 0
1678653596003 1.0559256671018407 0
1678653600185 1.0094378613777704 0
1678653604586 0.9878933730870577 0
1678653608876 0.9701057545118231 0
1678653612852 0.9621151858748589 0
1678653617128 0.9616884279575076 0
1678653621296 0.9498096253858664 0
1678653625595 0.9503410176188214 0
1678653629834 0.9415440366472854 0
1678653689977 2.2723414512089994 0
1678653694331 1.555130834856322 0
1678653698472 1.4580517039761416 0
1678653702965 1.425612385144861 0
1678653707368 1.387546175199206 0
1678653711302 1.3769199862901336 0
1678653715762 1.3693098775982635 0
1678653720099 1.3611730395311776 0
1678653724614 1.3462026923287422 0
1678653729076 1.348338911016463 0
1678653789410 2.6843322770988745 0
1678653793729 1.7598800768154208 0
1678653798067 1.646180157900004 0
1678653802485 1.5946724774146832 0
1678653807030 1.5604321632656217 0
1678653811244 1.5397914977188534 0
1678653815730 1.5214054188366066 0
1678653820159 1.5111394875428057 0
1678653824509 1.492704440812552 0
1678653828952 1.4834998930730225 0
1678653889177 3.0199374257229668 0
1678653893626 1.9612340184919181 0
1678653897830 1.7882011562604239 0
1678653902121 1.6902035872386958 0
1678653906476 1.6295364316854306 0
1678653910613 1.5898927146082236 0
1678653914450 1.5792799500346995 0
1678653918716 1.5481182511313747 0
1678653923100 1.5379076292663536 0
1678653927402 1.5237997519226263 0
1678653987629 3.341609513928965 0
1678653991984 2.12575862936358 0
1678653996373 1.865514544515863 0
1678654000907 1.7485832087120352 0
1678654005425 1.6825095186121601 0
1678654009630 1.6374949722690595 0
1678654013492 1.6176726367460348 0
1678654017721 1.6015486195177264 0
1678654022040 1.5708830592218486 0
1678654026356 1.556741685024966 0
1678654086187 3.633205160378968 0
1678654090653 2.2934150024282114 0
1678654095025 1.9664475549659 0
1678654099507 1.8130482745951086 0
1678654103987 1.719918787810742 0
1678654108459 1.6640198671059376 0
1678654112692 1.6406675336388912 0
1678654117006 1.6190941760096746 0
1678654121370 1.6071116607670728 0
1678654125678 1.5876779419319949 0
1678654185427 3.6394331103272464 0
1678654189807 2.2433854533684996 0
1678654194077 1.959146396844309 0
1678654198475 1.817218903040282 0
1678654202967 1.7415833629304203 0
1678654207499 1.6923921834251776 0
1678654211579 1.6636487171191945 0
1678654215449 1.6451557516830801 0
1678654219770 1.6183670617092385 0
1678654224003 1.6108068398592867 0
1678654285058 3.6658066824087765 0
1678654289417 2.134037744122718 0
1678654293876 1.8758252366521315 0
1678654298264 1.7576870570733563 0
1678654302698 1.699442519311039 0
1678654307218 1.6688851202763917 0
1678654311600 1.6349856351318737 0
1678654315552 1.6206264734415452 0
1678654319738 1.604343447882574 0
1678654323875 1.5836321049225486 0
1678654384269 3.646638002271929 0
1678654388227 2.1425925119928992 0
1678654392671 1.8846389594970476 0
1678654397037 1.7599553056084278 0
1678654401499 1.7089290683692144 0
1678654405892 1.6600945662980908 0
1678654410526 1.6415966406805123 0
1678654414531 1.6255057101046473 0
1678654418898 1.6041712405285473 0
1678654423368 1.5878671408435898 0
1678654483851 3.568153241447934 0
1678654488093 2.1366497137577465 0
1678654492552 1.8789249277910087 0
1678654496802 1.7495626588895632 0
1678654501347 1.7056879839682153 0
1678654505789 1.6527034043529434 0
1678654510299 1.6286089694227532 0
1678654514502 1.6120841824176357 0
1678654519011 1.5922949043890073 0
1678654523288 1.5766640266126288 0
1678654583546 3.5216508225352032 0
1678654588024 2.1056286038404046 0
1678654592348 1.88777669938425 0
1678654596732 1.7533485722291462 0
1678654601038 1.6911138008228417 0
1678654605513 1.6628151103403186 0
1678654609975 1.6238710329516424 0
1678654614392 1.6047271037263735 0
1678654618745 1.5948701298038042 0
1678654623120 1.5779188935443014 0
1678654683751 3.439386261179537 0
1678654688377 2.0847587535379843 0
1678654692919 1.8595055835787495 0
1678654697503 1.735719176631713 0
1678654702005 1.6725347450001877 0
1678654706462 1.638747999887543 0
1678654710722 1.6084706057288751 0
1678654714969 1.5880668719216877 0
1678654719399 1.5891789560188403 0
1678654723709 1.5591237166547864 0
1678654783958 3.451929439653063 0
1678654788562 2.112650891746394 0
1678654793052 1.8745344140192401 0
1678654797554 1.7640224772518693 0
1678654801980 1.695039745611199 0
1678654806356 1.6451965341456074 0
1678654810723 1.6249340519336655 0
1678654814961 1.6000128268017453 0
1678654819619 1.5947987683545373 0
1678654824075 1.5728051301651047 0
1678654885219 3.5405182783952682 0
1678654889559 2.110789462620274 0
1678654893856 1.875717825474306 0
1678654898388 1.7386523721540614 0
1678654902736 1.6923695620082646 0
1678654907211 1.6471981710677828 0
1678654911838 1.6277403392638594 0
1678654916194 1.6103739881309336 0
1678654920511 1.5908827169063726 0
1678654924922 1.583701907078965 0
1678654985868 3.526789411046462 0
1678654990319 2.1376794531729724 0
1678654994710 1.899183981060761 0
1678654999281 1.777744809221971 0
1678655003494 1.7037259573697896 0
1678655008055 1.6535269784073243 0
1678655012611 1.633443124357604 0
1678655016857 1.6094899751876444 0
1678655021410 1.5901647337135376 0
1678655025755 1.5709261643879202 0
1678655086692 3.63987619807648 0
1678655091200 2.209087743959433 0
1678655095654 1.9224552779819142 0
1678655100049 1.7984318715543788 0
1678655104634 1.721895613885353 0
1678655109123 1.6672653912614348 0
1678655113630 1.6476696617003943 0
1678655118046 1.618652885382819 0
1678655122319 1.599221782967071 0
1678655126809 1.5951142847133022 0
1678655188077 3.421067062611194 0
1678655192783 2.087898471754521 0
1678655197781 1.884664887775235 0
1678655202556 1.7685428273906083 0
1678655207294 1.6966922823627324 0
1678655212064 1.6505239064344437 0
1678655216946 1.613412671062665 0
1678655221863 1.596742031381335 0
1678655226664 1.5849778940826378 0
1678655231487 1.5642539669217115 0
1678655298255 3.4798023522526043 0
1678655303208 2.1042601984176024 0
1678655307929 1.872327016414574 0
1678655312633 1.7654653554201274 0
1678655317560 1.700062061990758 0
1678655322442 1.6623374558732125 0
1678655327249 1.6276726176372054 0
1678655332054 1.6144450067222083 0
1678655336948 1.605863011273578 0
1678655341796 1.57887192351204 0
