1678653395572 3.8245327142067254 0
1678653399592 3.8825969388708472 0
1678653403356 3.627609023358673 0
1678653407338 3.8415621160529554 0
1678653411019 3.5673509500920773 0
1678653414774 3.6061665038578212 0
1678653418563 3.655400841962546 0
1678653422239 3.5491575449705124 0
1678653426029 3.674615101888776 0
1678653429827 3.6694298521615565 0
1678653492518 4.134209962096065 0
1678653497058 4.397772316355258 0
1678653501420 4.221333185676485 0
1678653505744 4.162877804134041 0
1678653510011 4.142790270037949 0
1678653513815 3.6810980858281255 0
1678653518050 4.084154038224369 0
1678653522366 4.16908714780584 0
1678653526589 4.0756116677075624 0
1678653530909 4.174133576918393 0
1678653591479 4.454823702108115 0
1678653596008 4.400199226103723 0
1678653600194 4.032291079405695 0
1678653604593 4.257801104336977 0
1678653608885 4.150661604013294 0
1678653612862 3.828837424982339 0
1678653617132 4.148161354940385 0
1678653621302 4.042616912629455 0
1678653625602 4.174582972191274 0
1678653629842 4.103560203220695 0
1678653689983 4.257399839814752 0
1678653694337 4.208442165050656 0
1678653698479 3.989811021834612 0
1678653702973 4.341993623878807 0
1678653707376 4.249688940122724 0
1678653711309 3.7738513411022723 0
1678653715770 4.256654575001448 0
1678653720105 4.163368330337107 0
1678653724621 4.320078548975289 0
1678653729083 4.254404816310853 0
1678653789420 4.475546485278755 0
1678653793735 4.1758626266382635 0
1678653798076 4.201451275963336 0
1678653802496 4.272506196983159 0
1678653807041 4.378128902055323 0
1678653811251 4.036049749236554 0
1678653815737 4.3424211870878935 0
1678653820169 4.290199242066592 0
1678653824517 4.2145427339710295 0
1678653828959 4.299463688395917 0
1678653889182 4.151260985992849 0
1678653893638 4.312728412915021 0
1678653897839 4.044854186940938 0
1678653902128 4.1408521281555295 0
1678653906484 4.2134647108614445 0
1678653910618 4.008521704934537 0
1678653914457 3.692664906848222 0
1678653918726 4.119009217247367 0
1678653923109 4.249018398113549 0
1678653927411 4.168931684922427 0
1678653987638 4.335656163748354 0
1678653991992 4.193655191920698 0
1678653996382 4.226858091074973 0
1678654000913 4.38999060401693 0
1678654005441 4.361537941265851 0
1678654009636 4.058280890807509 0
1678654013501 3.723399148788303 0
1678654017729 4.084418849088252 0
1678654022045 4.19656445691362 0
1678654026365 4.175744607113302 0
1678654086192 4.059611389879137 0
1678654090661 4.313097625039518 0
1678654095033 4.231129883322865 0
1678654099514 4.336575869936496 0
1678654103997 4.3336396319791675 0
1678654108467 4.307919709943235 0
1678654112700 4.061405206099153 0
1678654117011 4.1700575249269605 0
1678654121378 4.215939262881875 0
1678654125684 4.156789508182555 0
1678654185433 4.169976323377341 0
1678654189818 4.243272077757865 0
1678654194085 4.126798741985112 0
1678654198485 4.243952799122781 0
1678654202975 4.333326552994549 0
1678654207507 4.363562370184809 0
1678654211588 3.940457236021757 0
1678654215455 3.73509266320616 0
1678654219776 4.183147591073066 0
1678654224018 4.084535247180611 0
1678654285067 4.1968960599042475 0
1678654289425 4.206736834719777 0
1678654293889 4.321418809238821 0
1678654298280 4.230174430180341 0
1678654302710 4.275524013210088 0
1678654307226 4.355338633991778 0
1678654311613 4.24044233141467 0
1678654315564 3.794710197020322 0
1678654319745 4.043867781758308 0
1678654323881 4.004321028944105 0
1678654384279 4.2335502919740975 0
1678654388235 3.8146295500919223 0
1678654392679 4.300123083870858 0
1678654397044 4.219897424336523 0
1678654401508 4.3098278879188 0
1678654405898 4.248322003055364 0
1678654410540 4.488789539784193 0
1678654414541 3.8284729812294245 0
1678654418906 4.2172937309369445 0
1678654423378 4.331717387773097 0
1678654483858 4.203039225190878 0
1678654488104 4.053646529093385 0
1678654492567 4.296655260026455 0
1678654496812 4.095703344792128 0
1678654501362 4.3930564490146935 0
1678654505797 4.268028290010989 0
1678654510306 4.348994551226497 0
1678654514511 4.044854292180389 0
1678654519018 4.350252490956336 0
1678654523307 4.131724482867867 0
1678654583554 4.328017125371844 0
1678654588031 4.305475328117609 0
1678654592359 4.173391966149211 0
1678654596740 4.225748396944255 0
1678654601053 4.150555446743965 0
1678654605524 4.3146968758665025 0
1678654609984 4.3063308908604085 0
1678654614403 4.231882789172232 0
1678654618751 4.201783226337284 0
1678654623131 4.215540852863342 0
1678654683758 4.121516729705036 0
1678654688384 4.470085262786597 0
1678654692927 4.388554151169956 0
1678654697516 4.424282907042652 0
1678654702014 4.33139567496255 0
1678654706470 4.315337030682713 0
1678654710728 4.11055058427155 0
1678654714980 4.068267547059804 0
1678654719405 4.297087149694562 0
1678654723720 4.1436524339951575 0
1678654783965 4.24754175497219 0
1678654788569 4.44024419086054 0
1678654793063 4.332701214123517 0
1678654797562 4.355219799093902 0
1678654801995 4.267458144109696 0
1678654806364 4.222261307295412 0
1678654810731 4.209971243981272 0
1678654814972 4.055057304911315 0
1678654819626 4.50325134396553 0
1678654824086 4.309301419183612 0
1678654885231 4.560954594984651 0
1678654889566 4.204394397325814 0
1678654893870 4.14687779918313 0
1678654898398 4.358886057045311 0
1678654902746 4.189641050063074 0
1678654907223 4.31440055090934 0
1678654911846 4.467844483908266 0
1678654916205 4.178264152724296 0
1678654920520 4.145055600907654 0
1678654924931 4.2533492860384285 0
1678654985876 4.293591239023954 0
1678654990328 4.290935306809843 0
1678654994719 4.249665024224669 0
1678654999296 4.422471561003476 0
1678655003504 4.05223632697016 0
1678655008067 4.395914783235639 0
1678655012620 4.393552700988948 0
1678655016869 4.066365395672619 0
1678655021418 4.370045830961317 0
1678655025763 4.200263172853738 0
1678655086704 4.282609961926937 0
1678655091209 4.334092919714749 0
1678655095662 4.277616949751973 0
1678655100059 4.2448337520472705 0
1678655104642 4.416186168324202 0
1678655109140 4.327117308974266 0
1678655113639 4.344114755745977 0
1678655118065 4.263063324149698 0
1678655122328 4.111983448732644 0
1678655126817 4.344853944145143 0
1678655188085 4.639976439997554 0
1678655192791 4.523336466867477 0
1678655197796 4.802112210076302 0
1678655202565 4.583398428745568 0
1678655207303 4.535805430728942 0
1678655212073 4.582273792941123 0
1678655216955 4.669475859962404 0
1678655221879 4.71347458800301 0
1678655226672 4.620327378157526 0
1678655231497 4.613858737051487 0
1678655298263 4.769592371769249 0
1678655303219 4.758584904950112 0
1678655307937 4.540661425795406 0
1678655312647 4.519737360067666 0
1678655317573 4.702109620906413 0
1678655322450 4.686594136990607 0
1678655327258 4.604922442231327 0
1678655332072 4.623714730609208 0
1678655336957 4.660926995333284 0
1678655341808 4.6532936077564955 0
