1680190038174 11.96551324200118 0
1680190047281 8.90119236100145 0
1680190056413 8.927533616000801 0
1680190065834 9.216407634999996 0
1680190075106 9.101898204000463 0
1680190084257 8.95777915799954 0
1680190093317 8.86033062000024 0
1680190102383 8.846928363000188 0
1680190111765 9.168071337999208 0
1680190121854 9.898491011999795 0
1680190140475 17.932796338000117 0
1680190158312 17.627512376000595 0
1680190177485 18.97519070799899 0
1680190195377 17.695321895000234 0
1680190214810 19.23682172699955 0
1680190232832 17.818101629998637 0
1680190251374 18.331827058000272 0
1680190269563 17.972389843998826 0
1680190288992 19.225373502000366 0
1680190308097 18.900311486000646 0
1680190337272 28.006090663000577 0
1680190365455 27.984580492000532 0
1680190393456 27.801958718000606 0
1680190421286 27.628575680999347 0
1680190449296 27.80133002599905 0
1680190477191 27.68816008400063 0
1680190505226 27.845711914000276 0
1680190532985 27.54166836100012 0
1680190561753 28.574657974999354 0
1680190591519 29.56347063499925 0
1680190632075 39.105361252000876 0
1680190668616 36.3275520920015 0
1680190705725 36.867236953999964 0
1680190743320 37.38542750200031 0
1680190780010 36.47513489999983 0
1680190816800 36.576563815000554 0
1680190853563 36.563183278 0
1680190890274 36.51192549900043 0
1680190926854 36.36993005899967 0
1680190963443 36.37955519600109 0
1680191012544 47.186027204999846 0
1680191059828 47.08143647500037 0
1680191107222 47.17509843199878 0
1680191155191 47.77022845200008 0
1680191202525 47.124037917999885 0
1680191250111 47.37061579699912 0
1680191297227 46.89582758000142 0
1680191345119 47.680920123999385 0
1680191391868 46.539569399001266 0
1680191444375 52.29798659399967 0
1680191503400 56.82147852399976 0
1680191561374 57.76533129499876 0
1680191618328 56.74356534100116 0
1680191674385 55.84777523899902 0
1680191729210 54.55291128099998 0
1680191785362 55.95210740799848 0
1680191842501 56.90673295000124 0
1680191898511 55.79752876099883 0
1680191954632 55.91338648300007 0
1680192010274 55.42935050199958 0
1680192076230 62.78414527000132 0
1680192140065 63.64183483300076 0
1680192204035 63.76348744200004 0
1680192267109 62.85122093799873 0
1680192330441 63.14385733900053 0
1680192393027 62.38062455199906 0
1680192456731 63.48960594199889 0
1680192520230 63.276596516996506 0
1680192583678 63.234354356998665 0
1680192647300 63.39982302600038 0
1680192716411 65.25841932500043 0
1680192782103 65.48609567699896 0
1680192848228 65.91579949800143 0
1680192914483 66.05335834500147 0
1680192980548 65.85422967499835 0
1680193045818 65.070790709 0
1680193111768 65.74773380400075 0
1680193177068 65.08883324999988 0
1680193241108 63.83073959399917 0
1680193306694 65.3827763320005 0
1680193385970 74.50476776900177 0
1680193459071 72.89998332500181 0
1680193532663 73.38809233199936 0
1680193608275 75.40944139600106 0
1680193684441 75.95514655399893 0
1680193759125 74.46764484600135 0
1680193835977 76.63898898900152 0
1680193913556 77.36686592700062 0
1680193987542 73.77684419200159 0
1680194061091 73.33854960699682 0
1680194141846 76.19073423400187 0
1680194217708 75.6377006900002 0
1680194298479 80.56561849199716 0
1680194380642 81.94883397500234 0
1680194461013 80.16614897099862 0
1680194543044 81.82135934000326 0
1680194625016 81.77446630399936 0
1680194710865 85.62224174199946 0
1680194789520 78.43617306099986 0
1680194865581 75.82744088600157 0
1680194950487 79.75277503699908 0
1680195029007 78.30648753100104 0
1680195108582 79.376336086003 0
1680195186812 78.01973732600163 0
1680195265349 78.31261400000221 0
1680195343360 77.80381614699945 0
1680195422214 78.67220241000177 0
1680195501327 78.91266031100167 0
1680195580176 78.643601390002 0
1680195658146 77.7623448350023 0
1680195745829 82.22925586300335 0
1680195826006 79.95707141000094 0
1680195907357 81.12692624299962 0
1680195989014 81.44400716300152 0
1680196068964 79.73131139900215 0
1680196150930 81.75660908499776 0
1680196232117 80.96880271700138 0
1680196313796 81.46886465699936 0
1680196394001 79.9799772510014 0
1680196475139 80.92109723199974 0
1680196563477 82.62364353500016 0
1680196646730 83.03572097600045 0
1680196729292 82.34484300600161 0
1680196811838 82.3319750720002 0
1680196896213 84.16270010899825 0
1680196980135 83.70086191600058 0
1680197064437 84.09581971799707 0
1680197152623 87.97714949700094 0
1680197236733 83.90915199499796 0
1680197321191 84.24300782000137 0
