1680190038166 0.008617628451653373 0
1680190047273 1.347611235319021e-05 0
1680190056405 7.314272186315056e-06 0
1680190065827 4.3729788935933075e-06 0
1680190075096 2.2004695023136034e-06 0
1680190084250 0.005528883714258486 0
1680190093309 2.3954804099260387e-05 0
1680190102376 9.567647766127852e-06 0
1680190111757 7.971618318122576e-06 0
1680190121846 2.865142170994528e-06 0
1680190140467 0.0010928972078415083 0
1680190158304 3.848180396847308e-06 0
1680190177475 2.047717090879382e-06 0
1680190195371 2.1589609664192822e-06 0
1680190214801 7.884841115760839e-07 0
1680190232821 8.382722972604883e-07 0
1680190251366 8.268486470666026e-07 0
1680190269556 7.099348697592309e-07 0
1680190288984 8.631883728319017e-07 0
1680190308086 9.993408068054033e-07 0
1680190337264 0.0013139228421681862 0
1680190365444 5.492967030488907e-06 0
1680190393446 3.2092146409998473e-06 0
1680190421280 1.8845743095835187e-06 0
1680190449287 1.0706497468573835e-06 0
1680190477182 8.791892210593127e-07 0
1680190505217 1.468163222070136e-06 0
1680190532975 0.0022394335138638793 0
1680190561745 4.431353004722485e-05 0
1680190591510 7.855279418941991e-06 0
1680190632066 0.00044923530343192827 0
1680190668607 1.8205295584805032e-06 0
1680190705718 5.29079262206741e-07 0
1680190743308 6.688740650438413e-07 0
1680190780004 6.757694989579609e-07 0
1680190816791 8.089018283420953e-07 0
1680190853554 0.00041173484610428426 0
1680190890265 3.126281798558545e-06 0
1680190926844 1.0104946812197887e-06 0
1680190963434 7.336735678787171e-07 0
1680191012530 0.000254078120445214 0
1680191059819 9.763396405134696e-07 0
1680191107209 0.00018004741893048472 0
1680191155182 9.328521694869926e-07 0
1680191202513 4.5710812212081163e-07 0
1680191250102 6.584961045086259e-07 0
1680191297217 0.0007455282345646005 0
1680191345109 2.228194730652556e-06 0
1680191391859 1.0872338146382283e-06 0
1680191444366 7.916764993421418e-07 0
1680191503390 0.010186122332096712 0
1680191561364 0.0031400140036834255 0
1680191618318 0.002344648701391271 0
1680191674375 0.0021753634283575287 0
1680191729198 0.0015528423672111456 0
1680191785353 0.0013564895330656073 0
1680191842491 0.00117260758360656 0
1680191898501 0.0008048575237746907 0
1680191954623 0.0007912294795451358 0
1680192010265 0.0008479075167306839 0
1680192076220 0.002502008416593075 0
1680192140055 0.001147546869012218 0
1680192204023 0.0010765096952147833 0
1680192267096 0.0008064795700089612 0
1680192330434 0.0007474993369998121 0
1680192393014 0.0009008340041086371 0
1680192456717 0.0008009446587192198 0
1680192520223 0.0006310349796687698 0
1680192583665 0.000371926178826951 0
1680192647289 0.000838066987803328 0
1680192716401 0.0019028038821487475 0
1680192782092 0.0008605866611593972 0
1680192848218 0.00053793185415129 0
1680192914473 0.00068699672543922 0
1680192980538 0.0005011408639575598 0
1680193045806 0.0006768355089889765 0
1680193111758 0.0004587346230265598 0
1680193177058 0.0008702962243577053 0
1680193241096 0.0004939429888680034 0
1680193306679 0.0004627197148733555 0
1680193385957 0.014360190470647159 0
1680193459060 0.0026008442055369288 0
1680193532652 0.0015696578093914015 0
1680193608264 0.0019683825692062965 0
1680193684430 0.0013231719844693124 0
1680193759112 0.0015939263699353903 0
1680193835966 0.0010993115582621537 0
1680193913546 0.0012082937688253274 0
1680193987531 0.0011448973878896893 0
1680194061079 0.001331547487249713 0
1680194141834 0.0026603208178280504 0
1680194217699 0.0011710158229691742 0
1680194298464 0.0011023823898461055 0
1680194380631 0.001106647553541489 0
1680194460999 0.0014615786865708666 0
1680194543033 0.0009179084959430101 0
1680194625002 0.0015216317493022126 0
1680194710854 0.0009635600843722866 0
1680194789509 0.0008217283279574693 0
1680194865570 0.0008812634035251127 0
1680194950473 0.0028438485184851766 0
1680195028995 0.0017274458886581319 0
1680195108571 0.0011909648388606063 0
1680195186801 0.0011952651913586733 0
1680195265337 0.0013131955890579017 0
1680195343348 0.0010923038372929962 0
1680195422205 0.0007951740688428415 0
1680195501315 0.0015266163439695796 0
1680195580167 0.001253973560576433 0
1680195658133 0.0010025770389122588 0
1680195745814 0.0037556305505391675 0
1680195825995 0.0017507787838372873 0
1680195907345 0.0013332382977335354 0
1680195989006 0.0015705382909427792 0
1680196068952 0.001808795013845515 0
1680196150920 0.0007910310769470492 0
1680196232105 0.0016886697027256182 0
1680196313784 0.0014015779474710658 0
1680196393986 0.0011587888121459466 0
1680196475128 0.001208942026169168 0
1680196563469 0.002512896332624454 0
1680196646719 0.001550473729131076 0
1680196729280 0.0012768027361321722 0
1680196811825 0.0015412010542241623 0
1680196896201 0.001266981783269506 0
1680196980121 0.0014429751775255815 0
1680197064425 0.0016881264054019376 0
1680197152615 0.0011440104367352899 0
1680197236721 0.001380474376198266 0
1680197321178 0.0012683376388022709 0
