1671340193067 185.65334923099726 0
1671340374685 181.41660856222734 0
1671340556905 182.0233758459799 0
1671340737963 180.86623233603314 0
1671340918858 180.70900191995315 0
1671341381464 439.3676311110612 0
1671341817711 435.99123650602996 0
1671342259117 441.16752645210363 0
1671342695001 435.63553533004597 0
1671343136549 441.31480348599143 0
1671343616465 439.64196717296727 0
1671344056572 439.8302255438175 0
1671344500712 443.87897240999155 0
1671344944615 443.624521543039 0
1671345395280 450.3966179769486 0
1671345892148 439.76912107807584 0
1671346333316 440.8770526389126 0
1671346779013 445.3742610809859 0
1671347224965 445.654594223015 0
1671347668216 442.96350660105236 0
1671348192325 450.20587877416983 0
1671348635776 443.1082359959837 0
1671349083183 447.07454482791945 0
1671349528493 444.9649426769465 0
1671349975541 446.71186914504506 0
1671350514791 447.9141242809128 0
1671350961157 446.02123901993036 0
1671351403614 442.09470400121063 0
1671351850585 446.63099203212187 0
1671352296318 445.3829553879332 0
1671352850819 446.1809445810504 0
1671353296942 445.73288339795545 0
1671353745109 447.7965644679498 0
1671354188215 442.7178537310101 0
1671354634742 446.1403203110676 0
1671355207315 446.84683301416226 0
1671355655238 447.53356738202274 0
1671356101334 445.6848743511364 0
1671356549556 447.81775465398096 0
1671356995089 445.1308980539907 0
1671357583957 445.67210789001547 0
1671358035647 451.26321388804354 0
1671358483703 447.64578999602236 0
1671358935982 451.82577982498333 0
1671359393845 457.42400618083775 0
1671360039926 485.9247917900793 0
1671360519432 479.0509886140935 0
1671361000341 480.400346032111 0
1671361481508 480.641331913881 0
1671361961769 479.8067459571175 0
1671362594671 481.2514863810502 0
1671363071736 476.51254561380483 0
1671363552392 480.12924958299845 0
1671364036051 483.0990743970033 0
1671364516600 480.0453745939303 0
1671365172323 488.2641451288946 0
1671365660430 487.51034898497164 0
1671366143264 482.2678331020288 0
1671366630488 486.67267538188025 0
1671367111773 480.67597696511075 0
1671367783603 488.5666384838987 0
1671368267474 483.29421303700656 0
1671368747856 479.7812651579734 0
1671369228759 480.31458946620114 0
1671369711958 482.62903164699674 0
1671370394253 483.62209642189555 0
1671370876016 481.1225058680866 0
1671371361053 484.37541360617615 0
1671371842986 481.245390933007 0
1671372331167 487.497202310944 0
1671373030888 484.23419914301485 0
1671373514889 483.33405592083 0
1671374002260 486.702334822854 0
1671374485981 483.0099531591404 0
1671374969148 482.5093632461503 0
1671375684072 484.1178572170902 0
1671376164940 480.20286163315177 0
1671376647775 482.15751537308097 0
1671377132293 483.82371997484006 0
1671377618865 485.80598015291616 0
1671378354178 488.9251145699527 0
1671378840459 485.549509447068 0
1671379326808 485.6227687529754 0
1671379813261 485.73882211302407 0
1671380302515 488.5061947721988 0
1671381049278 483.58163685002364 0
1671381476833 426.3973151179962 0
1671381784747 306.7423114911653 0
1671382093892 308.04259353503585 0
1671382403834 308.7504025490489 0
1671383017005 307.5493324298877 0
1671383325267 307.02827349398285 0
1671383633345 306.90117370919324 0
1671383940582 306.08948465716094 0
1671384247540 305.74895952409133 0
1671384872586 306.4796496289782 0
1671385181903 308.0296806418337 0
1671385494972 311.78134497697465 0
1671385804606 308.36540692695417 0
1671386111447 305.62715794495307 0
