1671340193054 0.9744284040951062 0
1671340374670 0.9927894488644142 0
1671340556893 0.9956797541719276 0
1671340737949 0.9971096946924868 0
1671340918844 0.9973226645572508 0
1671341381447 0.991175 0
1671341817697 0.9985375 0
1671342259101 0.998775 0
1671342694988 0.998825 0
1671343136534 0.9989625 0
1671343616448 0.9918 0
1671344056558 0.9991625 0
1671344500697 0.999125 0
1671344944598 0.9994125 0
1671345395269 0.9992375 0
1671345892135 0.993475 0
1671346333301 0.9992 0
1671346778996 0.9993375 0
1671347224946 0.999575 0
1671347668200 0.999575 0
1671348192308 0.9952875 0
1671348635761 0.9992 0
1671349083166 0.999425 0
1671349528473 0.9995375 0
1671349975526 0.99945 0
1671350514772 0.99425 0
1671350961145 0.999325 0
1671351403593 0.9995375 0
1671351850566 0.999475 0
1671352296303 0.9995875 0
1671352850798 0.9954 0
1671353296925 0.9994 0
1671353745095 0.999575 0
1671354188197 0.999625 0
1671354634724 0.9996125 0
1671355207296 0.995875 0
1671355655216 0.999525 0
1671356101316 0.999675 0
1671356549538 0.9995875 0
1671356995069 0.999675 0
1671357583938 0.995975 0
1671358035631 0.9994875 0
1671358483691 0.9997125 0
1671358935959 0.99965 0
1671359393826 0.9998625 0
1671360039913 0.99735 0
1671360519412 0.999475 0
1671361000316 0.999625 0
1671361481487 0.9996375 0
1671361961751 0.9995375 0
1671362594652 0.9967125 0
1671363071718 0.9994875 0
1671363552371 0.999475 0
1671364036026 0.99975 0
1671364516580 0.99975 0
1671365172292 0.9969125 0
1671365660406 0.999575 0
1671366143239 0.999675 0
1671366630466 0.9997125 0
1671367111745 0.9997 0
1671367783584 0.9972875 0
1671368267447 0.9995875 0
1671368747834 0.9997375 0
1671369228741 0.9998 0
1671369711935 0.999725 0
1671370394226 0.99675 0
1671370875998 0.9997375 0
1671371361031 0.9998 0
1671371842966 0.9998375 0
1671372331150 0.9997 0
1671373030871 0.9973875 0
1671373514870 0.99965 0
1671374002240 0.999575 0
1671374485960 0.999825 0
1671374969124 0.999825 0
1671375684054 0.9972125 0
1671376164921 0.99955 0
1671376647756 0.99975 0
1671377132276 0.9997375 0
1671377618833 0.9998625 0
1671378354158 0.997125 0
1671378840430 0.9996 0
1671379326784 0.99965 0
1671379813242 0.999775 0
1671380302493 0.9998125 0
1671381049258 0.9976 0
1671381476813 0.999575 0
1671381784723 0.9996 0
1671382093873 0.9998125 0
1671382403810 0.9998 0
1671383016982 0.9971625 0
1671383325239 0.9997625 0
1671383633321 0.9997 0
1671383940558 0.999825 0
1671384247516 0.999775 0
1671384872562 0.9975 0
1671385181881 0.9994625 0
1671385494946 0.99985 0
1671385804581 0.9999125 0
1671386111423 0.999825 0
