1671340193061 0.0847788784583099 0
1671340374680 0.026277086274303058 0
1671340556899 0.015968333053159447 0
1671340737959 0.011402040306201185 0
1671340918852 0.010955826036017642 0
1671341381457 0.03834012459981243 0
1671341817707 0.00662988817403087 0
1671342259111 0.0061631345747758595 0
1671342694997 0.005812110612332504 0
1671343136544 0.0057581405767641244 0
1671343616459 0.05111566527585354 0
1671344056566 0.0034681081449642725 0
1671344500708 0.0038013449133241445 0
1671344944609 0.0025512197157284517 0
1671345395276 0.003750009941047854 0
1671345892142 0.038269540023739446 0
1671346333307 0.003559308530586749 0
1671346779007 0.00234328434223372 0
1671347224959 0.001997469315640016 0
1671347668211 0.0021019459756364102 0
1671348192319 0.025656545344068447 0
1671348635771 0.0030482054393433733 0
1671349083177 0.002671124351062919 0
1671349528485 0.0020219169720681798 0
1671349975534 0.0023382165781331166 0
1671350514783 0.02821641199106374 0
1671350961151 0.0024242795086036584 0
1671351403605 0.001972294646996807 0
1671351850577 0.0018367799774021676 0
1671352296313 0.0017379789783931578 0
1671352850811 0.028203306528637263 0
1671353296936 0.002823603259135374 0
1671353745104 0.0016923798600534073 0
1671354188208 0.00144094335348369 0
1671354634737 0.001268153902078587 0
1671355207308 0.023445098338795246 0
1671355655228 0.001992354445260586 0
1671356101326 0.0013065429356527154 0
1671356549550 0.0014121074296168034 0
1671356995081 0.0017215561335635857 0
1671357583948 0.024313237484849773 0
1671358035640 0.0017838751048040904 0
1671358483698 0.0010392936313305449 0
1671358935973 0.0012088532597092278 0
1671359393838 0.0008114217108951024 0
1671360039921 0.012728606317739663 0
1671360519423 0.002044301616765953 0
1671361000331 0.0012469057339389096 0
1671361481500 0.0013287543159479136 0
1671361961760 0.0014465598198747703 0
1671362594664 0.016843107915613727 0
1671363071729 0.0020221309852571936 0
1671363552383 0.0018832467735836048 0
1671364036038 0.0008609876821920174 0
1671364516593 0.001421866363201709 0
1671365172309 0.01783906493247962 0
1671365660420 0.0016047659212798998 0
1671366143254 0.001294372402337882 0
1671366630479 0.0013876936581895467 0
1671367111757 0.0015649825454165267 0
1671367783595 0.012177689216676066 0
1671368267460 0.0018060909266731265 0
1671368747849 0.0011305975166706016 0
1671369228753 0.001077269838418475 0
1671369711950 0.0011522846172001575 0
1671370394241 0.016050608063781564 0
1671370876009 0.0015085195322583644 0
1671371361046 0.0008444052976955991 0
1671371842977 0.0004159476696713702 0
1671372331161 0.0012138794431837826 0
