1679252492315 0.1715686274509804 0
1679252497708 0.42984068627450983 0
1679252503174 0.5603553921568627 0
1679252508379 0.6038602941176471 0
1679252513531 0.6415441176470589 0
1679252518808 0.6669730392156863 0
1679252524107 0.6991421568627451 0
1679252529563 0.7221200980392157 0
1679252534894 0.7441789215686274 0
1679252540189 0.7775735294117647 0
1679252584266 0.31788793103448276 0
1679252593859 0.3274066091954023 0
1679252603771 0.3234554597701149 0
1679252613617 0.3259698275862069 0
1679252623640 0.32525143678160917 0
1679252633290 0.32489224137931033 0
1679252642778 0.31788793103448276 0
1679252652545 0.3261494252873563 0
1679252662608 0.3272270114942529 0
1679252672062 0.32489224137931033 0
1679252714333 0.20883534136546184 0
1679252727492 0.2077058232931727 0
1679252741056 0.20645080321285142 0
1679252754096 0.20532128514056225 0
1679252767427 0.20682730923694778 0
1679252780505 0.2069528112449799 0
1679252794209 0.20795682730923695 0
1679252807248 0.20795682730923695 0
1679252821008 0.20958835341365462 0
1679252834830 0.20921184738955823 0
1679252870622 0.1492519305019305 0
1679252884435 0.14358108108108109 0
1679252898138 0.14502895752895753 0
1679252911668 0.14454633204633205 0
1679252925191 0.14623552123552125 0
1679252939031 0.1446669884169884 0
1679252952815 0.14708011583011582 0
1679252966990 0.14442567567567569 0
1679252980491 0.1459942084942085 0
1679252993995 0.1468388030888031 0
1679253028780 0.10828488372093023 0
1679253042583 0.10574127906976744 0
1679253056482 0.10780038759689922 0
1679253069613 0.10767926356589147 0
1679253083055 0.10719476744186046 0
1679253096702 0.10743701550387597 0
1679253110282 0.10755813953488372 0
1679253124015 0.10695251937984496 0
1679253137690 0.10925387596899225 0
1679253151191 0.109375 0
1679253186141 0.08951065891472869 0
1679253199707 0.08805717054263566 0
1679253213676 0.08842054263565892 0
1679253227452 0.08793604651162791 0
1679253241365 0.08938953488372094 0
1679253255087 0.08938953488372094 0
1679253269061 0.08793604651162791 0
1679253283041 0.08708817829457365 0
1679253296576 0.08842054263565892 0
1679253310318 0.08902616279069768 0
1679253345428 0.0751201923076923 0
1679253359063 0.07391826923076923 0
1679253372945 0.07427884615384615 0
1679253386617 0.07223557692307692 0
1679253400215 0.07475961538461538 0
1679253414100 0.07415865384615385 0
1679253428294 0.07295673076923077 0
1679253442349 0.07355769230769231 0
1679253456126 0.07355769230769231 0
1679253470177 0.07355769230769231 0
1679253505553 0.0625 0
1679253519281 0.0625 0
1679253532890 0.06141826923076923 0
1679253546950 0.06286057692307692 0
1679253560555 0.06213942307692308 0
1679253574195 0.06430288461538461 0
1679253587874 0.06286057692307692 0
1679253601562 0.06382211538461538 0
1679253615125 0.06286057692307692 0
1679253629197 0.06394230769230769 0
1679253664184 0.05552884615384615 0
1679253678107 0.056129807692307694 0
1679253692098 0.05576923076923077 0
1679253705862 0.055288461538461536 0
1679253720045 0.056490384615384616 0
1679253733442 0.05637019230769231 0
1679253746973 0.05552884615384615 0
1679253760768 0.055288461538461536 0
1679253774159 0.0546875 0
1679253788496 0.0546875 0
1679253824950 0.04879807692307692 0
1679253838445 0.04855769230769231 0
1679253852271 0.04903846153846154 0
1679253865905 0.049639423076923074 0
1679253879443 0.04891826923076923 0
1679253893118 0.048317307692307694 0
1679253906838 0.04855769230769231 0
1679253920454 0.050360576923076925 0
1679253933813 0.04903846153846154 0
1679253947783 0.048677884615384616 0
1679253983090 0.042756782945736434 0
1679253996622 0.042272286821705425 0
1679254010200 0.04130329457364341 0
1679254023929 0.04142441860465116 0
1679254037775 0.04263565891472868 0
1679254051034 0.04263565891472868 0
1679254064482 0.04251453488372093 0
1679254078036 0.04215116279069767 0
1679254091415 0.04190891472868217 0
1679254105235 0.04251453488372093 0
1679254141002 0.037620192307692306 0
1679254154495 0.03822115384615385 0
1679254168800 0.03810096153846154 0
1679254182263 0.0375 0
1679254196245 0.037259615384615384 0
1679254209804 0.036778846153846155 0
1679254223257 0.03641826923076923 0
1679254236760 0.03810096153846154 0
1679254250463 0.0375 0
1679254264421 0.037620192307692306 0
1679254300199 0.033533653846153845 0
1679254313691 0.03329326923076923 0
1679254327221 0.03365384615384615 0
1679254340715 0.0328125 0
1679254354436 0.03377403846153846 0
1679254368131 0.03317307692307692 0
1679254381994 0.03341346153846154 0
1679254395772 0.03161057692307692 0
1679254409534 0.03245192307692308 0
1679254423468 0.03245192307692308 0
1679254459958 0.02993295019157088 0
1679254474086 0.02921455938697318 0
1679254487899 0.02849616858237548 0
1679254501590 0.028376436781609195 0
1679254515970 0.02861590038314176 0
1679254530212 0.029334291187739465 0
1679254543736 0.02885536398467433 0
1679254557803 0.028376436781609195 0
1679254571529 0.029094827586206896 0
1679254586090 0.02861590038314176 0
1679254622581 0.025240384615384616 0
1679254635968 0.025 0
1679254649599 0.025961538461538463 0
1679254663449 0.025 0
1679254677265 0.02439903846153846 0
1679254691048 0.024158653846153847 0
1679254705134 0.025240384615384616 0
1679254718555 0.025600961538461538 0
1679254732517 0.024759615384615383 0
1679254746632 0.023557692307692307 0
1679254783708 0.02274904214559387 0
1679254797487 0.02346743295019157 0
1679254811508 0.022868773946360152 0
1679254825290 0.022868773946360152 0
1679254839167 0.02346743295019157 0
1679254853077 0.02310823754789272 0
1679254866674 0.023706896551724137 0
1679254880869 0.02346743295019157 0
1679254894601 0.023706896551724137 0
1679254908496 0.022868773946360152 0
1679254946110 0.021350190839694656 0
1679254959827 0.021350190839694656 0
1679254973499 0.021350190839694656 0
1679254987783 0.020395992366412215 0
1679255001518 0.021230916030534352 0
1679255015478 0.020873091603053433 0
1679255030030 0.021708015267175574 0
1679255043865 0.02051526717557252 0
1679255057786 0.020395992366412215 0
1679255071746 0.020276717557251907 0
1679255109804 0.01939655172413793 0
1679255123295 0.01939655172413793 0
1679255137316 0.018797892720306512 0
1679255150976 0.019995210727969347 0
1679255164782 0.019276819923371647 0
1679255178438 0.017959770114942528 0
1679255192495 0.019636015325670497 0
1679255206305 0.019276819923371647 0
1679255220184 0.01903735632183908 0
1679255234010 0.019157088122605363 0
1679255271684 0.017427884615384616 0
1679255284923 0.017788461538461538 0
1679255298565 0.01658653846153846 0
1679255312512 0.017427884615384616 0
1679255326248 0.017548076923076923 0
1679255340094 0.016826923076923076 0
1679255354239 0.017548076923076923 0
1679255367955 0.017548076923076923 0
1679255381951 0.017548076923076923 0
1679255395894 0.016947115384615383 0
1679255434673 0.016340648854961833 0
1679255448619 0.015744274809160304 0
1679255462412 0.015625 0
1679255475922 0.016221374045801526 0
1679255489352 0.016817748091603052 0
1679255504226 0.015386450381679389 0
1679255518369 0.015147900763358778 0
1679255532256 0.01586354961832061 0
1679255546040 0.01586354961832061 0
1679255559994 0.016340648854961833 0
