1680238255294 0.9958278795811518 0
1680238269490 0.9998363874345549 0
1680238284198 1.0 0
1680238298219 1.0 0
1680238312553 1.0 0
1680238326486 1.0 0
1680238340753 1.0 0
1680238355060 1.0 0
1680238369615 1.0 0
1680238383668 1.0 0
1680238400542 0.9991288656586398 0
1680238416547 1.0 0
1680238433136 1.0 0
1680238449424 1.0 0
1680238466046 1.0 0
1680238482281 1.0 0
1680238498880 1.0 0
1680238515314 1.0 0
1680238531520 1.0 0
1680238547868 1.0 0
1680238564725 0.9997477295660948 0
1680238580589 1.0 0
1680238597186 1.0 0
1680238613513 1.0 0
1680238629585 1.0 0
1680238646010 1.0 0
1680238662152 1.0 0
1680238678372 1.0 0
1680238694737 1.0 0
1680238710992 0.999117053481332 0
1680238728056 0.9997441800972116 0
1680238744237 0.9996162701458173 0
1680238760238 1.0 0
1680238776234 1.0 0
1680238792554 1.0 0
1680238808821 1.0 0
1680238824869 1.0 0
1680238840950 1.0 0
1680238857021 1.0 0
1680238873087 1.0 0
1680238889021 0.99978486912872 0
1680238903336 1.0 0
1680238918117 1.0 0
1680238932198 1.0 0
1680238946233 0.9992828970957333 0
1680238960939 1.0 0
1680238975313 1.0 0
1680238989748 0.9999282897095734 0
1680239004241 1.0 0
1680239018379 0.9994980279670133 0
1680239039669 0.9873015873015873 0
1680239059200 0.9941191777257351 0
1680239078763 0.9957845433255269 0
1680239098163 0.9983346344002082 0
1680239117618 0.9984387197501952 0
1680239137003 0.9965651834504293 0
1680239156672 0.9976060369502993 0
1680239176115 0.9988030184751496 0
1680239195769 0.9991152745251106 0
1680239215389 0.9989591465001301 0
1680239231674 0.9979032383319096 0
1680239245129 0.9991457637648521 0
1680239258517 0.9995340529626465 0
1680239272109 0.9997670264813233 0
1680239285615 0.9992234216044109 0
1680239299245 0.9989127902461753 0
1680239312880 0.9991457637648521 0
1680239326174 0.9996117108022055 0
1680239339595 0.9994563951230877 0
1680239353237 1.0 0
1680239362486 0.9809777777777777 0
1680239368738 0.9952 0
1680239375001 0.9984 0
1680239381481 0.9982222222222222 0
1680239388199 0.9984 0
1680239394551 0.9992888888888889 0
1680239401085 0.9998222222222222 0
1680239407752 0.9998222222222222 0
1680239414046 0.9989333333333333 0
1680239420526 0.9928888888888889 0
1680239439085 0.9893753806591324 0
1680239453934 0.9968193814712053 0
1680239469174 0.998375854368275 0
1680239484583 0.9990525817148271 0
1680239500292 0.9987818907762063 0
1680239515475 0.9991879271841375 0
1680239530737 0.9991879271841375 0
1680239545885 0.9968193814712053 0
1680239561310 0.9949245449008595 0
1680239576289 0.9989172362455166 0
1680239586715 0.9945325314379442 0
1680239592946 0.9936212866776016 0
1680239599314 0.9948970293420812 0
1680239605665 0.9985420083834518 0
1680239612131 0.9996355020958629 0
1680239618597 0.9998177510479315 0
1680239624993 0.9998177510479315 0
1680239631719 0.9996355020958629 0
1680239638050 0.9992710041917259 0
1680239644242 0.9994532531437944 0
1680239654818 0.9929011769101438 0
1680239660970 0.9960769661871848 0
1680239667020 0.9996263777321128 0
1680239673298 0.9973846441247899 0
1680239679515 0.9985055109284513 0
1680239685926 0.9986923220623949 0
1680239692134 0.9996263777321128 0
1680239698374 0.9975714552587335 0
1680239704551 0.9983186997945077 0
1680239710852 0.9986923220623949 0
1680239720840 0.9798093101514301 0
1680239727090 0.9921480650588895 0
1680239733463 0.9975696391848944 0
1680239739790 0.9968218358571695 0
1680239746022 0.9977565900168256 0
1680239752364 0.9994391475042064 0
1680239758715 0.9992521966722752 0
1680239765094 0.9986913441764815 0
1680239771082 0.9988782950084127 0
1680239777533 0.99532622920172 0
1680239788240 0.9932483120780196 0
1680239794344 0.9979369842460615 0
1680239800643 0.9986871717929482 0
1680239806970 0.9986871717929482 0
1680239813218 0.9998124531132783 0
1680239819363 0.9994373593398349 0
1680239825691 0.9983120780195048 0
1680239831779 0.995311327831958 0
1680239838049 0.9975618904726181 0
1680239844018 0.9994373593398349 0
