1679457003696 0.2988706823645367 0
1679457008152 0.11808293752061824 0
1679457012895 0.07821359065257841 0
1679457017637 0.07869836403923626 0
1679457022268 0.05240638229814876 0
1679457026996 0.05308281793259084 0
1679457031637 0.026154710847185923 0
1679457036219 0.042922063625883314 0
1679457040821 0.04868313735803693 0
1679457045428 0.03343675096402876 0
1679457064585 0.2761802763250889 0
1679457070982 0.10595754023691499 0
1679457077346 0.03271794804834179 0
1679457083666 0.06750468578280268 0
1679457090244 0.034355825411357066 0
1679457096540 0.026062075648342526 0
1679457102962 0.012806897646829346 0
1679457109441 0.07271667429299293 0
1679457115971 0.026732215852846998 0
1679457122434 0.018045927343757782 0
1679457143974 0.20586377098671435 0
1679457152405 0.0881800585510359 0
1679457160830 0.04410100918364856 0
1679457169161 0.0400074989251962 0
1679457177534 0.013782535180852465 0
1679457185873 0.012619473087594346 0
1679457194433 0.033878868510175346 0
1679457202887 0.01927005044396375 0
1679457211321 0.019251885447416815 0
1679457219743 0.01067539535670007 0
1679457241270 0.3020374333612182 0
1679457249697 0.04217832247143289 0
1679457258231 0.031346340464490585 0
1679457266731 0.014128239039877847 0
1679457275470 0.03455622830299566 0
1679457283926 0.011884971981557904 0
1679457292250 0.010581291750580087 0
1679457300638 0.019407935840326306 0
1679457309193 0.05982828705917078 0
1679457317605 0.016341817882000096 0
1679457339596 0.33582681911182927 0
1679457348359 0.09840947408545765 0
1679457356883 0.023863171972182545 0
1679457365322 0.014596146818254722 0
1679457374087 0.013368422141646203 0
1679457382553 0.013259394535036776 0
1679457390902 0.0022001762198251484 0
1679457399412 0.0005999124799096518 0
1679457407924 0.0002788327880416167 0
1679457416359 0.008120444107142976 0
1679457438462 0.2261754270671359 0
1679457446821 0.04618756590958707 0
1679457455246 0.02321700123098186 0
1679457463832 0.0074116218553931966 0
1679457472224 0.03633539467569482 0
1679457480724 0.014260939574262234 0
1679457489279 0.007491357234229151 0
1679457497839 0.005257159111585503 0
1679457506268 0.018683961883476975 0
1679457514791 0.01891050121576219 0
1679457536699 0.31710915190743977 0
1679457545048 0.06749674116825759 0
1679457553504 0.04382527169238887 0
1679457561911 0.02708553546984185 0
1679457570320 0.020183527431621242 0
1679457578791 0.025613005383509642 0
1679457587240 0.012222340445156889 0
1679457595754 0.019871434528624523 0
1679457604187 0.027944920116037535 0
1679457612640 0.02419768760521661 0
1679457635233 0.2544415220745649 0
1679457643682 0.07343769163763866 0
1679457652164 0.018038813814849956 0
1679457660640 0.014968544406140432 0
1679457669112 0.011536186168641513 0
1679457677519 0.013008309090598668 0
1679457685887 0.027068958433927755 0
1679457694276 0.0420358523126729 0
1679457702776 0.006961824497900998 0
1679457711291 0.008868894267128264 0
1679457733990 0.2329788250063566 0
1679457742360 0.07001966601582021 0
1679457750709 0.02164626949987678 0
1679457759198 0.013217247743972907 0
1679457767666 0.012558584253809525 0
1679457776192 0.011115008921661304 0
1679457784748 0.010765837582227265 0
1679457793221 0.017021708732218498 0
1679457801838 0.009561827530358533 0
1679457810236 0.007628368458231175 0
1679457833206 0.2803354907197452 0
1679457841577 0.06510893341848457 0
1679457850106 0.02907499100954413 0
1679457858524 0.01941240707451187 0
1679457866926 0.014418874671985996 0
1679457875445 0.00821624658242738 0
1679457883853 0.012759295583989267 0
1679457892291 0.019891882319253464 0
1679457900728 0.01678725206364118 0
1679457909348 0.01566366977320772 0
1679457932401 0.24209917164660638 0
1679457940706 0.0772680233165042 0
1679457949094 0.02267500907292372 0
1679457957631 0.01076193579371886 0
1679457966193 0.007243984355645966 0
1679457974577 0.004126866228132612 0
1679457983022 0.007915422466555806 0
1679457991619 0.009509737406291761 0
1679458000102 0.02016681306294377 0
1679458008633 0.02036589808916036 0
1679458032315 0.2399419228271445 0
1679458040903 0.058033419795879136 0
1679458049326 0.02464194684246096 0
1679458057785 0.01552948019413564 0
1679458066219 0.008697696681104504 0
1679458074636 0.015917355564069705 0
1679458083146 0.015717633569476797 0
1679458091716 0.015220054199719587 0
1679458100307 0.00836202550597478 0
1679458108841 0.015811573219923086 0
1679458132717 0.26683161817401335 0
1679458141272 0.10243620895683672 0
1679458149891 0.017620936590724383 0
1679458158562 0.00775111932956775 0
1679458167238 0.0069352348897971944 0
1679458175801 0.0041084540895651965 0
1679458184295 0.0030173866665882676 0
1679458192812 0.0013254198884479576 0
1679458201312 0.002041737762127291 0
1679458209839 0.012819476118000805 0
1679458233946 0.24727550829517658 0
1679458242471 0.06775298624197576 0
1679458250918 0.011256189656128013 0
1679458259453 0.007129644123508912 0
1679458267959 0.005644574199811083 0
1679458276828 0.009714728595961583 0
1679458285299 0.00936080028078681 0
1679458293818 0.011062581432479826 0
1679458302234 0.028149470567959068 0
1679458310992 0.023875342608095224 0
1679458335418 0.4538319758264002 0
1679458344203 0.16026871130389456 0
1679458352669 0.07426913879313958 0
1679458361152 0.04490265185774279 0
1679458369645 0.02732150990025219 0
1679458378241 0.02443843774079918 0
1679458386881 0.01042242746580772 0
1679458395344 0.012082602564030768 0
1679458403840 0.012451025917229583 0
1679458412406 0.0187895626158299 0
1679458436998 0.19268182418991242 0
1679458445746 0.03156646029097682 0
1679458454327 0.00733411746173885 0
1679458462973 0.002547756346112165 0
1679458471616 0.0018446158077257888 0
1679458480087 0.003714965348050138 0
1679458488667 0.02080220827931944 0
1679458497356 0.0218797394511861 0
1679458505897 0.01399331109641529 0
1679458514434 0.007534916926514497 0
1679458539276 0.2417145234660506 0
1679458547691 0.08095981280924652 0
1679458556344 0.020389975971630957 0
1679458564878 0.015148701924924646 0
1679458573469 0.014222261264370933 0
1679458581948 0.02157028097006987 0
1679458590432 0.01581782369999984 0
1679458599188 0.017657548124340873 0
1679458607695 0.013837917156542283 0
1679458616263 0.010856275447705356 0
1679458641284 0.3177094743943917 0
1679458649885 0.11052051775199918 0
1679458658616 0.0343620572905065 0
1679458667249 0.011231802751742506 0
1679458675872 0.009406196861542605 0
1679458684453 0.017191214342561784 0
1679458693063 0.0077837654109572385 0
1679458701591 0.005634240295320391 0
1679458710104 0.013428911398532974 0
1679458718723 0.018834967979396905 0
1679458744187 0.3032879142564905 0
1679458752803 0.0938418028028006 0
1679458761437 0.03328003667398473 0
1679458770006 0.010454481366917125 0
1679458778457 0.006708419628157539 0
1679458787029 0.004306770527506419 0
1679458795568 0.010460550878791806 0
1679458804240 0.01357744290697289 0
1679458813011 0.013580620705957015 0
1679458821618 0.0064550596018715 0
1679458847594 0.3628370508094785 0
1679458856023 0.17845820361469436 0
1679458864580 0.03751617622419471 0
1679458873073 0.023139929488558 0
1679458881670 0.016521326346041632 0
1679458890181 0.010931553036125044 0
1679458898769 0.006779496744770603 0
1679458907380 0.008783112979550783 0
1679458915969 0.04239738880208813 0
1679458924583 0.030003648041013093 0
