1679457003690 0.9131944444444444 0
1679457008141 0.9628472222222222 0
1679457012878 0.9715277777777778 0
1679457017621 0.9732638888888889 0
1679457022257 0.9847222222222223 0
1679457026979 0.984375 0
1679457031624 0.9923611111111111 0
1679457036208 0.990625 0
1679457040807 0.9840277777777777 0
1679457045417 0.9892361111111111 0
1679457064569 0.9447704521919227 0
1679457070969 0.9706593027269589 0
1679457077334 0.9915429754918882 0
1679457083655 0.979979288919572 0
1679457090229 0.989989644459786 0
1679457096523 0.9930963065239903 0
1679457102952 0.9953400069036935 0
1679457109423 0.9801518812564722 0
1679457115961 0.9924059371763894 0
1679457122423 0.9943044528822921 0
1679457143957 0.9542864378878055 0
1679457152387 0.9756869697353425 0
1679457160819 0.9868304419399772 0
1679457169157 0.9889831581613271 0
1679457177523 0.9963277193871091 0
1679457185861 0.9968342408509561 0
1679457194421 0.9925288084082563 0
1679457202876 0.9940483727997974 0
1679457211304 0.9946815246296061 0
1679457219733 0.9975940230467266 0
1679457241258 0.9564281190626979 0
1679457249685 0.9870804306523115 0
1679457258220 0.9906269791006966 0
1679457266712 0.9955668144395187 0
1679457275455 0.9906269791006966 0
1679457283916 0.9955668144395187 0
1679457292240 0.997213426219126 0
1679457300627 0.9937935402153262 0
1679457309181 0.9863204559848006 0
1679457317591 0.9951868271057631 0
1679457339586 0.9413701405597062 0
1679457348348 0.9742940357097633 0
1679457356864 0.9932885906040269 0
1679457365311 0.995821197923262 0
1679457374068 0.995821197923262 0
1679457382538 0.9960744586551855 0
1679457390890 0.9997467392680764 0
1679457399401 1.0 0
1679457407913 1.0 0
1679457416348 0.9978472837786502 0
1679457438451 0.9630239331391668 0
1679457446810 0.9875902241357477 0
1679457455228 0.995821197923262 0
1679457463821 0.9982271748765353 0
1679457472213 0.9920222869444093 0
1679457480705 0.9963277193871091 0
1679457489267 0.9978472837786502 0
1679457497820 0.9987336963403824 0
1679457506248 0.9946815246296061 0
1679457514780 0.9956945675573002 0
1679457536689 0.9388220392653578 0
1679457545037 0.9766941101963268 0
1679457553484 0.9858138062064598 0
1679457561900 0.9898670044331855 0
1679457570309 0.9926535782140595 0
1679457578779 0.9930335655478151 0
1679457587228 0.9959468017732742 0
1679457595742 0.9951868271057631 0
1679457604168 0.9915136162127929 0
1679457612620 0.9930335655478151 0
1679457635222 0.9616212792906903 0
1679457643662 0.9799873337555415 0
1679457652145 0.9943001899936669 0
1679457660630 0.9955668144395187 0
1679457669101 0.9969601013299557 0
1679457677509 0.9965801139962002 0
1679457685876 0.9934135528815706 0
1679457694265 0.990880303989867 0
1679457702757 0.9977200759974667 0
1679457711279 0.9981000633312223 0
1679457733969 0.9558060022793465 0
1679457742350 0.9835380524249715 0
1679457750698 0.9929086995061416 0
1679457759178 0.9963277193871091 0
1679457767649 0.9970875015828796 0
1679457776171 0.9970875015828796 0
1679457784731 0.9967076104849943 0
1679457793201 0.995314676459415 0
1679457801817 0.9969608712169178 0
1679457810225 0.9977206534126883 0
1679457833195 0.9526102382159148 0
1679457841565 0.9826406487582362 0
1679457850086 0.9902432843385707 0
1679457858513 0.9941713127217435 0
1679457866906 0.9963253928028383 0
1679457875434 0.9973390775468829 0
1679457883832 0.9960719716168271 0
1679457892280 0.9951849974657881 0
1679457900717 0.9954384186517993 0
1679457909336 0.9964521033958439 0
1679457932390 0.9641636064328226 0
1679457940695 0.981765227301507 0
1679457949075 0.9918956565784475 0
1679457957619 0.9962010890211472 0
1679457966182 0.9977206534126883 0
1679457974565 0.9991135874382677 0
1679457983010 0.9975940230467266 0
1679457991607 0.9974673926807649 0
1679458000089 0.9950614157274914 0
1679458008622 0.9940483727997974 0
1679458032293 0.962869091369915 0
1679458040883 0.9827651755164111 0
1679458049313 0.9912558611075909 0
1679458057774 0.9951843872766443 0
1679458066208 0.9972120136864783 0
1679458074615 0.9944240273729565 0
1679458083131 0.9964516537827905 0
1679458091705 0.9961982004815613 0
1679458100286 0.9973387403370929 0
1679458108830 0.9963249271321759 0
1679458132706 0.9660286474838382 0
1679458141259 0.976929902395741 0
1679458149877 0.9948028901001394 0
1679458158550 0.9982253771073647 0
1679458167226 0.9987324122195462 0
1679458175786 0.9992394473317278 0
1679458184274 0.9991126885536823 0
1679458192790 0.9998732412219546 0
1679458201300 0.9994929648878185 0
1679458209824 0.9970845481049563 0
1679458233930 0.9593104322474332 0
1679458242456 0.9831410825199645 0
1679458250906 0.9979718595512739 0
1679458259431 0.9980986183293193 0
1679458267947 0.9979718595512739 0
1679458276814 0.9977183419951832 0
1679458285275 0.9980986183293193 0
1679458293807 0.9959437191025479 0
1679458302222 0.993662061097731 0
1679458310980 0.9925212320953226 0
1679458335396 0.9147561747941735 0
1679458344190 0.9568081063964534 0
1679458352653 0.9788473717542748 0
1679458361140 0.9869537682077264 0
1679458369632 0.9915136162127929 0
1679458378219 0.9937935402153262 0
1679458386859 0.9970867637745409 0
1679458395331 0.9958201393286891 0
1679458403818 0.9963267891070298 0
1679458412395 0.995060164661178 0
1679458436986 0.9684490623416118 0
1679458445735 0.9915103902686264 0
1679458454314 0.9980993411049164 0
1679458462958 0.9994931576279777 0
1679458471604 0.9994931576279777 0
1679458480075 0.9992397364419665 0
1679458488655 0.9942980233147491 0
1679458497344 0.9932843385707045 0
1679458505886 0.996705524581855 0
1679458514411 0.9979726305119108 0
1679458539265 0.9576625681328432 0
1679458547667 0.9781974901761947 0
1679458556332 0.9945493725440486 0
1679458564867 0.9944226137660033 0
1679458573457 0.9955634427684117 0
1679458581936 0.9946761313220941 0
1679458590419 0.9955634427684117 0
1679458599175 0.995690201546457 0
1679458607682 0.9968310305488655 0
1679458616239 0.9974648244390925 0
1679458641272 0.9488283723875871 0
1679458649873 0.9741608613046232 0
1679458658605 0.9911336288790373 0
1679458667225 0.997213426219126 0
1679458675860 0.9981000633312223 0
1679458684440 0.9956934768841038 0
1679458693050 0.9986067131095631 0
1679458701567 0.9983533882203927 0
1679458710085 0.9970867637745409 0
1679458718711 0.9956934768841038 0
1679458744165 0.9488773309653685 0
1679458752779 0.9750095141443613 0
1679458761411 0.992388684510973 0
1679458769990 0.997462894836991 0
1679458778444 0.9984777369021945 0
1679458787017 0.9989851579347964 0
1679458795554 0.9972091843206901 0
1679458804228 0.9965749080299379 0
1679458812988 0.9972091843206901 0
1679458821596 0.998858302676646 0
1679458847581 0.9337471497339752 0
1679458856011 0.9568026349125919 0
1679458864567 0.989232328350646 0
1679458873060 0.9932860400304029 0
1679458881657 0.9960729668102356 0
1679458890169 0.997466430200152 0
1679458898751 0.9977197871801368 0
1679458907363 0.9975931086901444 0
1679458915956 0.99049911325057 0
1679458924560 0.9926526475804408 0
