1678823863182 0.32684518318331124 0
1678823872280 0.1284582532540548 0
1678823881634 0.05420862667732781 0
1678823891024 0.03778632149481507 0
1678823900368 0.01663910318037618 0
1678823909882 0.022313951704763538 0
1678823919196 0.008766566608149636 0
1678823928445 0.0749915338032331 0
1678823938036 0.05133095930810383 0
1678823947330 0.016310616362270415 0
1678824016494 0.3423178390885639 0
1678824026002 0.048529965171387586 0
1678824035285 0.025322709831934753 0
1678824044419 0.02075049138079296 0
1678824053942 0.04077853095985138 0
1678824063347 0.026015210797604504 0
1678824072586 0.05033627440830195 0
1678824081985 0.029139355830110535 0
1678824091277 0.01245314609904838 0
1678824100694 0.018641681336604134 0
1678824170456 0.6313051309178371 0
1678824179994 0.04859289111071589 0
1678824189492 0.02800483716476598 0
1678824199107 0.02708423706601457 0
1678824208610 0.0242552675887721 0
1678824218031 0.012008872480214676 0
1678824227577 0.02303081203141425 0
1678824237155 0.011700737299305378 0
1678824246264 0.04790286587016417 0
1678824255578 0.030152270390587575 0
1678824325414 1.4041781374576068 0
1678824334918 0.13391074704209177 0
1678824344468 0.050082909607208605 0
1678824354167 0.04431976544864402 0
1678824363644 0.03175922501186776 0
1678824373524 0.02499293772005799 0
1678824383211 0.018996766948205703 0
1678824392836 0.020014588817917178 0
1678824402481 0.020834613632927143 0
1678824411878 0.017213739122789683 0
1678824482088 1.820275759047801 0
1678824491593 0.3092382829267495 0
1678824500993 0.12066923750398478 0
1678824510155 0.07407413664190929 0
1678824519439 0.044466437366191706 0
1678824528839 0.04707421157693509 0
1678824538322 0.04436272577299635 0
1678824547946 0.039479693370216555 0
1678824557076 0.030686822664545903 0
1678824566514 0.023275089961946896 0
1678824636401 2.4378225537809994 0
1678824645729 0.5344028801906227 0
1678824655223 0.23111063219828182 0
1678824664784 0.12251341460955024 0
1678824674168 0.07465797123305573 0
1678824683282 0.06146226389942193 0
1678824692519 0.049062119603230814 0
1678824702195 0.0661313115056641 0
1678824711563 0.039305079451734476 0
1678824721032 0.062133288730194074 0
1678824791128 2.584530458591952 0
1678824800486 0.5283369649164747 0
1678824810022 0.18693958580641462 0
1678824819192 0.07651937644154129 0
1678824828606 0.06911464704956749 0
1678824838019 0.06935837514477201 0
1678824847553 0.04678925633024756 0
1678824857008 0.046992058764294825 0
1678824866531 0.04447585144218537 0
1678824876024 0.04187377676884137 0
1678824947057 3.1165001014671705 0
1678824956389 0.8760634200407726 0
1678824966023 0.31432504004033485 0
1678824975601 0.14934260512490083 0
1678824984985 0.12876147852454445 0
1678824994457 0.09497460178883359 0
1678825003949 0.051745835581038256 0
1678825012492 0.04498375047662175 0
1678825021781 0.0452398465540592 0
1678825030969 0.12045316056966192 0
1678825101907 2.969166879606719 0
1678825111341 0.8572818409688402 0
1678825120894 0.3532604060255655 0
1678825130398 0.18890289532592391 0
1678825139811 0.12243758239737242 0
1678825149250 0.06734843878536531 0
1678825158617 0.076429791914502 0
1678825167868 0.10109128282949476 0
1678825177241 0.05253372139454183 0
1678825186611 0.048595624791439807 0
1678825257529 3.293062424895787 0
1678825266888 0.9274497825910549 0
1678825276515 0.3540935836511083 0
1678825285926 0.15999004543565287 0
1678825295300 0.09517485832813943 0
1678825304803 0.08338485403668762 0
1678825314335 0.07351931968316583 0
1678825323652 0.06411573895723513 0
1678825332947 0.09414313184005199 0
1678825342593 0.05116978097743917 0
1678825413696 3.0380109312510726 0
1678825423211 0.8445336001344247 0
1678825432478 0.35680247349019095 0
1678825441913 0.1859110823583485 0
1678825451663 0.11005123916755219 0
1678825461175 0.08497178877270457 0
1678825470572 0.07925485244186797 0
1678825480208 0.058348041968327935 0
1678825489695 0.052897634150663224 0
1678825499129 0.08013630105127202 0
1678825570379 3.1355708996848306 0
1678825579805 0.6629051977750098 0
1678825589319 0.2121043374190236 0
1678825598813 0.10219353437423706 0
1678825608280 0.08528390304545069 0
1678825617772 0.08126683103492355 0
1678825627356 0.05126173241008626 0
1678825636724 0.046414783750061354 0
1678825646300 0.030805316523160084 0
1678825655727 0.03407781866222325 0
1678825727142 2.9433135644044026 0
1678825736670 0.7521216760177424 0
1678825745751 0.26894516601125795 0
1678825755128 0.11894510347064179 0
1678825764240 0.10910082881403442 0
1678825773639 0.055027237466287494 0
1678825783050 0.04938257496693347 0
1678825792704 0.06599451902110388 0
1678825802291 0.05846129296956086 0
1678825811607 0.03566794433068521 0
1678825883251 2.9202741549746825 0
1678825892839 0.4716206330178988 0
1678825902385 0.15347938877668713 0
1678825911803 0.06728776345158567 0
1678825921057 0.04693085750066998 0
1678825930714 0.05420017154831992 0
1678825940211 0.04993015441047673 0
1678825949843 0.0655788945421429 0
1678825959229 0.0691448993114109 0
1678825968800 0.03874194307603163 0
1678826040657 2.866581327254229 0
1678826050313 0.619349265600195 0
1678826059579 0.20480078027242482 0
1678826069178 0.1096671379844446 0
1678826078583 0.09731811524765326 0
1678826087870 0.06602901240607889 0
1678826097134 0.04798910472689584 0
1678826106502 0.07448105926228928 0
1678826115837 0.05381189950621954 0
1678826125093 0.046299935659707185 0
1678826197336 2.489227893328903 0
1678826206892 0.29888783231156296 0
1678826216379 0.11727497531193318 0
1678826225878 0.06970093042432966 0
1678826235371 0.03930735171283826 0
1678826244869 0.04026051872585079 0
1678826254509 0.03629422838808877 0
1678826264098 0.04041271434525157 0
1678826273474 0.02427088618647344 0
1678826283102 0.01521412561656815 0
1678826355139 3.0631367528792657 0
1678826364675 0.5136271178132237 0
1678826374047 0.12646293951807044 0
1678826383683 0.05987609369624959 0
1678826392949 0.050153558714186204 0
1678826401833 0.05560579643317378 0
1678826411318 0.04536509299927419 0
1678826420674 0.02853992593354813 0
1678826430042 0.043344551605163234 0
1678826439386 0.05106817551030971 0
1678826511549 2.76901243641825 0
1678826521192 0.5681016389096137 0
1678826530552 0.20216907771064505 0
1678826539579 0.10490749429653187 0
1678826548818 0.06585440585518827 0
1678826558455 0.0464903027335606 0
1678826567948 0.040663080446717174 0
1678826577153 0.03689351941615638 0
1678826586666 0.05060306178534975 0
1678826596312 0.08324998585820788 0
1678826668731 2.6826584280127346 0
1678826678164 0.4692469444310311 0
1678826687781 0.15550225272332088 0
1678826697149 0.078349285307202 0
1678826706596 0.05733841534076941 0
1678826716062 0.04958904474641722 0
1678826725599 0.05199596946044724 0
1678826735049 0.04218134386372743 0
1678826744195 0.04722731464570112 0
1678826753492 0.04115612262693962 0
1678826826405 2.768685528547457 0
1678826836012 0.3962190848323378 0
1678826845267 0.12452262879745794 0
1678826854755 0.05914674479846317 0
1678826864497 0.035318120797671895 0
1678826874031 0.030139744705935514 0
1678826883338 0.043270585210164 0
1678826892685 0.06293368195690731 0
1678826902199 0.04466330383599985 0
1678826911934 0.033793132447886585 0
