1680201320218 0.9958278795811518 0
1680201351262 0.9998363874345549 0
1680201382142 1.0 0
1680201414019 1.0 0
1680201445315 1.0 0
1680201477431 1.0 0
1680201508969 1.0 0
1680201539824 1.0 0
1680201571464 1.0 0
1680201602480 1.0 0
1680201638999 0.9997152619589977 0
1680201674136 1.0 0
1680201710127 1.0 0
1680201745435 0.9996440774487472 0
1680201781068 0.9997864464692483 0
1680201816730 1.0 0
1680201851946 1.0 0
1680201887552 1.0 0
1680201922487 1.0 0
1680201958482 1.0 0
1680201994649 0.9996391454965358 0
1680202030041 1.0 0
1680202064228 1.0 0
1680202099173 1.0 0
1680202133788 1.0 0
1680202169150 1.0 0
1680202203925 1.0 0
1680202239470 1.0 0
1680202274464 1.0 0
1680202310167 1.0 0
1680202345670 0.9997799295774648 0
1680202380678 1.0 0
1680202414865 1.0 0
1680202449117 1.0 0
1680202484428 1.0 0
1680202519105 1.0 0
1680202553827 0.9995598591549296 0
1680202588811 1.0 0
1680202623279 1.0 0
1680202657693 1.0 0
1680202689136 0.9997486595174263 0
1680202719048 1.0 0
1680202749708 1.0 0
1680202780344 1.0 0
1680202810988 1.0 0
1680202841565 1.0 0
1680202871669 1.0 0
1680202902713 1.0 0
1680202933987 1.0 0
1680202964987 1.0 0
1680203009380 0.9846368715083799 0
1680203052755 0.995286312849162 0
1680203095316 0.9919110800744879 0
1680203138568 0.9973230912476723 0
1680203181333 0.9963919925512105 0
1680203224484 0.9992434823091247 0
1680203266700 0.997846834264432 0
1680203310537 0.9984287709497207 0
1680203353263 0.9986033519553073 0
1680203396859 0.9990107076350093 0
1680203427183 0.9980641592920354 0
1680203455419 0.9991703539823009 0
1680203483263 1.0 0
1680203511054 1.0 0
1680203539141 1.0 0
1680203567082 1.0 0
1680203595381 1.0 0
1680203623522 1.0 0
1680203650570 1.0 0
1680203678635 1.0 0
1680203692614 0.9811946902654868 0
1680203703960 0.9964048672566371 0
1680203714961 0.9991703539823009 0
1680203726081 1.0 0
1680203737311 0.9991703539823009 0
1680203748378 0.9961283185840708 0
1680203759695 0.9988938053097345 0
1680203770773 0.995575221238938 0
1680203781937 0.9988938053097345 0
1680203792832 0.9983407079646017 0
1680203828707 0.9817512531328321 0
1680203861055 0.9980419799498746 0
1680203894244 0.9986685463659147 0
1680203926359 0.9992167919799498 0
1680203959649 0.9987468671679198 0
1680203991868 0.999608395989975 0
1680204025234 0.999921679197995 0
1680204057668 0.999921679197995 0
1680204090291 0.9985119047619048 0
1680204122434 0.9978070175438597 0
1680204136862 0.9518348623853211 0
1680204147869 0.9985665137614679 0
1680204158916 1.0 0
1680204169761 0.9994266055045872 0
1680204180966 1.0 0
1680204191919 1.0 0
1680204202974 1.0 0
1680204214146 1.0 0
1680204225097 1.0 0
1680204236176 1.0 0
1680204250535 0.9786658653846154 0
1680204260990 0.9972956730769231 0
1680204271466 0.9978966346153846 0
1680204281657 0.9996995192307693 0
1680204292071 1.0 0
1680204302714 1.0 0
1680204313253 0.9972956730769231 0
1680204323689 0.9993990384615384 0
1680204334174 0.9984975961538461 0
1680204344738 1.0 0
1680204359332 0.9618389423076923 0
1680204369989 0.9921875 0
1680204380379 0.9966947115384616 0
1680204390885 0.9984975961538461 0
1680204401477 0.9984975961538461 0
1680204412084 0.9981971153846154 0
1680204422784 0.9987980769230769 0
1680204433281 0.9993990384615384 0
1680204444344 0.99609375 0
1680204455015 0.9990985576923077 0
1680204470188 0.9942908653846154 0
1680204480828 1.0 0
1680204491269 1.0 0
1680204501700 1.0 0
1680204511992 1.0 0
1680204522315 1.0 0
1680204532589 1.0 0
1680204543167 1.0 0
1680204553837 1.0 0
1680204564670 1.0 0
