1680201320230 0.012451614921425961 0
1680201351273 0.0007346698304113916 0
1680201382153 1.2588447693833254e-05 0
1680201414030 6.3898962296308365e-06 0
1680201445324 5.630326004851601e-06 0
1680201477443 2.341692202574727e-06 0
1680201508979 6.593639592140212e-06 0
1680201539835 1.8145897982677408e-06 0
1680201571469 1.3043092439400479e-06 0
1680201602492 1.2442499046766623e-06 0
1680201639010 0.004031953499131858 0
1680201674149 0.001023469563862118 0
1680201710138 0.0008001618839350608 0
1680201745449 0.0036863455418147282 0
1680201781081 0.011554393179052783 0
1680201816745 0.007605811278707006 0
1680201851958 0.005772215119034798 0
1680201887564 0.004472334657059579 0
1680201922501 0.0035114294514144878 0
1680201958494 0.0027809398517156855 0
1680201994655 0.003125350462305631 0
1680202030049 0.0003084092475307189 0
1680202064239 0.0002408130725552102 0
1680202099183 0.00020085274185135737 0
1680202133807 0.00018685715380296815 0
1680202169160 0.00017092588518135353 0
1680202203938 0.00018589722683441375 0
1680202239483 0.00016567668904831061 0
1680202274475 0.0001633496436881392 0
1680202310180 0.0001619201662396909 0
1680202345682 0.002040997931582982 0
1680202380689 0.00058554581763002 0
1680202414881 0.00038649023152798187 0
1680202449128 0.0002992566614280599 0
1680202484440 0.00023936967813888643 0
1680202519113 0.00021720946851971302 0
1680202553849 0.007540586102498911 0
1680202588822 0.011351878791960052 0
1680202623291 0.0068837943674882815 0
1680202657706 0.004615474836091935 0
1680202689149 0.002237879128283164 0
1680202719060 0.0004505940686303363 0
1680202749719 0.00031588473229297 0
1680202780366 0.0002531911901587835 0
1680202811000 0.00021937356127429774 0
1680202841571 0.00019968486464040568 0
1680202871681 0.00018686941662090443 0
1680202902725 0.00017915270146920067 0
1680202933999 0.00017373573982865917 0
1680202964998 0.00016986453599370166 0
1680203009392 0.06620959072457054 0
1680203052771 0.017293468399972305 0
1680203095327 0.031112862358501032 0
1680203138586 0.011405756376645558 0
1680203181345 0.017188543605564415 0
1680203224495 0.006443355384229004 0
1680203266711 0.012787864726466895 0
1680203310552 0.007270778864067138 0
1680203353285 0.006731008737498905 0
1680203396869 0.006479683176924785 0
1680203427195 0.009009722621708278 0
1680203455429 0.003492362450761583 0
1680203483273 0.0007507239827600509 0
1680203511065 0.0003966209089766726 0
1680203539152 0.00034075419260202675 0
1680203567090 0.0002814978694664809 0
1680203595390 0.00022966498657573387 0
1680203623532 0.00020978002853459435 0
1680203650582 0.0001900704695783407 0
1680203678647 0.0001786547326390112 0
1680203692625 0.0803218173678033 0
1680203703971 0.015055650153889658 0
1680203714970 0.005287244546111772 0
1680203726090 0.001496550343226048 0
1680203737323 0.0031565415664716106 0
1680203748392 0.03881854329369468 0
1680203759707 0.007905637406521535 0
1680203770789 0.017495282655746666 0
1680203781957 0.00780015078628749 0
1680203792844 0.014658317987732919 0
1680203828720 0.08619431104455003 0
1680203861067 0.01064693970917339 0
1680203894255 0.005773731656162474 0
1680203926380 0.00580914689777629 0
1680203959663 0.006155724709860533 0
1680203991889 0.004007980506400342 0
1680204025246 0.002513556685742168 0
1680204057680 0.0020847205918184237 0
1680204090303 0.00772134744519027 0
1680204122444 0.016939348760025955 0
1680204136879 0.21243424810802375 0
1680204147880 0.010543179397103846 0
1680204158933 0.002609320298913832 0
1680204169773 0.0030484952026157888 0
1680204180980 0.001444802400570602 0
1680204191939 0.0012247602181902173 0
1680204202986 0.0014220144697934937 0
1680204214157 0.0011556029860186603 0
1680204225112 0.0009370543395912428 0
1680204236188 0.0008082572619618695 0
1680204250558 0.07629218781389333 0
1680204261012 0.0075775758232339285 0
1680204271478 0.00825410455022043 0
1680204281669 0.002010299126805666 0
1680204292085 0.0010574831679920093 0
1680204302727 0.000881407548149582 0
1680204313264 0.009061629684695687 0
1680204323702 0.0024869581919539576 0
1680204334187 0.006391031944076531 0
1680204344757 0.001458324541230328 0
1680204359357 0.12249516094407926 0
1680204370001 0.02180194531012183 0
1680204380389 0.010382846204895312 0
1680204390897 0.00694034553061311 0
1680204401486 0.00741146384321977 0
1680204412098 0.008031912071881099 0
1680204422800 0.004124123786683553 0
1680204433290 0.002754102603201038 0
1680204444356 0.013888850465613918 0
1680204455032 0.005087500570180754 0
1680204470203 0.024711971312941526 0
1680204480840 0.0007343007449750216 0
1680204491281 0.0004618870877423503 0
1680204501710 0.0003326097359184552 0
1680204512011 0.00026566544427343895 0
1680204522328 0.0002101029875540497 0
1680204532601 0.00019678741969423404 0
1680204543177 0.0001901044606011755 0
1680204553848 0.00017473296891414345 0
1680204564683 0.00017328409642057243 0
