1680201320240 32.91304397099884 0
1680201351280 30.67271890700067 0
1680201382158 30.514371608998772 0
1680201414038 31.49695308000082 0
1680201445334 30.9087308019989 0
1680201477451 31.739328421997925 0
1680201508985 31.168933744000242 0
1680201539843 30.48893616600253 0
1680201571474 31.27789846900123 0
1680201602500 30.657708988001104 0
1680201639026 35.68033287599974 0
1680201674161 34.75388219099841 0
1680201710146 35.631384651998815 0
1680201745459 34.9460993649991 0
1680201781090 35.2548061760026 0
1680201816754 35.29207632800171 0
1680201851967 34.820741719999205 0
1680201887573 35.23860149599932 0
1680201922514 34.57406085000184 0
1680201958501 35.60656922899943 0
1680201994662 35.005589643998974 0
1680202030055 35.00757129500198 0
1680202064256 33.818649510001705 0
1680202099190 34.56943914600197 0
1680202133818 34.24338278800133 0
1680202169166 34.99475455599895 0
1680202203950 34.383276790998934 0
1680202239492 35.11350773899903 0
1680202274483 34.60737767300088 0
1680202310188 35.33691795999766 0
1680202345689 34.12122059400281 0
1680202380696 34.63693603399952 0
1680202414893 33.808216831999744 0
1680202449136 33.8599364469992 0
1680202484447 34.93992503700065 0
1680202519120 34.30906888699974 0
1680202553856 34.33840159399915 0
1680202588830 34.60472678699807 0
1680202623299 34.089442357002554 0
1680202657714 34.05943756399938 0
1680202689160 29.7399999090012 0
1680202719068 29.550760411999363 0
1680202749737 30.289407478998328 0
1680202780381 30.265025744000013 0
1680202811008 30.24328033100028 0
1680202841577 30.195951644996967 0
1680202871688 29.739645377998386 0
1680202902740 30.684345010999095 0
1680202934007 30.919105083998147 0
1680202965004 30.650228827998944 0
1680203009399 42.39112363700042 0
1680203052785 42.983510317000764 0
1680203095334 42.17144676799944 0
1680203138601 42.85300471699884 0
1680203181353 42.36890672899972 0
1680203224501 42.76448842300306 0
1680203266718 41.81818489500074 0
1680203310559 43.42388781200134 0
1680203353302 42.35180648599999 0
1680203396876 43.17281256000206 0
1680203427203 27.61816286300018 0
1680203455437 27.872554051999032 0
1680203483281 27.451818598998216 0
1680203511072 27.41228886400131 0
1680203539159 27.712794373997895 0
1680203567097 27.58017855399885 0
1680203595396 27.917012710000563 0
1680203623540 27.768241745001433 0
1680203650591 26.672829938001087 0
1680203678656 27.691243592998944 0
1680203692641 10.528872468999907 0
1680203703979 10.961163889998716 0
1680203714978 10.637480204000894 0
1680203726099 10.777594515999226 0
1680203737331 10.848178109998116 0
1680203748406 10.713721014002658 0
1680203759722 10.928062503000547 0
1680203770799 10.700960743997712 0
1680203781968 10.79058632700253 0
1680203792853 10.542935080000461 0
1680203828728 32.34092258400051 0
1680203861075 31.96826582200083 0
1680203894262 32.821231056001125 0
1680203926397 31.74570317299731 0
1680203959679 32.892261852000956 0
1680203991902 31.840698143001646 0
1680204025254 32.96318725799938 0
1680204057687 32.086543509001785 0
1680204090312 32.237023571000464 0
1680204122451 31.767669382003078 0
1680204136889 10.43005024300146 0
1680204147888 10.63968363299864 0
1680204158944 10.701542365997739 0
1680204169781 10.457924080998055 0
1680204180999 10.852750430000015 0
1680204191952 10.598306479001621 0
1680204202995 10.694237572002748 0
1680204214165 10.823830459998135 0
1680204225130 10.568375877999642 0
1680204236195 10.710937031002686 0
1680204250571 10.149042080996878 0
1680204261024 10.103478461001941 0
1680204271493 10.122473968000122 0
1680204281678 9.841246095002134 0
1680204292094 10.062521013998776 0
1680204302735 10.262004836000415 0
1680204313272 10.193997786002 0
1680204323710 10.096031335000589 0
1680204334196 10.089332730000024 0
1680204344773 10.231879736998962 0
1680204359369 10.274449148000713 0
1680204370019 10.286116556999332 0
1680204380397 10.027293528000882 0
1680204390906 10.061114099000406 0
1680204401494 10.231734075998247 0
1680204412107 10.24839177800095 0
1680204422812 10.33987597700252 0
1680204433298 10.13921542999742 0
1680204444367 10.705793949000508 0
1680204455043 10.297419772003195 0
1680204470223 10.09080175499912 0
1680204480852 10.245034699000826 0
1680204491289 10.090239437999116 0
1680204501718 10.089077526998153 0
1680204512022 9.908611918999668 0
1680204522337 9.935888343999977 0
1680204532609 9.899127613000019 0
1680204543185 10.213940663001267 0
1680204553856 10.300823413999751 0
1680204564691 10.456335955001123 0
