1680185177938 0.9947643979057592 0
1680185191449 1.0 0
1680185204877 1.0 0
1680185218670 1.0 0
1680185231885 1.0 0
1680185245190 1.0 0
1680185257026 1.0 0
1680185270972 1.0 0
1680185284505 1.0 0
1680185298222 1.0 0
1680185314085 0.9993593394077449 0
1680185329619 1.0 0
1680185345129 1.0 0
1680185360011 1.0 0
1680185375463 1.0 0
1680185390777 1.0 0
1680185406140 1.0 0
1680185421461 1.0 0
1680185436833 1.0 0
1680185452275 1.0 0
1680185468313 0.9993504618937644 0
1680185483725 0.9999278290993071 0
1680185498691 0.9999278290993071 0
1680185513756 1.0 0
1680185529093 1.0 0
1680185543887 1.0 0
1680185558814 1.0 0
1680185573654 1.0 0
1680185588916 1.0 0
1680185604042 1.0 0
1680185619848 0.9991197183098591 0
1680185634671 1.0 0
1680185649607 1.0 0
1680185664533 1.0 0
1680185679548 1.0 0
1680185694608 1.0 0
1680185709758 1.0 0
1680185724827 1.0 0
1680185739962 1.0 0
1680185754742 1.0 0
1680185769406 0.9998324396782842 0
1680185782854 1.0 0
1680185796031 1.0 0
1680185808977 1.0 0
1680185822428 1.0 0
1680185835430 1.0 0
1680185848796 1.0 0
1680185862077 1.0 0
1680185875149 0.9988270777479893 0
1680185888772 1.0 0
1680185908275 0.9846368715083799 0
1680185926900 0.995751862197393 0
1680185945105 0.9967993482309124 0
1680185963156 0.9951117318435754 0
1680185981602 0.9990107076350093 0
1680185999748 0.9997090316573557 0
1680186018270 0.9982541899441341 0
1680186036492 0.9981378026070763 0
1680186054656 0.9980796089385475 0
1680186072880 0.9992434823091247 0
1680186087568 0.9978797935103245 0
1680186099795 0.9993547197640118 0
1680186112067 0.9992625368731564 0
1680186124165 0.9995390855457227 0
1680186136393 0.9993547197640118 0
1680186148553 0.9997234513274337 0
1680186160411 1.0 0
1680186172444 1.0 0
1680186184714 1.0 0
1680186196883 1.0 0
1680186205405 0.9770464601769911 0
1680186210807 0.9952986725663717 0
1680186216090 0.9980641592920354 0
1680186221463 0.9980641592920354 0
1680186227013 1.0 0
1680186232401 1.0 0
1680186237975 1.0 0
1680186243483 1.0 0
1680186248943 1.0 0
1680186254383 0.9966814159292036 0
1680186271177 0.9803414786967418 0
1680186283329 0.9971021303258145 0
1680186297783 0.9993734335839599 0
1680186311963 0.9998433583959899 0
1680186326308 0.9973370927318296 0
1680186340381 0.9974937343358395 0
1680186354589 0.9992167919799498 0
1680186368471 1.0 0
1680186382586 1.0 0
1680186396559 0.9994517543859649 0
1680186405873 0.970756880733945 0
1680186411338 0.9988532110091743 0
1680186416664 0.9994266055045872 0
1680186422173 0.9982798165137615 0
1680186427512 0.9994266055045872 0
1680186432889 1.0 0
1680186438227 1.0 0
1680186443589 1.0 0
1680186448994 1.0 0
1680186454481 1.0 0
1680186463296 0.9807692307692307 0
1680186468391 0.9969951923076923 0
1680186473511 0.9972956730769231 0
1680186478737 0.9972956730769231 0
1680186484134 0.9975961538461539 0
1680186489327 0.9981971153846154 0
1680186494436 0.9987980769230769 0
1680186499544 0.9996995192307693 0
1680186504741 1.0 0
1680186509896 1.0 0
1680186518965 0.9588341346153846 0
1680186524045 0.9897836538461539 0
1680186529017 0.9927884615384616 0
1680186534278 0.9966947115384616 0
1680186539451 0.9993990384615384 0
1680186544456 0.9966947115384616 0
1680186549519 0.9990985576923077 0
1680186554706 0.9984975961538461 0
1680186559769 0.9996995192307693 0
1680186564915 1.0 0
1680186574343 0.9942908653846154 0
1680186579550 0.9987980769230769 0
1680186584861 1.0 0
1680186590010 1.0 0
1680186594999 0.9936899038461539 0
1680186600159 0.9972956730769231 0
1680186605424 0.9996995192307693 0
1680186610538 0.9996995192307693 0
1680186615752 1.0 0
1680186621124 1.0 0
