1680185177958 15.19673462100036 0
1680185191472 13.257754669999485 0
1680185204894 13.176536924000175 0
1680185218691 13.537299030998838 0
1680185231902 12.973356579999745 0
1680185245207 13.059032159000708 0
1680185257042 11.598791385000368 0
1680185270994 13.683307998999226 0
1680185284524 13.272497425999973 0
1680185298238 13.476262215001043 0
1680185314107 15.250527598998815 0
1680185329644 15.250415342999986 0
1680185345147 15.246905519999927 0
1680185360036 14.628472606000287 0
1680185375484 15.189066443999764 0
1680185390793 15.050377513000058 0
1680185406174 15.121957623001435 0
1680185421486 15.027780062999227 0
1680185436857 15.099084008999853 0
1680185452291 15.178054845000588 0
1680185468333 15.105571568999949 0
1680185483745 15.151212696000584 0
1680185498717 14.68867065700033 0
1680185513774 14.808785573000932 0
1680185529119 15.088964636999663 0
1680185543916 14.52095813699998 0
1680185558845 14.666313544999866 0
1680185573681 14.570613535999655 0
1680185588932 14.987673544001154 0
1680185604059 14.8720191529992 0
1680185619874 14.47110742499899 0
1680185634707 14.571990406999248 0
1680185649633 14.647399866000342 0
1680185664550 14.609486586999992 0
1680185679571 14.761864623000292 0
1680185694621 14.803826422999919 0
1680185709773 14.892134653999165 0
1680185724846 14.804673405998983 0
1680185739990 14.859063903999413 0
1680185754761 14.518915193000794 0
1680185769426 13.160231780999311 0
1680185782875 13.179536508001547 0
1680185796045 12.926999679999426 0
1680185808998 12.70220762399913 0
1680185822452 13.189361754000856 0
1680185835457 12.75040636400081 0
1680185848820 13.093446074000894 0
1680185862092 13.023972676000994 0
1680185875173 12.814073298999574 0
1680185888792 13.361496256000464 0
1680185908296 17.715381111998795 0
1680185926919 18.346737169000335 0
1680185945135 17.910487301000103 0
1680185963181 17.766616434999378 0
1680185981623 18.16805856999963 0
1680185999783 17.865934297000422 0
1680186018289 18.22103652199985 0
1680186036513 17.922735321999426 0
1680186054693 17.880046446998676 0
1680186072897 17.90287404999981 0
1680186087587 11.928451350000614 0
1680186099820 11.982545063001453 0
1680186112085 12.011863472998812 0
1680186124186 11.848423261999415 0
1680186136421 11.961860899000385 0
1680186148572 11.892933194998477 0
1680186160441 11.607962870999472 0
1680186172470 11.764772149999772 0
1680186184737 11.99630731200159 0
1680186196905 11.90360849299941 0
1680186205436 5.45076867699936 0
1680186210826 5.166163118999975 0
1680186216113 5.065916870000365 0
1680186221482 5.145791582999664 0
1680186227034 5.316235337000762 0
1680186232420 5.155292920000647 0
1680186237994 5.351739325000381 0
1680186243511 5.269225854999604 0
1680186248967 5.223023747999832 0
1680186254405 5.21103125099944 0
1680186271203 13.639538969000569 0
1680186283347 11.89284356600001 0
1680186297800 14.192951171000459 0
1680186311985 13.914851392000855 0
1680186326327 14.072740341000099 0
1680186340413 13.8032779389996 0
1680186354608 13.936942047999764 0
1680186368490 13.615417332001016 0
1680186382615 13.84463612699983 0
1680186396577 13.69165060800151 0
1680186405893 5.039343419000943 0
1680186411381 5.226763927999855 0
1680186416683 5.067764396000712 0
1680186422192 5.28422982200027 0
1680186427531 5.110432568999386 0
1680186432904 5.130849573999512 0
1680186438253 5.1184695009997085 0
1680186443611 5.100030823999987 0
1680186449008 5.163229900999795 0
1680186454500 5.25830850300008 0
1680186463316 4.960578004998752 0
1680186468412 4.854197505999764 0
1680186473531 4.8793182209992665 0
1680186478758 4.976539473998855 0
1680186484154 5.154488723999748 0
1680186489343 4.95985405600004 0
1680186494468 4.8630405940002674 0
1680186499560 4.878529716999765 0
1680186504760 4.990559336998558 0
1680186509919 4.8958697540001594 0
1680186518985 4.884110802000578 0
1680186524065 4.847177972998907 0
1680186529053 4.742583861001549 0
1680186534303 5.005366506000428 0
1680186539471 4.93869290099974 0
1680186544482 4.771202826999797 0
1680186549541 4.831968150001558 0
1680186554728 4.923526847998801 0
1680186559791 4.802469033998932 0
1680186564937 4.893525461999161 0
1680186574363 5.107132094000917 0
1680186579569 4.978680958000041 0
1680186584885 5.079511231999277 0
1680186590038 4.925529562999145 0
1680186595019 4.742783277999479 0
1680186600177 4.931206440000096 0
1680186605444 5.019313164999403 0
1680186610556 4.88370305799981 0
1680186615798 4.972381146000771 0
1680186621142 5.098951400999795 0
