1680185177950 0.015244503113809557 0
1680185191461 8.737929318983395e-05 0
1680185204888 2.238898707093459e-05 0
1680185218681 9.402350511635256e-06 0
1680185231896 5.238729664184999e-06 0
1680185245201 3.4491296485118672e-06 0
1680185257036 2.6602428345531008e-06 0
1680185270985 3.0044116825012303e-06 0
1680185284517 2.2631019578961903e-06 0
1680185298233 1.1747889915320315e-06 0
1680185314098 0.0055410260848794655 0
1680185329634 1.4756668027983071e-05 0
1680185345139 8.950929106029243e-06 0
1680185360023 8.496311932965236e-06 0
1680185375476 2.6876877862122682e-06 0
1680185390787 2.0661596582229986e-06 0
1680185406160 2.573568791199176e-06 0
1680185421475 1.0749823028351724e-06 0
1680185436847 1.4075421851568994e-06 0
1680185452284 7.185240123149697e-07 0
1680185468325 0.008895714212977983 0
1680185483737 0.0001914324077919221 0
1680185498703 0.0009094580023812087 0
1680185513767 1.196018731495029e-05 0
1680185529105 6.0723566023948025e-06 0
1680185543902 4.4410197506045505e-06 0
1680185558829 3.3558074362469215e-06 0
1680185573667 2.62811568450896e-06 0
1680185588925 3.0632273435074713e-06 0
1680185604051 1.4014444234035717e-06 0
1680185619864 0.0032963696148689 0
1680185634692 3.859946297143884e-05 0
1680185649623 3.714658784430756e-06 0
1680185664543 1.820201272444255e-06 0
1680185679559 1.5875079975421266e-06 0
1680185694614 9.703273220911652e-07 0
1680185709766 7.2536097027851e-07 0
1680185724839 9.196166863171476e-07 0
1680185739978 1.0127833603004928e-06 0
1680185754753 8.276844417657152e-07 0
1680185769418 0.0012080796474655084 0
1680185782867 3.0913086476326697e-06 0
1680185796039 1.902619454038562e-06 0
1680185808990 1.0014128818739365e-06 0
1680185822438 8.352958303970109e-07 0
1680185835442 5.746685806205489e-07 0
1680185848810 6.142148852143911e-07 0
1680185862085 4.7067379810320946e-07 0
1680185875164 0.0035118920635989832 0
1680185888784 2.3334871079396545e-05 0
1680185908288 0.06262268097140111 0
1680185926911 0.012684049925914464 0
1680185945118 0.010062408805599086 0
1680185963168 0.016064520002862726 0
1680185981615 0.0029511131582511444 0
1680185999767 0.0009399840388089376 0
1680186018281 0.005333568242408919 0
1680186036503 0.006007241891971514 0
1680186054675 0.0045905285769786775 0
1680186072890 0.0030229559880839574 0
1680186087580 0.007696996500089344 0
1680186099808 0.0023340807345593956 0
1680186112078 0.0028336909804996444 0
1680186124177 0.000991580282090318 0
1680186136409 0.002310311501972293 0
1680186148565 0.0012824987484251864 0
1680186160429 3.2720814285488774e-05 0
1680186172454 1.2469638436637257e-05 0
1680186184726 6.419627132936914e-06 0
1680186196895 5.470065138996176e-06 0
1680186205427 0.14542643073769168 0
1680186210818 0.031808480045704295 0
1680186216105 0.01671784686435286 0
1680186221475 0.005732073607011436 0
1680186227026 0.0007803639768847469 0
1680186232413 0.00017709872186180968 0
1680186237986 0.00010667979167859474 0
1680186243500 8.370549296634748e-05 0
1680186248958 7.043968900590328e-05 0
1680186254397 0.01454086260558905 0
1680186271188 0.10515227795847404 0
1680186283340 0.009973762163188207 0
1680186297793 0.0034653940489525873 0
1680186311976 0.0011170878843087056 0
1680186326320 0.009051747530525074 0
1680186340402 0.006850484386183112 0
1680186354600 0.002082020489507343 0
1680186368482 0.00012075858236805157 0
1680186382603 4.877455893891461e-05 0
1680186396570 0.002461451909674448 0
1680186405885 0.1869679114491884 0
1680186411362 0.004684901478275264 0
1680186416675 0.004110645322642319 0
1680186422185 0.003721043300283114 0
1680186427524 0.0015073290449920122 0
1680186432897 0.00026777637653340375 0
1680186438243 0.00017177911987855288 0
1680186443602 6.847210748473859e-05 0
1680186449001 4.461168312053639e-05 0
1680186454492 7.164844158761724e-05 0
1680186463308 0.08429753059146186 0
1680186468403 0.010437115914380858 0
1680186473523 0.006826161278730489 0
1680186478749 0.011135959688448775 0
1680186484146 0.013277370332489751 0
1680186489336 0.010178343595415439 0
1680186494456 0.008523516418458362 0
1680186499552 0.0021724236045027 0
1680186504753 0.00010950449634842349 0
1680186509910 0.00012113228681388276 0
1680186518977 0.13773397142078744 0
1680186524057 0.025770079618758664 0
1680186529037 0.018337655884072143 0
1680186534294 0.010053422730169796 0
1680186539463 0.002236896975388775 0
1680186544466 0.008751242416530238 0
1680186549531 0.0028848487869744042 0
1680186554719 0.005782360265405155 0
1680186559782 0.0013894579434638498 0
1680186564928 0.0003965175286041883 0
1680186574355 0.018969222462260404 0
1680186579561 0.00322002035379945 0
1680186584876 0.00027485257199417063 0
1680186590022 0.0005691995563447213 0
1680186595011 0.021901680674161 0
1680186600169 0.011563981648123445 0
1680186605435 0.0024413577595728733 0
1680186610548 0.0026043702095578805 0
1680186615775 0.0003224822963217705 0
1680186621134 0.00010115167117419332 0
