1678682567750 0.3665750456206939 0
1678682571480 0.13683450566239508 0
1678682575407 0.0827838368040473 0
1678682579385 0.07498622840834215 0
1678682583339 0.049073879138507207 0
1678682587118 0.024138669345120434 0
1678682591053 0.06982438134796479 0
1678682594965 0.016266337014374087 0
1678682598933 0.007163107240290521 0
1678682602691 0.02746484854758498 0
1678682660650 0.19131052188501863 0
1678682667597 0.038417182343262433 0
1678682675112 0.014634597767940138 0
1678682682446 0.03603532050285784 0
1678682689733 0.033482447780017556 0
1678682697337 0.03428790656923003 0
1678682704656 0.011279471733566061 0
1678682712010 0.013497834724825082 0
1678682719211 0.013023873695686776 0
1678682725752 0.008032748905521308 0
1678682786965 0.2117272668872733 0
1678682796936 0.0200473653439028 0
1678682807129 0.02989510315063327 0
1678682817450 0.01210847705407272 0
1678682827561 0.011464091071101584 0
1678682837654 0.012601885344779655 0
1678682847515 0.009371948327679852 0
1678682857523 0.0077134953097299785 0
1678682867369 0.0007075482031591731 0
1678682877468 0.00014501979091662812 0
1678682941353 0.2508498391396311 0
1678682955170 0.025328361079848906 0
1678682969276 0.020490092720227514 0
1678682983258 0.008261147566674946 0
1678682995645 0.010018641716982161 0
1678683009034 0.024544477574853694 0
1678683021760 0.008399751374020126 0
1678683034910 0.007798683940202151 0
1678683047957 0.013615055723553683 0
1678683061215 0.01031983691706749 0
1678683129202 0.3234076764222411 0
1678683145459 0.03719460080996343 0
1678683161635 0.02459633098094629 0
1678683177680 0.01629366265716402 0
1678683193968 0.01822887274948309 0
1678683209911 0.008307195832440153 0
1678683227003 0.018240696136892987 0
1678683243938 0.007875320074257206 0
1678683260908 0.007345459982518609 0
1678683276235 0.011091336952329717 0
1678683347595 0.36963225200949973 0
1678683366938 0.06221806849815661 0
1678683386248 0.04002679040786461 0
1678683405506 0.024262462220986578 0
1678683424749 0.025334690760180485 0
1678683444073 0.01559561202367975 0
1678683462935 0.014130539832326337 0
1678683482445 0.016981924403934482 0
1678683502539 0.011992375884447208 0
1678683522759 0.012655981706018338 0
1678683597890 0.43756693860238294 0
1678683620115 0.12027818440805794 0
1678683642351 0.06073865164338962 0
1678683664609 0.044226114678665225 0
1678683686972 0.02617672856086847 0
1678683709104 0.027368735268992143 0
1678683731168 0.022588661348140606 0
1678683753528 0.023255986307240305 0
1678683777291 0.01747809499800481 0
1678683800637 0.01734202521101483 0
1678683879592 0.47763736399327533 0
1678683905732 0.1630352979582694 0
1678683932218 0.08039348913386485 0
1678683958460 0.04374880464334346 0
1678683984684 0.03334719849072478 0
1678684011391 0.03529504604538274 0
1678684037688 0.02320661675522489 0
1678684064144 0.022240979370674464 0
1678684090483 0.025283525790987763 0
1678684116828 0.0207393738614355 0
1678684207286 0.4654440841721289 0
1678684236658 0.16557462716031168 0
1678684266477 0.09010687033446231 0
1678684295889 0.05215214074119183 0
1678684325264 0.03957520119732643 0
1678684354796 0.03215688520829449 0
1678684384451 0.030357418919461372 0
1678684414556 0.023763098276158974 0
1678684444051 0.026756868360125776 0
1678684473790 0.02819227195177638 0
1678684567641 0.4588722963895564 0
1678684600445 0.17205990135657873 0
1678684633298 0.10457085920450801 0
1678684665798 0.06813226040006795 0
1678684698454 0.04752316856601447 0
1678684731420 0.03695490613783391 0
1678684764237 0.03568145853288669 0
1678684797062 0.03059930336057876 0
1678684830037 0.02698100364423253 0
1678684862681 0.03426395787233795 0
1678684959259 0.4563896451316794 0
1678684994928 0.17426746268670473 0
1678685030321 0.11479709036549389 0
1678685065973 0.08441069123390411 0
1678685101664 0.058846347933090584 0
1678685137478 0.051892310626411066 0
1678685173179 0.03695217821692149 0
1678685208647 0.03962839888016832 0
1678685244083 0.03407598949030882 0
1678685279943 0.026994665882060093 0
1678685380102 0.490580781257171 0
1678685419062 0.18760267225795507 0
1678685457999 0.13070621240713157 0
1678685496713 0.09828784720693838 0
1678685535329 0.07607027516690626 0
1678685574286 0.054139633474458555 0
1678685613256 0.045542356361768094 0
1678685652140 0.04597099819921849 0
1678685691029 0.038837515896814064 0
1678685730328 0.03895745888453479 0
1678685833741 0.488196904963876 0
1678685875538 0.2009280165802257 0
1678685917559 0.14955488914612203 0
1678685959486 0.10886209542811277 0
1678686001726 0.08406461464586323 0
1678686043356 0.07030820049662782 0
1678686085463 0.05861599773699687 0
1678686127397 0.05272021745661602 0
1678686169466 0.03873880460635223 0
1678686211348 0.04399156071527243 0
1678686317727 0.4960938971062757 0
1678686363141 0.19854741842853435 0
1678686408408 0.14969742916075662 0
1678686453814 0.10547677820746025 0
1678686498884 0.08176758275607046 0
1678686544008 0.07058280389097434 0
1678686589138 0.05739958113881533 0
1678686634383 0.05091563247319543 0
1678686679508 0.04814186238611658 0
1678686724476 0.04403248675281698 0
1678686834111 0.5253749177975113 0
1678686882164 0.21091918787554795 0
1678686930157 0.1587430077206597 0
1678686978306 0.12002213798442499 0
1678687026646 0.09975861343040902 0
1678687074658 0.0763666271756953 0
1678687123132 0.06588071202264943 0
1678687171512 0.060166342204621054 0
1678687220025 0.05369498077168952 0
1678687267842 0.05228062442165717 0
1678687381399 0.48856708475923144 0
1678687432694 0.2223896743230993 0
1678687483600 0.17163763216231018 0
1678687535145 0.13544524244311623 0
1678687586185 0.111971279428555 0
1678687637406 0.0942165782523879 0
1678687688424 0.07204195311582068 0
1678687739817 0.06319096574441596 0
1678687791005 0.05701339971911008 0
1678687842275 0.05670088857297719 0
1678687959547 0.5001683397606049 0
1678688013999 0.22447028648695935 0
1678688068212 0.17106288976936623 0
1678688122430 0.13973946483660477 0
1678688176610 0.11208357786845169 0
1678688231376 0.09306343277178451 0
1678688285127 0.07830202730351173 0
1678688339496 0.06571082531878772 0
1678688393377 0.06506773646185494 0
1678688447286 0.05393060271962092 0
1678688566812 0.5046039707314645 0
1678688624234 0.22681592077665486 0
1678688681931 0.1756284184234179 0
1678688739168 0.1504890096344976 0
1678688796964 0.12161546909907726 0
1678688854307 0.10540163845319689 0
1678688911426 0.08860955108489044 0
1678688968807 0.07463066059845944 0
1678689025810 0.06617718906758781 0
1678689083451 0.06578488201848894 0
1678689205307 0.5077407761213956 0
1678689265701 0.25376732926246687 0
1678689326117 0.19768160218140474 0
1678689386496 0.16539491367033812 0
1678689447032 0.14697442249012593 0
1678689507527 0.11525791725157714 0
1678689568110 0.10592423385507613 0
1678689628401 0.08936775848410972 0
1678689689329 0.0794703920294803 0
1678689750505 0.06974266732511852 0
1678689877063 0.5200673568276344 0
1678689940789 0.26893052575805076 0
1678690004390 0.20978253756339352 0
1678690067842 0.16652121514984533 0
1678690131433 0.13978181263075476 0
1678690195046 0.11791265873402289 0
1678690258641 0.10046073279122213 0
1678690322128 0.09109348168372418 0
1678690385694 0.08029001370638632 0
1678690449151 0.08021818004182057 0
