1678682567756 4.220663499087095 0
1678682571492 3.6113547538407147 0
1678682575415 3.799403367098421 0
1678682579390 3.86001218482852 0
1678682583345 3.842370931059122 0
1678682587125 3.665086880326271 0
1678682591062 3.8088545887731016 0
1678682594970 3.801295096054673 0
1678682598939 3.842875514179468 0
1678682602698 3.6402051942422986 0
1678682660658 6.810577328316867 0
1678682667601 6.839443216100335 0
1678682675117 7.380607637111098 0
1678682682453 7.197809308301657 0
1678682689741 7.149341823998839 0
1678682697351 7.450911642983556 0
1678682704668 7.163295089267194 0
1678682712016 7.2081972528249025 0
1678682719218 7.073908507823944 0
1678682725758 6.421584447845817 0
1678682786971 10.043504131026566 0
1678682796944 9.844385947100818 0
1678682807139 10.069967556279153 0
1678682817457 10.189081919845194 0
1678682827568 9.981655306182802 0
1678682837662 9.971637377049774 0
1678682847521 9.730604444630444 0
1678682857529 9.893840378616005 0
1678682867376 9.718454624991864 0
1678682877476 9.976119150873274 0
1678682941362 12.899698765948415 0
1678682955179 13.678856826853007 0
1678682969285 13.957256603986025 0
1678682983264 13.83775212103501 0
1678682995651 12.264474302064627 0
1678683009041 13.260287025012076 0
1678683021769 12.599444155581295 0
1678683034920 13.021553941071033 0
1678683047966 12.918165683280677 0
1678683061222 13.13363110134378 0
1678683129208 16.1743423352018 0
1678683145466 16.139370115939528 0
1678683161643 16.056001908145845 0
1678683177687 15.926473792642355 0
1678683193974 16.168255055323243 0
1678683209917 15.82704905886203 0
1678683227011 16.94733278406784 0
1678683243945 16.79239331977442 0
1678683260916 16.811349841300398 0
1678683276247 15.188314590603113 0
1678683347600 19.194164649117738 0
1678683366943 19.223745483905077 0
1678683386260 19.18171396991238 0
1678683405513 19.125252435915172 0
1678683424756 19.10758398193866 0
1678683444085 19.20247939089313 0
1678683462941 18.72819521976635 0
1678683482453 19.387144634965807 0
1678683502550 19.95791888376698 0
1678683522769 20.069801951758564 0
1678683597898 22.374569732230157 0
1678683620124 22.092954250983894 0
1678683642356 22.112243968993425 0
1678683664617 22.139163682237267 0
1678683686981 22.231953233014792 0
1678683709110 22.00496767507866 0
1678683731175 21.943019333295524 0
1678683753539 22.230344389099628 0
1678683777298 23.616764318197966 0
1678683800644 23.13092259503901 0
1678683879608 25.88725700881332 0
1678683905748 25.943738294765353 0
1678683932226 26.283961724024266 0
1678683958469 26.06710384832695 0
1678683984695 26.0175571590662 0
1678684011401 26.50952980108559 0
1678684037695 26.131205535959452 0
1678684064151 26.274372212123126 0
1678684090495 26.1634962358512 0
1678684116840 26.1754925372079 0
1678684207292 29.382823696825653 0
1678684236669 29.199366323649883 0
1678684266490 29.619867892935872 0
1678684295900 29.20002529770136 0
1678684325273 29.163096629083157 0
1678684354806 29.330899593885988 0
1678684384462 29.464203014038503 0
1678684414564 29.90149484295398 0
1678684444063 29.319500289857388 0
1678684473804 29.53102862695232 0
1678684567653 32.43333667470142 0
1678684600456 32.59286290500313 0
1678684633306 32.6805304302834 0
1678684665812 32.302899243775755 0
1678684698461 32.44879275979474 0
1678684731428 32.81438694614917 0
1678684764247 32.62368703586981 0
1678684797070 32.64124595280737 0
1678684830045 32.81027353508398 0
1678684862697 32.46805750671774 0
1678684959274 35.15389543399215 0
1678684994939 35.454276125878096 0
1678685030328 35.21117211598903 0
1678685065988 35.45104970410466 0
1678685101678 35.48963068565354 0
1678685137492 35.61581689491868 0
1678685173186 35.49638995528221 0
1678685208655 35.271483024116606 0
1678685244097 35.24621914094314 0
1678685279952 35.65310778468847 0
1678685380109 38.56029283022508 0
1678685419068 38.78930811397731 0
1678685458007 38.73915265593678 0
1678685496719 38.52384421369061 0
1678685535340 38.43248132197186 0
1678685574299 38.78232454834506 0
1678685613266 38.79152362374589 0
1678685652148 38.68978427303955 0
1678685691039 38.70897512929514 0
1678685730337 39.11651311488822 0
1678685833749 41.83971662586555 0
1678685875547 41.59970024321228 0
1678685917569 41.81603931682184 0
1678685959499 41.72605603002012 0
1678686001734 42.04175677895546 0
1678686043370 41.43324872199446 0
1678686085472 41.922565444838256 0
1678686127408 41.7342422301881 0
1678686169482 41.886877107899636 0
1678686211355 41.6918212659657 0
1678686317734 44.65298823220655 0
1678686363159 45.20903246477246 0
1678686408416 45.057660256978124 0
1678686453827 45.20957024395466 0
1678686498895 44.8585346089676 0
1678686544026 44.90755443973467 0
1678686589146 44.91229577222839 0
1678686634395 45.06978619797155 0
1678686679516 44.945769363082945 0
1678686724488 44.771513546817005 0
1678686834119 47.62766280211508 0
1678686882172 47.84529131697491 0
1678686930173 47.80269306804985 0
1678686978313 47.93780129682273 0
1678687026662 48.13957932870835 0
1678687074666 47.82438945118338 0
1678687123148 48.26201626798138 0
1678687171524 48.167888414580375 0
1678687220037 48.33529816986993 0
1678687267851 47.62673516012728 0
1678687381410 51.41443357989192 0
1678687432705 51.08907149126753 0
1678687483608 50.69364868616685 0
1678687535157 51.36136545613408 0
1678687586194 50.82393969129771 0
1678687637417 51.021051191259176 0
1678687688443 50.83973272005096 0
1678687739825 51.18705195514485 0
1678687791013 51.01356732100248 0
1678687842287 51.06703362520784 0
1678687959557 54.488253923133016 0
1678688014007 54.26112313196063 0
1678688068222 54.02157433796674 0
1678688122439 54.04242813400924 0
1678688176622 53.97110183024779 0
1678688231392 54.557552247773856 0
1678688285141 53.57614467712119 0
1678688339503 54.1684066709131 0
1678688393389 53.680074595846236 0
1678688447294 53.713795592077076 0
1678688566824 56.98762272577733 0
1678688624247 57.240760477725416 0
1678688681939 57.48971513984725 0
1678688739176 57.064579292200506 0
1678688796976 57.579710493795574 0
1678688854316 57.12460470991209 0
1678688911449 56.93298738123849 0
1678688968815 57.188475138973445 0
1678689025826 56.81393840396777 0
1678689083460 57.45487076183781 0
1678689205315 60.00800630496815 0
1678689265720 60.18685111030936 0
1678689326134 60.228630694095045 0
1678689386504 60.193407233804464 0
1678689447048 60.35757168196142 0
1678689507544 60.303496124222875 0
1678689568119 60.387738125864416 0
1678689628409 60.088352081831545 0
1678689689341 60.73083802033216 0
1678689750514 60.99989762995392 0
1678689877084 63.76578110316768 0
1678689940798 63.50964616518468 0
1678690004401 63.39953101798892 0
1678690067858 63.24359201826155 0
1678690131441 63.38166136993095 0
1678690195057 63.41005023987964 0
1678690258649 63.3961320919916 0
1678690322140 63.3078055139631 0
1678690385704 63.365887850057334 0
1678690449160 63.26624584104866 0
