1678682567740 0.8676470588235294 0
1678682571466 0.9485294117647058 0
1678682575395 0.9721200980392157 0
1678682579374 0.9767156862745098 0
1678682583329 0.9837622549019608 0
1678682587107 0.9917279411764706 0
1678682591038 0.9849877450980392 0
1678682594955 0.9957107843137255 0
1678682598923 0.9969362745098039 0
1678682602678 0.9926470588235294 0
1678682660639 0.9470443349753694 0
1678682667593 0.989070197044335 0
1678682675100 0.9950738916256158 0
1678682682434 0.9901477832512315 0
1678682689721 0.9919950738916257 0
1678682697323 0.9923029556650246 0
1678682704646 0.9963054187192119 0
1678682712000 0.9961514778325123 0
1678682719199 0.9958435960591133 0
1678682725742 0.9976908866995073 0
1678682786958 0.9581620065789473 0
1678682796924 0.994860197368421 0
1678682807116 0.9915707236842105 0
1678682817440 0.9965049342105263 0
1678682827552 0.996813322368421 0
1678682837642 0.9954769736842105 0
1678682847503 0.9970189144736842 0
1678682857513 0.9981496710526315 0
1678682867359 0.9998972039473685 0
1678682877454 1.0 0
1678682941342 0.9467364532019704 0
1678682955158 0.9919950738916257 0
1678682969263 0.9933035714285714 0
1678682983248 0.9978448275862069 0
1678682995635 0.9975369458128078 0
1678683009022 0.9938423645320197 0
1678683021748 0.9973830049261084 0
1678683034903 0.9973060344827587 0
1678683047946 0.9958435960591133 0
1678683061203 0.9969211822660099 0
1678683129191 0.9285009861932939 0
1678683145448 0.9891518737672583 0
1678683161624 0.9918639053254438 0
1678683177668 0.995069033530572 0
1678683193957 0.9948224852071006 0
1678683209903 0.9969181459566075 0
1678683226991 0.9943293885601578 0
1678683243929 0.9975961538461539 0
1678683260897 0.997904339250493 0
1678683276218 0.9967948717948718 0
1678683347585 0.915296052631579 0
1678683366929 0.9802631578947368 0
1678683386235 0.9878186677631579 0
1678683405494 0.9925472861842105 0
1678683424738 0.9923930921052632 0
1678683444060 0.9949629934210527 0
1678683462924 0.9960423519736842 0
1678683482433 0.9946032072368421 0
1678683502526 0.9967619243421053 0
1678683522745 0.9958881578947368 0
1678683597878 0.9010049365303244 0
1678683620102 0.9605077574047954 0
1678683642341 0.9805183356840621 0
1678683664597 0.9857633991537377 0
1678683686961 0.9914492242595204 0
1678683709092 0.9912729196050776 0
1678683731157 0.9930359661495064 0
1678683753516 0.9938293370944993 0
1678683777281 0.9951516220028209 0
1678683800626 0.9947990126939351 0
1678683879572 0.8903163580246913 0
1678683905712 0.9478780864197531 0
1678683932206 0.9732638888888889 0
1678683958446 0.9857638888888889 0
1678683984667 0.9900462962962963 0
1678684011377 0.9890432098765433 0
1678684037676 0.9929012345679012 0
1678684064134 0.9937114197530864 0
1678684090470 0.9928626543209876 0
1678684116816 0.9939814814814815 0
1678684207275 0.8923040021929824 0
1678684236644 0.9455180921052632 0
1678684266455 0.9712171052631579 0
1678684295875 0.9829701206140351 0
1678684325252 0.9877672697368421 0
1678684354783 0.9895490679824561 0
1678684384432 0.990953947368421 0
1678684414544 0.9925644188596491 0
1678684444031 0.9920161732456141 0
1678684473773 0.9911938048245614 0
1678684567620 0.8981984205330701 0
1678684600430 0.9440708292201382 0
1678684633285 0.9670841559723593 0
1678684665781 0.9787759131293189 0
1678684698441 0.985531836130306 0
1678684731409 0.9888943731490621 0
1678684764217 0.9885241855873642 0
1678684797049 0.9900357847976308 0
1678684830023 0.992503701875617 0
1678684862663 0.990529368213228 0
1678684959237 0.9007517953321365 0
1678684994912 0.942717684021544 0
1678685030310 0.9632237432675045 0
1678685065951 0.9733785906642729 0
1678685101653 0.9818222621184919 0
1678685137465 0.9840103231597845 0
1678685173167 0.9886108617594255 0
1678685208634 0.988218132854578 0
1678685244063 0.9896768402154399 0
1678685279928 0.9919210053859964 0
1678685380091 0.896656378600823 0
1678685419051 0.9400462962962963 0
1678685457986 0.9579218106995885 0
1678685496703 0.9688014403292181 0
1678685535315 0.9762088477366255 0
1678685574274 0.9832304526748972 0
1678685613241 0.9863168724279835 0
1678685652128 0.9851594650205762 0
1678685691012 0.9879629629629629 0
1678685730314 0.9877314814814815 0
1678685833729 0.8977726063829787 0
1678685875523 0.93602773556231 0
1678685917542 0.9514865121580547 0
1678685959472 0.9642144756838906 0
1678686001713 0.9731193009118541 0
1678686043336 0.9777023176291794 0
1678686085452 0.9818816489361702 0
1678686127377 0.9840188069908815 0
1678686169442 0.988031914893617 0
1678686211336 0.9867971124620061 0
1678686317716 0.9017542313117066 0
1678686363128 0.9385578279266573 0
1678686408397 0.9541607898448519 0
1678686453800 0.9672954866008463 0
1678686498867 0.9747443582510579 0
1678686543986 0.9785569464033851 0
1678686589126 0.9827001057827927 0
1678686634360 0.9844851904090268 0
1678686679496 0.9858074753173484 0
1678686724455 0.986578808180536 0
1678686834100 0.8961282093482554 0
1678686882153 0.9356073074391047 0
1678686930142 0.9491030283080975 0
1678686978294 0.9618581303489138 0
1678687026631 0.9690585911784069 0
1678687074647 0.9763413429888085 0
1678687123115 0.9803736010533246 0
1678687171491 0.9819988479262672 0
1678687220005 0.9836035220539829 0
1678687267832 0.9844470046082949 0
1678687381377 0.8986111111111111 0
1678687432672 0.9322145061728395 0
1678687483588 0.9458333333333333 0
1678687535120 0.9574652777777778 0
1678687586172 0.9652391975308642 0
1678687637389 0.9722222222222222 0
1678687688407 0.9771604938271605 0
1678687739804 0.9811149691358024 0
1678687790992 0.9826003086419753 0
1678687842251 0.9824266975308642 0
1678687959532 0.8999309994189425 0
1678688013987 0.932815223707147 0
1678688068197 0.9464882335851249 0
1678688122415 0.9563480534572922 0
1678688176587 0.9645736490412551 0
1678688231359 0.9710197559558397 0
1678688285115 0.9756319000581057 0
1678688339484 0.97959035444509 0
1678688393355 0.9798627251597908 0
1678688447273 0.9835488088320744 0
1678688566789 0.9069017563117453 0
1678688624206 0.9352017014270033 0
1678688681921 0.945338227222832 0
1678688739155 0.9523703347969265 0
1678688796945 0.9613577113062569 0
1678688854292 0.9670520032930845 0
1678688911403 0.9725404774972558 0
1678688968796 0.9774458013172338 0
1678689025783 0.979503979143798 0
1678689083438 0.9802929473106476 0
1678689205295 0.9066075143005721 0
1678689265678 0.9306584763390535 0
1678689326103 0.9401651066042642 0
1678689386484 0.9485829433177327 0
1678689447018 0.954205668226729 0
1678689507512 0.9647198387935517 0
1678689568096 0.9669461778471139 0
1678689628389 0.9722113884555382 0
1678689689310 0.9755102704108164 0
1678689750493 0.9784678887155486 0
1678689877039 0.9019135802469136 0
1678689940779 0.9290895061728395 0
1678690004375 0.9389814814814815 0
1678690067825 0.9491975308641976 0
1678690131421 0.9567129629629629 0
1678690195024 0.9638425925925926 0
1678690258629 0.9677314814814815 0
1678690322107 0.971574074074074 0
1678690385681 0.9756944444444444 0
1678690449138 0.9756944444444444 0
