1679427200350 0.3527777777777778 0
1679427205120 0.7149305555555555 0
1679427210106 0.7559027777777778 0
1679427214823 0.7829861111111112 0
1679427219462 0.8041666666666667 0
1679427224610 0.8392361111111111 0
1679427229437 0.8642361111111111 0
1679427234259 0.8861111111111111 0
1679427239211 0.9072916666666667 0
1679427243951 0.9173611111111111 0
1679427284419 0.3256118881118881 0
1679427292872 0.3192744755244755 0
1679427301249 0.3146853146853147 0
1679427309686 0.3181818181818182 0
1679427318484 0.32670454545454547 0
1679427327016 0.3291083916083916 0
1679427335453 0.32736013986013984 0
1679427344090 0.32604895104895104 0
1679427352568 0.3312937062937063 0
1679427360754 0.3299825174825175 0
1679427395201 0.1878765060240964 0
1679427404703 0.18354668674698796 0
1679427414509 0.18655873493975902 0
1679427424150 0.18298192771084337 0
1679427433541 0.18881777108433734 0
1679427443298 0.18599397590361447 0
1679427452502 0.18862951807228914 0
1679427462053 0.18957078313253012 0
1679427471876 0.19145331325301204 0
1679427481213 0.1905120481927711 0
1679427513575 0.12720588235294117 0
1679427523631 0.1264705882352941 0
1679427533601 0.12352941176470589 0
1679427543074 0.12518382352941176 0
1679427552868 0.12573529411764706 0
1679427562629 0.12481617647058824 0
1679427571928 0.12738970588235293 0
1679427582039 0.1275735294117647 0
1679427591856 0.1255514705882353 0
1679427601566 0.128125 0
1679427634105 0.09230491329479769 0
1679427643824 0.09266618497109827 0
1679427653748 0.09302745664739884 0
1679427663271 0.09284682080924855 0
1679427672976 0.09483381502890173 0
1679427683110 0.09465317919075145 0
1679427693365 0.09320809248554913 0
1679427703453 0.09465317919075145 0
1679427713422 0.09465317919075145 0
1679427723114 0.09501445086705203 0
1679427755825 0.07609463276836158 0
1679427766097 0.07521186440677965 0
1679427776259 0.07344632768361582 0
1679427786293 0.07326977401129943 0
1679427796290 0.07450564971751412 0
1679427806075 0.07432909604519775 0
1679427816245 0.07397598870056497 0
1679427826297 0.07344632768361582 0
1679427836041 0.07521186440677965 0
1679427845542 0.07521186440677965 0
1679427879047 0.06163194444444445 0
1679427889474 0.06232638888888889 0
1679427899729 0.06076388888888889 0
1679427910141 0.0609375 0
1679427920052 0.06163194444444445 0
1679427930382 0.06145833333333333 0
1679427940685 0.06145833333333333 0
1679427951105 0.06302083333333333 0
1679427961576 0.06145833333333333 0
1679427971630 0.06267361111111111 0
1679428004829 0.051741803278688527 0
1679428015565 0.05225409836065574 0
1679428025635 0.05105874316939891 0
1679428036006 0.05225409836065574 0
1679428046728 0.052083333333333336 0
1679428057121 0.051741803278688527 0
1679428067580 0.05310792349726776 0
1679428078092 0.05327868852459016 0
1679428088524 0.052424863387978145 0
1679428098758 0.05293715846994536 0
1679428133353 0.0456216577540107 0
1679428143578 0.04495320855614973 0
1679428154343 0.04461898395721925 0
1679428165467 0.04512032085561497 0
1679428176040 0.045454545454545456 0
1679428186738 0.04495320855614973 0
1679428197273 0.04478609625668449 0
1679428207773 0.045454545454545456 0
1679428218842 0.04428475935828877 0
1679428229658 0.045287433155080214 0
1679428264386 0.039473684210526314 0
1679428275016 0.03980263157894737 0
1679428285942 0.04013157894736842 0
1679428296460 0.03963815789473684 0
1679428307121 0.04013157894736842 0
1679428318126 0.039473684210526314 0
1679428328878 0.04013157894736842 0
1679428339613 0.039473684210526314 0
1679428350406 0.04013157894736842 0
1679428361015 0.03980263157894737 0
1679428396538 0.03465025906735751 0
1679428407261 0.0351360103626943 0
1679428418080 0.03545984455958549 0
1679428428787 0.0351360103626943 0
1679428439577 0.0351360103626943 0
1679428450407 0.0352979274611399 0
1679428461203 0.03481217616580311 0
1679428472274 0.03481217616580311 0
1679428483413 0.03545984455958549 0
1679428494187 0.0352979274611399 0
1679428529511 0.031884517766497464 0
1679428540774 0.032043147208121826 0
1679428552082 0.032043147208121826 0
1679428563356 0.031725888324873094 0
1679428574293 0.032043147208121826 0
1679428585355 0.032043147208121826 0
1679428596578 0.032043147208121826 0
1679428607817 0.032201776649746196 0
1679428618969 0.031884517766497464 0
1679428629974 0.031884517766497464 0
1679428666761 0.02890625 0
1679428678412 0.02875 0
1679428689263 0.02859375 0
1679428700389 0.0290625 0
1679428711469 0.02890625 0
1679428722900 0.02921875 0
1679428733937 0.0290625 0
1679428745290 0.0284375 0
1679428756435 0.0290625 0
1679428767794 0.02875 0
1679428805243 0.026016009852216748 0
1679428816675 0.025708128078817734 0
1679428828144 0.026323891625615763 0
1679428839905 0.026323891625615763 0
1679428851283 0.026016009852216748 0
1679428862438 0.026016009852216748 0
1679428873244 0.02586206896551724 0
1679428884813 0.02586206896551724 0
1679428896113 0.02586206896551724 0
1679428907815 0.025708128078817734 0
1679428946272 0.02366504854368932 0
1679428957678 0.023513349514563107 0
1679428969218 0.023816747572815534 0
1679428980750 0.023968446601941747 0
1679428992580 0.023816747572815534 0
1679429003928 0.023361650485436893 0
1679429015693 0.02366504854368932 0
1679429027324 0.02366504854368932 0
1679429038749 0.023968446601941747 0
1679429050450 0.023816747572815534 0
1679429088933 0.02177132701421801 0
1679429100491 0.022067535545023696 0
1679429112361 0.022067535545023696 0
1679429124285 0.02221563981042654 0
1679429136337 0.022067535545023696 0
1679429148483 0.021919431279620854 0
1679429160515 0.02221563981042654 0
1679429172313 0.02221563981042654 0
1679429184169 0.022363744075829382 0
1679429196167 0.022363744075829382 0
1679429235018 0.01995305164319249 0
1679429246708 0.01995305164319249 0
1679429258341 0.01965962441314554 0
1679429270164 0.02009976525821596 0
1679429282015 0.01995305164319249 0
1679429294155 0.02009976525821596 0
1679429305977 0.019806338028169015 0
1679429317754 0.02039319248826291 0
1679429329683 0.020246478873239437 0
1679429341982 0.02009976525821596 0
1679429381898 0.018518518518518517 0
1679429394238 0.018229166666666668 0
1679429406326 0.017939814814814815 0
1679429418672 0.01837384259259259 0
1679429430729 0.01750578703703704 0
1679429442914 0.01808449074074074 0
1679429455331 0.01808449074074074 0
1679429467371 0.018229166666666668 0
1679429479425 0.01808449074074074 0
1679429491636 0.017795138888888888 0
1679429533008 0.016552511415525113 0
1679429545226 0.016409817351598174 0
1679429557428 0.016124429223744293 0
1679429569747 0.01598173515981735 0
1679429582023 0.015839041095890412 0
1679429594162 0.015410958904109588 0
1679429606157 0.016552511415525113 0
1679429618169 0.016409817351598174 0
1679429630244 0.016124429223744293 0
1679429641897 0.01598173515981735 0
1679429682947 0.015206473214285714 0
1679429694855 0.0146484375 0
1679429707249 0.014787946428571428 0
1679429719861 0.014927455357142858 0
1679429732241 0.014090401785714286 0
1679429745057 0.014229910714285714 0
1679429757485 0.014508928571428572 0
1679429770138 0.013950892857142858 0
1679429782621 0.014090401785714286 0
1679429795325 0.014369419642857142 0
