1679427200361 0.44399777319696215 0
1679427205132 0.19537847687800725 0
1679427210118 0.156788375808133 0
1679427214834 0.13325856659147475 0
1679427219474 0.11688205674290657 0
1679427224618 0.10328651956386037 0
1679427229448 0.096186335840159 0
1679427234269 0.08962986812823348 0
1679427239222 0.08106726089285479 0
1679427243961 0.07716991578539213 0
1679427284430 0.07467612796104871 0
1679427292883 0.07072912826092093 0
1679427301260 0.06952865890689663 0
1679427309696 0.06876083992265321 0
1679427318494 0.06800579712107464 0
1679427327027 0.06703901673842977 0
1679427335465 0.06689723419559586 0
1679427344101 0.06702209589677258 0
1679427352580 0.06643459935496737 0
1679427360766 0.06676239517706258 0
1679427395211 0.056519632306264105 0
1679427404709 0.053214004958968567 0
1679427414520 0.05348072263849787 0
1679427424163 0.05310828019920961 0
1679427433552 0.052157797356955256 0
1679427443308 0.05249465686684272 0
1679427452515 0.052392602617661634 0
1679427462064 0.05265737482043634 0
1679427471886 0.05155309833900397 0
1679427481225 0.05166192616459476 0
1679427513586 0.04654856981600032 0
1679427523641 0.04521209174657569 0
1679427533612 0.04541389655102702 0
1679427543085 0.04487447193002 0
1679427552883 0.04546811957569683 0
1679427562639 0.04545580379884032 0
1679427571941 0.044972305843497026 0
1679427582048 0.04500385629122748 0
1679427591868 0.04507281417574953 0
1679427601576 0.044939115566804126 0
1679427634115 0.043154063607657576 0
1679427643835 0.043360594681577186 0
1679427653761 0.04300715721540713 0
1679427663282 0.04269985523010265 0
1679427672988 0.04249004049581944 0
1679427683126 0.042339287967437265 0
1679427693376 0.04218967826337139 0
1679427703465 0.04203251977531896 0
1679427713438 0.04208167466857185 0
1679427723121 0.04191930680347316 0
1679427755839 0.03933740700831858 0
1679427766107 0.038921956867400534 0
1679427776272 0.03872626163275902 0
1679427786305 0.03899491914037594 0
1679427796302 0.03898091755260182 0
1679427806085 0.038259976201475004 0
1679427816257 0.03876169959325238 0
1679427826309 0.03848785034638677 0
1679427836051 0.03872035680559732 0
1679427845553 0.03859555364539057 0
1679427879057 0.037871666666534215 0
1679427889486 0.037514667720016506 0
1679427899742 0.03783220761559076 0
1679427910149 0.03766537267300818 0
1679427920070 0.03738498603925109 0
1679427930397 0.03755497289821506 0
1679427940701 0.0374134868900809 0
1679427951111 0.037177433311525315 0
1679427961589 0.03721335753798485 0
1679427971642 0.03737826043119033 0
1679428004835 0.03676021166267942 0
1679428015577 0.03680685670445851 0
1679428025647 0.036960253441105775 0
1679428036017 0.03672737472492163 0
1679428046738 0.0365109067471301 0
1679428057133 0.03695134461292478 0
1679428067587 0.03639813616383271 0
1679428078105 0.03664187828455467 0
1679428088534 0.036629316412278866 0
1679428098770 0.03692232987390515 0
1679428133366 0.03386349874463948 0
1679428143591 0.03397418176107866 0
1679428154357 0.033995714516722585 0
1679428165478 0.03411902082874813 0
1679428176053 0.033685270168962965 0
1679428186752 0.033766609043839144 0
1679428197285 0.03366451625796882 0
1679428207785 0.033695697525446426 0
1679428218847 0.03372420258023203 0
1679428229675 0.03384618432246109 0
1679428264397 0.03359418067296869 0
1679428275026 0.03292493307472844 0
1679428285952 0.03296800004808526 0
1679428296474 0.03294074467726444 0
1679428307134 0.032968085886616455 0
1679428318137 0.03296372947332106 0
1679428328886 0.032868002874678684 0
1679428339625 0.033074409367614674 0
1679428350420 0.03304554734771189 0
1679428361024 0.032978363541003905 0
1679428396549 0.03249696774379268 0
1679428407268 0.032532910464109534 0
1679428418094 0.03241366095879535 0
1679428428794 0.03247659582007734 0
1679428439591 0.03236623751626885 0
1679428450419 0.03257289871457636 0
1679428461214 0.032427176514669406 0
1679428472288 0.03232564351526258 0
1679428483425 0.03231861285016018 0
1679428494199 0.0325410347335388 0
1679428529525 0.031677861995805946 0
1679428540786 0.03143431921371349 0
1679428552093 0.03138239171147952 0
1679428563367 0.03129647430127042 0
1679428574307 0.031387923862123246 0
1679428585368 0.03132945516614744 0
1679428596591 0.03134224582747155 0
1679428607830 0.03128991014120845 0
1679428618980 0.031449956289932204 0
1679428629989 0.03131247918844828 0
1679428666772 0.03107310228049755 0
1679428678422 0.030976094724610447 0
1679428689275 0.03104715160559863 0
1679428700402 0.03089519118424505 0
1679428711481 0.031126094837673007 0
1679428722912 0.03084642130881548 0
1679428733946 0.030795495929196476 0
1679428745303 0.03095129800029099 0
1679428756447 0.030993582578375936 0
1679428767807 0.030941699743270875 0
1679428805255 0.030258687859942467 0
1679428816686 0.03027214334699614 0
1679428828158 0.0300505326446054 0
1679428839918 0.030101887840465667 0
1679428851297 0.029938653753749257 0
1679428862451 0.03002625018394933 0
1679428873254 0.030273633444764345 0
1679428884829 0.03007391045613242 0
1679428896127 0.029875951887938776 0
1679428907828 0.029990304940439798 0
1679428946282 0.029547767329382375 0
1679428957691 0.0297909070177058 0
1679428969231 0.0295974185636032 0
1679428980763 0.02959135826677084 0
1679428992591 0.029664739523336148 0
1679429003939 0.02951126998670182 0
1679429015707 0.029619215915287003 0
1679429027337 0.02952749800226353 0
1679429038769 0.029434300131770303 0
1679429050461 0.0295375945335887 0
1679429088946 0.0282643422510881 0
1679429100502 0.028251878414038232 0
1679429112376 0.0280740908501555 0
1679429124297 0.028160824413936567 0
1679429136350 0.028220059782690345 0
1679429148496 0.028069368025102605 0
1679429160528 0.028171519444310834 0
1679429172328 0.028184123182784043 0
1679429184178 0.028064754888662512 0
1679429196179 0.02817454717400091 0
1679429235030 0.029800564015695186 0
1679429246718 0.02987561878166708 0
1679429258356 0.029720015390972857 0
1679429270176 0.029687499684312255 0
1679429282028 0.029691514935117094 0
1679429294167 0.029665003382019314 0
1679429305990 0.029656255792634027 0
1679429317769 0.029625300685284843 0
1679429329691 0.029593281968203787 0
1679429341995 0.029596232861595254 0
1679429381912 0.028640794235764554 0
1679429394249 0.028589324340120785 0
1679429406337 0.028635603026486933 0
1679429418683 0.028651775335203165 0
1679429430740 0.028677147735531133 0
1679429442931 0.02862314692336238 0
1679429455348 0.02858277338694919 0
1679429467385 0.028604749495301535 0
1679429479437 0.02864702817707978 0
1679429491654 0.028642093952469253 0
1679429533020 0.02926184627393337 0
1679429545239 0.029315595638398168 0
1679429557440 0.02927086603525839 0
1679429569760 0.029288834649814317 0
1679429582035 0.029295922167701265 0
1679429594173 0.029213510725868346 0
1679429606175 0.02921987009834345 0
1679429618181 0.02921713206525807 0
1679429630259 0.029274619694748153 0
1679429641909 0.029187458286648742 0
1679429682962 0.029922438652387688 0
1679429694872 0.029952192570947642 0
1679429707266 0.029854023105664446 0
1679429719879 0.029948678561985225 0
1679429732253 0.0299574455961452 0
1679429745069 0.029907107228479748 0
1679429757497 0.02986249955470807 0
1679429770153 0.02981556302152707 0
1679429782634 0.02990428830630013 0
1679429795336 0.029890981719030867 0
