1678804823241 5.500758202000725 0
1678804828360 4.963432099999409 0
1678804833593 5.09364421400096 0
1678804838924 5.185871142000906 0
1678804843904 4.8218621449996135 0
1678804849182 5.135439301999213 0
1678804854299 4.978804385998956 0
1678804859644 5.20958628399967 0
1678804864879 5.077355241999612 0
1678804870028 4.923559398999714 0
1678804968347 9.498850857000434 0
1678804977639 9.14593061800042 0
1678804987576 9.782698777000405 0
1678804997120 9.392300577001151 0
1678805006432 9.146938464000414 0
1678805016015 9.433221436000167 0
1678805025487 9.316284570999414 0
1678805034363 8.727370910999525 0
1678805043761 9.255282796000756 0
1678805053285 9.385242966000078 0
1678805161787 12.757945358000143 0
1678805174474 12.533253940000577 0
1678805187015 12.393946284000776 0
1678805199830 12.651997136001228 0
1678805212749 12.763985343000968 0
1678805225611 12.707910270999491 0
1678805238645 12.868105959998502 0
1678805250948 12.171924781001508 0
1678805263821 12.72742677899987 0
1678805276633 12.655208736001441 0
1678805377414 13.24902793900037 0
1678805390934 13.36669212400011 0
1678805404531 13.446485946000394 0
1678805417635 12.947465025999918 0
1678805431033 13.235260384999492 0
1678805444911 13.717596303000391 0
1678805459021 13.955468643000131 0
1678805473266 14.088640123000005 0
1678805486560 13.112298011999883 0
1678805500127 13.401836738999918 0
1678805598227 13.432190511999579 0
1678805611673 13.28241903199887 0
1678805624956 13.122830504999001 0
1678805638626 13.5145832470007 0
1678805652123 13.342741225000282 0
1678805666237 13.948470256000292 0
1678805680532 14.126756064000801 0
1678805694378 13.678268917999958 0
1678805707552 13.031507658999544 0
1678805720936 13.22741362600027 0
1678805815333 13.544225638999706 0
1678805828486 13.000878087999808 0
1678805842399 13.759134136000284 0
1678805856112 13.556419325999741 0
1678805869758 13.500392754000131 0
1678805883724 13.8127634700013 0
1678805897693 13.808476666999923 0
1678805911774 13.901716366999608 0
1678805925888 13.93152923100024 0
1678805939682 13.62957369600008 0
1678806033671 13.812668851000126 0
1678806047154 13.32841080199978 0
1678806060761 13.444439919001525 0
1678806074238 13.32201918699866 0
1678806088132 13.737237110999558 0
1678806101605 13.317493709999326 0
1678806115752 13.978726852999898 0
1678806130005 14.070007437998356 0
1678806144033 13.864558970999497 0
1678806157541 13.348050799999328 0
1678806249742 13.816112592001446 0
1678806263559 13.640364613000202 0
1678806276836 13.122500735000358 0
1678806290810 13.81240676699963 0
1678806304706 13.732978791000278 0
1678806318398 13.507301319001272 0
1678806332040 13.463219613000547 0
1678806346146 13.936777636001352 0
1678806360162 13.85267692600064 0
1678806374375 14.053298253998946 0
1678806464515 14.025735799001268 0
1678806478638 13.954104206999546 0
1678806492654 13.852373273999547 0
1678806506021 13.204317806999825 0
1678806519602 13.42684746499981 0
1678806533146 13.308292887999414 0
1678806546378 13.079675711000164 0
1678806559908 13.36498259399923 0
1678806574538 14.469217765999929 0
1678806588644 13.943485007001073 0
1678806679673 13.566001371000311 0
1678806693906 14.05467774600038 0
1678806708008 13.927957818999857 0
1678806722091 13.911334232001536 0
1678806735408 13.159314884998821 0
1678806749213 13.648517685000115 0
1678806762957 13.52690218799944 0
1678806776472 13.354946096000276 0
1678806790108 13.462398435000068 0
1678806804092 13.822960112000146 0
1678806898276 13.587567186999877 0
1678806912002 13.553849584999625 0
1678806926167 14.008177125000657 0
1678806939996 13.655730278998817 0
1678806953900 13.733191978999457 0
1678806966964 12.901130131000173 0
1678806980677 13.547353761001432 0
1678806994486 13.65342212699943 0
1678807008307 13.653290161000768 0
1678807022156 13.684597380999548 0
1678807119870 13.646998043999702 0
1678807133557 13.51542703299856 0
1678807147275 13.54059584999959 0
1678807160725 13.295185257999037 0
1678807174110 13.226799842999753 0
1678807187760 13.466913905998808 0
1678807201592 13.681863846999477 0
1678807215731 13.969353574999332 0
1678807229928 14.02908349000063 0
1678807244331 14.23319090699988 0
1678807337840 13.919477311999799 0
1678807352140 14.129147478999585 0
1678807366474 14.177268786999775 0
1678807380366 13.725212855999416 0
1678807394136 13.5965321879994 0
1678807407717 13.422937495999577 0
1678807421306 13.432900245999917 0
1678807435264 13.79395267200016 0
1678807449290 13.869011295999371 0
1678807463262 13.794396490000508 0
1678807554902 13.942152351000914 0
1678807569338 14.269762375000937 0
1678807583172 13.655135736000375 0
1678807596900 13.539049953000358 0
1678807610509 13.448584539999501 0
1678807623921 13.25067354299972 0
1678807637883 13.793629050998788 0
1678807651919 13.862953383000786 0
1678807665998 13.907652900999892 0
1678807680134 13.955747480000355 0
1678807772804 13.805691231998935 0
1678807787031 14.05279980799969 0
1678807801126 13.919206081000084 0
1678807814568 13.267922288998307 0
1678807827869 13.13575505299923 0
1678807841811 13.765626989999873 0
1678807855406 13.42573722400084 0
1678807869098 13.511790597000072 0
1678807883323 14.054802227999971 0
1678807897579 14.075389259000076 0
1678807991948 14.029476919000444 0
1678808006587 14.450668069999665 0
1678808021007 14.229604779999136 0
1678808034722 13.525901454999257 0
1678808048738 13.842476718000398 0
1678808063005 14.09809084600056 0
1678808077024 13.824168079001538 0
1678808090977 13.77236110299964 0
1678808105248 14.091320737999922 0
1678808119445 14.01292248199934 0
1678808214111 14.28378660099952 0
1678808228454 14.16628821500126 0
1678808243017 14.386854651998874 0
1678808256842 13.660632230001283 0
1678808270734 13.723337256000377 0
1678808285261 14.341754109000249 0
1678808299179 13.735582494000482 0
1678808312876 13.533105651998994 0
1678808326869 13.82101440400038 0
1678808341131 14.091310190999138 0
1678808436021 13.972475016998942 0
1678808450053 13.858014688001276 0
1678808464211 13.972553926998444 0
1678808478258 13.884610807001081 0
1678808491990 13.564992805000657 0
1678808505771 13.613854719000301 0
1678808519921 13.9669320410012 0
1678808533983 13.875492162000228 0
1678808547865 13.702075483999579 0
1678808562318 14.27764604299955 0
1678808658225 13.645364646999951 0
1678808672647 14.239170378999916 0
1678808686810 13.995623851000346 0
1678808700997 13.986729960000957 0
1678808714929 13.764859470000374 0
1678808728619 13.49670353900001 0
1678808742205 13.429845938000653 0
1678808756056 13.685322010000164 0
1678808769759 13.523865433999163 0
1678808783694 13.765604840999003 0
1678808880988 13.905282183999589 0
1678808895238 14.070920566000495 0
1678808909744 14.333134120999603 0
1678808923916 13.971094835000258 0
1678808937788 13.68798541599972 0
1678808951830 13.873527106999973 0
1678808965568 13.569389832000525 0
1678808979288 13.5410518710014 0
1678808993391 13.928958769000019 0
1678809007331 13.769205516000511 0
