1678804823236 0.3912392211895363 0
1678804828353 0.27136002042714286 0
1678804833587 0.24799295529430987 0
1678804838917 0.23079808713758693 0
1678804843898 0.21595103600445917 0
1678804849176 0.2024261107047399 0
1678804854294 0.19342304357126647 0
1678804859639 0.1829029808149618 0
1678804864871 0.17301433226641486 0
1678804870020 0.1657287345505228 0
1678804968342 0.2434733090867773 0
1678804977634 0.2398217125245702 0
1678804987572 0.23854189640597293 0
1678804997111 0.23876085563709862 0
1678805006422 0.23840510758043032 0
1678805016006 0.23862312890981374 0
1678805025479 0.23845651423373418 0
1678805034356 0.2381998393793552 0
1678805043755 0.23811619436880302 0
1678805053280 0.23810084190284997 0
1678805161781 0.23643839340500472 0
1678805174466 0.2361920040820827 0
1678805187010 0.2358427587427011 0
1678805199819 0.23542623240657212 0
1678805212741 0.2359601055123225 0
1678805225604 0.23531515376658 0
1678805238636 0.23529994400108561 0
1678805250942 0.23529302310042022 0
1678805263814 0.2353145897764118 0
1678805276625 0.23516988879492304 0
1678805377406 0.2197682267844909 0
1678805390925 0.2189913509188923 0
1678805404524 0.21838949475770794 0
1678805417628 0.21867251633902005 0
1678805431023 0.21802772488807426 0
1678805444903 0.21884613017395776 0
1678805459015 0.21836569308074996 0
1678805473259 0.21847502394409032 0
1678805486548 0.21826588736433927 0
1678805500113 0.21798944855942337 0
1678805598217 0.2021865738621018 0
1678805611662 0.20107174772000963 0
1678805624946 0.20086240333573827 0
1678805638615 0.20062334713768867 0
1678805652115 0.200857161489906 0
1678805666225 0.2013354360593432 0
1678805680523 0.20057228665639454 0
1678805694369 0.2001813494161873 0
1678805707547 0.20061849330185916 0
1678805720925 0.20075101472060505 0
1678805815325 0.18828435827785892 0
1678805828478 0.18805612844020012 0
1678805842392 0.1879516612694885 0
1678805856105 0.18791955431147772 0
1678805869752 0.18778369352511395 0
1678805883716 0.18826776934273048 0
1678805897685 0.18789808597082294 0
1678805911765 0.18755450125798176 0
1678805925880 0.18769900309436516 0
1678805939667 0.18787059158898514 0
1678806033664 0.17739713122678358 0
1678806047147 0.17732069704883782 0
1678806060754 0.17731170928062395 0
1678806074230 0.17714753533287567 0
1678806088126 0.17712844267140987 0
1678806101598 0.17700843917307005 0
1678806115737 0.17623789775972218 0
1678806129991 0.17662574893744418 0
1678806144025 0.1765647561744202 0
1678806157528 0.1768343148882999 0
1678806249734 0.17046037316322327 0
1678806263543 0.1704381403996963 0
1678806276827 0.17060752276533334 0
1678806290801 0.170556358935297 0
1678806304696 0.17050700987032216 0
1678806318392 0.17021699983251187 0
1678806332030 0.170167341135269 0
1678806346139 0.17008340121932733 0
1678806360151 0.17028100274560987 0
1678806374368 0.17022847707650457 0
1678806464505 0.16870482745327692 0
1678806478631 0.1686497155663579 0
1678806492646 0.16838963901580767 0
1678806506014 0.16855161186567572 0
1678806519596 0.16830963456584502 0
1678806533134 0.16809299155030138 0
1678806546371 0.16827273357284162 0
1678806559899 0.16837713982938796 0
1678806574528 0.16836914044711015 0
1678806588637 0.1681827045110769 0
1678806679664 0.16608251533073973 0
1678806693899 0.16583967191535373 0
1678806708000 0.16582984188499378 0
1678806722079 0.16565825755512992 0
1678806735400 0.1658182659930037 0
1678806749207 0.16564389196939247 0
1678806762947 0.16573267944099368 0
1678806776465 0.1658281455783881 0
1678806790094 0.1653002091040907 0
1678806804086 0.16556649660879327 0
1678806898267 0.16237511024864731 0
1678806911993 0.16201635255887814 0
1678806926158 0.16197231574281182 0
1678806939989 0.16205205463945635 0
1678806953881 0.16206956054681934 0
1678806966956 0.16188488755708538 0
1678806980667 0.16151012283122956 0
1678806994478 0.1619028713162771 0
1678807008297 0.16165784969635974 0
1678807022149 0.1615696457225525 0
1678807119862 0.1607599783703167 0
1678807133549 0.16092674808152393 0
1678807147264 0.1607938529096515 0
1678807160716 0.16061810832686405 0
1678807174103 0.16044686740429706 0
1678807187746 0.16045966451002364 0
1678807201585 0.16044497087195114 0
1678807215724 0.16078662440813646 0
1678807229920 0.16030170851922865 0
1678807244325 0.1602808857861633 0
1678807337826 0.15910277781329413 0
1678807352132 0.15910929421237271 0
1678807366467 0.15897390408109324 0
1678807380358 0.15898031106059865 0
1678807394122 0.1586597364309222 0
1678807407710 0.15898930934048439 0
1678807421298 0.1588601020648498 0
1678807435253 0.15892935489383778 0
1678807449282 0.15870036892304124 0
1678807463252 0.15870533814263899 0
1678807554893 0.1584448568724297 0
1678807569330 0.1580461684226069 0
1678807583161 0.15800478415829794 0
1678807596893 0.15789444810750403 0
1678807610501 0.15802797007744837 0
1678807623913 0.15795559484986266 0
1678807637875 0.15789412928594126 0
1678807651907 0.15780991856656018 0
1678807665989 0.15803568278040206 0
1678807680124 0.15781725344740746 0
1678807772797 0.1559203684098961 0
1678807787024 0.15597461891728778 0
1678807801118 0.15585754352600076 0
1678807814556 0.15549809959276703 0
1678807827861 0.15566027782453123 0
1678807841797 0.15578611925706382 0
1678807855397 0.15559135553564213 0
1678807869090 0.1556653097387432 0
1678807883314 0.1555656172739443 0
1678807897568 0.15554392412882442 0
1678807991938 0.1553930986386079 0
1678808006578 0.1554974233588347 0
1678808020985 0.15543320465546387 0
1678808034702 0.15550051629543304 0
1678808048730 0.15536871985174142 0
1678808062998 0.1555235964174454 0
1678808077003 0.15544909244546523 0
1678808090968 0.155255335311477 0
1678808105237 0.1553990870141066 0
1678808119433 0.15532933301650562 0
1678808214103 0.1548538568832865 0
1678808228444 0.1546920202244287 0
1678808243009 0.15470007821289516 0
1678808256832 0.15453301504311434 0
1678808270726 0.15461863717242677 0
1678808285248 0.154642674401117 0
1678808299167 0.1545672064140382 0
1678808312865 0.15453883531678225 0
1678808326857 0.15455718407000618 0
1678808341123 0.15450814072313893 0
1678808436006 0.15325703451839778 0
1678808450044 0.15317638212671647 0
1678808464203 0.15298627835626785 0
1678808478246 0.15292632485238405 0
1678808491980 0.1529507096283711 0
1678808505761 0.15302887722276726 0
1678808519901 0.1530893173068762 0
1678808533973 0.15293680532620504 0
1678808547856 0.1530244193971157 0
1678808562310 0.15289788463940987 0
1678808658214 0.15025612564627513 0
1678808672632 0.1500818206416082 0
1678808686802 0.14989532715128373 0
1678808700981 0.15008725893012312 0
1678808714920 0.14997303459879963 0
1678808728606 0.14989041069219278 0
1678808742196 0.14981695458061936 0
1678808756048 0.14993637468117152 0
1678808769750 0.14985466442366904 0
1678808783677 0.149800937680542 0
1678808880979 0.15024287753178242 0
1678808895230 0.15042128054232434 0
1678808909735 0.15038409683553652 0
1678808923900 0.15030137723547288 0
1678808937770 0.15011901685332887 0
1678808951819 0.15004951184280074 0
1678808965559 0.1502141838900431 0
1678808979271 0.15021629871308118 0
1678808993381 0.15025655462824064 0
1678809007321 0.15015451415973605 0
