1679289516967 4.86112468095962 0
1679289522010 4.860289920005016 0
1679289526921 4.71580794401234 0
1679289531883 4.762583307980094 0
1679289536882 4.820824479975272 0
1679289542032 4.962514507991727 0
1679289547113 4.89015772001585 0
1679289551978 4.675918971945066 0
1679289557020 4.862378551973961 0
1679289562050 4.83280996902613 0
1679289583432 7.105158719001338 0
1679289590651 7.066661143966485 0
1679289597859 7.035957385960501 0
1679289605038 7.018608254962601 0
1679289612213 7.011545468994882 0
1679289619232 6.873114060028456 0
1679289626476 7.090926121047232 0
1679289633533 6.902428881963715 0
1679289640744 7.046506662038155 0
1679289648021 7.133700805949047 0
1679289670936 8.566758361004759 0
1679289679637 8.53862281999318 0
1679289688335 8.530010905989911 0
1679289697197 8.712112672976218 0
1679289705938 8.581781508983113 0
1679289714658 8.573255685972981 0
1679289723379 8.563425573986024 0
1679289732173 8.638696309993975 0
1679289740848 8.510565958975349 0
1679289749520 8.521889026043937 0
1679289772878 8.682803972042166 0
1679289781646 8.615880870027468 0
1679289790537 8.748198171029799 0
1679289799325 8.618242961994838 0
1679289808125 8.631461169046815 0
1679289816922 8.653655157017056 0
1679289825692 8.626396687002853 0
1679289834447 8.590472429990768 0
1679289843115 8.509343705954961 0
1679289851929 8.645428351010196 0
1679289875031 8.593885287002195 0
1679289883750 8.548215741000604 0
1679289892572 8.646195165987592 0
1679289901314 8.589323693013284 0
1679289909996 8.544512247026432 0
1679289918981 8.82654390099924 0
1679289927850 8.723423413990531 0
1679289936557 8.561883362010121 0
1679289945299 8.58661951200338 0
1679289954004 8.547019842022564 0
1679289977375 8.706033654045314 0
1679289986218 8.684673644020222 0
1679289994986 8.614795211004093 0
1679290003712 8.562227514979895 0
1679290012613 8.727463872986846 0
1679290021412 8.64570366695989 0
1679290030343 8.77371023100568 0
1679290039083 8.572456742986105 0
1679290047835 8.572605853958521 0
1679290056618 8.640114783018362 0
1679290080427 8.786500417045318 0
1679290089166 8.576736689021345 0
1679290097892 8.561143539031036 0
1679290106614 8.575665598968044 0
1679290115363 8.568983274977654 0
1679290124054 8.536823517992161 0
1679290132743 8.512589616002515 0
1679290141651 8.74992872402072 0
1679290150421 8.60065030498663 0
1679290159323 8.730945402989164 0
1679290183319 8.704395175038371 0
1679290192124 8.645578691037372 0
1679290201043 8.751149423012976 0
1679290209662 8.446442161977757 0
1679290218453 8.616483167978004 0
1679290227251 8.65332743502222 0
1679290235888 8.488324581994675 0
1679290244711 8.648836401989684 0
1679290253403 8.536506544041913 0
1679290262104 8.554060122987721 0
1679290285846 8.619071713997982 0
1679290294772 8.770641207986046 0
1679290303545 8.601733639952727 0
1679290312332 8.617184282978997 0
1679290321160 8.663295125006698 0
1679290329908 8.599211120046675 0
1679290338771 8.694220804027282 0
1679290347416 8.484058667963836 0
1679290356254 8.683097661996726 0
1679290365098 8.67358028900344 0
1679290389413 8.565271140018012 0
1679290398203 8.612278896966018 0
1679290406900 8.54000676900614 0
1679290415701 8.635286873031873 0
1679290424417 8.54802040499635 0
1679290433061 8.49478084401926 0
1679290441833 8.60868876602035 0
1679290450496 8.509016305033583 0
1679290459156 8.484038321999833 0
1679290467957 8.626820695993956 0
1679290492109 8.63596880203113 0
1679290500895 8.621209092030767 0
1679290509729 8.672032016038429 0
1679290518665 8.77130149002187 0
1679290527324 8.502209455997217 0
1679290536166 8.679619044007268 0
1679290544886 8.548314415034838 0
1679290553615 8.539579042990226 0
1679290562839 9.045059953001328 0
1679290571544 8.546992125979159 0
1679290596004 8.62576803198317 0
1679290604725 8.552825404971372 0
1679290613514 8.616629650990944 0
1679290622341 8.673501050041523 0
1679290631065 8.553149328974541 0
1679290639914 8.673963424982503 0
1679290648647 8.556747280003037 0
1679290657389 8.576607094029896 0
1679290666229 8.675901822047308 0
1679290674972 8.584290136990603 0
1679290699642 8.662111006968189 0
1679290708525 8.714146492013242 0
1679290717275 8.576532259001397 0
1679290726333 8.89998004201334 0
1679290735255 8.763040944992099 0
1679290744008 8.583214784041047 0
1679290752825 8.65990388696082 0
1679290761660 8.666935988992918 0
1679290770476 8.641922673035879 0
1679290779194 8.536310775962193 0
1679290803267 8.609527220018208 0
1679290812279 8.853297824971378 0
1679290821033 8.596513732976746 0
1679290829800 8.609621389012318 0
1679290838535 8.577831976988818 0
1679290847339 8.628409610013478 0
1679290856212 8.69032024499029 0
1679290864956 8.571342222043313 0
1679290873690 8.57564385898877 0
1679290882462 8.617219493957236 0
1679290907652 8.751935695006978 0
1679290916376 8.554306920967065 0
1679290925125 8.561987978988327 0
1679290934033 8.739451789995655 0
1679290942858 8.664699724002276 0
1679290951611 8.575412240985315 0
1679290960426 8.644546064024325 0
1679290969480 8.87853190000169 0
1679290978296 8.656241560005583 0
1679290987062 8.597918424988165 0
1679291012576 8.937425027019344 0
1679291021413 8.677276935020927 0
1679291030222 8.635074908961542 0
1679291039119 8.729975319991354 0
1679291047847 8.542589448043145 0
1679291056631 8.60225433303276 0
1679291065474 8.666837719967589 0
1679291074316 8.646981820988003 0
1679291083084 8.607544323022012 0
1679291091871 8.60680464404868 0
1679291117062 8.529686979018152 0
1679291125940 8.681153880024794 0
1679291134763 8.645127591036726 0
1679291143800 8.858804183022585 0
1679291152572 8.611700960958842 0
1679291161428 8.696116355014965 0
1679291170201 8.587608375004493 0
1679291179127 8.755456882005092 0
1679291187953 8.660123406967614 0
1679291196723 8.588727157970425 0
1679291222511 8.743915339000523 0
1679291231321 8.63009797403356 0
1679291240179 8.680718256975524 0
1679291249046 8.699055532983039 0
1679291257846 8.639265786041506 0
1679291266689 8.650652893004008 0
1679291275544 8.685754020989407 0
1679291284270 8.549488621996716 0
1679291293015 8.567192471993621 0
1679291302009 8.824915068980772 0
1679291327602 8.575244436971843 0
1679291336489 8.698301893018652 0
1679291345247 8.583236325008329 0
1679291354148 8.714369545981754 0
1679291362832 8.527336719969753 0
1679291371904 8.910931949969381 0
1679291380824 8.749853050976526 0
1679291389731 8.737551394966431 0
1679291398605 8.676120740012266 0
1679291407445 8.649607550003566 0
1679291433343 8.517655040021054 0
1679291442241 8.730127267015632 0
1679291451172 8.77431378501933 0
1679291460139 8.789247643959243 0
1679291469182 8.85527532803826 0
1679291478058 8.69521708699176 0
1679291486875 8.636848944006488 0
1679291495729 8.6702396790497 0
1679291504697 8.774734493985306 0
1679291513496 8.608237701002508 0
