1679289516935 0.8777573529411765 0
1679289521979 0.9546568627450981 0
1679289526905 0.9708946078431373 0
1679289531854 0.9782475490196079 0
1679289536867 0.9889705882352942 0
1679289542004 0.9920343137254902 0
1679289547095 0.9892769607843137 0
1679289551947 0.9957107843137255 0
1679289557003 0.9957107843137255 0
1679289562025 0.9981617647058824 0
1679289583405 0.9291806274748705 0
1679289590624 0.9820286323484618 0
1679289597832 0.9929942126104173 0
1679289605019 0.9908620164483704 0
1679289612184 0.9878160219311605 0
1679289619217 0.9945172098690223 0
1679289626454 0.9957356076759062 0
1679289633513 0.9961925068534877 0
1679289640715 0.9977155041120926 0
1679289648005 0.990405117270789 0
1679289670904 0.9123505976095617 0
1679289679615 0.9776650971870096 0
1679289688313 0.9892551008088857 0
1679289697172 0.9948086442110347 0
1679289705918 0.9925147893275383 0
1679289714641 0.9876856211517566 0
1679289723361 0.9938428105758783 0
1679289732154 0.9955330194374019 0
1679289740818 0.9951708318242183 0
1679289749492 0.9967403114813473 0
1679289772860 0.8762226784204806 0
1679289781625 0.9647385581451515 0
1679289790520 0.9815239705349595 0
1679289799301 0.9839391377852916 0
1679289808100 0.989614780823572 0
1679289816906 0.996014974036952 0
1679289825676 0.9943243569617196 0
1679289834416 0.9907016060862215 0
1679289843096 0.9921507064364207 0
1679289851900 0.9956526989494022 0
1679289875002 0.8882047567306531 0
1679289883721 0.9587106120970663 0
1679289892540 0.9855124954726548 0
1679289901298 0.9893758300132802 0
1679289909980 0.9934806229626947 0
1679289918956 0.988892913195702 0
1679289927832 0.9903416636484366 0
1679289936540 0.9933598937583001 0
1679289945269 0.993118435349511 0
1679289953983 0.993118435349511 0
1679289977346 0.8742001690208862 0
1679289986201 0.947965712905952 0
1679289994969 0.9795967644573222 0
1679290003688 0.988892913195702 0
1679290012591 0.9925147893275383 0
1679290021395 0.9937220813714838 0
1679290030323 0.9942049981890619 0
1679290039064 0.9925147893275383 0
1679290047807 0.9840637450199203 0
1679290056601 0.9920318725099602 0
1679290080397 0.8543654148049753 0
1679290089137 0.9265789155899046 0
1679290097861 0.9735539186088636 0
1679290106593 0.9881656804733728 0
1679290115330 0.9909431228112546 0
1679290124037 0.9940828402366864 0
1679290132719 0.9885279555609225 0
1679290141627 0.9873203719357565 0
1679290150385 0.994203598599203 0
1679290159296 0.9952904238618524 0
1679290183296 0.8392706194903997 0
1679290192105 0.9302016664654027 0
1679290201005 0.9712595097210481 0
1679290209634 0.9858712715855573 0
1679290218434 0.9919091897113875 0
1679290227233 0.9946866320492694 0
1679290235871 0.9891317473735056 0
1679290244686 0.987803405385823 0
1679290253385 0.984422171235358 0
1679290262086 0.991788431348871 0
1679290285826 0.8214415067004709 0
1679290294755 0.9142822648798744 0
1679290303514 0.9694555112881806 0
1679290312297 0.9858746830858385 0
1679290321129 0.9864783291078112 0
1679290329889 0.9908245804660147 0
1679290338738 0.9909453096704093 0
1679290347385 0.9919111433055656 0
1679290356222 0.9921526017143547 0
1679290365079 0.9870819751297839 0
1679290389381 0.8125151002657647 0
1679290398177 0.9144720947088669 0
1679290406882 0.968349842957236 0
1679290415683 0.9858661512442619 0
1679290424397 0.9899734235322541 0
1679290433042 0.99251026818072 0
1679290441815 0.9922686639284851 0
1679290450477 0.9905774341628413 0
1679290459130 0.9869533703793186 0
1679290467927 0.9869533703793186 0
1679290492084 0.806591814559942 0
1679290500863 0.90752142943378 0
1679290509709 0.9722322829892551 0
1679290518647 0.9827357237715804 0
1679290527306 0.9875648919473621 0
1679290536141 0.9917904141011711 0
1679290544851 0.9909453096704093 0
1679290553587 0.9911867680791984 0
1679290562813 0.9890136424000966 0
1679290571526 0.9907038512616202 0
1679290595985 0.7804760178808747 0
1679290604692 0.8964600700736982 0
1679290613494 0.9679835689259394 0
1679290622323 0.9807901413555636 0
1679290631029 0.9856228101969312 0
1679290639872 0.9864685272441706 0
1679290648619 0.9887640449438202 0
1679290657369 0.9887640449438202 0
1679290666210 0.9906971124803673 0
1679290674954 0.9838105593814184 0
1679290699613 0.7694259818731117 0
1679290708492 0.873595166163142 0
1679290717242 0.9564954682779456 0
1679290726314 0.9833232628398791 0
1679290735236 0.9906948640483384 0
1679290743987 0.9861027190332327 0
1679290752806 0.9865861027190332 0
1679290761640 0.9919033232628399 0
1679290770442 0.9910574018126889 0
1679290779165 0.9821148036253776 0
1679290803247 0.7864652567975831 0
1679290812260 0.8905135951661631 0
1679290821014 0.968821752265861 0
1679290829779 0.9857401812688822 0
1679290838516 0.9914199395770392 0
1679290847319 0.9923867069486405 0
1679290856183 0.9926283987915407 0
1679290864929 0.9858610271903323 0
1679290873670 0.980060422960725 0
1679290882443 0.9848942598187311 0
1679290907621 0.7391619369641348 0
1679290916356 0.8335949764521193 0
1679290925083 0.9372056514913658 0
1679290934000 0.9690858591957493 0
1679290942839 0.9793503200096607 0
1679290951581 0.9876826470233063 0
1679290960406 0.9893732640985389 0
1679290969447 0.9922714647989374 0
1679290978276 0.9864750633981403 0
1679290987028 0.9864750633981403 0
1679291012556 0.7486107755496497 0
1679291021391 0.8329306595796087 0
1679291030202 0.945880647499396 0
1679291039087 0.9799468470645083 0
1679291047820 0.9932350809374245 0
1679291056592 0.9904566320367238 0
1679291065446 0.9801884513167431 0
1679291074276 0.9834501087219135 0
1679291083065 0.9861077554964968 0
1679291091851 0.9877989852621406 0
1679291117027 0.7299093655589124 0
1679291125908 0.8250151057401812 0
1679291134729 0.9351057401812689 0
1679291143766 0.9730513595166164 0
1679291152552 0.9867069486404834 0
1679291161409 0.9882779456193354 0
1679291170159 0.9881570996978852 0
1679291179107 0.9868277945619335 0
1679291187932 0.9811480362537764 0
1679291196699 0.9789728096676737 0
1679291222486 0.7390411786016181 0
1679291231276 0.8439801956285473 0
1679291240143 0.9387755102040817 0
1679291249029 0.9733124018838305 0
1679291257822 0.9840598961478082 0
1679291266659 0.9857505132230407 0
1679291275516 0.9836976210602584 0
1679291284249 0.9817654872599928 0
1679291292979 0.9824900374350923 0
1679291301975 0.9863543050356237 0
1679291327581 0.7277784496311525 0
1679291336458 0.8074736969403797 0
1679291345220 0.9270770347079453 0
1679291354119 0.9645664530172935 0
1679291362811 0.9782319506590882 0
1679291371883 0.9858507679284073 0
1679291380804 0.9863345023582053 0
1679291389694 0.9870601040029024 0
1679291398576 0.9806506228080784 0
1679291407412 0.9828274277421696 0
1679291433312 0.7088164251207729 0
1679291442220 0.8193236714975846 0
1679291451150 0.9253623188405797 0
1679291460103 0.9737922705314009 0
1679291469146 0.9849033816425121 0
1679291478022 0.9836956521739131 0
1679291486840 0.9826086956521739 0
1679291495700 0.9818840579710145 0
1679291504665 0.9810386473429952 0
1679291513449 0.9857487922705314 0
