1679401933283 0.459879694133997 0
1679401937747 0.10088064125221637 0
1679401942080 0.05358756551415556 0
1679401946400 0.02003071405278105 0
1679401950667 0.00775507866896482 0
1679401954873 0.005111345611900712 0
1679401959192 0.0033613378012281223 0
1679401963372 0.0038164504616159116 0
1679401967532 0.0021520623972820533 0
1679401971734 0.0018528518698682698 0
1679401991982 1.8940171082814534 0
1679401996707 1.4227229025628831 0
1679402001443 1.3492597818374634 0
1679402006324 1.314072608947754 0
1679402011140 1.2928014794985454 0
1679402015868 1.2769931594530741 0
1679402020753 1.2701960802078247 0
1679402025393 1.2650102191501194 0
1679402030052 1.2604665531052484 0
1679402035062 1.2540755152702332 0
1679402052278 1.6277225342061785 0
1679402057164 1.2305694692664677 0
1679402062107 1.1596134662628175 0
1679402066964 1.1340254459116195 0
1679402071939 1.1237344205379487 0
1679402076886 1.1171852303875818 0
1679402081681 1.1085238781240252 0
1679402086371 1.1080882608890534 0
1679402091376 1.1049360182550219 0
1679402096220 1.1006022930145263 0
1679402113451 1.9464788847499424 0
1679402118361 1.376802843146854 0
1679402123155 1.271142644352383 0
1679402127998 1.2213692598872714 0
1679402132909 1.1982223351796468 0
1679402137831 1.1821807424227397 0
1679402141999 1.1760588500234817 0
1679402146708 1.1705946465333303 0
1679402151500 1.1599704914622837 0
1679402156408 1.1627069301075406 0
1679402173663 2.0376771370569866 0
1679402178583 1.5000987821155125 0
1679402183496 1.397977391878764 0
1679402188413 1.3394510242674085 0
1679402193185 1.3020546171400282 0
1679402197888 1.2748654325803122 0
1679402202858 1.266020843717787 0
1679402207571 1.251186692714691 0
1679402212204 1.2505842910872564 0
1679402217019 1.2430285427305434 0
1679402234409 2.057027036613888 0
1679402239500 1.5378018498420716 0
1679402244332 1.4311487409803603 0
1679402249318 1.3662246041827733 0
1679402254248 1.3350667913754781 0
1679402259303 1.3177724056773716 0
1679402264353 1.311223328113556 0
1679402269018 1.3041290389166937 0
1679402273824 1.2964268419477674 0
1679402278829 1.2952686640951367 0
1679402296304 2.0595081077681647 0
1679402301262 1.522343201107449 0
1679402306264 1.4090660134951274 0
1679402311148 1.3400919172498915 0
1679402316410 1.3062696350945366 0
1679402321552 1.2816150347391764 0
1679402326271 1.271360116534763 0
1679402331208 1.2647911654578314 0
1679402336047 1.2479096876250373 0
1679402341053 1.2535531706280179 0
1679402359349 2.0792436454031202 0
1679402364157 1.5100019375483196 0
1679402368944 1.4205596725145975 0
1679402374008 1.3778623792860243 0
1679402379045 1.3435186213917203 0
1679402383755 1.344341520468394 0
1679402388553 1.3265728526645237 0
1679402393549 1.3247823596000672 0
1679402398332 1.3196963442696465 0
1679402403433 1.3156533320744832 0
1679402421595 1.957035814391242 0
1679402426424 1.4795676191647849 0
1679402431197 1.3891059729788038 0
1679402436046 1.3285909758673773 0
1679402440747 1.3068473829163445 0
1679402445686 1.2893610835075378 0
1679402450695 1.2815911147329542 0
1679402455587 1.275803236166636 0
1679402460654 1.2659396529197693 0
1679402465535 1.2628270943959554 0
1679402484209 1.9462955090734693 0
1679402488686 1.4527975122133892 0
1679402493611 1.3571887652079264 0
1679402498264 1.3040281097094217 0
1679402503026 1.2839386304219564 0
1679402508068 1.2729132850964864 0
1679402513096 1.2719238122304282 0
1679402517840 1.2663854135407342 0
1679402522768 1.260591779814826 0
1679402527860 1.26284392674764 0
1679402545324 1.9287741780281067 0
1679402550045 1.4424318234125773 0
1679402555023 1.3447818928294712 0
1679402559947 1.2995995150672064 0
1679402564822 1.2733576231532626 0
1679402570019 1.2592081348101298 0
1679402575143 1.2530371268590292 0
1679402580179 1.2437066250377231 0
1679402585079 1.247848723994361 0
1679402589854 1.2425897518793743 0
1679402609193 1.9382487244076199 0
1679402614163 1.4342005001174079 0
1679402619158 1.3524140384462144 0
1679402624427 1.300851391421424 0
1679402629308 1.2879420545366076 0
1679402634252 1.2715220120218065 0
1679402639326 1.2668732775582208 0
1679402644153 1.256609484884474 0
1679402649175 1.2513928863737318 0
1679402654184 1.2467355860604181 0
1679402671328 1.948136611779531 0
1679402675972 1.452661551369561 0
1679402680973 1.3616132020950318 0
1679402686068 1.2982232530911764 0
1679402691243 1.2718608034981622 0
1679402696202 1.2527920736206903 0
1679402701513 1.2473788698514303 0
1679402706532 1.2398642977078755 0
1679402711449 1.2365790883700052 0
1679402716218 1.230053448677063 0
1679402733075 1.9014666689766777 0
1679402737835 1.4302677631378173 0
1679402742792 1.3442103849516975 0
1679402747949 1.2943417840533786 0
1679402752863 1.2877416729927063 0
1679402758028 1.2650045182969836 0
1679402762986 1.263160232702891 0
1679402768073 1.2556243578592936 0
1679402773135 1.2534218549728393 0
1679402778258 1.2524065838919745 0
1679402796359 1.8524819983376397 0
1679402801543 1.3950481043921577 0
1679402806577 1.3095464256074694 0
1679402811439 1.2671128431955974 0
1679402816273 1.2459289338853625 0
1679402821274 1.2412093983756172 0
1679402826287 1.2216036518414815 0
1679402831222 1.2266085267066955 0
1679402836492 1.21623055934906 0
1679402841559 1.2120030774010553 0
1679402862207 1.9793301502863565 0
1679402867238 1.4772059520085652 0
1679402872301 1.3745938393804762 0
1679402877376 1.32582389248742 0
1679402882342 1.2874703473514981 0
1679402887382 1.273279971546597 0
1679402892372 1.2618203865157234 0
1679402897213 1.2480807926919726 0
1679402902187 1.242584048377143 0
1679402907026 1.251918794049157 0
1679402927694 1.9907240006658766 0
1679402933149 1.5077181153827244 0
1679402938142 1.4173602395587497 0
1679402943400 1.372330043050978 0
1679402948583 1.3505633725060358 0
1679402953649 1.335323491361406 0
1679402958861 1.3195411933792962 0
1679402963929 1.3159438835250006 0
1679402969242 1.314974484178755 0
1679402974288 1.31065690252516 0
1679402995145 1.8952381981743707 0
1679403000326 1.4358459538883632 0
1679403005391 1.3483676724963718 0
1679403010334 1.2930384900834826 0
1679403015466 1.2550446973906624 0
1679403020639 1.232826500468784 0
1679403025645 1.228061310450236 0
1679403030771 1.215262234210968 0
1679403035675 1.2115497165256077 0
1679403040551 1.2033898207876417 0
1679403061717 1.8931387384732565 0
1679403066821 1.4133012175559998 0
1679403072004 1.3238871296246846 0
1679403076733 1.2793388737572564 0
1679403081686 1.2500162137879265 0
1679403086956 1.2431856870651246 0
1679403092153 1.2302277512020534 0
1679403097235 1.2260198367966546 0
1679403102167 1.222329482767317 0
1679403107237 1.224000597000122 0
1679403128902 1.8081112848387824 0
1679403134352 1.3744813349511888 0
1679403139570 1.2991802705658806 0
1679403144725 1.2690840681393942 0
1679403149868 1.247015044424269 0
1679403155109 1.2429680387179056 0
1679403160387 1.239529013633728 0
1679403165414 1.2326959000693427 0
1679403170732 1.2280614640977647 0
1679403175820 1.2268899586465625 0
