1679401933277 0.8701388888888889 0
1679401937737 0.9711805555555556 0
1679401942070 0.9888888888888889 0
1679401946390 0.9965277777777778 0
1679401950656 0.9993055555555556 0
1679401954862 0.9993055555555556 0
1679401959181 0.9996527777777777 0
1679401963361 0.9996527777777777 0
1679401967520 1.0 0
1679401971723 1.0 0
1679401991971 0.6267361111111112 0
1679401996699 0.6784722222222223 0
1679402001429 0.6881944444444444 0
1679402006312 0.6791666666666667 0
1679402011129 0.6982638888888889 0
1679402015857 0.6913194444444445 0
1679402020740 0.7038194444444444 0
1679402025387 0.7006944444444444 0
1679402030046 0.7003472222222222 0
1679402035052 0.7017361111111111 0
1679402052268 0.6277777777777778 0
1679402057154 0.7243055555555555 0
1679402062095 0.790625 0
1679402066954 0.7986111111111112 0
1679402071927 0.7947916666666667 0
1679402076880 0.8149305555555556 0
1679402081667 0.8361111111111111 0
1679402086357 0.8329861111111111 0
1679402091366 0.8395833333333333 0
1679402096214 0.8489583333333334 0
1679402113441 0.5875 0
1679402118350 0.7177083333333333 0
1679402123147 0.7454861111111111 0
1679402127986 0.7625 0
1679402132894 0.7666666666666667 0
1679402137820 0.7954861111111111 0
1679402141988 0.7927083333333333 0
1679402146697 0.8052083333333333 0
1679402151487 0.8114583333333333 0
1679402156398 0.8159722222222222 0
1679402173647 0.5982638888888889 0
1679402178575 0.7295138888888889 0
1679402183482 0.7420138888888889 0
1679402188403 0.7673611111111112 0
1679402193174 0.7854166666666667 0
1679402197882 0.8159722222222222 0
1679402202852 0.8065972222222222 0
1679402207560 0.8385416666666666 0
1679402212192 0.8263888888888888 0
1679402217005 0.8472222222222222 0
1679402234397 0.5725694444444445 0
1679402239494 0.7017361111111111 0
1679402244324 0.7270833333333333 0
1679402249306 0.7513888888888889 0
1679402254236 0.7611111111111111 0
1679402259292 0.7819444444444444 0
1679402264344 0.7836805555555556 0
1679402269007 0.7895833333333333 0
1679402273813 0.8256944444444444 0
1679402278818 0.809375 0
1679402296291 0.6079861111111111 0
1679402301254 0.7725694444444444 0
1679402306257 0.7836805555555556 0
1679402311140 0.8145833333333333 0
1679402316396 0.8277777777777777 0
1679402321544 0.8392361111111111 0
1679402326259 0.8458333333333333 0
1679402331198 0.8597222222222223 0
1679402336034 0.8725694444444444 0
1679402341040 0.8635416666666667 0
1679402359338 0.6274305555555556 0
1679402364139 0.7597222222222222 0
1679402368936 0.7951388888888888 0
1679402373996 0.8065972222222222 0
1679402379032 0.8381944444444445 0
1679402383744 0.8076388888888889 0
1679402388542 0.8496527777777778 0
1679402393536 0.846875 0
1679402398317 0.8541666666666666 0
1679402403423 0.8576388888888888 0
1679402421583 0.6375 0
1679402426413 0.7871527777777778 0
1679402431186 0.8204861111111111 0
1679402436034 0.8545138888888889 0
1679402440734 0.8527777777777777 0
1679402445675 0.8454861111111112 0
1679402450684 0.8638888888888889 0
1679402455576 0.8666666666666667 0
1679402460647 0.8868055555555555 0
1679402465524 0.8875 0
1679402484200 0.6454861111111111 0
1679402488674 0.7958333333333333 0
1679402493598 0.8246527777777778 0
1679402498250 0.8670138888888889 0
1679402503015 0.8756944444444444 0
1679402508057 0.8822916666666667 0
1679402513084 0.8708333333333333 0
1679402517830 0.8791666666666667 0
1679402522756 0.8888888888888888 0
1679402527850 0.8756944444444444 0
1679402545313 0.6454861111111111 0
1679402550034 0.7819444444444444 0
1679402555011 0.8159722222222222 0
1679402559935 0.8305555555555556 0
1679402564811 0.8434027777777777 0
1679402570005 0.8583333333333333 0
1679402575130 0.8552083333333333 0
1679402580168 0.8840277777777777 0
1679402585065 0.86875 0
1679402589844 0.8916666666666667 0
1679402609182 0.6350694444444445 0
1679402614149 0.7979166666666667 0
1679402619145 0.8243055555555555 0
1679402624413 0.8534722222222222 0
1679402629295 0.8503472222222223 0
1679402634240 0.8635416666666667 0
1679402639315 0.8628472222222222 0
1679402644142 0.8920138888888889 0
1679402649162 0.8895833333333333 0
1679402654171 0.8927083333333333 0
1679402671314 0.6239583333333333 0
1679402675960 0.7652777777777777 0
1679402680964 0.8006944444444445 0
1679402686058 0.8381944444444445 0
1679402691230 0.8451388888888889 0
1679402696187 0.8725694444444444 0
1679402701499 0.8795138888888889 0
1679402706523 0.8836805555555556 0
1679402711438 0.9006944444444445 0
1679402716202 0.9034722222222222 0
1679402733063 0.6715277777777777 0
1679402737817 0.8243055555555555 0
1679402742776 0.8302083333333333 0
1679402747937 0.8722222222222222 0
1679402752851 0.8586805555555556 0
1679402758016 0.8954861111111111 0
1679402762975 0.8892361111111111 0
1679402768065 0.9107638888888889 0
1679402773125 0.9104166666666667 0
1679402778245 0.9111111111111111 0
1679402796346 0.6333333333333333 0
1679402801532 0.7975694444444444 0
1679402806557 0.8201388888888889 0
1679402811423 0.8423611111111111 0
1679402816261 0.8607638888888889 0
1679402821265 0.8597222222222223 0
1679402826277 0.8885416666666667 0
1679402831211 0.8847222222222222 0
1679402836480 0.9086805555555556 0
1679402841549 0.9097222222222222 0
1679402862196 0.6270833333333333 0
1679402867228 0.7958333333333333 0
1679402872291 0.8291666666666667 0
1679402877360 0.8291666666666667 0
1679402882332 0.8652777777777778 0
1679402887372 0.8576388888888888 0
1679402892357 0.8836805555555556 0
1679402897193 0.8861111111111111 0
1679402902176 0.8951388888888889 0
1679402907015 0.8746527777777777 0
1679402927677 0.6493055555555556 0
1679402933139 0.8083333333333333 0
1679402938129 0.8201388888888889 0
1679402943391 0.8534722222222222 0
1679402948575 0.8486111111111111 0
1679402953629 0.8652777777777778 0
1679402958853 0.8857638888888889 0
1679402963920 0.8965277777777778 0
1679402969225 0.884375 0
1679402974271 0.8892361111111111 0
1679402995134 0.6225694444444444 0
1679403000314 0.7763888888888889 0
1679403005381 0.80625 0
1679403010321 0.8288194444444444 0
1679403015455 0.8541666666666666 0
1679403020627 0.8663194444444444 0
1679403025630 0.8746527777777777 0
1679403030762 0.8777777777777778 0
1679403035663 0.8833333333333333 0
1679403040539 0.8934027777777778 0
1679403061706 0.6614583333333334 0
1679403066809 0.8173611111111111 0
1679403071981 0.8545138888888889 0
1679403076721 0.8694444444444445 0
1679403081672 0.8927083333333333 0
1679403086947 0.8916666666666667 0
1679403092138 0.8996527777777777 0
1679403097217 0.903125 0
1679403102153 0.8961805555555555 0
1679403107225 0.9027777777777778 0
1679403128888 0.6513888888888889 0
1679403134340 0.8097222222222222 0
1679403139552 0.8253472222222222 0
1679403144716 0.8538194444444445 0
1679403149860 0.8826388888888889 0
1679403155098 0.8899305555555556 0
1679403160379 0.88125 0
1679403165403 0.9059027777777777 0
1679403170724 0.8965277777777778 0
1679403175801 0.9114583333333334 0
