1679274524149 0.3665750456206939 0
1679274533260 0.13683450566239508 0
1679274542480 0.0827838368040473 0
1679274551305 0.07498622840834215 0
1679274560531 0.049073879138507207 0
1679274569605 0.024138669345120434 0
1679274578678 0.06982438134796479 0
1679274587699 0.016266337014374087 0
1679274596929 0.007163107240290521 0
1679274605973 0.02746484854758498 0
1679274629588 0.558024821538186 0
1679274639024 0.08849262328380171 0
1679274648541 0.03770827296116919 0
1679274658021 0.013768214536100333 0
1679274667434 0.0224553113826094 0
1679274676786 0.048477394841885305 0
1679274686438 0.03863498566252198 0
1679274696146 0.023000038934268933 0
1679274705762 0.024203378111397958 0
1679274714963 0.028593213322535886 0
1679274737436 1.0299505024564033 0
1679274747467 0.08826835915975857 0
1679274757697 0.05168752057258697 0
1679274767614 0.06109696806536293 0
1679274777531 0.043914935131575544 0
1679274787508 0.018382479633003764 0
1679274797392 0.02225988636742912 0
1679274806952 0.03643410912185323 0
1679274816544 0.017412168772745075 0
1679274826421 0.03195217105231302 0
1679274849246 1.2516402669397055 0
1679274859147 0.17419308546346193 0
1679274868953 0.058569629763380864 0
1679274878366 0.044482804090697686 0
1679274888368 0.061156979917238154 0
1679274897960 0.03599562377248909 0
1679274907454 0.033263745343349145 0
1679274917067 0.021978918878434627 0
1679274926730 0.0256864626608862 0
1679274936534 0.01581482140931721 0
1679274959188 1.6530088013878055 0
1679274968652 0.2167430526083883 0
1679274978124 0.10296705745927551 0
1679274987657 0.06193636037299738 0
1679274997320 0.03747155280400287 0
1679275006838 0.03444562308654627 0
1679275016511 0.05354682465229987 0
1679275025905 0.06744703382034511 0
1679275035716 0.033709349402902176 0
1679275045329 0.017042973864020084 0
1679275067690 1.7327368000850958 0
1679275077420 0.17817523631760301 0
1679275087007 0.09153454093372121 0
1679275096467 0.07355546503893885 0
1679275106091 0.07471753937174 0
1679275115838 0.038005988515329124 0
1679275125411 0.037318113643456906 0
1679275134922 0.031481665896945725 0
1679275144378 0.0671310992181009 0
1679275153542 0.03456523316894092 0
1679275175503 1.7425395216719777 0
1679275185051 0.2577442404101877 0
1679275194382 0.11176554847727804 0
1679275204137 0.07265522351999786 0
1679275213890 0.04191302668814566 0
1679275223356 0.035194902607769356 0
1679275233109 0.023414283698680354 0
1679275242554 0.02747097299160326 0
1679275252227 0.019147838748918445 0
1679275262133 0.02209175082252306 0
1679275285131 1.9311313845363318 0
1679275294789 0.32945375520662934 0
1679275304581 0.1311065195237889 0
1679275314237 0.06187613759482024 0
1679275323982 0.06748236920319352 0
1679275333657 0.04908855918648781 0
1679275343428 0.03528603616481026 0
1679275353245 0.03978178807187314 0
1679275362834 0.03289498940256296 0
1679275372370 0.04795692334243772 0
1679275395161 1.922761595278394 0
1679275404696 0.2266373318784377 0
1679275414009 0.08678421161740142 0
1679275423401 0.048502155387883675 0
1679275432926 0.05256047350007529 0
1679275442556 0.04091171723078279 0
1679275451944 0.04354693269466653 0
1679275461551 0.03937274152778235 0
1679275471099 0.037362256562154667 0
1679275480504 0.023014649894892002 0
1679275503589 1.9779696835606706 0
1679275513063 0.3928608269083734 0
1679275522605 0.18039544525684095 0
1679275531923 0.08594184516764738 0
1679275541375 0.0786028255653732 0
1679275551171 0.07112262415352698 0
1679275560845 0.06823834449089333 0
1679275570565 0.057768120823026285 0
1679275580387 0.045291414137418363 0
1679275590157 0.04326893543532374 0
1679275613829 1.8853503021539426 0
1679275623409 0.27760673186504375 0
1679275632891 0.11948315901499168 0
1679275642417 0.0540815461883504 0
1679275651534 0.03969574590925785 0
1679275661198 0.03307622137899492 0
1679275670688 0.040369615680081586 0
1679275680319 0.046507678880337994 0
1679275689702 0.032677128609708124 0
1679275699276 0.057805709476929666 0
1679275721794 1.8115975848015617 0
1679275731590 0.31447774157220243 0
1679275741018 0.12160399934167371 0
1679275750521 0.07333496074173965 0
1679275759796 0.04420136191936977 0
1679275769475 0.0491397526918673 0
1679275779003 0.05696012402939446 0
1679275788799 0.04262790824377946 0
1679275798181 0.037463810093993063 0
1679275807378 0.036086418474202644 0
1679275831571 1.940669688816164 0
1679275841239 0.25137313433429775 0
1679275850766 0.10696863078092243 0
1679275860334 0.054524124590862616 0
1679275869679 0.03764088166074133 0
1679275879197 0.020928743057975582 0
1679275888499 0.042235462597626096 0
1679275898282 0.04784936262477262 0
1679275907814 0.04588677108689558 0
1679275917658 0.033968174948777054 0
1679275941184 2.0236543516318 0
1679275950767 0.33689429501400275 0
1679275960258 0.14379731357535896 0
1679275969737 0.069846111833684 0
1679275979163 0.03899848343366209 0
1679275988794 0.026776695532687737 0
1679275998172 0.03160737499631211 0
1679276007878 0.06778234921797525 0
1679276017286 0.039606110722410916 0
1679276026693 0.02689693829811671 0
1679276051046 2.074463636851778 0
1679276060563 0.27922825862233547 0
1679276070183 0.13197889074902325 0
1679276079822 0.07991313219399136 0
1679276089109 0.050949840861208295 0
1679276098459 0.03805734387909373 0
1679276107761 0.03293408595902078 0
1679276117300 0.06225936920108164 0
1679276126747 0.038805043717444525 0
1679276136223 0.026939039392506376 0
1679276161027 1.9935857317611283 0
1679276170428 0.24722588098808831 0
1679276179993 0.08354638421031482 0
1679276189376 0.04961703363440785 0
1679276198563 0.017664800416312965 0
1679276208201 0.0243788100413832 0
1679276217736 0.025495475642017873 0
1679276227319 0.04616879942078216 0
1679276237016 0.03847537281028196 0
1679276246512 0.02014705118741475 0
1679276271559 2.169810083274748 0
1679276281028 0.3143370698626135 0
1679276290708 0.1270209953517598 0
1679276300263 0.09099962640845892 0
1679276309489 0.04678619448460784 0
1679276319177 0.05622930772712126 0
1679276328678 0.028502077996438623 0
1679276338109 0.03861867800793227 0
1679276347859 0.034652903392984005 0
1679276357505 0.021726455046411824 0
1679276382029 1.9963188435809285 0
1679276391723 0.22185851089364172 0
1679276401335 0.09037174482592474 0
1679276410867 0.05121375067963028 0
1679276420388 0.04045695816988454 0
1679276429896 0.036160074247449055 0
1679276439795 0.05584605448130591 0
1679276449233 0.02498384252847994 0
1679276459006 0.03348658905894149 0
1679276468554 0.03394851031914061 0
1679276493941 1.9589888522145795 0
1679276503727 0.21629817621307632 0
1679276513356 0.10913411471262283 0
1679276522961 0.062047645741818 0
1679276532473 0.05038658088511404 0
1679276542300 0.029899836691352082 0
1679276551611 0.038310314053852185 0
1679276561716 0.0313417392545471 0
1679276571283 0.03816966091593107 0
1679276580990 0.033494951148681784 0
1679276606795 1.7244819459669731 0
1679276616463 0.16410492316764944 0
1679276626138 0.057843610379552726 0
1679276635868 0.03131232249513999 0
1679276645396 0.02519586129460995 0
1679276655197 0.021849962932915957 0
1679276664636 0.01968381641998741 0
1679276674291 0.03290885953488303 0
1679276684097 0.033129813213485716 0
1679276693693 0.02349624570970442 0
