1672516288520 3.9289699790097075 0
1672516292493 3.786089045999688 0
1672516296781 4.116522037002142 0
1672516300781 3.8161338139907457 0
1672516304978 4.004803852003533 0
1672516326116 2.4906310259975726 0
1672516328788 2.4949127750005573 0
1672516331421 2.437884936996852 0
1672516334296 2.6902474040107336 0
1672516337097 2.604672561996267 0
1672516357470 2.2764930599951185 0
1672516360179 2.508025852992432 0
1672516362943 2.570434622000903 0
1672516365409 2.2778108800121117 0
1672516367948 2.340103245995124 0
1672516389234 2.3387867389974417 0
1672516391724 2.287808627996128 0
1672516394122 2.204149415003485 0
1672516396845 2.526737762003904 0
1672516399537 2.477107419996173 0
