1672516288500 0.9105022831050228 0
1672516292473 0.9792998477929985 0
1672516296772 0.9846270928462709 0
1672516300773 0.9931506849315068 0
1672516304958 0.9901065449010654 0
1672516326096 0.9438011861056199 0
1672516328780 0.984750070601525 0
1672516331400 0.9920926292007908 0
1672516334286 0.9971759390002825 0
1672516337076 0.9932222536006777 0
1672516357450 0.9500924214417745 0
1672516360159 0.9953789279112755 0
1672516362922 0.9932224276032039 0
1672516365399 0.9932224276032039 0
1672516367939 0.9932224276032039 0
1672516389213 0.8622512437810945 0
1672516391703 0.994092039800995 0
1672516394112 0.9916044776119403 0
1672516396825 0.9884950248756219 0
1672516399516 0.9987562189054726 0
