1672516288516 0.2535286997999185 0
1672516292490 0.06398106795116193 0
1672516296776 0.05217207957575129 0
1672516300777 0.020241450049518925 0
1672516304974 0.03621482005389974 0
1672516326112 0.33838924513306534 0
1672516328784 0.056159878513110086 0
1672516331417 0.031678669293776926 0
1672516334291 0.010627039069145711 0
1672516337093 0.022353394751049593 0
1672516357466 0.24603544780095088 0
1672516360175 0.0247041878071846 0
1672516362939 0.02612153601615207 0
1672516365404 0.020151157844645266 0
1672516367943 0.02460635663519452 0
1672516389230 1.2173188717523822 0
1672516391720 0.024320835994054976 0
1672516394117 0.027498991292060366 0
1672516396841 0.030895776281003557 0
1672516399532 0.005206080724584258 0
