1672513410417 4.387129459995776 0
1672513414653 4.055053272997611 0
1672513418887 4.035544949001633 0
1672513423132 4.058150868004304 0
1672513427506 4.177935520987376 0
1672513444999 2.3693595610093325 0
1672513447814 2.618803242003196 0
1672513450438 2.41531547899649 0
1672513453471 2.8274830610025674 0
1672513456329 2.658711971991579 0
1672513477987 2.4557795110013103 0
1672513480683 2.481979716991191 0
1672513483293 2.40555766801117 0
1672513485903 2.3974955039884662 0
1672513488585 2.4757648689992493 0
1672513510407 2.441725865995977 0
1672513513170 2.554792577997432 0
1672513515757 2.3839368159970036 0
1672513518373 2.419457871001214 0
1672513520988 2.417712274007499 0
1672513557615 2.459242966986494 0
1672513560374 2.5450338939990615 0
1672513562997 2.4187784230016405 0
1672513565562 2.3606015959958313 0
1672513568530 2.7662421830027597 0
1672513607131 2.4512751269940054 0
1672513609728 2.385095908000949 0
1672513612546 2.592301498996676 0
1672513615346 2.586551814005361 0
1672513617914 2.350175471001421 0
1672513655700 2.430614306998905 0
1672513658368 2.4490562080027303 0
1672513660989 2.3917446849955013 0
1672513663861 2.639481367994449 0
1672513666811 2.724073582998244 0
1672513738226 2.685835905998829 0
1672513741181 2.731795254992903 0
1672513743934 2.5321446589950938 0
1672513746682 2.513331169000594 0
1672513749402 2.4955906339891953 0
1672513822241 2.7321351499995217 0
1672513825083 2.60981156899652 0
1672513827821 2.5043926749931416 0
1672513830388 2.3527769439970143 0
1672513833212 2.5932604580011684 0
