1680229364573 0.012451614921425961 0
1680229379131 0.0007346698304113916 0
1680229393450 1.2588447693833254e-05 0
1680229407705 6.3898962296308365e-06 0
1680229422256 5.630326004851601e-06 0
1680229436794 2.341692202574727e-06 0
1680229451265 6.593639592140212e-06 0
1680229465806 1.8145897982677408e-06 0
1680229480051 1.3043092439400479e-06 0
1680229494835 1.2442499046766623e-06 0
1680229524770 0.003608438579070402 0
1680229553619 3.450666522467699e-06 0
1680229583034 2.990694540118262e-06 0
1680229612163 1.6443927276219617e-06 0
1680229639581 1.1846163889995088e-06 0
1680229668345 7.336487620768774e-07 0
1680229697156 9.661570548588595e-07 0
1680229725696 5.897685366421639e-07 0
1680229754479 1.6812969031597627e-06 0
1680229783883 2.540743516043092e-07 0
1680229814276 0.0025646562040908447 0
1680229842358 3.5108210741290355e-05 0
1680229871884 4.577400205276375e-06 0
1680229900767 2.017464511381413e-06 0
1680229930266 2.805843893527167e-06 0
1680229959262 1.417963498652651e-06 0
1680229988468 2.5905054685563155e-06 0
1680230017263 5.275696798981735e-07 0
1680230046224 6.713511160020129e-07 0
1680230075035 8.641287846386725e-07 0
1680230105375 0.0034492807012718894 0
1680230133796 0.0018942410663020477 0
1680230162157 9.146204733681016e-06 0
1680230191048 3.62672757329835e-06 0
1680230219783 6.817263803587076e-06 0
1680230248238 1.4740735248518347e-06 0
1680230277252 8.866404903043976e-07 0
1680230306233 8.483908729801294e-07 0
1680230334833 1.0116210004979263e-06 0
1680230363558 4.3742234873003917e-07 0
1680230391412 0.0017550353894361006 0
1680230416677 8.2590509128474e-06 0
1680230442488 3.090690693244384e-06 0
1680230468052 1.1838344184099243e-06 0
1680230493277 9.709041913319242e-07 0
1680230518328 1.2258738859381356e-06 0
1680230543791 5.700360185308799e-07 0
1680230568778 9.355643930746664e-07 0
1680230593904 9.197056931938123e-07 0
1680230617141 3.551994776609224e-07 0
1680230654834 0.06781508111505992 0
1680230690909 0.0156537749487517 0
1680230726848 0.009714836274336955 0
1680230762417 0.0069119893444637235 0
1680230797955 0.004902719196148238 0
1680230831570 0.0037218556823686677 0
1680230867683 0.01413152500167793 0
1680230903339 0.004976297102648146 0
1680230939333 0.004099598154078421 0
1680230975392 0.0034178876091329443 0
1680231002165 0.009578738763854294 0
1680231025346 0.0020438143101560186 0
1680231049202 0.0030052173702396164 0
1680231065664 0.002833762781635044 0
1680231082242 0.00024533773061848264 0
1680231098930 1.3434356196002036e-05 0
1680231115487 1.442496038564574e-05 0
1680231131944 6.526776070258512e-06 0
1680231147965 7.55670607792082e-06 0
1680231164783 4.2731319784369305e-06 0
1680231176686 0.12946630150220867 0
1680231183996 0.03663498506200962 0
1680231191147 0.007952137310789982 0
1680231198244 0.001506931573243717 0
1680231205267 0.007866365721584988 0
1680231212982 0.008277926782863841 0
1680231219923 0.0010216887717554295 0
1680231226813 0.0001235696851989034 0
1680231234582 5.367482199531411e-05 0
1680231241598 3.8709148631936746e-05 0
1680231265029 0.06357179524961691 0
1680231284006 0.01856834009953659 0
1680231303133 0.003434849551439285 0
1680231322305 0.004636714641779499 0
1680231341501 0.004073165303842481 0
1680231360349 0.0030310643635237553 0
1680231378895 0.0011050693609236863 0
1680231397450 0.023240568046401535 0
1680231416447 0.0038811050413040307 0
1680231435572 0.001376263328038613 0
1680231447572 0.10971645106908058 0
1680231454580 0.001872305901480279 0
1680231464332 0.0025666227566618727 0
1680231473792 0.004051489605820137 0
1680231483208 0.0015926618395221564 0
1680231492523 0.00015499246153822158 0
1680231501797 8.383801679149347e-05 0
1680231511124 0.0002878061833319098 0
1680231520280 7.919665182237898e-05 0
1680231529725 3.336952135080729e-05 0
1680231543330 0.03637201598576212 0
1680231552162 0.0036416515258329476 0
1680231561151 0.002548415271698664 0
1680231570127 0.0017192361108999859 0
1680231579305 0.004849936719940965 0
1680231588219 0.004382965371536767 0
1680231597086 0.00012513177473640378 0
1680231606235 0.00011818343379952869 0
1680231615380 6.550691778801802e-05 0
1680231624562 2.13952648249023e-05 0
1680231638188 0.14317486164285442 0
1680231647102 0.03510229815583443 0
1680231656065 0.011735249917854582 0
1680231664733 0.008240715542552398 0
1680231673648 0.003924797267228104 0
1680231682718 0.003818521267073895 0
1680231691521 0.00019040658018044409 0
1680231700699 0.00033945584774878275 0
1680231709649 0.011265876208426562 0
1680231718571 0.00936376437065379 0
1680231731806 0.01586060719562983 0
1680231740659 0.010969846085467557 0
1680231749337 0.001089955041869381 0
1680231758004 0.0004564585078959191 0
1680231767078 0.005550103388849528 0
1680231776073 0.008942569357408012 0
1680231784877 7.464748170185395e-05 0
1680231793885 5.716658360527687e-05 0
1680231802854 5.909462070209114e-05 0
1680231812050 3.823487483819358e-05 0
