1680229364561 0.9958278795811518 0
1680229379120 0.9998363874345549 0
1680229393438 1.0 0
1680229407695 1.0 0
1680229422245 1.0 0
1680229436782 1.0 0
1680229451252 1.0 0
1680229465793 1.0 0
1680229480040 1.0 0
1680229494824 1.0 0
1680229524758 0.9993593394077449 0
1680229553610 1.0 0
1680229583020 1.0 0
1680229612155 1.0 0
1680229639570 1.0 0
1680229668333 1.0 0
1680229697145 1.0 0
1680229725684 1.0 0
1680229754467 1.0 0
1680229783871 1.0 0
1680229814265 0.999566974595843 0
1680229842347 1.0 0
1680229871873 1.0 0
1680229900756 1.0 0
1680229930256 1.0 0
1680229959252 1.0 0
1680229988455 1.0 0
1680230017248 1.0 0
1680230046213 1.0 0
1680230075023 1.0 0
1680230105364 0.9995598591549296 0
1680230133782 0.9996332159624414 0
1680230162142 1.0 0
1680230191035 1.0 0
1680230219770 1.0 0
1680230248221 1.0 0
1680230277242 1.0 0
1680230306218 1.0 0
1680230334819 1.0 0
1680230363545 1.0 0
1680230391400 0.9995810991957105 0
1680230416665 1.0 0
1680230442475 1.0 0
1680230468040 1.0 0
1680230493265 1.0 0
1680230518316 1.0 0
1680230543779 1.0 0
1680230568764 1.0 0
1680230593889 1.0 0
1680230617126 1.0 0
1680230654820 0.9835311918063314 0
1680230690893 0.9950535381750466 0
1680230726830 0.9965083798882681 0
1680230762402 0.9974976722532588 0
1680230797943 0.9985451582867784 0
1680230831560 0.9988361266294227 0
1680230867671 0.9968575418994413 0
1680230903327 0.9984869646182495 0
1680230939321 0.9984869646182495 0
1680230975381 0.9990689013035382 0
1680231002153 0.9974188790560472 0
1680231025333 0.9995390855457227 0
1680231049188 0.9992625368731564 0
1680231065651 0.9990781710914455 0
1680231082231 1.0 0
1680231098918 1.0 0
1680231115475 1.0 0
1680231131934 1.0 0
1680231147952 1.0 0
1680231164771 1.0 0
1680231176675 0.9800884955752213 0
1680231183983 0.9889380530973452 0
1680231191136 0.9980641592920354 0
1680231198232 0.9997234513274337 0
1680231205254 0.9964048672566371 0
1680231212971 0.9977876106194691 0
1680231219916 0.9994469026548672 0
1680231226799 1.0 0
1680231234570 1.0 0
1680231241588 1.0 0
1680231265016 0.9880952380952381 0
1680231283993 0.9957706766917294 0
1680231303121 0.9992167919799498 0
1680231322292 0.9991384711779449 0
1680231341488 0.9989818295739349 0
1680231360338 0.9992951127819549 0
1680231378884 0.9997650375939849 0
1680231397437 0.9958489974937343 0
1680231416436 0.9990601503759399 0
1680231435559 0.9998433583959899 0
1680231447559 0.9813646788990825 0
1680231454569 0.9994266055045872 0
1680231464319 0.9994266055045872 0
1680231473779 0.9982798165137615 0
1680231483195 0.9991399082568807 0
1680231492511 1.0 0
1680231501778 1.0 0
1680231511111 1.0 0
1680231520267 1.0 0
1680231529710 1.0 0
1680231543319 0.9903846153846154 0
1680231552150 0.9984975961538461 0
1680231561140 0.9990985576923077 0
1680231570120 0.9993990384615384 0
1680231579295 0.9978966346153846 0
1680231588206 0.9990985576923077 0
1680231597069 1.0 0
1680231606223 1.0 0
1680231615368 1.0 0
1680231624550 1.0 0
1680231638174 0.9513221153846154 0
1680231647089 0.9873798076923077 0
1680231656052 0.9957932692307693 0
1680231664721 0.9969951923076923 0
1680231673635 0.9981971153846154 0
1680231682705 0.9990985576923077 0
1680231691509 1.0 0
1680231700684 1.0 0
1680231709638 0.9963942307692307 0
1680231718557 0.9975961538461539 0
1680231731795 0.9942908653846154 0
1680231740646 0.9969951923076923 0
1680231749325 0.9996995192307693 0
1680231757996 1.0 0
1680231767068 0.9978966346153846 0
1680231776056 0.9975961538461539 0
1680231784866 1.0 0
1680231793874 1.0 0
1680231802843 1.0 0
1680231812036 1.0 0
