1679451286491 4.717120556044392 0
1679451290499 3.8626054091146216 0
1679451295087 4.413524074014276 0
1679451299922 4.65299013198819 0
1679451304321 4.2493097429396585 0
1679451308656 4.168285046936944 0
1679451313102 4.250205639982596 0
1679451317543 4.271607925998978 0
1679451322074 4.352273091091774 0
1679451326196 3.958822510903701 0
1679451343448 6.138595258933492 0
1679451349536 5.945809902041219 0
1679451355851 6.168366490979679 0
1679451362493 6.501870878040791 0
1679451368943 6.307348139001988 0
1679451375580 6.470364154083654 0
1679451382211 6.507314461050555 0
1679451388524 6.180252584978007 0
1679451394777 6.096264595980756 0
1679451401385 6.3859795479802415 0
1679451421887 8.345046430942602 0
1679451429423 7.401098647038452 0
1679451438086 8.49585499393288 0
1679451445894 7.646695335046388 0
1679451454458 8.413129979977384 0
1679451462665 8.045168307959102 0
1679451470980 8.175780222052708 0
1679451479339 8.214074454968795 0
1679451487611 8.121873617055826 0
1679451496177 8.41260294499807 0
1679451514102 8.001874760957435 0
1679451522538 8.297734820051119 0
1679451531191 8.50880488101393 0
1679451540015 8.644956988980994 0
1679451548763 8.594870038912632 0
1679451557193 8.285639439942315 0
1679451565401 8.074375786003657 0
1679451573839 8.29903507209383 0
1679451581019 7.046552157960832 0
1679451589721 8.555782353039831 0
1679451609289 8.178001387044787 0
1679451617820 8.386336534982547 0
1679451626045 8.078124571940862 0
1679451634552 8.358225667965598 0
1679451642849 8.169392307987437 0
1679451651338 8.262848609010689 0
1679451659042 7.572074654046446 0
1679451667180 7.994130409904756 0
1679451675284 7.967132995952852 0
1679451683724 8.284362858976237 0
1679451704478 8.433515063952655 0
1679451712485 7.794930358999409 0
1679451720832 8.103748689987697 0
1679451729000 8.021344751003198 0
1679451737339 8.190077443025075 0
1679451744138 6.637929558986798 0
1679451752339 8.064210025011562 0
1679451760417 7.933932001935318 0
1679451768766 8.174994925037026 0
1679451777557 8.483437533956021 0
1679451799289 8.320511368103325 0
1679451807631 8.182695745956153 0
1679451815877 8.103076320956461 0
1679451823286 7.256872125901282 0
1679451831527 8.09231172897853 0
1679451839537 7.8665186850121245 0
1679451848003 8.310204962966964 0
1679451856499 8.341663312981836 0
1679451865011 8.332591503043659 0
1679451873549 8.267057577962987 0
1679451895117 8.396904057008214 0
1679451903557 8.288058609003201 0
1679451909911 6.212243520072661 0
1679451918853 8.801940724952146 0
1679451927202 8.201673135044985 0
1679451935043 7.695637627970427 0
1679451943543 8.354785786010325 0
1679451952230 8.506930780014955 0
1679451960871 8.479488411918283 0
1679451969934 8.900156002957374 0
1679451991804 8.341480991919525 0
1679452000255 8.299430274986662 0
1679452008755 8.345831064041704 0
1679452017353 8.443273029057309 0
1679452025896 8.375375638017431 0
1679452034286 8.242926881997846 0
1679452043025 8.569453396950848 0
1679452051534 8.352896710974164 0
1679452060092 8.4011040070327 0
1679452068822 8.502670862013474 0
1679452090734 8.125573399011046 0
1679452099205 8.314777264953591 0
1679452107646 8.289849971071817 0
1679452116374 8.57081928406842 0
1679452125174 8.652200100012124 0
1679452133240 7.911823126953095 0
1679452141779 8.398311019991525 0
1679452150077 8.131751599954441 0
1679452158804 8.550411005038768 0
1679452167307 8.327893603011034 0
1679452189063 7.648869149037637 0
1679452197984 8.743944611982442 0
1679452206240 8.1017094590934 0
1679452214968 8.533586552948691 0
1679452223721 8.564477629959583 0
1679452232087 8.219094565953128 0
1679452240780 8.527658366947435 0
1679452249176 8.203670976916328 0
1679452258221 8.872618885012344 0
1679452266519 8.14316327800043 0
1679452289107 8.4820081560174 0
1679452297559 8.306606419035234 0
1679452306118 8.382854242925532 0
1679452314265 8.0025009510573 0
1679452322775 8.344578218064271 0
1679452331442 8.501679725013673 0
1679452339792 8.195398904033937 0
1679452348397 8.44713771098759 0
1679452357057 8.506660216022283 0
1679452365389 8.165450786007568 0
1679452386320 8.118972608004697 0
1679452394585 8.108156870002858 0
1679452403310 8.505166308023036 0
1679452411594 8.145079990033992 0
1679452420129 8.391618195921183 0
1679452428747 8.389686429989524 0
1679452437206 8.314587528002448 0
1679452445636 8.263075281050988 0
1679452453568 7.772663995041512 0
1679452461971 8.259170206962153 0
1679452484814 8.482979387044907 0
1679452493404 8.408404845977202 0
1679452501976 8.413702965015545 0
1679452509903 7.772195237106644 0
1679452518011 7.950261223944835 0
1679452526601 8.429625000921078 0
1679452534990 8.208041598903947 0
1679452543371 8.217895423993468 0
1679452551498 7.952347061946057 0
1679452560053 8.39522481104359 0
1679452583946 8.646598168066703 0
1679452592231 8.051990390056744 0
1679452600806 8.432280487031676 0
1679452609373 8.420716461027041 0
1679452617879 8.345425446983427 0
1679452626441 8.373667347012088 0
1679452635226 8.626583413919434 0
1679452643644 8.277610564022325 0
1679452652017 8.211773884948343 0
1679452660500 8.303491786005907 0
1679452683850 8.231133088003844 0
1679452692386 8.365663401898928 0
1679452700889 8.320716631948017 0
1679452709035 7.98433509003371 0
1679452716415 7.193143573938869 0
1679452725108 8.529799627023749 0
1679452733268 7.986729784985073 0
1679452741650 8.22968895197846 0
1679452750243 8.405224382993765 0
1679452758600 8.16480493999552 0
1679452782800 8.123057567048818 0
1679452790389 7.4120892230421305 0
1679452798994 8.436165431980044 0
1679452807152 7.980288580991328 0
1679452815494 8.186426774016581 0
1679452824382 8.740264958003536 0
1679452832789 8.21813563501928 0
1679452841216 8.26049521798268 0
1679452849829 8.434581525973044 0
1679452858227 8.210429521044716 0
1679452880001 8.087917477008887 0
1679452888297 8.140438639908098 0
1679452896722 8.257195879938081 0
1679452904975 8.067544794059359 0
1679452913529 8.380678875022568 0
1679452922130 8.447148316074163 0
1679452930998 8.616033299011178 0
1679452939578 8.38451756502036 0
1679452946712 6.981779747991823 0
1679452955235 8.368350259959698 0
1679452979365 8.040355876088142 0
1679452987917 8.392001239932142 0
1679452996344 8.267566197086126 0
1679453004833 8.317337164073251 0
1679453013427 8.429694517049938 0
1679453021961 8.352054383023642 0
1679453030092 7.9598210389958695 0
1679453038463 8.19377142493613 0
1679453046916 8.272147402050905 0
1679453055528 8.440005277981982 0
1679453081379 8.909304596018046 0
1679453089845 8.289204319007695 0
1679453098141 8.124717489932664 0
1679453105806 7.475795248057693 0
1679453114237 8.269408046966419 0
1679453122647 8.23817585397046 0
1679453131057 8.238854116993025 0
1679453139543 8.298407574067824 0
1679453148530 8.695089851040393 0
1679453157029 8.305126319057308 0
