1679451286487 0.34762437173889743 0
1679451290494 0.1169600090632836 0
1679451295082 0.0924208136378891 0
1679451299916 0.07055375089791292 0
1679451304314 0.05113516671505446 0
1679451308649 0.04648786418321025 0
1679451313095 0.05005947309546173 0
1679451317537 0.04108380919537417 0
1679451322065 0.03350977335196351 0
1679451326187 0.06395113206623743 0
1679451343440 0.29672838482989045 0
1679451349531 0.09167199556014642 0
1679451355845 0.06655184211756572 0
1679451362487 0.06706920822292778 0
1679451368938 0.02403335801735945 0
1679451375573 0.019382868216009434 0
1679451382207 0.01678740559893245 0
1679451388519 0.01938490693103477 0
1679451394768 0.010406671293300227 0
1679451401376 0.010765458986767198 0
1679451421882 0.2093335246159915 0
1679451429418 0.061739076746443 0
1679451438079 0.042602897498745324 0
1679451445886 0.022614000443888293 0
1679451454453 0.023082644211163027 0
1679451462657 0.033055947627886974 0
1679451470974 0.024244457442700314 0
1679451479334 0.02329899835101594 0
1679451487606 0.009047215200403923 0
1679451496171 0.025079376587527583 0
1679451514094 0.2647883853928774 0
1679451522532 0.05031194019168521 0
1679451531185 0.035034922629351796 0
1679451540007 0.020145211244229654 0
1679451548755 0.017750430155105763 0
1679451557185 0.03696523280451552 0
1679451565396 0.019781600309544265 0
1679451573832 0.01672266008529371 0
1679451581014 0.014255624319339128 0
1679451589715 0.007888294219807176 0
1679451609283 0.2929712406771084 0
1679451617813 0.06411862172796917 0
1679451626040 0.038981277273336 0
1679451634547 0.015008708093251914 0
1679451642843 0.015269280093678056 0
1679451651331 0.01895944275085204 0
1679451659036 0.04538505150844792 0
1679451667175 0.02000905587558447 0
1679451675279 0.017233772810872832 0
1679451683714 0.00683054861551285 0
1679451704468 0.2669978363773665 0
1679451712478 0.060402478060166305 0
1679451720822 0.04103996629199435 0
1679451728995 0.019386052601739936 0
1679451737334 0.023059193022822413 0
1679451744127 0.02169825885343103 0
1679451752333 0.033270071329858174 0
1679451760411 0.01648240705508588 0
1679451768760 0.027237501539956514 0
1679451777549 0.004480429660484437 0
1679451799284 0.3601808402114008 0
1679451807622 0.09922351798955693 0
1679451815872 0.05547645608407927 0
1679451823279 0.033461619958640124 0
1679451831520 0.022917212261387782 0
1679451839531 0.014702488286252605 0
1679451847998 0.019381371944936457 0
1679451856492 0.014552361279452648 0
1679451865004 0.03173233560620299 0
1679451873534 0.021243016456962787 0
1679451895104 0.30344156253353904 0
1679451903551 0.10205663194929435 0
1679451909905 0.0482051854375738 0
1679451918846 0.018844671495672934 0
1679451927196 0.017989283317642962 0
1679451935036 0.031432523459645534 0
1679451943536 0.021604638241769357 0
1679451952218 0.00808333446764455 0
1679451960859 0.009226753972464863 0
1679451969929 0.011336383638514809 0
1679451991798 0.2425433500349913 0
1679452000249 0.06187147949530361 0
1679452008749 0.024789410184075135 0
1679452017346 0.021116913335502623 0
1679452025890 0.015176659480483478 0
1679452034280 0.008988401319237106 0
1679452043017 0.008794203509488193 0
1679452051528 0.02602049738498459 0
1679452060086 0.031620417840780256 0
1679452068813 0.00670548855614242 0
1679452090727 0.3227450828782145 0
1679452099198 0.09999240431796526 0
1679452107640 0.044907730835543266 0
1679452116367 0.015971952150505602 0
1679452125168 0.011538685779780877 0
1679452133233 0.014135491345323211 0
1679452141772 0.010405941484898111 0
1679452150064 0.010904863280475704 0
1679452158793 0.022076172609416415 0
1679452167291 0.007338263795292052 0
1679452189057 0.24464492542909527 0
1679452197976 0.06514420296583592 0
1679452206233 0.013134909698797907 0
1679452214959 0.009302937918783368 0
1679452223709 0.011619194003357727 0
1679452232080 0.001678668387379697 0
1679452240766 0.0015277767641125176 0
1679452249166 0.0023298621351023007 0
1679452258212 0.001901671595464533 0
1679452266513 0.04875941708017178 0
1679452289099 0.2271290536444224 0
1679452297553 0.12754722625374068 0
1679452306104 0.023957968445428916 0
1679452314258 0.009939793106489531 0
1679452322765 0.0076438308713060454 0
1679452331428 0.01922529823946561 0
1679452339777 0.016291797882069383 0
1679452348391 0.010766831161586506 0
1679452357049 0.008737877456175396 0
1679452365382 0.021997880259796567 0
1679452386313 0.2850004803728832 0
1679452394579 0.0767370350462925 0
1679452403302 0.017345684625542233 0
1679452411587 0.012041599200179384 0
1679452420123 0.0053284565267393445 0
1679452428739 0.009969876312609068 0
1679452437197 0.01148696717962463 0
1679452445629 0.022887561673395635 0
1679452453552 0.013256051226813798 0
1679452461964 0.0023376895225620466 0
1679452484806 0.2926520223830012 0
1679452493390 0.09171234597385874 0
1679452501968 0.02905244667272707 0
1679452509896 0.016924036779993545 0
1679452518004 0.013069399954826732 0
1679452526594 0.0086067549366567 0
1679452534978 0.010223125862611095 0
1679452543364 0.011128139426536083 0
1679452551486 0.03533342059973558 0
1679452560046 0.03284783704633155 0
1679452583938 0.3608978986570245 0
1679452592223 0.12799631986269247 0
1679452600797 0.060597226095041985 0
1679452609366 0.05150868680093383 0
1679452617872 0.02951821224360554 0
1679452626428 0.019617468803151357 0
1679452635219 0.02025041629485385 0
1679452643636 0.017570854985598117 0
1679452652004 0.015921479548584784 0
1679452660488 0.02184524521481734 0
1679452683842 0.2589818073269754 0
1679452692378 0.055744230279319455 0
1679452700877 0.0162880816862071 0
1679452709026 0.014147272910519766 0
1679452716407 0.012351850332594673 0
1679452725101 0.0024143123689952654 0
1679452733258 0.0027822196102577574 0
1679452741643 0.011893638413701205 0
1679452750230 0.005173585782277122 0
1679452758585 0.008515320359114996 0
1679452782789 0.44073113358803523 0
1679452790378 0.2115099755977478 0
1679452798987 0.08891012214630888 0
1679452807142 0.051592927974221305 0
1679452815487 0.03813277184349349 0
1679452824374 0.024164096593428514 0
1679452832779 0.020889717866420472 0
1679452841205 0.01260718027073871 0
1679452849821 0.015795812381083556 0
1679452858215 0.022753238754333185 0
1679452879991 0.2444045058716421 0
1679452888289 0.10970042120281782 0
1679452896714 0.02700487219635928 0
1679452904960 0.01172026183979351 0
1679452913517 0.008363416736593444 0
1679452922122 0.00476136879946879 0
1679452930988 0.0064595542552316485 0
1679452939560 0.0031891807202496605 0
1679452946705 0.0023528865554675706 0
1679452955227 0.006993135235325588 0
1679452979355 0.35570594569803804 0
1679452987903 0.17659856332200183 0
1679452996336 0.04422309537861578 0
1679453004821 0.027635725433287826 0
1679453013420 0.014308781801971872 0
1679453021949 0.013863415642852135 0
1679453030084 0.007992399560204186 0
1679453038449 0.006307921121654233 0
1679453046906 0.018114431537353433 0
1679453055519 0.018391359744163577 0
1679453081370 0.32043679829942656 0
1679453089836 0.18713018124626277 0
1679453098132 0.04061739575033472 0
1679453105793 0.018077212849665885 0
1679453114229 0.01695046467832326 0
1679453122638 0.011736586439052928 0
1679453131049 0.011910949803916287 0
1679453139530 0.020227929718569695 0
1679453148520 0.011738276974575192 0
1679453157016 0.012397744680769233 0
