1678800592614 0.819546568627451 0
1678800596859 0.9641544117647058 0
1678800600528 0.9901960784313726 0
1678800604439 0.9987745098039216 0
1678800608429 0.9996936274509803 0
1678800612069 0.9996936274509803 0
1678800615859 1.0 0
1678800619727 1.0 0
1678800622914 0.9996936274509803 0
1678800626687 1.0 0
1678800682970 0.8094951923076923 0
1678800688475 0.9755608974358975 0
1678800694410 0.9937900641025641 0
1678800700296 0.9981971153846154 0
1678800706072 0.999198717948718 0
1678800712321 0.9995993589743589 0
1678800718619 0.9997996794871795 0
1678800724642 0.9997996794871795 0
1678800730553 1.0 0
1678800736308 1.0 0
1678800797136 0.7768429487179487 0
1678800802143 0.9735576923076923 0
1678800807529 0.9937900641025641 0
1678800813071 0.9955929487179487 0
1678800818287 0.9993990384615384 0
1678800823575 0.9995993589743589 0
1678800828931 0.9997996794871795 0
1678800834518 1.0 0
1678800839704 0.9997996794871795 0
1678800844825 1.0 0
1678800905651 0.7518028846153846 0
1678800911443 0.9699519230769231 0
1678800917180 0.9905849358974359 0
1678800922834 0.9985977564102564 0
1678800928491 0.9995993589743589 0
1678800934003 0.9997996794871795 0
1678800939541 0.9995993589743589 0
1678800944870 0.9987980769230769 0
1678800949858 0.9997996794871795 0
1678800955171 1.0 0
1678801011468 0.7461939102564102 0
1678801016810 0.9703525641025641 0
1678801022069 0.992988782051282 0
1678801027244 0.9985977564102564 0
1678801032627 0.999198717948718 0
1678801038001 0.9993990384615384 0
1678801043413 0.9997996794871795 0
1678801048551 0.9997996794871795 0
1678801053949 0.9995993589743589 0
1678801059250 0.9997996794871795 0
1678801120432 0.7375801282051282 0
1678801126181 0.9767628205128205 0
1678801131778 0.9961939102564102 0
1678801137544 0.999198717948718 0
1678801143484 0.9989983974358975 0
1678801149116 1.0 0
1678801154839 1.0 0
1678801159918 0.9997996794871795 0
1678801165251 1.0 0
1678801170628 1.0 0
1678801226060 0.7375801282051282 0
1678801231330 0.9735576923076923 0
1678801236593 0.9939903846153846 0
1678801242101 0.9989983974358975 0
1678801247262 0.9997996794871795 0
1678801252712 0.9995993589743589 0
1678801258034 1.0 0
1678801263361 1.0 0
1678801268771 1.0 0
1678801274082 0.9997996794871795 0
1678801334659 0.7409855769230769 0
1678801340406 0.9767628205128205 0
1678801345949 0.9953926282051282 0
1678801351949 0.9983974358974359 0
1678801357649 0.9997996794871795 0
1678801363437 1.0 0
1678801369162 1.0 0
1678801374067 1.0 0
1678801379405 1.0 0
1678801384913 1.0 0
1678801441041 0.7349759615384616 0
1678801446256 0.9721554487179487 0
1678801451588 0.9945913461538461 0
1678801457129 0.9981971153846154 0
1678801462327 0.9997996794871795 0
1678801467883 0.9997996794871795 0
1678801473443 0.9993990384615384 0
1678801478900 0.9997996794871795 0
1678801484415 0.9997996794871795 0
1678801489702 0.9997996794871795 0
1678801551596 0.7369791666666666 0
1678801557510 0.975761217948718 0
1678801563249 0.9967948717948718 0
1678801568793 0.9993990384615384 0
1678801574503 0.9997996794871795 0
1678801580276 1.0 0
1678801585948 0.9997996794871795 0
1678801590998 1.0 0
1678801596452 1.0 0
1678801602097 0.9995993589743589 0
1678801658385 0.7373798076923077 0
1678801663858 0.977363782051282 0
1678801669371 0.9939903846153846 0
1678801674643 0.9971955128205128 0
1678801680262 0.9995993589743589 0
1678801685618 0.9997996794871795 0
1678801691046 1.0 0
1678801696578 1.0 0
1678801702017 1.0 0
1678801707677 1.0 0
1678801770010 0.7467948717948718 0
1678801775964 0.9781650641025641 0
1678801781821 0.9963942307692307 0
1678801787704 0.9983974358974359 0
1678801793524 0.9987980769230769 0
1678801799376 1.0 0
1678801804153 1.0 0
1678801809638 1.0 0
1678801815318 0.9997996794871795 0
1678801820898 1.0 0
1678801877981 0.7497996794871795 0
1678801883581 0.9745592948717948 0
1678801888923 0.9963942307692307 0
1678801894384 0.9979967948717948 0
1678801899888 0.9989983974358975 0
1678801905359 0.9997996794871795 0
1678801910976 0.9997996794871795 0
1678801916125 1.0 0
1678801921530 1.0 0
1678801927030 0.9997996794871795 0
1678801990070 0.7497996794871795 0
1678801996074 0.9743589743589743 0
1678802001974 0.9951923076923077 0
1678802008096 0.9993990384615384 0
1678802013795 0.999198717948718 0
1678802018925 1.0 0
1678802024582 1.0 0
1678802030273 1.0 0
1678802035798 1.0 0
1678802041333 0.9997996794871795 0
1678802099763 0.7495993589743589 0
1678802105555 0.9797676282051282 0
1678802111129 0.9949919871794872 0
1678802116711 0.9993990384615384 0
1678802122403 1.0 0
1678802127995 0.9993990384615384 0
1678802133633 1.0 0
1678802139161 0.9997996794871795 0
1678802144875 1.0 0
1678802150165 0.9995993589743589 0
1678802214321 0.7481971153846154 0
1678802220609 0.9789663461538461 0
1678802226461 0.9951923076923077 0
1678802232410 0.9985977564102564 0
1678802237484 0.9989983974358975 0
1678802243109 0.9995993589743589 0
1678802248663 1.0 0
1678802254433 0.9993990384615384 0
1678802259894 1.0 0
1678802265424 1.0 0
1678802322816 0.7497996794871795 0
1678802328445 0.9775641025641025 0
1678802334019 0.9965945512820513 0
1678802339490 0.999198717948718 0
1678802344893 0.999198717948718 0
1678802350361 0.9997996794871795 0
1678802355846 1.0 0
1678802361563 1.0 0
1678802367286 1.0 0
1678802372939 1.0 0
1678802439200 0.7463942307692307 0
1678802445329 0.9785657051282052 0
1678802451469 0.9967948717948718 0
1678802456403 0.999198717948718 0
1678802462152 0.999198717948718 0
1678802467659 0.9997996794871795 0
1678802472982 1.0 0
1678802478448 0.9997996794871795 0
1678802483854 1.0 0
1678802489522 0.9997996794871795 0
1678802548587 0.7546073717948718 0
1678802554211 0.9841746794871795 0
1678802559698 0.9977964743589743 0
1678802565568 0.9993990384615384 0
1678802571134 0.9995993589743589 0
1678802576744 1.0 0
1678802582494 1.0 0
1678802588061 1.0 0
1678802593819 1.0 0
1678802600304 1.0 0
1678802668152 0.7554086538461539 0
1678802673915 0.9829727564102564 0
1678802678962 0.9961939102564102 0
1678802684610 0.9997996794871795 0
1678802690535 0.9995993589743589 0
1678802696364 0.9995993589743589 0
1678802701856 0.9997996794871795 0
1678802707520 1.0 0
1678802712921 0.9997996794871795 0
1678802718459 0.9997996794871795 0
