1678800592627 0.5579415904540642 0
1678800596873 0.11430213306391356 0
1678800600539 0.04184917287955828 0
1678800604449 0.01598644894136883 0
1678800608440 0.008497319555174852 0
1678800612079 0.00632153973827942 0
1678800615871 0.004992395332973341 0
1678800619737 0.0029579094567167225 0
1678800622924 0.0033720168544723672 0
1678800626699 0.0030819750941636992 0
1678800682981 0.5991892695713502 0
1678800688489 0.08960968633600248 0
1678800694421 0.03100331173164961 0
1678800700308 0.012637810045793558 0
1678800706078 0.007432164706794235 0
1678800712334 0.005322257138920041 0
1678800718632 0.00385621389768158 0
1678800724654 0.0030970186247335127 0
1678800730565 0.0024671702662882847 0
1678800736319 0.001712521325176707 0
1678800797150 0.7178592594722525 0
1678800802156 0.09244096082730745 0
1678800807541 0.029849309959293652 0
1678800813085 0.018328735631001063 0
1678800818294 0.00970586528404592 0
1678800823584 0.005345318187326671 0
1678800828937 0.0038679040739318738 0
1678800834524 0.0036897009909481336 0
1678800839712 0.002458945118026653 0
1678800844833 0.0023592078083684333 0
1678800905663 0.8053007173137023 0
1678800911456 0.10369550278529716 0
1678800917191 0.03789141180757911 0
1678800922840 0.014033597258952422 0
1678800928502 0.008062567335750477 0
1678800934015 0.005287395788353677 0
1678800939554 0.005011632450474188 0
1678800944877 0.006372355839210706 0
1678800949869 0.0030879043240416557 0
1678800955183 0.0023027114131344627 0
1678801011479 0.847890647367025 0
1678801016822 0.1084583206460453 0
1678801022081 0.03390377305465965 0
1678801027257 0.01650794164146273 0
1678801032636 0.00985491446007449 0
1678801038013 0.007774954120694206 0
1678801043424 0.004799290369145381 0
1678801048562 0.0037163985976710534 0
1678801053961 0.0034815395692697703 0
1678801059262 0.0025206225558903473 0
1678801120443 0.8788195055646774 0
1678801126197 0.09956135160815066 0
1678801131789 0.028207711206796843 0
1678801137552 0.01229523630060542 0
1678801143496 0.008977077687189031 0
1678801149134 0.006476211528747509 0
1678801154847 0.004369607545250358 0
1678801159924 0.0038279756599177536 0
1678801165261 0.0033517183431122713 0
1678801170641 0.0031287068897001566 0
1678801226073 0.8891002030517811 0
1678801231337 0.1104164133206583 0
1678801236607 0.03694060615872821 0
1678801242112 0.014003743914564928 0
1678801247268 0.00932514918848681 0
1678801252719 0.007699887069742171 0
1678801258040 0.00418919210250561 0
1678801263371 0.0034750520183782405 0
1678801268780 0.0030568075707355417 0
1678801274093 0.00341519212965161 0
1678801334673 0.8871967663081028 0
1678801340418 0.0999312000707365 0
1678801345960 0.030954801644652318 0
1678801351961 0.01455795932456684 0
1678801357661 0.009081639046482265 0
1678801363451 0.005323771563454125 0
1678801369176 0.004815268444825704 0
1678801374082 0.0036890096249781214 0
1678801379419 0.0036685209742221884 0
1678801384922 0.002552837064379277 0
1678801441052 0.8947938979149629 0
1678801446271 0.1136877825961281 0
1678801451597 0.03366381274715353 0
1678801457135 0.016199130188817017 0
1678801462341 0.009362932522214042 0
1678801467890 0.006432816284732559 0
1678801473455 0.0052516030510350205 0
1678801478910 0.00408696692260818 0
1678801484427 0.004036727302427141 0
1678801489712 0.0031366345382337337 0
1678801551612 0.897461474323884 0
1678801557522 0.099640934728086 0
1678801563261 0.028503932643872805 0
1678801568806 0.01339465296582486 0
1678801574514 0.008816847097104749 0
1678801580290 0.006372255394056153 0
1678801585959 0.004852297612113687 0
1678801591009 0.004013295690245473 0
1678801596464 0.003544238867993371 0
1678801602105 0.00313120817755146 0
1678801658398 0.9031933444814805 0
1678801663870 0.09909503486079092 0
1678801669379 0.03409914349396832 0
1678801674651 0.018865093694796834 0
1678801680275 0.010401781623024875 0
1678801685632 0.006169941046466239 0
1678801691057 0.004853542833678568 0
1678801696586 0.0034498606876765666 0
1678801702030 0.002753289264570086 0
1678801707689 0.003006537842082206 0
1678801770025 0.8825957293216234 0
1678801775977 0.09308292157351016 0
1678801781839 0.026973781557992484 0
1678801787716 0.015622221657301849 0
1678801793536 0.010259234086007405 0
1678801799392 0.00616777518529815 0
1678801804165 0.005329699701411674 0
1678801809649 0.003795320365894347 0
1678801815333 0.003815730333325262 0
1678801820908 0.002522410396359658 0
1678801877994 0.8798309731273315 0
1678801883594 0.10302042858436322 0
1678801888937 0.030223169674475987 0
1678801894394 0.014834815388521513 0
1678801899903 0.011235483498193132 0
1678801905372 0.0062141124978482435 0
1678801910985 0.004868990079744552 0
1678801916135 0.0038127065610098773 0
1678801921545 0.003229765327071222 0
1678801927042 0.002907066799637575 0
1678801990083 0.8854861232714776 0
1678801996089 0.10769410415265995 0
1678802001991 0.032054877195220724 0
1678802008106 0.014953686109481331 0
1678802013806 0.009120726487778414 0
1678802018938 0.0059033196508281455 0
1678802024593 0.004908077140079023 0
1678802030291 0.0037958197111341483 0
1678802035806 0.003052284973166071 0
1678802041348 0.003286831285386609 0
1678802099775 0.8849645352038817 0
1678802105571 0.09022085842055579 0
1678802111139 0.02999065837595994 0
1678802116725 0.012691430883326879 0
1678802122420 0.008153025125816034 0
1678802128009 0.006552809241932267 0
1678802133642 0.004325732655557565 0
1678802139175 0.0038721661791593456 0
1678802144884 0.0031177146406545756 0
1678802150179 0.0032686003208091743 0
1678802214333 0.8760835016862705 0
1678802220622 0.09450564423623757 0
1678802226480 0.031516334800145186 0
1678802232423 0.014961476200439323 0
1678802237493 0.008402248729581539 0
1678802243121 0.007071412372170016 0
1678802248682 0.005233863556312803 0
1678802254447 0.004816207954904829 0
1678802259903 0.0036835924573750114 0
1678802265438 0.002720963404079577 0
1678802322826 0.8686978301176658 0
1678802328457 0.09637889762719472 0
1678802334038 0.029322238036025412 0
1678802339498 0.013605288327641737 0
1678802344903 0.00926320751134951 0
1678802350371 0.0057444548023900446 0
1678802355856 0.004602240977617793 0
1678802361576 0.0035425847711919164 0
1678802367304 0.0030718070836603427 0
1678802372954 0.003330596249911767 0
1678802439213 0.8849667275372224 0
1678802445341 0.09448841819539666 0
1678802451477 0.02847124331403906 0
1678802456419 0.013109876836936634 0
1678802462175 0.00912682861701633 0
1678802467670 0.006131525268593134 0
1678802472990 0.004358205859600089 0
1678802478459 0.003778909371482232 0
1678802483865 0.0033363163563010926 0
1678802489534 0.0034270782254260178 0
1678802548597 0.860960280857025 0
1678802554226 0.08219468862845157 0
1678802559720 0.026613036597458024 0
1678802565579 0.013070267304264678 0
1678802571153 0.008178500430240558 0
1678802576753 0.005917001108173281 0
1678802582507 0.005560928375090066 0
1678802588075 0.004112768794024864 0
1678802593837 0.0031527610348674874 0
1678802600321 0.0031964546603073054 0
1678802668165 0.872097045278702 0
1678802673927 0.0832282132588518 0
1678802678978 0.027064151450012546 0
1678802684621 0.011530039579762766 0
1678802690548 0.008354458815376394 0
1678802696376 0.005903930483141149 0
1678802701878 0.0050190420566090885 0
1678802707530 0.003934419090420796 0
1678802712937 0.004048550542882787 0
1678802718480 0.003025245173865607 0
