1678800592637 4.351384868000423 0
1678800596883 4.117460752000625 0
1678800600547 3.5551960319999125 0
1678800604457 3.7994888889998037 0
1678800608447 3.889146843999697 0
1678800612083 3.535675658999935 0
1678800615877 3.6957900799998242 0
1678800619742 3.75979260099939 0
1678800622928 3.076707338000233 0
1678800626708 3.6693285829996967 0
1678800682986 5.515494097999181 0
1678800688497 5.376778032999937 0
1678800694428 5.823296747000313 0
1678800700316 5.778047852999407 0
1678800706085 5.659672015000069 0
1678800712344 6.133239216999755 0
1678800718640 6.186738137999782 0
1678800724662 5.895779030000085 0
1678800730570 5.793555213000218 0
1678800736325 5.645863917999122 0
1678800797159 5.445159639999474 0
1678800802169 4.885699055000259 0
1678800807549 5.251157671999863 0
1678800813096 5.409315801999583 0
1678800818299 5.092338908000784 0
1678800823592 5.181899129999692 0
1678800828943 5.240860889999567 0
1678800834529 5.480514654000217 0
1678800839717 5.0742931579998185 0
1678800844839 5.012620095000784 0
1678800905671 5.990046928000083 0
1678800911463 5.6621546830001535 0
1678800917202 5.603980015999696 0
1678800922845 5.512567242000841 0
1678800928508 5.539756627000315 0
1678800934023 5.379412247999426 0
1678800939564 5.3983457920003275 0
1678800944891 5.206491916000232 0
1678800949875 4.870382170999619 0
1678800955189 5.198335768999641 0
1678801011486 5.0984160600000905 0
1678801016838 5.212612729999819 0
1678801022089 5.119211780999649 0
1678801027265 5.044261564000408 0
1678801032643 5.244511795000108 0
1678801038020 5.25386643299953 0
1678801043430 5.290876573999412 0
1678801048569 5.018384848999631 0
1678801053970 5.275420629999644 0
1678801059268 5.175669561999712 0
1678801120448 6.209810958999697 0
1678801126206 5.603384729000027 0
1678801131797 5.4347502680002435 0
1678801137558 5.617244196999309 0
1678801143502 5.80534437300048 0
1678801149145 5.499315414000193 0
1678801154854 5.55784256700008 0
1678801159931 4.956746824999755 0
1678801165271 5.203431912999804 0
1678801170649 5.23483729399959 0
1678801226083 5.340187887999491 0
1678801231344 5.129426696999872 0
1678801236620 5.119297187000484 0
1678801242123 5.368766262999998 0
1678801247273 5.0170580340000015 0
1678801252725 5.317931788000351 0
1678801258047 5.189038575000268 0
1678801263377 5.189880490000178 0
1678801268787 5.273527840000497 0
1678801274101 5.180052531999536 0
1678801334679 6.162391765000393 0
1678801340426 5.598469558999568 0
1678801345966 5.400163148000502 0
1678801351968 5.855029855000794 0
1678801357668 5.550569032000567 0
1678801363460 5.636310915999275 0
1678801369186 5.562928983000347 0
1678801374090 4.757455003000359 0
1678801379427 5.179230560999713 0
1678801384929 5.355158900000788 0
1678801441058 5.247623336999823 0
1678801446281 5.07700277999993 0
1678801451605 5.1766827430001285 0
1678801457147 5.40266830300061 0
1678801462357 5.054559950000112 0
1678801467897 5.403161414999886 0
1678801473462 5.419174383999234 0
1678801478918 5.306981522000569 0
1678801484436 5.371169873999861 0
1678801489719 5.1318109459998595 0
1678801551629 5.898241228999723 0
1678801557538 5.740759844999957 0
1678801563269 5.574910278000061 0
1678801568814 5.369763669000349 0
1678801574521 5.549086043999523 0
1678801580299 5.612079718000132 0
1678801585965 5.5196666789997835 0
1678801591016 4.891307596999468 0
1678801596470 5.293899339999371 0
1678801602111 5.4987983000000895 0
1678801658406 5.26730943199982 0
1678801663879 5.3017054430001735 0
1678801669386 5.345509511000273 0
1678801674662 5.106443024999862 0
1678801680287 5.46045126899935 0
1678801685641 5.182471045000057 0
1678801691068 5.262127350999435 0
1678801696594 5.356654358999549 0
1678801702047 5.283457112000178 0
1678801707702 5.493770453000252 0
1678801770034 5.603262765999716 0
1678801775985 5.778309278000052 0
1678801781854 5.674797390000094 0
1678801787724 5.675327466000454 0
1678801793544 5.66291016500054 0
1678801799401 5.685690184000123 0
1678801804175 4.619234718000371 0
1678801809656 5.323302390000208 0
1678801815350 5.516639933999613 0
1678801820915 5.395425157999853 0
1678801878002 5.250024543000109 0
1678801883607 5.416469194999991 0
1678801888944 5.171210798000175 0
1678801894402 5.287947944000734 0
1678801899915 5.3329249190001065 0
1678801905380 5.2890525310003795 0
1678801910992 5.449993174000156 0
1678801916148 4.992650496000351 0
1678801921557 5.223568667000109 0
1678801927053 5.329997351999737 0
1678801990102 5.979824943000494 0
1678801996097 5.801346879999983 0
1678802002001 5.721809172000576 0
1678802008116 5.928679960999943 0
1678802013815 5.519802573000561 0
1678802018947 4.917016796000098 0
1678802024602 5.4744663459996445 0
1678802030308 5.520559902999594 0
1678802035813 5.33250800299993 0
1678802041358 5.369828875999701 0
1678802099782 5.503560615999959 0
1678802105581 5.614723822000087 0
1678802111147 5.394073061000199 0
1678802116734 5.402098869999463 0
1678802122435 5.51504141300029 0
1678802128022 5.414485309000156 0
1678802133649 5.4524885560003895 0
1678802139185 5.347204729000623 0
1678802144892 5.517945382999642 0
1678802150188 5.110756549999678 0
1678802214340 5.982560903999911 0
1678802220631 6.101964105000661 0
1678802226491 5.667326510999374 0
1678802232432 5.754740925999613 0
1678802237501 4.889045132000319 0
1678802243129 5.451992420999886 0
1678802248694 5.3576931409998 0
1678802254456 5.586345794000408 0
1678802259910 5.273590949999743 0
1678802265447 5.344060478000756 0
1678802322834 5.448452806000205 0
1678802328464 5.444883054999991 0
1678802334046 5.385759667000457 0
1678802339506 5.268971590000547 0
1678802344911 5.216861988999881 0
1678802350379 5.277720365999812 0
1678802355866 5.299532547000126 0
1678802361599 5.5359194200000275 0
1678802367319 5.521090744999128 0
1678802372969 5.4512825540005 0
1678802439228 5.966621978000148 0
1678802445349 5.909768188999806 0
1678802451485 5.940600550999989 0
1678802456437 4.76873351300037 0
1678802462187 5.524117816000398 0
1678802467681 5.2981646470007036 0
1678802472998 5.139758207999876 0
1678802478468 5.259369569000228 0
1678802483882 5.217933652999818 0
1678802489542 5.471238726000593 0
1678802548605 5.453015758999754 0
1678802554240 5.427648367000074 0
1678802559732 5.26282434299992 0
1678802565587 5.66472966099991 0
1678802571166 5.36970749899956 0
1678802576761 5.397260092000579 0
1678802582523 5.563285859999269 0
1678802588085 5.365408597000169 0
1678802593851 5.557154222999998 0
1678802600331 6.266180149999855 0
1678802668179 5.688322797000183 0
1678802673936 5.552135218999865 0
1678802678996 4.844158222999795 0
1678802684630 5.431955248000122 0
1678802690563 5.719921702000647 0
1678802696385 5.6205479070004 0
1678802701893 5.2907920229999945 0
1678802707539 5.445462280000356 0
1678802712949 5.209464048999507 0
1678802718492 5.338803704000384 0
