1679426524981 0.9041666666666667 0
1679426528708 0.9645833333333333 0
1679426532277 0.9694444444444444 0
1679426535886 0.9822916666666667 0
1679426539280 0.9770833333333333 0
1679426542872 0.9711805555555556 0
1679426546481 0.9774305555555556 0
1679426550060 0.9871527777777778 0
1679426553879 0.9940972222222222 0
1679426557402 0.9920138888888889 0
1679426575649 0.9356008287292817 0
1679426582498 0.9732389502762431 0
1679426588829 0.9841160220994475 0
1679426594852 0.9860151933701657 0
1679426601004 0.9913674033149171 0
1679426607366 0.9937845303867403 0
1679426613430 0.993957182320442 0
1679426619797 0.9930939226519337 0
1679426625891 0.9901588397790055 0
1679426632177 0.993957182320442 0
1679426651673 0.9372693726937269 0
1679426660431 0.9839714022140221 0
1679426669233 0.9892758302583026 0
1679426678083 0.9937730627306273 0
1679426686647 0.9921586715867159 0
1679426695626 0.994580258302583 0
1679426704515 0.9967712177121771 0
1679426713353 0.9955027675276753 0
1679426720882 0.9970018450184502 0
1679426730572 0.9931964944649446 0
1679426753272 0.9592541436464088 0
1679426764574 0.9930075966850829 0
1679426776364 0.9920580110497238 0
1679426787828 0.9947341160220995 0
1679426799206 0.9979281767955801 0
1679426810678 0.9981008287292817 0
1679426822511 0.991453729281768 0
1679426834177 0.9958563535911602 0
1679426845508 0.9987914364640884 0
1679426857093 0.9946477900552486 0
1679426883406 0.9708932522123894 0
1679426897127 0.9937085176991151 0
1679426911119 0.9953678097345132 0
1679426925575 0.9964740044247787 0
1679426939507 0.996266592920354 0
1679426953528 0.9959900442477876 0
1679426967612 0.994745575221239 0
1679426981739 0.9977184734513275 0
1679426995988 0.9991703539823009 0
1679427010124 0.9967505530973452 0
1679427039244 0.9765193370165746 0
1679427055920 0.9953383977900553 0
1679427073037 0.9962016574585635 0
1679427089743 0.9942449355432781 0
1679427106361 0.9970649171270718 0
1679427123026 0.9953959484346224 0
1679427139876 0.99896408839779 0
1679427156724 0.9981008287292817 0
1679427173022 0.9968347145488029 0
1679427190584 0.9953959484346224 0
1679427222269 0.9804996050552922 0
1679427242358 0.9964948657187994 0
1679427263889 0.9979265402843602 0
1679427283886 0.9957543443917851 0
1679427303696 0.9966923380726699 0
1679427323145 0.9987657977883097 0
1679427342760 0.9972353870458136 0
1679427362606 0.9982721169036335 0
1679427384535 0.9994569510268563 0
1679427404245 0.9987657977883097 0
1679427439314 0.971253453038674 0
1679427461834 0.9937413674033149 0
1679427485053 0.9953383977900553 0
1679427509195 0.9971512430939227 0
1679427532052 0.9969354281767956 0
1679427554481 0.9938708563535912 0
1679427576982 0.9981008287292817 0
1679427599455 0.9990504143646409 0
1679427623057 0.9985324585635359 0
1679427645660 0.9961153314917127 0
1679427683210 0.976620085995086 0
1679427708618 0.9943181818181818 0
1679427734303 0.9944717444717445 0
1679427760062 0.9965448402948403 0
1679427784915 0.9969671375921376 0
1679427810026 0.9955850737100738 0
1679427835508 0.9973510442260443 0
1679427861579 0.998963452088452 0
1679427887050 0.997043918918919 0
1679427912522 0.9981572481572482 0
1679427953745 0.9793508287292818 0
1679427981583 0.9954419889502762 0
1679428010102 0.9963397790055248 0
1679428038037 0.9967196132596685 0
1679428065943 0.9977209944751381 0
1679428094267 0.9968232044198895 0
1679428122867 0.9981698895027624 0
1679428150499 0.9979972375690608 0
1679428178962 0.9976864640883978 0
1679428206948 0.9988950276243094 0
1679428251273 0.9811243718592965 0
1679428281428 0.9935929648241206 0
1679428311429 0.9960113065326633 0
1679428341889 0.9955087939698493 0
1679428372219 0.9963253768844221 0
1679428402790 0.9956972361809046 0
1679428433308 0.9973304020100503 0
1679428463374 0.9980213567839196 0
1679428493467 0.9978329145728643 0
1679428523988 0.9963881909547738 0
1679428570811 0.9766632136279927 0
1679428603557 0.9924608655616943 0
1679428635637 0.9945039134438306 0
1679428669969 0.9951657458563536 0
1679428702735 0.9954534990791897 0
1679428735945 0.9972375690607734 0
1679428769188 0.9959714548802947 0
1679428801731 0.9966045119705341 0
1679428835281 0.9981296040515654 0
1679428868683 0.9973238950276243 0
1679428917024 0.9762701955782312 0
1679428953391 0.9915231717687075 0
1679428989350 0.9939413265306123 0
1679429024691 0.9930378401360545 0
1679429058518 0.9958014455782312 0
1679429094934 0.9964923469387755 0
1679429130521 0.9960671768707483 0
1679429166545 0.9972895408163265 0
1679429201704 0.9968909438775511 0
1679429238438 0.9968377976190477 0
1679429290884 0.9815755722178374 0
1679429328975 0.9950424230465666 0
1679429367569 0.994869771112865 0
1679429406127 0.9961769928966061 0
1679429444811 0.996102999210734 0
1679429483390 0.9970895816890292 0
1679429521154 0.9976815311760063 0
1679429559751 0.9971882399368587 0
1679429597939 0.99642363851618 0
1679429636053 0.9983228097868981 0
1679429693110 0.9842713706705969 0
1679429733949 0.9950027634487841 0
1679429774837 0.9958548268238762 0
1679429815039 0.9959239130434783 0
1679429857137 0.9965687177597642 0
1679429901183 0.996752947678703 0
1679429942419 0.9973286661753868 0
1679429983899 0.997144436256448 0
1679430026434 0.9977431834929993 0
1679430067313 0.997466838614591 0
1679430127563 0.985044026243094 0
1679430171629 0.9953815607734806 0
1679430215825 0.9956189571823204 0
1679430259614 0.9960074240331491 0
1679430303449 0.9967411947513812 0
1679430347827 0.9976691988950276 0
1679430391020 0.9971512430939227 0
1679430434460 0.9977986878453039 0
1679430479031 0.9968059392265194 0
1679430522316 0.9977986878453039 0
1679430585057 0.9762629954515919 0
1679430631207 0.9928118908382066 0
1679430677441 0.9942332683560754 0
1679430724535 0.9956343404808317 0
1679430771076 0.9958170890188434 0
1679430818059 0.9958780051981806 0
1679430863612 0.9965074723846654 0
1679430910089 0.9967917478882391 0
1679430956967 0.9974618258609487 0
1679431003229 0.9964262508122157 0
1679431067519 0.9830992940454266 0
1679431117284 0.995530233271946 0
1679431166121 0.9962400245549416 0
1679431214807 0.9960098219766728 0
1679431263980 0.9967387968078576 0
1679431313189 0.9966620626151013 0
1679431362283 0.9973334868017188 0
1679431411560 0.9966428790669122 0
1679431460274 0.9975636893799877 0
1679431510245 0.9973334868017188 0
1679431577372 0.9807049418604651 0
1679431629131 0.9946039244186047 0
1679431680891 0.9955486918604651 0
1679431731170 0.99609375 0
1679431781855 0.9970021802325582 0
1679431833952 0.9963481104651163 0
1679431884426 0.9973837209302325 0
1679431936678 0.9969295058139535 0
1679431988206 0.9971656976744186 0
1679432039030 0.9971293604651162 0
1679432108340 0.9777106353591161 0
1679432162640 0.9896408839779005 0
1679432217023 0.992489640883978 0
1679432270895 0.9941470994475138 0
1679432323406 0.99583908839779 0
1679432379714 0.9958218232044199 0
1679432437185 0.9960635359116022 0
1679432491541 0.9970994475138122 0
1679432547852 0.9962361878453039 0
1679432602335 0.9965124309392265 0
