1679426525003 3.7173751189839095 0
1679426528725 3.6097555779851973 0
1679426532290 3.4553783589508384 0
1679426535910 3.4925608680350706 0
1679426539298 3.273066772031598 0
1679426542892 3.473497137078084 0
1679426546501 3.4816473650280386 0
1679426550076 3.4594050019513816 0
1679426553900 3.7016229419969022 0
1679426557424 3.3937962620984763 0
1679426575664 6.743531616055407 0
1679426582517 6.71113820001483 0
1679426588844 6.154534069006331 0
1679426594860 5.897671952028759 0
1679426601013 6.037304205005057 0
1679426607383 6.250728002982214 0
1679426613454 5.930590565898456 0
1679426619813 6.231189223006368 0
1679426625907 5.970537055982277 0
1679426632193 6.166616471018642 0
1679426651688 8.845075374934822 0
1679426660453 8.634418760077097 0
1679426669251 8.665237977984361 0
1679426678099 8.717313070083037 0
1679426686663 8.385893615079112 0
1679426695647 8.84900321799796 0
1679426704532 8.768118381965905 0
1679426713370 8.710032189032063 0
1679426720903 7.406559481984004 0
1679426730592 9.560157369938679 0
1679426753289 11.535605284036137 0
1679426764592 11.169052013894543 0
1679426776378 11.620007084100507 0
1679426787853 11.33847945695743 0
1679426799223 11.201277405023575 0
1679426810700 11.336974421981722 0
1679426822536 11.700498245889321 0
1679426834194 11.518871255102567 0
1679426845523 11.205760329961777 0
1679426857113 11.45771056402009 0
1679426883421 15.851218166062608 0
1679426897146 13.602385320002213 0
1679426911138 13.863523190026172 0
1679426925593 14.318667985033244 0
1679426939526 13.79886528395582 0
1679426953547 13.89339318498969 0
1679426967630 13.956681755953468 0
1679426981760 14.004429982043803 0
1679426996004 14.103687293943949 0
1679427010149 14.008912585908547 0
1679427039258 19.00428773998283 0
1679427055935 16.547217380953953 0
1679427073058 16.980449335998856 0
1679427089761 16.566877380013466 0
1679427106370 16.484902122989297 0
1679427123044 16.553895481978543 0
1679427139893 16.71551798598375 0
1679427156742 16.71870470198337 0
1679427173040 16.12627287802752 0
1679427190600 17.40136216604151 0
1679427222294 19.84165818488691 0
1679427242375 19.928243715898134 0
1679427263905 21.37672392791137 0
1679427283913 19.848815841018222 0
1679427303728 19.649081856012344 0
1679427323168 19.299794060061686 0
1679427342780 19.454759615007788 0
1679427362635 19.692826197016984 0
1679427384563 21.776652554050088 0
1679427404262 19.56179337191861 0
1679427439333 22.561246164957993 0
1679427461844 22.361958384048194 0
1679427485070 23.017586838104762 0
1679427509210 23.992528383038007 0
1679427532076 22.704670117935166 0
1679427554502 22.27549285197165 0
1679427576995 22.35067437204998 0
1679427599475 22.345674199983478 0
1679427623075 23.44955884607043 0
1679427645676 22.45241750392597 0
1679427683228 24.864191608969122 0
1679427708632 25.24835098697804 0
1679427734323 25.544946142006665 0
1679427760078 25.598763074958697 0
1679427784933 24.689848183072172 0
1679427810044 24.96262660296634 0
1679427835529 25.336361621972173 0
1679427861596 25.90268233406823 0
1679427887071 25.31694486795459 0
1679427912541 25.32116935797967 0
1679427953765 28.129529388970695 0
1679427981604 27.682323574088514 0
1679428010124 28.364726294996217 0
1679428038069 27.775654527940787 0
1679428065963 27.731619437923655 0
1679428094289 28.155934099922888 0
1679428122885 28.4118254709756 0
1679428150518 27.485083407955244 0
1679428178983 28.305197141016833 0
1679428206984 27.81994748103898 0
1679428251292 31.22271322796587 0
1679428281448 29.986865443061106 0
1679428311449 29.837981668068096 0
1679428341913 30.302294300985523 0
1679428372238 30.172191645018756 0
1679428402809 30.40235703997314 0
1679428433325 30.36178783106152 0
1679428463393 29.896289424039423 0
1679428493498 29.923882226925343 0
1679428524006 30.342823696904816 0
1679428570829 33.01618651498575 0
1679428603575 32.601628244970925 0
1679428635655 31.88354515400715 0
1679428669995 34.172498618019745 0
1679428702757 32.59984257398173 0
1679428735962 33.03092424198985 0
1679428769213 33.09648528601974 0
1679428801748 32.37070820806548 0
1679428835298 33.398285761941224 0
1679428868704 33.22347673098557 0
1679428917042 34.48432189493906 0
1679428953409 36.206215996993706 0
1679428989374 35.792747835977934 0
1679429024715 35.17166235100012 0
1679429058537 33.67876742989756 0
1679429094954 36.24068648600951 0
1679429130548 35.429725660942495 0
1679429166564 35.85817322100047 0
1679429201727 34.9671992729418 0
1679429238461 36.57333787996322 0
1679429290908 38.35989706998225 0
1679429328990 37.920452996040694 0
1679429367591 38.430283164954744 0
1679429406147 38.39595159096643 0
1679429444832 38.50360257306602 0
1679429483407 38.41334907198325 0
1679429521175 37.59987072600052 0
1679429559773 38.43560136796441 0
1679429597964 38.02537240704987 0
1679429636078 37.93633313593455 0
1679429693128 42.35972749302164 0
1679429733968 40.67268223303836 0
1679429774861 40.71994064305909 0
1679429815063 40.02711000991985 0
1679429857167 41.922622384969145 0
1679429901214 43.882706213044 0
1679429942442 41.05539911694359 0
1679429983924 41.313358818995766 0
1679430026449 42.357009140076116 0
1679430067332 40.703822272014804 0
1679430127583 45.68106662807986 0
1679430171651 43.87945963302627 0
1679430215843 44.001597370021045 0
1679430259635 43.615972522995435 0
1679430303471 43.65882387093734 0
1679430347844 44.21056077303365 0
1679430391039 42.942871709004976 0
1679430434477 43.27121790498495 0
1679430479066 44.398008402087726 0
1679430522347 43.110606114030816 0
1679430585087 47.59641956409905 0
1679430631232 45.96643995202612 0
1679430677460 46.054474576958455 0
1679430724557 46.91890818194952 0
1679430771094 46.358233781997114 0
1679430818086 46.8148879960645 0
1679430863632 45.370957009959966 0
1679430910124 46.311426872969605 0
1679430956989 46.68295381497592 0
1679431003247 46.0835023180116 0
1679431067538 49.06201700493693 0
1679431117303 49.582353386911564 0
1679431166141 48.67442998592742 0
1679431214830 48.51201498101 0
1679431264000 49.007784146931954 0
1679431313212 49.02877070091199 0
1679431362323 48.91781640902627 0
1679431411582 49.07145220495295 0
1679431460293 48.526157909072936 0
1679431510271 49.79128760495223 0
1679431577402 51.82233749900479 0
1679431629159 51.57988917804323 0
1679431680910 51.57350432802923 0
1679431731191 50.09436326799914 0
1679431781875 50.50115502893459 0
1679431833987 51.91346877196338 0
1679431884456 50.29181736696046 0
1679431936706 52.06041713594459 0
1679431988229 51.33931454597041 0
1679432039050 50.646206547971815 0
1679432108358 54.35300113004632 0
1679432162657 54.027825199998915 0
1679432217049 54.20954981201794 0
1679432270914 53.68049170298036 0
1679432323429 52.31807206792291 0
1679432379737 56.118253014050424 0
1679432437206 57.27999532595277 0
1679432491560 54.16246253193822 0
1679432547881 56.13609677203931 0
1679432602364 54.296341388020664 0
