1679585258563 61.04023313103244 0
1679585319252 60.56802440294996 0
1679585380317 60.94862239295617 0
1679585440158 59.72873748501297 0
1679585500993 60.70849935791921 0
1679585562156 61.04352532397024 0
1679585622807 60.54970991204027 0
1679585682724 59.698382561909966 0
1679585742833 59.98995683901012 0
1679585803308 60.36372947902419 0
1679585912190 79.08329179894645 0
1679585991206 78.88800846994855 0
1679586071235 79.89679164194968 0
1679586150750 79.37956430506893 0
1679586230155 79.27990546601359 0
1679586310730 80.43487666302826 0
1679586389859 78.98783500201534 0
1679586469539 79.55215533392038 0
1679586549950 80.27305138402153 0
1679586629295 79.21045676595531 0
1679586750839 99.07309827208519 0
1679586849150 98.17326237400994 0
1679586946825 97.54261425998993 0
1679587045814 98.84265878598671 0
1679587144751 98.7965257690521 0
1679587244009 99.11489177600015 0
1679587342942 98.8105957780499 0
1679587441949 98.86944189702626 0
1679587540926 98.84388890198898 0
1679587638751 97.67764176498167 0
1679587779874 116.88209193805233 0
1679587896428 116.4110398379853 0
1679588013676 117.09595336695202 0
1679588130325 116.50338751601521 0
1679588248732 118.25601002702024 0
1679588365438 116.55983070097864 0
1679588484452 118.85728494694922 0
1679588601043 116.4518035169458 0
1679588719606 118.41091194597539 0
1679588836164 116.42079298500903 0
1679588998430 136.79201815102715 0
1679589134881 136.30030707397964 0
1679589270018 134.97209209296852 0
1679589408158 137.98480779805686 0
1679589543019 134.71218149503693 0
1679589681288 138.12648349499796 0
1679589815693 134.2599297260167 0
1679589953736 137.90289070794825 0
1679590089530 135.6441118880175 0
1679590227773 138.09756512392778 0
1679590409264 154.4816201229114 0
1679590565059 155.64952518302016 0
1679590717938 152.72431349696126 0
1679590870447 152.34906077489723 0
1679591021627 151.03655716893263 0
1679591174026 152.24779442790896 0
1679591327084 152.9073204509914 0
1679591479591 152.34037712495774 0
1679591634243 154.48928427090868 0
1679591789386 154.99138079211116 0
1679591990351 171.6247190189315 0
1679592163205 172.70391817600466 0
1679592336408 173.0505037889816 0
1679592509013 172.45898635999765 0
1679592680219 171.04891004192177 0
1679592853828 173.4519021839369 0
1679593028123 174.13217403402086 0
1679593201298 173.0254552779952 0
1679593372873 171.42343173897825 0
1679593546261 173.23376890597865 0
1679593770206 192.6344704250805 0
1679593962930 192.54793979297392 0
1679594152116 189.0288158840267 0
1679594344339 192.07380875304807 0
1679594536797 192.3045245790854 0
1679594729482 192.51657907105982 0
1679594920938 191.29600385494996 0
1679595112598 191.49508677597623 0
1679595306123 193.35340639099013 0
1679595499182 192.88786236697342 0
1679595744546 212.4005369640654 0
1679595950341 205.64116878295317 0
1679596159479 208.97530892700888 0
1679596366908 207.27265351300593 0
1679596574635 207.57492403697688 0
1679596783187 208.3908517640084 0
1679596992298 208.93355110299308 0
1679597201149 208.68994872493204 0
1679597411454 210.140056255972 0
1679597619607 207.99915435898583 0
1679597881251 227.4383087019669 0
1679598111130 229.68848873802926 0
1679598339355 228.04721915104892 0
1679598568612 229.06675871403422 0
1679598797589 228.79743869998492 0
1679599026481 228.71282561391126 0
1679599256284 229.62612789601553 0
1679599485054 228.58403958298732 0
1679599714404 229.17112072499003 0
1679599943349 228.7743085520342 0
1679600234756 249.384270187933 0
1679600483706 248.77578876097687 0
1679600732711 248.83184512204025 0
1679600979373 246.48704508400988 0
1679601226183 246.64279682200868 0
1679601469049 242.68849325203337 0
1679601714413 245.19582217605785 0
1679601961338 246.7368753158953 0
1679602206128 244.61123034299817 0
1679602452407 246.08977941400371 0
1679602754508 263.88413835701067 0
1679603019068 264.37842685508076 0
1679603282927 263.67971560906153 0
1679603549519 266.4233408489963 0
1679603814352 264.652934998041 0
1679604079150 264.6164779990213 0
1679604346571 267.23842517798766 0
1679604612617 265.858887166949 0
1679604879571 266.78461866104044 0
1679605146094 266.34378345892765 0
1679605471521 284.7659969429951 0
1679605757709 285.9857329450315 0
1679606042933 285.0288268279983 0
1679606331591 288.47438239492476 0
1679606610174 278.41066918405704 0
1679606889413 279.065511201974 0
1679607172269 282.6746311230818 0
1679607456140 283.68738909997046 0
1679607737233 280.90618175198324 0
1679608021551 284.1341705430532 0
1679608367150 303.6257468900876 0
1679608668969 301.61223157995846 0
1679608971687 302.5212060289923 0
1679609275746 303.8720014069695 0
1679609580447 304.5101673769532 0
1679609883174 302.5445380990859 0
1679610185238 301.88016279495787 0
1679610489204 303.7778933038935 0
1679610793037 303.6452463379828 0
1679611099821 306.5882456989493 0
1679611468143 323.62588951108046 0
1679611748619 280.243616381078 0
1679611974305 225.41722350602504 0
1679612198664 224.11320704501122 0
1679612424706 225.80965773796197 0
1679612650358 225.38310505903792 0
1679612876129 225.51388666394632 0
1679613100950 224.56983941001818 0
1679613332543 231.35611299506854 0
1679613560944 228.16430803004187 0
1679613856976 246.92854830203578 0
1679614100175 242.92898481001612 0
1679614349864 249.4248879159568 0
1679614591304 241.18874034204055 0
1679614839609 248.0517076679971 0
1679615080118 240.23258083697874 0
1679615330594 250.22343055100646 0
1679615572302 241.4603837140603 0
1679615822678 250.11511917598546 0
1679616062846 239.99415356502868 0
1679616377660 265.1965665599564 0
1679616632525 254.66741608292796 0
1679616896272 263.476868657046 0
1679617151077 254.53584971197415 0
1679617415581 264.2359252109891 0
1679617669326 253.48748766095378 0
1679617934994 265.40854640107136 0
1679618192874 257.5835506040603 0
1679618459590 266.44670311000664 0
1679618714249 254.38597899093293 0
1679619047767 280.0356714060763 0
1679619318691 270.6635320439236 0
1679619601086 282.11593781691045 0
1679619870165 268.7924834040459 0
1679620151824 281.35195322392974 0
1679620420181 268.0709897680208 0
1679620701677 281.1875099330209 0
1679620970771 268.8376564909704 0
1679621253320 282.28134240699 0
1679621523050 269.43268934905063 0
1679621863459 287.43606869201176 0
1679622162167 298.4376098639332 0
1679622445938 283.4858742939541 0
1679622746983 300.7646707580425 0
1679623031757 284.5082634970313 0
1679623331116 299.07823678990826 0
1679623608454 277.0577739319997 0
1679623888422 279.6848570649745 0
1679624167866 279.1503293029964 0
1679624446942 278.8022680099821 0
1679624799167 294.19625802896917 0
1679625094205 294.7370043210685 0
1679625395503 301.03110432904214 0
1679625690114 294.33125297597144 0
1679625991298 300.8755562748993 0
1679626285798 294.18619664397556 0
1679626586302 300.20627104793675 0
1679626887686 301.0837988430867 0
1679627182883 294.88786698994227 0
1679627484988 301.8093762130011 0
