1679585258543 0.9848922833495618 0
1679585319226 0.9943250973709834 0
1679585380296 0.9970332278481012 0
1679585440136 0.9971092989289192 0
1679585500960 0.9977939386562804 0
1679585562133 0.9982960077896786 0
1679585622790 0.9982960077896786 0
1679585682703 0.9986611489776047 0
1679585742815 0.9984785783836416 0
1679585803290 0.9992088607594937 0
1679585912170 0.9906331653602091 0
1679585991186 0.9977136991414707 0
1679586071218 0.9984485815602837 0
1679586150728 0.998285274356103 0
1679586230138 0.9990084919746174 0
1679586310708 0.9985535647629713 0
1679586389846 0.9991717991787981 0
1679586469519 0.9988801791713325 0
1679586549935 0.9993117767823815 0
1679586629278 0.9989851623740201 0
1679586750819 0.9819442342615012 0
1679586849130 0.9970301150121066 0
1679586946802 0.997692191283293 0
1679587045796 0.9982975181598063 0
1679587144737 0.9983637257869249 0
1679587243992 0.9985339739709443 0
1679587342930 0.9988082627118644 0
1679587441928 0.9988460956416465 0
1679587540907 0.9990447185230025 0
1679587638728 0.9991014679176755 0
1679587779857 0.9817781242046322 0
1679587896407 0.9959436243318911 0
1679588013653 0.997255981165691 0
1679588130307 0.997780923899211 0
1679588248708 0.9981308857215576 0
1679588365422 0.9983535886994146 0
1679588484422 0.9984649401883431 0
1679588601021 0.9987353652328836 0
1679588719590 0.9986160600661746 0
1679588836144 0.9985842453550522 0
1679588998410 0.9767031730346948 0
1679589134857 0.9929045893719807 0
1679589269998 0.9952925999121651 0
1679589408127 0.996582674571805 0
1679589543000 0.9968502964426877 0
1679589681271 0.9971110562143171 0
1679589815673 0.997364953886693 0
1679589953715 0.9979756807202459 0
1679590089514 0.9979413702239789 0
1679590227751 0.9978247145366711 0
1679590409239 0.9763045472098861 0
1679590565037 0.992282535238463 0
1679590717918 0.994454769260475 0
1679590870427 0.9954262405869859 0
1679591021611 0.9962468623286349 0
1679591174006 0.9964218478470748 0
1679591327067 0.9968623286348716 0
1679591479568 0.9967718188839544 0
1679591634224 0.9971519598378066 0
1679591789364 0.9972364356053293 0
1679591990332 0.9715174879393522 0
1679592163180 0.9896246123363198 0
1679592336387 0.9928013008270159 0
1679592508993 0.9942119658855961 0
1679592680202 0.9949334510682288 0
1679592853809 0.9952834252239835 0
1679593028098 0.9955472518952446 0
1679593201276 0.9959456840110269 0
1679593372856 0.9960264472777395 0
1679593546243 0.9962633528600965 0
1679593770186 0.9611866153367553 0
1679593962906 0.984367708819412 0
1679594152097 0.989209052729818 0
1679594344319 0.991197114636802 0
1679594536782 0.9922276014932337 0
1679594729451 0.9928935293202675 0
1679594920918 0.993549735573184 0
1679595112571 0.9942788536319801 0
1679595306096 0.9945705008554985 0
1679595499154 0.9942496889096283 0
1679595744525 0.9509763963708534 0
1679595950326 0.9765868656081655 0
1679596159463 0.9835288488800681 0
1679596366886 0.9866254961723845 0
1679596574615 0.9887962503544089 0
1679596783170 0.9903157782818259 0
1679596992277 0.9908695421037709 0
1679597201129 0.9913391338247802 0
1679597411436 0.9919106180890275 0
1679597619590 0.9923093280408279 0
1679597881220 0.9419357989321526 0
1679598111107 0.9691732321916916 0
1679598339335 0.9768931501497591 0
1679598568592 0.9815771910405001 0
1679598797560 0.9843770347701524 0
1679599026445 0.9860903112384425 0
1679599256256 0.9876245279333247 0
1679599485024 0.9881454290923297 0
1679599714375 0.9889959630160177 0
1679599943329 0.9897122021096497 0
1679600234732 0.9417110729768786 0
1679600483677 0.9671393304431599 0
1679600732696 0.9746018485067437 0
1679600979354 0.978056508911368 0
1679601226167 0.9812364523121387 0
1679601469030 0.9831632345857418 0
1679601714393 0.9847362716763006 0
1679601961314 0.9856846098265896 0
1679602206100 0.9864109164258189 0
1679602452379 0.9867383188824663 0
1679602754477 0.9338216765595252 0
1679603019045 0.9601894109082764 0
1679603282910 0.9682075260387502 0
1679603549499 0.9724458226005152 0
1679603814334 0.9757636633441594 0
1679604079129 0.9784025366782394 0
1679604346553 0.9799914604099004 0
1679604612587 0.9818673703662224 0
1679604879553 0.9823818456714077 0
1679605146076 0.9834247956098108 0
1679605471501 0.9245211429767637 0
1679605757678 0.953945991207871 0
1679606042905 0.9626596190077454 0
1679606331572 0.9678701329286162 0
1679606610154 0.9713928720954574 0
1679606889392 0.9737511775172702 0
1679607172247 0.9756842683692695 0
1679607456109 0.9770318714674482 0
1679607737214 0.9784841427674272 0
1679608021521 0.979390176889261 0
1679608367114 0.9143395716671578 0
1679608668940 0.9423076923076923 0
1679608971667 0.9522853423715493 0
1679609275727 0.9576425729442971 0
1679609580424 0.962149400726987 0
1679609883156 0.9649032321446115 0
1679610185217 0.9681359907653011 0
1679610489184 0.9701038903625111 0
1679610793006 0.9719735484821692 0
1679611099791 0.9729805236270753 0
1679611468113 0.9016278693076638 0
1679611748599 0.9263727554609404 0
1679611974280 0.9364008700481303 0
1679612198638 0.9429204461310625 0
1679612424687 0.9482917206590151 0
1679612650331 0.9518552156608664 0
1679612876103 0.9557976212513883 0
1679613100924 0.957518627360237 0
1679613332517 0.9607205664568679 0
1679613560917 0.9626700758978156 0
1679613856948 0.8926825400297489 0
1679614100145 0.9133536398635052 0
1679614349837 0.9237110639601015 0
1679614591274 0.9304592484031848 0
1679614839583 0.9358102196167644 0
1679615080091 0.9397284320587977 0
1679615330575 0.9435673505993525 0
1679615572274 0.9464109939627264 0
1679615822653 0.9496811838306064 0
1679616062829 0.952426393385248 0
1679616377631 0.8852818566450971 0
1679616632501 0.906237037497926 0
1679616896244 0.9175014518002322 0
1679617151051 0.9253852455616393 0
1679617415550 0.9313635515181683 0
1679617669297 0.9358952422432387 0
1679617934964 0.9396154803384769 0
1679618192845 0.9427238883358221 0
1679618459561 0.9460034013605442 0
1679618714221 0.9485414592666335 0
1679619047745 0.8851989510213739 0
1679619318662 0.9039553592554618 0
1679619601058 0.9137919985803297 0
1679619870138 0.9205477561321871 0
1679620151793 0.9254401963877278 0
1679620420150 0.9296154073665116 0
1679620701659 0.9333888713620948 0
1679620970741 0.9363440531587665 0
1679621253289 0.9385031351052923 0
1679621523019 0.941574158056629 0
1679621863430 0.8758244700841852 0
1679622162135 0.8925699037883343 0
1679622445917 0.9021840236019242 0
1679622746954 0.9084791228202045 0
1679623031733 0.9133390333734215 0
1679623331080 0.918530141310884 0
1679623608424 0.9226971211665664 0
1679623888391 0.9255416604028863 0
1679624167839 0.928743235117258 0
1679624446910 0.9318696444678293 0
1679624799138 0.86797104960873 0
1679625094176 0.8793322384952258 0
1679625395479 0.8861390803359896 0
1679625690084 0.8920687055782899 0
1679625991269 0.89672401105607 0
1679626285774 0.9012155395218608 0
1679626586272 0.9053974621293703 0
1679626887647 0.9092765094407351 0
1679627182851 0.9127651841481801 0
1679627484959 0.9163727654533707 0
