1679585258555 0.04927784226486073 0
1679585319241 0.020048011770959048 0
1679585380308 0.011161315615973336 0
1679585440149 0.012478480543398989 0
1679585500978 0.008820053269210629 0
1679585562147 0.005584221812289943 0
1679585622801 0.005893648579693767 0
1679585682715 0.00446610692792791 0
1679585742826 0.0057493568094277294 0
1679585803302 0.0030662366289514846 0
1679585912182 0.0624454562072304 0
1679585991198 0.007976366492531247 0
1679586071229 0.005368804902439379 0
1679586150740 0.005946607125801968 0
1679586230150 0.0037685351185301284 0
1679586310720 0.0052429783122881655 0
1679586389853 0.0031707419050290312 0
1679586469531 0.004519933417998264 0
1679586549944 0.002241103032854935 0
1679586629290 0.0038352833188066322 0
1679586750831 0.09297119758893967 0
1679586849142 0.010412226598051693 0
1679586946815 0.007561117736109214 0
1679587045807 0.005924449964963811 0
1679587144745 0.005303256405153463 0
1679587244002 0.004809210754561778 0
1679587342935 0.004380868869898532 0
1679587441940 0.003701282067821774 0
1679587540919 0.00377836094794863 0
1679587638739 0.0036032933230780557 0
1679587779868 0.09740174137556842 0
1679587896418 0.013596128411523143 0
1679588013667 0.009348107871495282 0
1679588130318 0.007253241709482773 0
1679588248721 0.00686837968283787 0
1679588365432 0.005570985275111544 0
1679588484438 0.005519568007061245 0
1679588601036 0.004916181305570464 0
1679588719599 0.004903666503272985 0
1679588836156 0.004808860235729334 0
1679588998422 0.10660881509350266 0
1679589134869 0.023574011853093203 0
1679589270010 0.015610927672198877 0
1679589408144 0.011714314352447065 0
1679589543012 0.010057371959369123 0
1679589681281 0.009215010256470457 0
1679589815685 0.008831940618341824 0
1679589953728 0.007508117553013315 0
1679590089524 0.007504696519140803 0
1679590227765 0.006975914837519977 0
1679590409249 0.11163814312984717 0
1679590565049 0.024958792622466263 0
1679590717930 0.01823067616760283 0
1679590870439 0.014273120320658087 0
1679591021620 0.012591962320079773 0
1679591174016 0.011218368632939592 0
1679591327078 0.010417635565000935 0
1679591479579 0.010136237537881367 0
1679591634235 0.009477360680859135 0
1679591789377 0.009796071837776074 0
1679591990343 0.11651090613390547 0
1679592163195 0.03353965267757276 0
1679592336400 0.022865945213042624 0
1679592509005 0.019120270256376467 0
1679592680212 0.015783238176585015 0
1679592853821 0.014791155871512153 0
1679593028110 0.01447897523284716 0
1679593201289 0.013215062886315116 0
1679593372866 0.013141855186735676 0
1679593546254 0.012874738864513721 0
1679593770199 0.14528699177192267 0
1679593962921 0.04949414051748974 0
1679594152109 0.03416372595286781 0
1679594344331 0.02781975944913203 0
1679594536790 0.023823069572243828 0
1679594729468 0.021678034493527395 0
1679594920929 0.020257583931433887 0
1679595112587 0.01884005136119655 0
1679595306107 0.017857594468642587 0
1679595499170 0.0178553207595071 0
1679595744537 0.17673127033284544 0
1679595950333 0.0727934644839808 0
1679596159471 0.051300318216827616 0
1679596366899 0.04099126449322593 0
1679596574628 0.034796557042820406 0
1679596783180 0.02977060765819372 0
1679596992289 0.02855097241864915 0
1679597201141 0.027063408953242385 0
1679597411447 0.025658688536922 0
1679597619600 0.02388549131027574 0
1679597881239 0.19812880760199597 0
1679598111120 0.09419492339120043 0
1679598339347 0.07014805524269185 0
1679598568604 0.05608133306291741 0
1679598797578 0.04808452337915596 0
1679599026466 0.042702192007075875 0
1679599256269 0.03863971783916003 0
1679599485036 0.03605297676252985 0
1679599714392 0.034218931606188725 0
1679599943341 0.032379474650887294 0
1679600234741 0.21049993377747203 0
1679600483689 0.10160598926203156 0
1679600732704 0.078341130766708 0
1679600979365 0.06668769533780365 0
1679601226176 0.05794442937771956 0
1679601469042 0.051675047086247546 0
1679601714405 0.04733179422754807 0
1679601961326 0.04435757720566803 0
1679602206114 0.042145463132203125 0
1679602452394 0.04115156941267009 0
1679602754487 0.23407664711362117 0
1679603019056 0.12485092305079046 0
1679603282920 0.09789700156566895 0
1679603549511 0.08507718231112882 0
1679603814345 0.07576528839507932 0
1679604079141 0.06660028056086646 0
1679604346564 0.062041095673910744 0
1679604612605 0.05611410971644837 0
1679604879561 0.05455964507782594 0
1679605146087 0.05218092089237375 0
1679605471512 0.2678629954988087 0
1679605757689 0.14664625662543096 0
1679606042920 0.11545872996389099 0
1679606331583 0.09909560037261944 0
1679606610166 0.08806764496625621 0
1679606889402 0.08016781020250198 0
1679607172261 0.07450910504118463 0
1679607456126 0.070403008995292 0
1679607737225 0.06685530265475362 0
1679608021540 0.06379035946863883 0
1679608367136 0.30095996475576864 0
1679608668958 0.1799798015570431 0
1679608971678 0.14743132798289182 0
1679609275738 0.12922478846042518 0
1679609580435 0.11591452575171006 0
1679609883167 0.1059502827927624 0
1679610185229 0.09717268938503057 0
1679610489195 0.09223121681148906 0
1679610793024 0.08536351630641939 0
1679611099804 0.08335784309999596 0
1679611468132 0.34480541344934706 0
1679611748610 0.23144991789576153 0
1679611974292 0.19458241467374288 0
1679612198652 0.17237984383752095 0
1679612424698 0.1562081307810732 0
1679612650346 0.14422174685031575 0
1679612876116 0.13309289730802362 0
1679613100939 0.12772668910062732 0
1679613332530 0.11751779870437326 0
1679613560932 0.11255024832589987 0
1679613856962 0.36925512403662986 0
1679614100162 0.2667504770300857 0
1679614349851 0.22892314314312595 0
1679614591288 0.20748759257701616 0
1679614839597 0.1905257199922926 0
1679615080105 0.17785053420155153 0
1679615330586 0.167977753131354 0
1679615572289 0.15939324906119431 0
1679615822665 0.1486492358743536 0
1679616062838 0.14153975473697308 0
1679616377646 0.3994487896958752 0
1679616632515 0.2943848756452812 0
1679616896259 0.2514514224141549 0
1679617151066 0.2268933139792139 0
1679617415567 0.20673681228906335 0
1679617669310 0.19173927517534003 0
1679617934978 0.18296146017867193 0
1679618192859 0.17257898988375417 0
1679618459577 0.16297685007729978 0
1679618714235 0.15515607782088517 0
1679619047757 0.41362858750623904 0
1679619318678 0.30941115993536583 0
1679619601073 0.2682671232910548 0
1679619870152 0.24329488587351822 0
1679620151810 0.22668901839742636 0
1679620420167 0.21336833663782226 0
1679620701668 0.20192396861238587 0
1679620970758 0.1913534773697438 0
1679621253306 0.1862815814185858 0
1679621523033 0.17693974456085107 0
1679621863445 0.4480480551615711 0
1679622162153 0.34913570352483336 0
1679622445929 0.30861817080650505 0
1679622746969 0.2822759738769839 0
1679623031747 0.2644649471323484 0
1679623331099 0.248751675906301 0
1679623608440 0.23573753685484022 0
1679623888411 0.2251596652239566 0
1679624167852 0.21690837397028762 0
1679624446927 0.20729541680720107 0
1679624799153 0.48461065113237434 0
1679625094190 0.3987959377181195 0
1679625395491 0.36074897437144127 0
1679625690099 0.33550485735682245 0
1679625991284 0.3182152409181763 0
1679626285788 0.30078736079636575 0
1679626586287 0.2893133024052636 0
1679626887664 0.276103104944504 0
1679627182865 0.2642123211693452 0
1679627484974 0.2551721423557534 0
