1679646601135 0.05951187397427981 0
1679646757618 0.01526396277670259 0
1679646914532 0.011858039166814731 0
1679647071860 0.010111762623475977 0
1679647226134 0.006451744461185246 0
1679647381106 0.005795636374720167 0
1679647536878 0.009025773847677547 0
1679647694135 0.0034793581111409824 0
1679647847740 0.005881859130479729 0
1679648003860 0.0027655997461683525 0
1679648072357 0.4410425660185516 0
1679648122284 0.018744907979667186 0
1679648171461 0.013127652417123317 0
1679648220425 0.015690174074470997 0
1679648269325 0.014767067705839873 0
1679648318207 0.010732754535973072 0
1679648367003 0.012359703999757768 0
1679648416048 0.013513839600235224 0
1679648465716 0.011318629708886146 0
1679648514274 0.02468369496464729 0
1679648583173 0.6250546613246203 0
1679648632618 0.041288313814997674 0
1679648680889 0.028638763442635537 0
1679648729406 0.036475964356958865 0
1679648778592 0.026579912763834 0
1679648826664 0.022349538844823838 0
1679648882334 0.01913827888071537 0
1679648930853 0.03287293898165226 0
1679648979681 0.019674415224790572 0
1679649027730 0.02169635633379221 0
1679649098420 0.7857064525544644 0
1679649147334 0.06454019088447094 0
1679649196064 0.04326347839534283 0
1679649244936 0.033451737812161444 0
1679649293976 0.03983934778571129 0
1679649342572 0.03371548733115196 0
1679649391493 0.03595529700219631 0
1679649439258 0.039678776156902316 0
1679649487677 0.03090628099143505 0
1679649536966 0.03831284349262715 0
1679649609317 0.9234507155627012 0
1679649657975 0.09271774137616158 0
1679649706644 0.06258942584991455 0
1679649755216 0.05308253448009491 0
1679649804642 0.053385625517368314 0
1679649853652 0.04297896857261658 0
1679649902059 0.046045781201124195 0
1679649950345 0.04129882905781269 0
1679649998876 0.04566861408948898 0
1679650047908 0.04779642060399056 0
1679650121018 0.922378029024601 0
1679650170633 0.09459978365898132 0
1679650219288 0.06532259732782841 0
1679650268595 0.05049860315620899 0
1679650316370 0.05220602067112923 0
1679650364492 0.041598603639006616 0
1679650413406 0.066597184664011 0
1679650462204 0.04786758590638637 0
1679650510720 0.039269204723834994 0
1679650559475 0.049349095842242244 0
1679650635433 1.0103011037290097 0
1679650684840 0.11058985415399075 0
1679650733696 0.07328546336889268 0
1679650782702 0.06235660125911236 0
1679650831575 0.05697863839864731 0
1679650881257 0.049847134765982626 0
1679650930074 0.05361179986894131 0
1679650978603 0.050087431797385215 0
1679651027667 0.051472018510103225 0
1679651076436 0.05678681712150574 0
1679651153429 1.1587889558851718 0
1679651202189 0.14920107138454913 0
1679651250771 0.08809247137308121 0
1679651299411 0.0717227314710617 0
1679651349008 0.05888645313382149 0
1679651404835 0.06586107409894466 0
1679651453884 0.05707887314558029 0
1679651502277 0.06448189614415169 0
1679651550794 0.05298651724457741 0
1679651599910 0.058597744476795194 0
1679651679025 1.110191953033209 0
1679651727756 0.09519691577255726 0
1679651776151 0.06761727583408356 0
1679651825413 0.054829833173751834 0
1679651874427 0.049177177864313124 0
1679651923380 0.058731311842799186 0
1679651971025 0.05525660715103149 0
1679652019211 0.05091628791093826 0
1679652069280 0.05502498837709427 0
1679652118311 0.04478488635420799 0
1679652199075 1.1588061254441737 0
1679652247814 0.10905142878890038 0
1679652297133 0.05984313099682331 0
1679652345886 0.057829375955462455 0
1679652395042 0.04760355655252933 0
1679652443721 0.06088610081970692 0
1679652492863 0.05776575689613819 0
1679652541681 0.05247285187244415 0
1679652589900 0.050059876677393915 0
1679652638945 0.052271631103754046 0
1679652721784 1.2143178130686283 0
1679652770975 0.11638442149758339 0
1679652819770 0.07107406425774097 0
1679652868945 0.06565633182227612 0
1679652917041 0.061661887949705126 0
1679652966564 0.057374825671315195 0
1679653015767 0.058616529914736745 0
1679653063766 0.056471470692753795 0
1679653112415 0.058996018517017364 0
1679653161555 0.058031072568893435 0
1679653247532 1.080245476949215 0
1679653296676 0.11905892129540444 0
1679653345729 0.07323875939548015 0
1679653394624 0.0586746055483818 0
1679653442852 0.04997479368448257 0
1679653491950 0.0635545204758644 0
1679653541159 0.058545830088853834 0
1679653590039 0.05469632729291916 0
1679653638375 0.05384626062512398 0
1679653687388 0.05143496897220612 0
1679653774486 1.122123085910082 0
1679653824410 0.11662546821534633 0
1679653872750 0.073891063195467 0
1679653921798 0.0613262721657753 0
1679653969950 0.050782225850224495 0
1679654024080 0.05701085154116154 0
1679654074471 0.0578356624096632 0
1679654123938 0.05805088568329811 0
1679654173701 0.04976719681620598 0
1679654221914 0.05006532481312752 0
1679654310202 1.1354134658455848 0
1679654359942 0.18080396226644516 0
1679654408182 0.10135733536481857 0
1679654456796 0.07645388761758805 0
1679654505739 0.06254153026044369 0
1679654553689 0.07634843464791775 0
1679654603307 0.06180123482346535 0
1679654651647 0.07200496380329133 0
1679654701547 0.07370545357465744 0
1679654750226 0.06331157584190368 0
1679654841791 1.3245278824865818 0
1679654891553 0.15285820116102694 0
1679654940395 0.09455211771726608 0
1679654989402 0.06653966410160064 0
1679655038711 0.06705265284776687 0
1679655087477 0.07572106128036976 0
1679655136398 0.06504046818614007 0
1679655185964 0.06462292311787605 0
1679655235351 0.06171645783185959 0
1679655285420 0.07380605189800263 0
1679655377443 1.2392476577281952 0
1679655426362 0.20001174815297126 0
1679655476103 0.10617628337442875 0
1679655525242 0.08485356799662114 0
1679655574359 0.07142490555644035 0
1679655624117 0.07076975271701813 0
1679655673207 0.07476583182811737 0
1679655722169 0.07030534749627114 0
1679655770654 0.0726492850780487 0
1679655819481 0.07160763098597527 0
1679655914065 1.2301877916276456 0
1679655963427 0.15211212510168554 0
1679656012294 0.08898745173215866 0
1679656060986 0.06667140725851059 0
1679656109797 0.07099793249368667 0
1679656158806 0.07081100110411644 0
1679656207318 0.07037188425064086 0
1679656257199 0.06573196352124214 0
1679656306062 0.0716697556257248 0
1679656355515 0.06588844863772392 0
1679656452127 1.1872196164369584 0
1679656501274 0.1769215196967125 0
1679656550211 0.09893245159387588 0
1679656598635 0.0893151441425085 0
1679656647363 0.07758084881305695 0
1679656697076 0.0790991782128811 0
1679656746713 0.07216703515052796 0
1679656795473 0.07374383040666581 0
1679656853511 0.07158495770096779 0
1679656902877 0.08174291907548904 0
1679657002158 1.3977351784944534 0
1679657051624 0.25466535625457765 0
1679657101303 0.13475712106525897 0
1679657151780 0.09750122606754302 0
1679657200791 0.0819978233397007 0
1679657250286 0.08988744798898697 0
1679657299855 0.08512918900251389 0
1679657348262 0.07971604728698731 0
1679657397978 0.08996477152109146 0
1679657447272 0.0841242306113243 0
1679657549650 1.2537977041006088 0
1679657599161 0.18495063363313674 0
1679657648492 0.10975241836607456 0
1679657698228 0.08722575047016144 0
1679657747635 0.08245866737365723 0
1679657795937 0.09082080658078194 0
1679657845299 0.08644843446016312 0
1679657893816 0.07565655545592308 0
1679657942260 0.07433358146548272 0
1679657992122 0.08684508513212204 0
