1679745068243 0.9790195959104186 0
1679745131678 0.9953748782862707 0
1679745195202 0.9972310126582279 0
1679745263324 0.9972766553067186 0
1679745327664 0.9975657254138267 0
1679745391462 0.997991723466407 0
1679745454489 0.9987676484907497 0
1679745517438 0.9981134371957157 0
1679745580725 0.9993610029211295 0
1679745645372 0.9987524342745862 0
1679745704000 0.9187 0
1679745742450 0.99485 0
1679745781810 0.99725 0
1679745820696 0.99865 0
1679745858598 0.998 0
1679745897314 0.99745 0
1679745936080 0.99695 0
1679745975119 0.999 0
1679746013259 0.99975 0
1679746051821 0.9978 0
1679746111626 0.9152 0
1679746150899 0.9922 0
1679746189241 0.99605 0
1679746228348 0.9971 0
1679746267010 0.99695 0
1679746305738 0.99815 0
1679746345090 0.9978 0
1679746384116 0.99745 0
1679746422775 0.99725 0
1679746462558 0.99765 0
1679746524272 0.8578 0
1679746562653 0.9844 0
1679746601012 0.9941 0
1679746641376 0.9962 0
1679746681649 0.99345 0
1679746720678 0.99685 0
1679746758962 0.9953 0
1679746797493 0.99695 0
1679746837486 0.9971 0
1679746876940 0.9977 0
1679746940727 0.8749 0
1679746979909 0.9867 0
1679747019189 0.99375 0
1679747058597 0.99435 0
1679747098119 0.9951 0
1679747136642 0.996 0
1679747176379 0.99765 0
1679747214805 0.9955 0
1679747254433 0.9965 0
1679747294205 0.99825 0
1679747359238 0.82985 0
1679747399415 0.9804 0
1679747438892 0.98945 0
1679747477355 0.991 0
1679747516864 0.9951 0
1679747556148 0.99455 0
1679747595640 0.99265 0
1679747634407 0.9957 0
1679747673493 0.99485 0
1679747712943 0.99765 0
1679747780404 0.7971 0
1679747819477 0.9741 0
1679747859345 0.9889 0
1679747899885 0.9909 0
1679747938977 0.99135 0
1679747978561 0.99385 0
1679748017567 0.9925 0
1679748058027 0.9955 0
1679748097315 0.9957 0
1679748137453 0.9965 0
1679748205538 0.7763 0
1679748245501 0.97295 0
1679748285888 0.988 0
1679748325466 0.9933 0
1679748364481 0.9928 0
1679748403838 0.9913 0
1679748443170 0.9925 0
1679748482660 0.99415 0
1679748522013 0.99525 0
1679748561815 0.99425 0
1679748633913 0.7494 0
1679748673969 0.9646 0
1679748714110 0.98055 0
1679748753967 0.9924 0
1679748794033 0.98835 0
1679748834343 0.98885 0
1679748874173 0.9935 0
1679748913438 0.99475 0
1679748952680 0.99565 0
1679748992193 0.99355 0
1679749065010 0.7748 0
1679749108880 0.96185 0
1679749148089 0.9823 0
1679749187960 0.9878 0
1679749228004 0.98895 0
1679749266964 0.9931 0
1679749307560 0.9923 0
1679749346603 0.99255 0
1679749385947 0.99545 0
1679749424971 0.9914 0
1679749499542 0.6956 0
1679749538892 0.947 0
1679749579049 0.9742 0
1679749618293 0.98235 0
1679749657568 0.988 0
1679749698748 0.9873 0
1679749738455 0.99035 0
1679749778074 0.9923 0
1679749818271 0.9917 0
1679749857583 0.99265 0
1679749933573 0.71285 0
1679749974108 0.94885 0
1679750014205 0.97535 0
1679750053363 0.9841 0
1679750093777 0.9879 0
1679750133348 0.98875 0
1679750172508 0.98775 0
1679750211386 0.9951 0
1679750252192 0.9901 0
1679750292426 0.9921 0
1679750370437 0.67495 0
1679750411090 0.9422 0
1679750450724 0.9752 0
1679750490940 0.9824 0
1679750531517 0.9892 0
1679750571174 0.9871 0
1679750611789 0.9886 0
1679750653074 0.9894 0
1679750693320 0.9924 0
1679750733027 0.9913 0
1679750814254 0.67295 0
1679750853986 0.9293 0
1679750893566 0.96945 0
1679750933884 0.98185 0
1679750973681 0.98615 0
1679751012631 0.9856 0
1679751051674 0.98615 0
1679751091751 0.988 0
1679751130542 0.9907 0
1679751169825 0.9924 0
1679751252391 0.65595 0
1679751291975 0.932 0
1679751331422 0.96915 0
1679751370852 0.97765 0
1679751411492 0.98675 0
1679751451350 0.987 0
1679751491124 0.98275 0
1679751531228 0.98895 0
1679751570236 0.9882 0
1679751610006 0.98965 0
1679751694577 0.6125 0
1679751734095 0.89245 0
1679751774344 0.95415 0
1679751813758 0.97275 0
1679751853585 0.97745 0
1679751893413 0.9813 0
1679751932818 0.98385 0
1679751972325 0.985 0
1679752012180 0.9877 0
1679752052940 0.98725 0
1679752139688 0.61905 0
1679752179385 0.89435 0
1679752219918 0.95505 0
1679752259966 0.9705 0
1679752299608 0.9782 0
1679752339306 0.9788 0
1679752378980 0.9831 0
1679752418443 0.9852 0
1679752457692 0.9837 0
1679752497766 0.98665 0
1679752587253 0.59175 0
1679752627393 0.862 0
1679752667799 0.93625 0
1679752707668 0.9655 0
1679752747375 0.9699 0
1679752786941 0.9774 0
1679752827038 0.98195 0
1679752866882 0.9798 0
1679752907643 0.98215 0
1679752947147 0.98685 0
1679753037725 0.58535 0
1679753077377 0.85535 0
1679753117348 0.9323 0
1679753158710 0.96515 0
1679753200940 0.97415 0
1679753240939 0.9755 0
1679753281278 0.98125 0
1679753321414 0.97925 0
1679753360945 0.9817 0
1679753401604 0.987 0
1679753495419 0.4797 0
1679753535665 0.79245 0
1679753576322 0.90705 0
1679753616299 0.94835 0
1679753656307 0.96835 0
1679753695959 0.9734 0
1679753735206 0.97635 0
1679753774777 0.97665 0
1679753814921 0.97945 0
1679753855430 0.98185 0
