1679745068253 0.06182079374186328 0
1679745131689 0.015973975953908006 0
1679745195212 0.010570482803735412 0
1679745263335 0.012295841005022084 0
1679745327679 0.008810560626726558 0
1679745391473 0.00766133561688186 0
1679745454500 0.003917130814459142 0
1679745517449 0.007726087543630516 0
1679745580736 0.0024746106413989365 0
1679745645382 0.005246395638437268 0
1679745704011 0.5271470814328175 0
1679745742461 0.017441813144594198 0
1679745781819 0.010218156803840247 0
1679745820707 0.005566377983057464 0
1679745858608 0.008159017096875595 0
1679745897325 0.00834737551221897 0
1679745936090 0.008571618779493247 0
1679745975131 0.004094782227609994 0
1679746013268 0.0020896684896694637 0
1679746051831 0.008673848378711546 0
1679746111639 0.5753768284107093 0
1679746150912 0.02655966899726773 0
1679746189251 0.014019820230692858 0
1679746228359 0.008864781679623412 0
1679746267024 0.010720306461718428 0
1679746305751 0.005347606533551879 0
1679746345101 0.0065814425429416585 0
1679746384127 0.008645766673050548 0
1679746422787 0.008899339972528833 0
1679746462570 0.009583407123094821 0
1679746524283 0.7861015216372907 0
1679746562666 0.050921539183706045 0
1679746601023 0.019272895253798925 0
1679746641387 0.013614565647410927 0
1679746681663 0.0219669934554855 0
1679746720688 0.00984960725982528 0
1679746758975 0.01650214265843242 0
1679746797504 0.011283195260464708 0
1679746837497 0.009229536807157638 0
1679746876951 0.007918200348572827 0
1679746940733 0.7528307665716857 0
1679746979920 0.04594167335215025 0
1679747019200 0.02001753366367193 0
1679747058609 0.019223567669652403 0
1679747098131 0.014883596746000694 0
1679747136653 0.013890471283912484 0
1679747176389 0.008561951167173901 0
1679747214816 0.017986167902948363 0
1679747254443 0.011761351212933369 0
1679747294216 0.005876688754577299 0
1679747359250 0.9334408427789808 0
1679747399427 0.06446847027130424 0
1679747438903 0.03220976627494674 0
1679747477367 0.028140454028279055 0
1679747516875 0.017175784282042878 0
1679747556160 0.017066242114812485 0
1679747595653 0.024616534774567118 0
1679747634414 0.012727123414225206 0
1679747673504 0.016741024763407768 0
1679747712954 0.008747169090423995 0
1679747780416 1.0395742177046836 0
1679747819490 0.08033448443878442 0
1679747859355 0.03617691628201865 0
1679747899896 0.027449480152636534 0
1679747938988 0.02895672689191997 0
1679747978577 0.01839749332148349 0
1679748017579 0.024818010319242603 0
1679748058040 0.015611748322771745 0
1679748097326 0.014820311243039033 0
1679748137464 0.012347142432906185 0
1679748205547 1.1816604200780392 0
1679748245518 0.08204169476442039 0
1679748285900 0.0381390362215694 0
1679748325479 0.020233055491698907 0
1679748364492 0.023318195405986626 0
1679748403849 0.027423519628145734 0
1679748443183 0.024185719854844502 0
1679748482673 0.019126878969877727 0
1679748522026 0.01618355772258219 0
1679748561826 0.01717966305140435 0
1679748633926 1.1656656919807196 0
1679748673980 0.10569960723519325 0
1679748714124 0.05796373419859446 0
1679748753974 0.02298015726825688 0
1679748794046 0.03351654349537566 0
1679748834358 0.03268253650744446 0
1679748874185 0.02090761707788333 0
1679748913451 0.01665585086051724 0
1679748952691 0.01289752054165001 0
1679748992205 0.021532298010608065 0
1679749065022 1.127329822215438 0
1679749108891 0.11766265774257481 0
1679749148101 0.05436294131940231 0
1679749187971 0.038379006362287325 0
1679749228012 0.033486757127282905 0
1679749266976 0.021956320663529913 0
1679749307573 0.024055476927250855 0
1679749346610 0.024400803038000594 0
1679749385958 0.015433561834186548 0
1679749424986 0.02918442740504979 0
1679749499555 1.3665391634225845 0
1679749538905 0.16605116326361893 0
1679749579059 0.07986342516466975 0
1679749618306 0.05200036653885618 0
1679749657582 0.03631078919619322 0
1679749698760 0.039191352087445556 0
1679749738466 0.029066948362533002 0
1679749778089 0.024457684472459367 0
1679749818283 0.02542314376420691 0
1679749857595 0.02380204939887626 0
1679749933584 1.336133058667183 0
1679749974120 0.15844317172318698 0
1679750014223 0.07062452905103564 0
1679750053374 0.04557196356886998 0
1679750093787 0.03680384247077163 0
1679750133368 0.03373794155812357 0
1679750172521 0.037970362307992764 0
1679750211398 0.014931289016193477 0
1679750252203 0.029541086061135865 0
1679750292438 0.022464931125009024 0
1679750370455 1.5657256357431413 0
1679750411102 0.1702583860769868 0
1679750450735 0.07538848666343838 0
1679750490957 0.05353739359248429 0
1679750531529 0.03362205861739349 0
1679750571187 0.0371487653122982 0
1679750611801 0.03634778800937347 0
1679750653086 0.03277709531967994 0
1679750693339 0.022363678866822737 0
1679750733038 0.024849482677580092 0
1679750814269 1.49939079079628 0
1679750854008 0.21303810585439206 0
1679750893583 0.08932754890862853 0
1679750933896 0.054027310053259135 0
1679750973698 0.04022754669310525 0
1679751012643 0.04375314142080024 0
1679751051689 0.041897062463476326 0
1679751091766 0.03497831863148604 0
1679751130553 0.028827687198109925 0
1679751169836 0.022611776516452665 0
1679751252404 1.5739798449397087 0
1679751291987 0.2097399883300066 0
1679751331433 0.09010008811801672 0
1679751370863 0.06592975159287452 0
1679751411509 0.03926121198451146 0
1679751451366 0.03772364391083829 0
1679751491134 0.05162279427377507 0
1679751531241 0.03126788656215649 0
1679751570248 0.03432828140520724 0
1679751610019 0.031607047063566276 0
1679751694589 1.5948609256267547 0
1679751734107 0.3185437734425068 0
1679751774357 0.13389666454643012 0
1679751813770 0.08328408097103238 0
1679751853598 0.0612212561191991 0
1679751893430 0.054680228236690165 0
1679751932830 0.044105452670971865 0
1679751972339 0.047978741912404074 0
1679752012192 0.037676763615058735 0
1679752052955 0.03692882891763002 0
1679752139698 1.6279429895877837 0
1679752179396 0.3120383204400539 0
1679752219930 0.1323370108567178 0
1679752259979 0.08406359719783067 0
1679752299620 0.06324305683281273 0
1679752339317 0.06223580360040069 0
1679752378995 0.05331886243051849 0
1679752418452 0.04458572059199214 0
1679752457703 0.047806385793956 0
1679752497783 0.03997892981847981 0
1679752587264 1.6464617619991302 0
1679752627405 0.4028132008910179 0
1679752667808 0.18607267866432667 0
1679752707680 0.10049259042963385 0
1679752747387 0.08427273654527963 0
1679752786954 0.0659692377846688 0
1679752827051 0.05385090029593557 0
1679752866896 0.05823454540045932 0
1679752907655 0.054680563486833124 0
1679752947159 0.03883581704266835 0
1679753037737 1.668127002954483 0
1679753077391 0.43526357063651083 0
1679753117358 0.2042152524679899 0
1679753158722 0.10584009666442872 0
1679753200950 0.07358681720532477 0
1679753240959 0.0712299626134336 0
1679753281290 0.054700499210786076 0
1679753321431 0.0618289380395785 0
1679753360959 0.05149779949071817 0
1679753401617 0.039838092907099054 0
1679753495431 1.929974376296997 0
1679753535684 0.6149545534849167 0
1679753576332 0.27967342868447304 0
1679753616312 0.15313123787492514 0
1679753656320 0.09221820968389512 0
1679753695978 0.07782152337804436 0
1679753735223 0.07281760356482118 0
1679753774789 0.06675712520526722 0
1679753814946 0.05788853951366618 0
1679753855441 0.05577006808388978 0
