1679745068260 63.58053445001133 0
1679745131697 63.09992728091311 0
1679745195219 63.18496333609801 0
1679745263342 67.7853642560076 0
1679745327687 64.0175543539226 0
1679745391478 63.43133351998404 0
1679745454506 62.69992215698585 0
1679745517455 62.64545302989427 0
1679745580743 62.958930836990476 0
1679745645388 64.31065646302886 0
1679745704018 38.83176551607903 0
1679745742469 38.23549054504838 0
1679745781825 39.135119174956344 0
1679745820713 38.67079180898145 0
1679745858617 37.6683418310713 0
1679745897331 38.48362518509384 0
1679745936096 38.54474066302646 0
1679745975141 38.83517004898749 0
1679746013274 37.91304619796574 0
1679746051838 38.35198154603131 0
1679746111647 38.76397129800171 0
1679746150926 39.053777613909915 0
1679746189258 38.109573896043 0
1679746228365 38.891675182036124 0
1679746267034 38.427586894948035 0
1679746305761 38.4957148230169 0
1679746345108 39.118804363999516 0
1679746384133 38.80321984901093 0
1679746422798 38.423846459016204 0
1679746462578 39.5456029829802 0
1679746524289 38.66058572696056 0
1679746562677 38.1509241060121 0
1679746601031 38.097491379012354 0
1679746641393 40.13649179099593 0
1679746681676 40.042824042961 0
1679746720694 38.7909955229843 0
1679746758986 38.04051641304977 0
1679746797513 38.28922350297216 0
1679746837503 39.765051107038744 0
1679746876958 39.21527699707076 0
1679746940739 39.13969794905279 0
1679746979925 38.964296160964295 0
1679747019207 39.04248409101274 0
1679747058617 39.17814634402748 0
1679747098137 39.291779722087085 0
1679747136659 38.28265732899308 0
1679747176401 39.49988100503106 0
1679747214827 38.18622735096142 0
1679747254450 39.39939634804614 0
1679747294222 39.52903886302374 0
1679747359262 38.74591218098067 0
1679747399435 39.9238338569412 0
1679747438910 39.2321929060854 0
1679747477376 38.23032656800933 0
1679747516881 39.27416363998782 0
1679747556168 39.05384118296206 0
1679747595664 39.26252168696374 0
1679747634420 38.50996903097257 0
1679747673511 38.83970035496168 0
1679747712961 39.214426924008876 0
1679747780424 39.825892694992945 0
1679747819502 38.82658824801911 0
1679747859363 39.617576988064684 0
1679747899902 40.298149126931094 0
1679747938996 38.84732178901322 0
1679747978586 39.32609824696556 0
1679748017590 38.760206094011664 0
1679748058048 40.196920820046216 0
1679748097332 39.04646332503762 0
1679748137471 39.907492753933184 0
1679748205559 38.645077103050426 0
1679748245536 39.67929556895979 0
1679748285910 40.11663711804431 0
1679748325490 39.32814548199531 0
1679748364498 38.7540993130533 0
1679748403856 39.10936950996984 0
1679748443194 39.08075678895693 0
1679748482680 39.23022280796431 0
1679748522039 39.10992759396322 0
1679748561834 39.538312530959956 0
1679748633934 40.81835672992747 0
1679748673987 39.79113370808773 0
1679748714131 39.887139733997174 0
1679748753983 39.58992954494897 0
1679748794057 39.82579040399287 0
1679748834366 40.04143399989698 0
1679748874201 39.58278618508484 0
1679748913457 38.99939507199451 0
1679748952702 38.98724709707312 0
1679748992215 39.25961622002069 0
1679749065030 39.72417023102753 0
1679749108899 43.60635710298084 0
1679749148111 38.95845092693344 0
1679749187978 39.59983167995233 0
1679749228019 39.78366748301778 0
1679749266985 38.707106016925536 0
1679749307582 40.341443395009264 0
1679749346618 38.78909657802433 0
1679749385965 39.08271078101825 0
1679749424995 38.772308854036964 0
1679749499564 39.45581634808332 0
1679749538913 39.070985898026265 0
1679749579067 39.89184953994118 0
1679749618315 38.98659694008529 0
1679749657592 38.99675420008134 0
1679749698773 40.907242581946775 0
1679749738473 39.439783163019456 0
1679749778104 39.360545638017356 0
1679749818290 39.919275152962655 0
1679749857604 39.05479953205213 0
1679749933591 39.065642455010675 0
1679749974127 40.269520270987414 0
1679750014241 39.81927988410462 0
1679750053382 38.8813133360818 0
1679750093795 40.15289157500956 0
1679750133383 39.30209485802334 0
1679750172529 38.88539376889821 0
1679750211405 38.61877264897339 0
1679750252218 40.51751509390306 0
1679750292453 39.95951758802403 0
1679750370468 39.13660894695204 0
1679750411110 40.37070029194001 0
1679750450754 39.359498342033476 0
1679750490967 39.91677200200502 0
1679750531536 40.298866917029954 0
1679750571202 39.38438445306383 0
1679750611809 40.3368414939614 0
1679750653098 41.0053345230408 0
1679750693350 39.97573258599732 0
1679750733046 39.43046461394988 0
1679750814288 40.354781507048756 0
1679750854024 39.42087686504237 0
1679750893598 39.28903453995008 0
1679750933904 40.02345214597881 0
1679750973710 39.518986350041814 0
1679751012658 38.67356720601674 0
1679751051704 38.750575887039304 0
1679751091785 39.79300106293522 0
1679751130564 38.49885822599754 0
1679751169846 39.00592216197401 0
1679751252413 39.68461428408045 0
1679751291995 39.30134356801864 0
1679751331441 39.15807242796291 0
1679751370871 39.15616095508449 0
1679751411522 40.370083736022934 0
1679751451381 39.568234715028666 0
1679751491153 39.50689711794257 0
1679751531249 39.828985888976604 0
1679751570257 38.72717644099612 0
1679751610028 39.48138328897767 0
1679751694597 39.903983700904064 0
1679751734116 39.24431861995254 0
1679751774375 39.97602174896747 0
1679751813790 39.12298839399591 0
1679751853607 39.53341139398981 0
1679751893441 39.544492578017525 0
1679751932839 39.119281477993354 0
1679751972357 39.220728681073524 0
1679752012201 39.55522908596322 0
1679752052970 40.47685262700543 0
1679752139707 39.811997964046896 0
1679752179404 39.42030130897183 0
1679752219949 40.24371648300439 0
1679752259988 39.763150193030015 0
1679752299628 39.35417754098307 0
1679752339329 39.406287446036 0
1679752379012 39.37190126592759 0
1679752418460 39.15958260791376 0
1679752457715 38.97455214802176 0
1679752497798 39.78476730501279 0
1679752587273 40.344172377022915 0
1679752627415 39.837573575088754 0
1679752667817 40.11903591500595 0
1679752707689 39.58194806904066 0
1679752747397 39.42262840690091 0
1679752786964 39.26527393597644 0
1679752827066 39.805060314014554 0
1679752866905 39.5452283390332 0
1679752907665 40.48599473503418 0
1679752947168 39.22095428395551 0
1679753037755 39.28950076806359 0
1679753077412 39.341828663949855 0
1679753117377 39.642098706099205 0
1679753158740 41.05955601693131 0
1679753200964 41.919890369987115 0
1679753240972 39.69039173098281 0
1679753281299 40.02800371404737 0
1679753321440 39.835122199961916 0
1679753360968 39.22440561710391 0
1679753401626 40.35799447703175 0
1679753495440 40.234240331919864 0
1679753535695 39.92416997789405 0
1679753576342 40.362100932048634 0
1679753616322 39.67713916499633 0
1679753656329 39.71179042197764 0
1679753695990 39.3465195359895 0
1679753735234 38.92593276000116 0
1679753774799 39.26857715798542 0
1679753814963 39.841407144092955 0
1679753855455 40.18252823501825 0
