1680216004272 14.53904802800389 0
1680216017714 13.140756011998747 0
1680216031058 13.021942486004264 0
1680216044570 13.191850865994638 0
1680216057020 12.147480366002128 0
1680216070202 12.865596971998457 0
1680216083405 12.907146600002307 0
1680216096754 13.038717755000107 0
1680216110056 12.998406324004463 0
1680216123437 13.080663243003073 0
1680216154503 19.826313758996548 0
1680216173968 19.156419733000803 0
1680216193823 19.54429973600054 0
1680216213720 19.583102677999705 0
1680216233747 19.718577002997336 0
1680216253917 19.85112682700128 0
1680216273972 19.742053832000238 0
1680216293786 19.504023971996503 0
1680216313621 19.522039241004677 0
1680216333333 19.408946930001548 0
1680216368437 22.029249384999275 0
1680216391735 22.968131146000815 0
1680216414204 22.139849075996608 0
1680216436966 22.4495569300052 0
1680216459575 22.301119793999533 0
1680216482241 22.339677713003766 0
1680216505370 22.814300149999326 0
1680216528358 22.6889963729991 0
1680216551037 22.355275483001606 0
1680216574088 22.74927672099875 0
1680216613288 25.4612300650042 0
1680216638504 24.908062543996493 0
1680216664441 25.62058439700195 0
1680216689077 24.320418267001514 0
1680216714306 24.9432912150005 0
1680216739812 25.182256395994045 0
1680216765430 25.297996971996326 0
1680216791207 25.470707148997462 0
1680216816250 24.735171825006546 0
1680216841834 25.256496187997982 0
1680216880183 24.18907496400061 0
1680216905270 24.78771306999988 0
1680216930053 24.45890001099906 0
1680216955150 24.810585318999074 0
1680216980218 24.76998313900549 0
1680217004915 24.405838263999613 0
1680217029264 24.032006007997552 0
1680217053750 24.191715469001792 0
1680217078276 24.21420384000521 0
1680217102919 24.318188097997336 0
1680217153187 37.4679733189987 0
1680217190723 37.20649091899395 0
1680217228662 37.61621912999544 0
1680217266645 37.63489071699587 0
1680217304251 37.28578244500386 0
1680217342607 38.02238621500146 0
1680217380457 37.51816173100087 0
1680217418514 37.71723752100661 0
1680217455327 36.46313503800047 0
1680217493393 37.73467817900382 0
1680217537743 26.51758753699687 0
1680217564457 26.407359861004807 0
1680217591147 26.36765708200255 0
1680217618384 26.95185718400171 0
1680217645340 26.650736506999237 0
1680217672033 26.398152424000727 0
1680217698815 26.463452392999898 0
1680217725467 26.342412120997324 0
1680217752475 26.69802218300174 0
1680217779493 26.70877909900446 0
1680217803061 10.788477215995954 0
1680217814066 10.746174428000813 0
1680217825192 10.835274421995564 0
1680217836298 10.83070190500439 0
1680217847231 10.644831500998407 0
1680217858341 10.853468913999677 0
1680217869569 10.920455470994057 0
1680217880817 10.961972342003719 0
1680217891996 10.899003992999496 0
1680217903386 11.113980645000993 0
1680217945756 35.896680195000954 0
1680217981566 35.48494700399897 0
1680218017901 35.999566840000625 0
1680218053925 35.72329174699553 0
1680218089915 35.672249257004296 0
1680218125917 35.710013017000165 0
1680218161733 35.493340006003564 0
1680218197801 35.767587520000234 0
1680218233787 35.66535272599867 0
1680218269502 35.39212098799908 0
1680218296453 11.663420707001933 0
1680218308626 11.900144653998723 0
1680218320748 11.77927410400298 0
1680218332889 11.891729864000808 0
1680218345154 11.995751322996512 0
1680218357243 11.818408020000788 0
1680218369214 11.697033322001516 0
1680218381062 11.572520673005783 0
1680218393150 11.823780454004009 0
1680218405305 11.894436885995674 0
1680218424661 12.182103914004983 0
1680218437529 12.6045361600045 0
1680218449721 11.936022343004879 0
1680218462182 12.182449111998721 0
1680218474496 12.058729118994961 0
1680218486850 12.092051663996244 0
1680218499131 12.026937552000163 0
1680218511920 12.522133629994642 0
1680218524040 11.845063212000241 0
1680218536387 12.04686960199615 0
1680218555526 12.051440099996398 0
1680218568279 12.487623636996432 0
1680218581122 12.57714881299762 0
1680218593631 12.227357768999354 0
1680218606526 12.619888346998778 0
1680218619418 12.634121841998422 0
1680218632086 12.398606299000676 0
1680218645053 12.702452889003325 0
1680218657955 12.618404604996613 0
1680218670661 12.439468561002286 0
1680218691446 13.672164167997835 0
1680218705104 13.411710820000735 0
1680218718487 13.115950273000635 0
1680218731775 13.000775895998231 0
1680218745471 13.398441363999154 0
1680218758724 12.96056914699875 0
1680218772495 13.47474486000283 0
1680218786416 13.645473637996474 0
1680218799670 12.996881800005212 0
1680218813155 13.199610707997635 0
