1680216004264 0.02607083077596882 0
1680216017706 0.0018491296173671885 0
1680216031043 0.0004814440435819823 0
1680216044563 0.0002666583197295621 0
1680216057012 0.0003953917264913479 0
1680216070184 0.000180159293623637 0
1680216083395 0.0006421719066523001 0
1680216096747 0.0002113126031108264 0
1680216110049 0.00014303701099074645 0
1680216123428 0.00011364665177678711 0
1680216154496 0.0016871315510135056 0
1680216173961 0.00017850781555477327 0
1680216193815 0.0001489144864039074 0
1680216213712 0.00011075681492227115 0
1680216233738 0.00011684104227191885 0
1680216253912 7.05266698069596e-05 0
1680216273964 0.0002794461684395457 0
1680216293776 8.630664139149021e-05 0
1680216313614 4.0715757115688746e-05 0
1680216333326 7.791880581338491e-05 0
1680216368431 0.0029041522208054643 0
1680216391719 0.000403156432763851 0
1680216414193 3.704585272707447e-05 0
1680216436960 6.481789938102159e-05 0
1680216459568 2.6332118744846998e-05 0
1680216482234 2.214307310328965e-05 0
1680216505363 3.056417051814713e-05 0
1680216528349 2.527528304346254e-05 0
1680216551028 1.2680534829264752e-05 0
1680216574079 1.4538699734735429e-05 0
1680216613278 0.004892724819654458 0
1680216638496 0.0004051625920297597 0
1680216664432 0.00015358439574443986 0
1680216689068 5.9731198371829665e-05 0
1680216714300 3.884350589763384e-05 0
1680216739802 5.612614467040956e-05 0
1680216765423 4.286014570663905e-05 0
1680216791200 2.0801883564012902e-05 0
1680216816237 2.490982908397042e-05 0
1680216841825 2.410888574193988e-05 0
1680216880177 0.00040140335940197264 0
1680216905262 3.446578007888507e-05 0
1680216930044 3.667509616691106e-05 0
1680216955143 3.452351471264043e-05 0
1680216980210 3.312472593836538e-05 0
1680217004904 3.1481861067557756e-05 0
1680217029249 5.265553782592251e-05 0
1680217053743 2.19433196521863e-05 0
1680217078266 1.9958216903243943e-05 0
1680217102907 1.3291023785665002e-05 0
1680217153176 0.035485828068169474 0
1680217190713 0.007402615365889327 0
1680217228655 0.0024971727506448963 0
1680217266634 0.0012161747765980795 0
1680217304244 0.0014534066143996774 0
1680217342597 0.0006816624599546662 0
1680217380448 0.00048543006090381294 0
1680217418505 0.00017440351972200377 0
1680217455308 0.0003144807501595135 0
1680217493384 0.00010971508903113865 0
1680217537734 0.011056150969256617 0
1680217564447 0.0007854003852224191 0
1680217591131 0.0013924541810577367 0
1680217618378 0.0003508731410606756 0
1680217645333 0.00021807004302170426 0
1680217672026 0.0001252924476712184 0
1680217698803 9.0214780833411e-05 0
1680217725460 8.67024937085039e-05 0
1680217752465 0.0001337173574211729 0
1680217779485 7.215311397832013e-05 0
1680217803041 0.14235826754786135 0
1680217814058 0.0194877847795147 0
1680217825178 0.005382872912426226 0
1680217836290 0.006039306968436381 0
1680217847219 0.00364627442600188 0
1680217858334 0.004006470290580054 0
1680217869560 0.000877967029334761 0
1680217880809 0.00039229560985984033 0
1680217891987 0.0021683431549983684 0
1680217903378 0.00021311176599343864 0
1680217945741 0.058843517872474035 0
1680217981549 0.0029868053024436902 0
1680218017891 0.0016180657523117883 0
1680218053917 0.0008073053073316633 0
1680218089904 0.0005229288661959849 0
1680218125909 0.00412388544907771 0
1680218161725 0.0012445720585719869 0
1680218197794 0.0006413310490226062 0
1680218233778 0.0007795388527732196 0
1680218269494 0.0004582481939579888 0
1680218296446 0.1569744115508452 0
1680218308617 0.0006562627619265903 0
1680218320741 0.000828410053629441 0
1680218332882 0.0002648546605412592 0
1680218345147 0.0006626552469342725 0
1680218357235 0.00025648624312352614 0
1680218369206 0.0002419842005127383 0
1680218381052 0.00014021427848818498 0
1680218393143 0.00021785523625221019 0
1680218405292 0.00018328307287280508 0
1680218424653 0.0361175727698887 0
1680218437521 0.0028058701814538487 0
1680218449713 0.000926351958696614 0
1680218462174 0.0007239138307900598 0
1680218474488 0.0016264300487679206 0
1680218486834 0.0005224261345714554 0
1680218499124 0.0003575999292549498 0
1680218511905 0.00030799368274669035 0
1680218524032 0.00024272477339064397 0
1680218536377 0.00027232091598797036 0
1680218555518 0.11014741896360647 0
1680218568271 0.009777347476231695 0
1680218581107 0.0036257118100855644 0
1680218593618 0.002258642558584912 0
1680218606517 0.0020614923242437025 0
1680218619410 0.0014083892530414653 0
1680218632070 0.0012777007155259175 0
1680218645041 0.0011602796778158965 0
1680218657946 0.0008030693093482674 0
1680218670653 0.00043874016395980457 0
1680218691438 0.01695606105875833 0
1680218705096 0.0014849949713187436 0
1680218718479 0.0008200933755758272 0
1680218731767 0.0005148991780375722 0
1680218745454 0.0005582528452718039 0
1680218758714 0.0005726181965516075 0
1680218772483 0.0006440366869355785 0
1680218786407 0.0005295967959962302 0
1680218799662 0.00031425582864568033 0
1680218813147 0.00020958551962953957 0
