1680216004253 0.9885471204188482 0
1680216017695 0.9997545811518325 0
1680216031022 1.0 0
1680216044552 1.0 0
1680216057000 0.9999181937172775 0
1680216070173 1.0 0
1680216083385 0.9998363874345549 0
1680216096736 1.0 0
1680216110030 1.0 0
1680216123413 1.0 0
1680216154484 0.9997152619589977 0
1680216173950 1.0 0
1680216193804 1.0 0
1680216213701 1.0 0
1680216233725 1.0 0
1680216253901 1.0 0
1680216273952 0.9999288154897494 0
1680216293763 1.0 0
1680216313602 1.0 0
1680216333314 1.0 0
1680216368420 0.9994226327944573 0
1680216391705 0.9999278290993071 0
1680216414177 1.0 0
1680216436950 1.0 0
1680216459558 1.0 0
1680216482224 1.0 0
1680216505352 1.0 0
1680216528335 1.0 0
1680216551015 1.0 0
1680216574068 1.0 0
1680216613265 0.9991930751173709 0
1680216638485 0.9998532863849765 0
1680216664422 1.0 0
1680216689055 1.0 0
1680216714290 1.0 0
1680216739788 1.0 0
1680216765412 1.0 0
1680216791188 1.0 0
1680216816223 1.0 0
1680216841811 1.0 0
1680216880166 0.9999162198391421 0
1680216905250 1.0 0
1680216930028 1.0 0
1680216955132 1.0 0
1680216980198 1.0 0
1680217004891 1.0 0
1680217029235 1.0 0
1680217053732 1.0 0
1680217078251 1.0 0
1680217102899 1.0 0
1680217153162 0.9893505586592178 0
1680217190698 0.9971485102420856 0
1680217228643 0.9993016759776536 0
1680217266622 0.9997672253258846 0
1680217304234 0.9997672253258846 0
1680217342583 0.9998254189944135 0
1680217380436 0.9999418063314711 0
1680217418492 1.0 0
1680217455292 0.9999418063314711 0
1680217493371 1.0 0
1680217537723 0.9976954277286135 0
1680217564431 0.9999078171091446 0
1680217591117 0.9995390855457227 0
1680217618367 0.9999078171091446 0
1680217645324 1.0 0
1680217672015 1.0 0
1680217698788 1.0 0
1680217725449 1.0 0
1680217752450 1.0 0
1680217779473 1.0 0
1680217803021 0.9693030973451328 0
1680217814048 0.9952986725663717 0
1680217825157 0.9988938053097345 0
1680217836278 0.9988938053097345 0
1680217847200 0.9988938053097345 0
1680217858322 0.9988938053097345 0
1680217869548 0.9997234513274337 0
1680217880790 1.0 0
1680217891975 0.9988938053097345 0
1680217903367 1.0 0
1680217945727 0.9877819548872181 0
1680217981526 0.9992167919799498 0
1680218017874 0.9998433583959899 0
1680218053906 0.9997650375939849 0
1680218089888 0.999921679197995 0
1680218125897 0.9990601503759399 0
1680218161712 0.99968671679198 0
1680218197782 0.999921679197995 0
1680218233766 0.9998433583959899 0
1680218269479 0.999921679197995 0
1680218296435 0.9684633027522935 0
1680218308604 1.0 0
1680218320730 0.9997133027522935 0
1680218332874 1.0 0
1680218345138 0.9997133027522935 0
1680218357224 1.0 0
1680218369194 1.0 0
1680218381035 1.0 0
1680218393132 1.0 0
1680218405281 1.0 0
1680218424643 0.9906850961538461 0
1680218437508 0.9987980769230769 0
1680218449700 1.0 0
1680218462163 1.0 0
1680218474477 0.9993990384615384 0
1680218486820 1.0 0
1680218499112 1.0 0
1680218511888 1.0 0
1680218524021 1.0 0
1680218536363 1.0 0
1680218555507 0.9693509615384616 0
1680218568261 0.9963942307692307 0
1680218581095 0.9990985576923077 0
1680218593603 0.9996995192307693 0
1680218606505 0.9996995192307693 0
1680218619399 0.9996995192307693 0
1680218632059 0.9993990384615384 0
1680218645030 0.9996995192307693 0
1680218657932 0.9996995192307693 0
1680218670642 1.0 0
1680218691427 0.9951923076923077 0
1680218705085 0.9996995192307693 0
1680218718467 1.0 0
1680218731759 1.0 0
1680218745433 1.0 0
1680218758700 1.0 0
1680218772461 1.0 0
1680218786391 1.0 0
1680218799650 1.0 0
1680218813136 1.0 0
