1679786105634 0.06182079374186328 0
1679786168671 0.015973975953908006 0
1679786232074 0.010570482803735412 0
1679786294997 0.012295841005022084 0
1679786358381 0.008810560626726558 0
1679786421582 0.00766133561688186 0
1679786484979 0.003917130814459142 0
1679786548589 0.007726087543630516 0
1679786610991 0.0024746106413989365 0
1679786674785 0.005246395638437268 0
1679786715059 0.36294710892491805 0
1679786736051 0.02001125881507654 0
1679786757320 0.016643562320738884 0
1679786778703 0.005549825031133051 0
1679786799721 0.00247564092950316 0
1679786821334 0.006688748718985318 0
1679786843255 0.00796216195576273 0
1679786864776 0.008426948918067317 0
1679786886352 0.0009256312627882877 0
1679786907116 0.006449577454214477 0
1679786949031 0.41406538932939824 0
1679786970526 0.045017381436932326 0
1679786992275 0.019940207576133122 0
1679787013728 0.015952987192407654 0
1679787035727 0.008959748090155203 0
1679787056996 0.004846919737194681 0
1679787078202 0.015047070366922443 0
1679787099773 0.010516668836024192 0
1679787121255 0.012262590191148774 0
1679787142708 0.0032411890150325774 0
1679787185511 0.5047365682737612 0
1679787206671 0.07883639280863884 0
1679787228089 0.03340817841204219 0
1679787250344 0.023852408243183645 0
1679787274224 0.015136797301719983 0
1679787296316 0.014787924979601878 0
1679787317758 0.017493329744224313 0
1679787338761 0.01535172727889102 0
1679787360417 0.013506354499117535 0
1679787381703 0.007155465051501057 0
1679787426508 0.5498014256852595 0
1679787447823 0.10689494290693917 0
1679787469467 0.04160840254861184 0
1679787491100 0.025132253991487562 0
1679787512289 0.027130325397884007 0
1679787533396 0.013156229560530681 0
1679787554592 0.020656851652245015 0
1679787576136 0.018866812875862126 0
1679787597408 0.012511376654143203 0
1679787618815 0.02052770610879154 0
1679787665437 0.5993442786796527 0
1679787687348 0.08704606676673178 0
1679787709041 0.03510968964075966 0
1679787730790 0.02731974475759886 0
1679787752145 0.01631092853399142 0
1679787773600 0.014342960560601734 0
1679787795164 0.0215762241661075 0
1679787816417 0.013346662624870078 0
1679787838102 0.01636180186995956 0
1679787859171 0.0055824625523115505 0
1679787907299 0.6127293902232631 0
1679787928408 0.11257027437558165 0
1679787949967 0.04103453668920422 0
1679787971588 0.0324422313418551 0
1679787993405 0.018733571921998936 0
1679788014716 0.023974527174255567 0
1679788035886 0.01893373520255578 0
1679788057490 0.019564628341540366 0
1679788078641 0.018908628748174033 0
1679788100036 0.015343064814003373 0
1679788150664 0.6222288071024409 0
1679788172178 0.11625372114777395 0
1679788194022 0.04714638576016108 0
1679788215741 0.024626833886132755 0
1679788237077 0.03112618806219894 0
1679788258781 0.023996975443213834 0
1679788280246 0.019129398449489843 0
1679788301830 0.020045327434670523 0
1679788323261 0.019643185331210303 0
1679788344308 0.012201159930473111 0
1679788395901 0.6498213005621325 0
1679788417269 0.11641983185522259 0
1679788438693 0.0518777252713811 0
1679788459987 0.027746569068573246 0
1679788481330 0.027748514868366658 0
1679788502765 0.023844420758573424 0
1679788524341 0.025420786569231 0
1679788545219 0.022207561618381905 0
1679788567390 0.018458688736971287 0
1679788588644 0.02561242842942672 0
1679788642929 0.8565685424124916 0
1679788664641 0.1859121792840084 0
1679788685691 0.07400425981475525 0
1679788707413 0.04310809079659604 0
1679788728797 0.03980904450121966 0
1679788750434 0.0265013963862762 0
1679788772382 0.0346638667033476 0
1679788794478 0.027249515184469567 0
1679788816011 0.024703574177950632 0
1679788837650 0.025520553811295758 0
1679788893141 0.7204177906540307 0
1679788914846 0.1338163343888115 0
1679788936322 0.051265023342037405 0
1679788958862 0.034212589195167474 0
1679788980435 0.027552179466276853 0
1679789001649 0.022881876004275083 0
1679789023322 0.026322946157322308 0
1679789044651 0.018668735056077076 0
1679789066493 0.019061098149461032 0
1679789088685 0.024035828584055046 0
1679789146097 0.766308856047163 0
1679789167414 0.1286073479762285 0
1679789189297 0.0490557388174466 0
1679789210715 0.03432385701678987 0
1679789232716 0.02754583557021249 0
1679789254221 0.03135682626581467 0
1679789276506 0.026147225681498142 0
1679789298772 0.02541611475464902 0
1679789320192 0.017429582837927487 0
1679789341797 0.019339787314682694 0
1679789401158 0.792105459213452 0
1679789422884 0.16557523300928847 0
1679789444815 0.06917261516623857 0
1679789466263 0.045905896768635546 0
1679789488544 0.0373823853355208 0
1679789510935 0.03766387921211534 0
1679789532162 0.02250140936459625 0
1679789553843 0.026859486056064016 0
1679789575431 0.027420938278490785 0
1679789597417 0.024854276872784246 0
1679789659809 0.9620652033122903 0
1679789681258 0.1831314983713366 0
1679789703115 0.06799053883514534 0
1679789724916 0.04954175706101918 0
1679789746746 0.04382681160955887 0
1679789768223 0.03363234225513255 0
1679789790251 0.042024920194612264 0
1679789812775 0.018998342364277294 0
1679789834293 0.03235615572229268 0
1679789856175 0.025827943655011724 0
1679789919895 0.9526935124670525 0
1679789941480 0.1955113367407793 0
1679789963633 0.0761966285706976 0
1679789985191 0.05653471667436439 0
1679790007042 0.04343146905415668 0
1679790028389 0.044364225052811145 0
1679790050063 0.04368460686047278 0
1679790071362 0.02387544222020671 0
1679790092824 0.031170163930370504 0
1679790114757 0.028831164534117514 0
1679790180501 1.022779246695233 0
1679790202949 0.18574941240676182 0
1679790224719 0.08306429299895778 0
1679790246427 0.06200477354479164 0
1679790268320 0.04813998373533161 0
1679790289770 0.04627545963812752 0
1679790311578 0.05256406681729211 0
1679790333172 0.03762683131835574 0
1679790355439 0.039175360293565206 0
1679790377259 0.03515605493746064 0
1679790444731 1.238785676609386 0
1679790466234 0.3445161128802733 0
1679790487797 0.14938899718834595 0
1679790509617 0.09475831969556484 0
1679790532028 0.07317883283670314 0
1679790554170 0.06491224419613453 0
1679790576392 0.0634849917632951 0
1679790598276 0.054708692757751455 0
1679790620004 0.054456474370492454 0
1679790641759 0.052351823249598965 0
1679790711548 1.1312150705738397 0
1679790733381 0.19886721846074892 0
1679790757404 0.0916769772468493 0
1679790780646 0.05397295383011814 0
1679790802598 0.056197007990717224 0
1679790824414 0.05173561479715879 0
1679790846688 0.0618815890639279 0
1679790868626 0.03278395345049252 0
1679790890720 0.04592370684720298 0
1679790912187 0.038660612043787956 0
1679790983605 1.1280175371921781 0
1679791004761 0.2999987863082107 0
1679791026824 0.12738125686576848 0
1679791049150 0.07763467787939647 0
1679791070981 0.07375298953018267 0
1679791092588 0.06834772410835989 0
1679791114549 0.05727368108761397 0
1679791136217 0.054417155771799494 0
1679791158549 0.04610770962719514 0
1679791180600 0.0442557539755941 0
1679791254958 1.2401482425269335 0
1679791276879 0.2901219545046994 0
1679791299347 0.12622552085481542 0
1679791321512 0.08116561387358376 0
1679791343730 0.062182339274746416 0
1679791365242 0.0712476908002971 0
1679791387282 0.05804111312140752 0
1679791409118 0.04990352995276187 0
1679791431077 0.049476409257838645 0
1679791452996 0.05213978875953061 0
