1679786105642 63.833103355020285 0
1679786168680 62.697229966986924 0
1679786232081 63.07387303002179 0
1679786295002 62.59550975298043 0
1679786358388 63.06365322996862 0
1679786421592 62.8685441800626 0
1679786484983 63.07358495204244 0
1679786548596 63.27189354109578 0
1679786611002 62.06869173399173 0
1679786674793 63.46915049897507 0
1679786715070 20.993777154944837 0
1679786736056 20.80544872104656 0
1679786757328 21.095149745000526 0
1679786778709 21.216265524970368 0
1679786799731 20.850579279009253 0
1679786821341 21.426825482049026 0
1679786843261 21.749771779053845 0
1679786864783 21.34433212701697 0
1679786886363 21.384790817974135 0
1679786907124 20.568613598006777 0
1679786949037 21.31937897298485 0
1679786970533 21.32834421400912 0
1679786992281 21.591066872002557 0
1679787013734 21.27586841105949 0
1679787035733 21.813021573005244 0
1679787057005 21.104954854003154 0
1679787078210 21.010386889101937 0
1679787099779 21.419130625901744 0
1679787121260 21.304385042982176 0
1679787142714 21.28108439897187 0
1679787185517 20.632835763972253 0
1679787206677 21.00187258096412 0
1679787228102 21.236742989043705 0
1679787250350 22.07005229103379 0
1679787274230 23.688883091090247 0
1679787296323 21.932284925947897 0
1679787317764 21.265793579048477 0
1679787338767 20.832179922028445 0
1679787360423 21.481924019986764 0
1679787381717 21.10539603594225 0
1679787426514 20.746794344042428 0
1679787447830 21.125354818999767 0
1679787469480 21.47746421501506 0
1679787491106 21.441196542000398 0
1679787512299 21.00458776205778 0
1679787533404 20.93515523301903 0
1679787554598 21.0128457499668 0
1679787576142 21.3810655050911 0
1679787597413 21.078803956042975 0
1679787618821 21.214589835959487 0
1679787665443 21.298430038965307 0
1679787687355 21.718546560034156 0
1679787709048 21.500001727952622 0
1679787730804 21.54213147505652 0
1679787752152 21.14594759501051 0
1679787773607 21.293874853057787 0
1679787795171 21.380671160994098 0
1679787816425 21.078082027030177 0
1679787838114 21.488650419050828 0
1679787859180 20.854486737051047 0
1679787907305 21.160537102958187 0
1679787928414 20.89760474592913 0
1679787949980 21.354933627997525 0
1679787971595 21.414867402985692 0
1679787993412 21.62569308897946 0
1679788014722 21.135827158926986 0
1679788035892 20.981021435000002 0
1679788057496 21.406415738048963 0
1679788078655 20.950607210979797 0
1679788100043 21.18670216598548 0
1679788150672 21.608800176996738 0
1679788172185 21.313861003960483 0
1679788194040 21.623906849999912 0
1679788215748 21.509541783016175 0
1679788237084 21.144457375979982 0
1679788258792 21.492040597018786 0
1679788280260 21.252202171017416 0
1679788301837 21.377742291078903 0
1679788323267 21.239112591953017 0
1679788344315 20.881177474046126 0
1679788395908 21.397353613050655 0
1679788417276 21.173694118042476 0
1679788438707 21.218706842977554 0
1679788459994 21.085157777997665 0
1679788481337 21.1518514319323 0
1679788502772 21.22858771495521 0
1679788524348 21.37569891603198 0
1679788545225 20.676573106087744 0
1679788567398 21.97035611094907 0
1679788588654 21.03916514699813 0
1679788642936 21.78566547902301 0
1679788664648 21.496190669946373 0
1679788685699 20.83781147992704 0
1679788707421 21.523631484946236 0
1679788728805 21.16932204202749 0
1679788750442 21.44177854002919 0
1679788772390 21.728403148939833 0
1679788794485 21.91283610893879 0
1679788816018 21.328569969977252 0
1679788837661 21.409292263910174 0
1679788893151 21.04466280795168 0
1679788914854 21.508480224991217 0
1679788936329 21.254567528958432 0
1679788958870 22.31991101591848 0
1679788980442 21.37258666998241 0
1679789001657 21.026666012010537 0
1679789023330 21.456481699016877 0
1679789044658 21.11904661997687 0
1679789066501 21.63286752998829 0
1679789088696 21.968103295075707 0
1679789146105 21.100358252995647 0
1679789167421 21.112698971061036 0
1679789189305 21.67303024698049 0
1679789210723 21.2038766030455 0
1679789232723 21.793539294041693 0
1679789254228 21.278603711049072 0
1679789276513 22.056417120969854 0
1679789298782 22.03806733491365 0
1679789320201 21.199759687995538 0
1679789341811 21.368121800012887 0
1679789401171 21.432350905961357 0
1679789422898 21.506396636017598 0
1679789444822 21.713485153974034 0
1679789466271 21.238626268925145 0
1679789488552 22.072406208026223 0
1679789510945 22.15759474306833 0
1679789532170 21.030450570979156 0
1679789553850 21.45698536990676 0
1679789575442 21.35729928605724 0
1679789597430 21.757218617014587 0
1679789659818 22.173074816935696 0
1679789681266 21.246975639951415 0
1679789703129 21.644773514941335 0
1679789724924 21.570170311024413 0
1679789746754 21.613842585938983 0
1679789768231 21.251055203960277 0
1679789790259 21.790769736049697 0
1679789812783 22.295351969078183 0
1679789834307 21.28657091408968 0
1679789856182 21.67387714306824 0
1679789919908 21.785573249915615 0
1679789941496 21.33923749998212 0
1679789963648 21.893619351903908 0
1679789985199 21.325150083983317 0
1679790007052 21.628655583015643 0
1679790028406 21.111409299075603 0
1679790050072 21.448747953982092 0
1679790071371 21.063497712020762 0
1679790092834 21.243039869936183 0
1679790114766 21.71545361704193 0
1679790180509 21.719028694089502 0
1679790202957 22.204778944025747 0
1679790224728 21.545200746972114 0
1679790246436 21.473880434059538 0
1679790268328 21.645647209021263 0
1679790289786 21.1926067849854 0
1679790311586 21.574754078057595 0
1679790333183 21.37266713695135 0
1679790355452 22.01535393600352 0
1679790377272 21.578996733063832 0
1679790444740 21.168460537912324 0
1679790466246 21.252384240040556 0
1679790487807 21.307594294077717 0
1679790509625 21.590714646037668 0
1679790532038 22.17879839602392 0
1679790554178 21.91355038108304 0
1679790576400 21.98087016493082 0
1679790598285 21.646261258982122 0
1679790620012 21.529375970945694 0
1679790641768 21.53997798706405 0
1679790711557 21.449234048021026 0
1679790733390 21.59543061594013 0
1679790757414 23.77516423992347 0
1679790780655 23.00755385006778 0
1679790802607 21.70451669592876 0
1679790824426 21.577443237998523 0
1679790846697 22.032252560020424 0
1679790868639 21.695250427001156 0
1679790890733 21.828471090993844 0
1679790912200 21.21012681897264 0
1679790983614 21.28665618703235 0
1679791004771 20.915772460983135 0
1679791026833 21.818751465994865 0
1679791049162 22.061516485991888 0
1679791070990 21.586234780028462 0
1679791092597 21.36214507801924 0
1679791114558 21.72018459008541 0
1679791136226 21.43056136299856 0
1679791158571 22.07176103803795 0
1679791180610 21.796762744896114 0
1679791254968 21.735373741015792 0
1679791276889 21.664759380975738 0
1679791299356 22.227863937965594 0
1679791321527 21.921660123975016 0
1679791343739 21.95862060796935 0
1679791365251 21.252898502047174 0
1679791387291 21.796739358920604 0
1679791409127 21.592265213956125 0
1679791431087 21.70750512101222 0
1679791453010 21.68722199893091 0
