1679251544450 0.3665750456206939 0
1679251548353 0.13683450566239508 0
1679251552313 0.0827838368040473 0
1679251556309 0.07498622840834215 0
1679251560332 0.049073879138507207 0
1679251564185 0.024138669345120434 0
1679251568234 0.06982438134796479 0
1679251572160 0.016266337014374087 0
1679251576171 0.007163107240290521 0
1679251580150 0.02746484854758498 0
1679251599590 0.2913047393352338 0
1679251606895 0.05356270234986413 0
1679251613966 0.04671075276990717 0
1679251621265 0.018226632999154033 0
1679251628343 0.009235913539660254 0
1679251635510 0.029149376469001988 0
1679251642702 0.021566126000799136 0
1679251649816 0.00702720947777313 0
1679251656848 0.002952330628476175 0
1679251664102 0.03152591535469649 0
1679251686616 0.36428901352934806 0
1679251696846 0.05193754512090873 0
1679251706850 0.02561356637380215 0
1679251717132 0.029671636706475792 0
1679251727238 0.022700966237524694 0
1679251737233 0.021950371080424778 0
1679251747597 0.019937353177590135 0
1679251756996 0.005625138765210026 0
1679251767221 0.00822249974998623 0
1679251777620 0.023673424517409676 0
1679251803206 0.3458272874985662 0
1679251816412 0.06131131401663169 0
1679251829820 0.05368205693567444 0
1679251843315 0.028410862166599212 0
1679251856626 0.02113594703251005 0
1679251869971 0.024773536373526795 0
1679251883362 0.021960593559782776 0
1679251896791 0.019145081672064496 0
1679251910033 0.015442209703644216 0
1679251923384 0.02169479171547786 0
1679251952618 0.40471043444449606 0
1679251969051 0.07137385689793518 0
1679251985251 0.03438352600446137 0
1679252001284 0.028466648250585536 0
1679252017466 0.020260225680807764 0
1679252033729 0.031672032589767696 0
1679252049869 0.018736131794931055 0
1679252066202 0.019437723559821762 0
1679252082694 0.01629954125028732 0
1679252098874 0.030175536565003824 0
1679252130392 0.37883095960473506 0
1679252149923 0.07115820902447043 0
1679252169474 0.035901476887984174 0
1679252188965 0.023750928569501322 0
1679252208373 0.033259811535431734 0
1679252228165 0.019561045201218687 0
1679252246946 0.024070865387208564 0
1679252266605 0.0209875809679795 0
1679252286102 0.02131673477736668 0
1679252305820 0.0130016773889739 0
1679252340934 0.3758287103892068 0
1679252363771 0.0853107619141637 0
1679252386299 0.04178736696204728 0
1679252408930 0.039193307781079816 0
1679252431419 0.027279162436467046 0
1679252453781 0.018982192039772312 0
1679252476856 0.03068559304554071 0
1679252498914 0.019859165663504104 0
1679252521105 0.0243194762898234 0
1679252543949 0.0195701455676471 0
1679252582761 0.35980450133849845 0
1679252607943 0.08336400777586343 0
1679252632780 0.04614547779467724 0
1679252657842 0.03466578215905806 0
1679252683855 0.04154752233225736 0
1679252709794 0.022232868912319313 0
1679252734453 0.015350723708571622 0
1679252758967 0.031045278555930277 0
1679252783364 0.020613617759519868 0
1679252808047 0.016255018034034282 0
1679252850993 0.4092471171109932 0
1679252877912 0.10036919480716892 0
1679252905316 0.056534677887318266 0
1679252932745 0.041250921648557856 0
1679252960472 0.032495194412083414 0
1679252988324 0.029432163527832126 0
1679253017823 0.02855877614728168 0
1679253045447 0.01897523193016233 0
1679253073023 0.02388063080392048 0
1679253100991 0.028773755839660263 0
1679253144501 0.39130162810906766 0
1679253177066 0.1352496683516074 0
1679253207027 0.07522530923745163 0
1679253237613 0.055103071897358795 0
1679253268512 0.044190788232315356 0
1679253299491 0.02968796675286906 0
1679253331526 0.028820012546589502 0
1679253362359 0.02972763232832665 0
1679253393316 0.029907706923894273 0
1679253423571 0.021584173429556115 0
1679253471417 0.43293831161725344 0
1679253506942 0.14740982289899326 0
1679253539582 0.08302429051655828 0
1679253573215 0.05584680058166456 0
1679253607132 0.04401606836371852 0
1679253642049 0.03703769985310589 0
1679253675274 0.03505695728996758 0
1679253709022 0.027725950929031587 0
1679253742421 0.02974967450953058 0
1679253776117 0.030385835488561226 0
1679253828485 0.4365515000974437 0
1679253864635 0.15876915201088557 0
1679253901380 0.0969863613295108 0
1679253937252 0.06824925368848264 0
1679253975331 0.04939678897011127 0
1679254012200 0.04428240039273164 0
1679254048210 0.034098164307997454 0
1679254084975 0.03708935527518024 0
1679254122826 0.03151927129100827 0
1679254159237 0.03374644097723651 0
1679254212199 0.43251408848755024 0
1679254251474 0.19339900913551192 0
1679254292948 0.12773260638260667 0
1679254332049 0.09731162816646949 0
1679254371644 0.06465771024255379 0
1679254411256 0.05285216203765811 0
1679254452913 0.04464304271735069 0
1679254493028 0.04275601397124745 0
1679254532872 0.04366562029048679 0
1679254572761 0.0333607379439037 0
1679254630562 0.44782637332599806 0
1679254672877 0.209202938459549 0
1679254715429 0.1470337507265548 0
1679254759855 0.10133494671995487 0
1679254801842 0.07329457932296603 0
1679254844586 0.05538945373846623 0
1679254886729 0.05534713246988429 0
1679254931257 0.048874636067516186 0
1679254973598 0.041530062519643994 0
1679255016987 0.041505026359521156 0
1679255075971 0.4394708550117319 0
1679255123535 0.1970613546347335 0
1679255168370 0.13972788027085617 0
1679255213491 0.09738465305716762 0
1679255260262 0.07564761385629913 0
1679255305607 0.059423977400824765 0
1679255351549 0.055691468533519 0
1679255397284 0.04987268455507311 0
1679255444600 0.043082572955522966 0
1679255489895 0.0504074788940125 0
1679255553050 0.4548898841808326 0
1679255603259 0.23453901713460884 0
1679255654317 0.1757437966631738 0
1679255704434 0.14700903569072266 0
1679255753499 0.11291252515242363 0
1679255804921 0.0928262124177665 0
1679255852929 0.07731861711702942 0
1679255901319 0.06828944524395406 0
1679255952900 0.05979600082784072 0
1679256001144 0.05592506777584958 0
1679256067596 0.4611548061894868 0
1679256121112 0.24411801883559398 0
1679256173287 0.1842614174122258 0
1679256224299 0.15036678340674445 0
1679256276546 0.11838144068291379 0
1679256328098 0.10034446669899999 0
1679256380607 0.08849956440476198 0
1679256434041 0.07370146081316015 0
1679256485185 0.06786534108207413 0
1679256536747 0.05974516484237471 0
1679256606194 0.47669300073071635 0
1679256660329 0.2625110469224236 0
1679256716814 0.19512154730990375 0
1679256771104 0.1513805593314625 0
1679256824937 0.12369381799315302 0
1679256880386 0.10824301823761635 0
1679256934726 0.08635463675520386 0
1679256990064 0.0808825688448373 0
1679257045823 0.07896157901318904 0
1679257099913 0.06393647317473844 0
1679257173920 0.49123263696011243 0
1679257231298 0.2772161193194872 0
1679257287971 0.20581174047346995 0
1679257346472 0.16568277435375567 0
1679257404354 0.13262924098296464 0
1679257461634 0.11107061287239954 0
1679257520484 0.09625552905211829 0
1679257576943 0.0862743873728396 0
1679257634481 0.08009410715689896 0
1679257692447 0.07305194262995814 0
1679257767966 0.49924228291164835 0
1679257829933 0.2758238139568666 0
1679257890168 0.20174855790689028 0
1679257950687 0.16673195120950718 0
1679258011781 0.1343550634613444 0
1679258071288 0.12038681281095726 0
1679258133204 0.1040991969394231 0
1679258194139 0.09451283963927513 0
1679258254923 0.08628666799673053 0
1679258317215 0.08076232762612998 0
