1679601090651 0.05951187397427981 0
1679601154337 0.01526396277670259 0
1679601217274 0.011858039166814731 0
1679601280581 0.010111762623475977 0
1679601344143 0.006451744461185246 0
1679601407300 0.005795636374720167 0
1679601469676 0.009025773847677547 0
1679601533332 0.0034793581111409824 0
1679601597085 0.005881859130479729 0
1679601660923 0.0027655997461683525 0
1679601700173 0.4336820829378441 0
1679601720484 0.013012207979027881 0
1679601740967 0.006224662403498951 0
1679601761806 0.005490923828801897 0
1679601782393 0.008528315794553782 0
1679601802874 0.0036679677672123946 0
1679601823242 0.0036781927753761013 0
1679601843899 0.011760779592573453 0
1679601864082 0.0014613982136045707 0
1679601885045 0.007321953698275831 0
1679601925686 0.6616170640242286 0
1679601946501 0.02904154498402495 0
1679601967491 0.015331012594074126 0
1679601987931 0.011787701464004931 0
1679602008629 0.010319370150726172 0
1679602030111 0.008526891931771752 0
1679602050472 0.00507882451667665 0
1679602070948 0.007216165282632119 0
1679602091194 0.011523122771627004 0
1679602111884 0.008905642643647661 0
1679602154231 0.9919472768425941 0
1679602174733 0.06683281461633742 0
1679602195034 0.038815234335418794 0
1679602215251 0.01606854082827922 0
1679602235551 0.021532337364977866 0
1679602256145 0.018922474137565586 0
1679602277303 0.014298642954367096 0
1679602297959 0.01809371037832243 0
1679602318960 0.012183966932164912 0
1679602339073 0.012963623656706478 0
1679602383179 1.0661578095123172 0
1679602403783 0.08933524213656784 0
1679602424550 0.04162366574080661 0
1679602445100 0.029345281811011956 0
1679602466282 0.020239301697327756 0
1679602489820 0.016691660881927237 0
1679602510497 0.02310431546115433 0
1679602531105 0.016891510162732448 0
1679602551733 0.016155617057591734 0
1679602572397 0.021577007260124084 0
1679602618745 1.0256625110536814 0
1679602639430 0.07172271238714456 0
1679602659974 0.040905739909876136 0
1679602680992 0.026102145979739727 0
1679602701776 0.026930277276644484 0
1679602722510 0.017966796684998555 0
1679602743044 0.016564822015602842 0
1679602763705 0.01645206262737338 0
1679602784745 0.01597619927173946 0
1679602805633 0.022539342124172253 0
1679602853049 1.1832459292501212 0
1679602873696 0.08997346360981465 0
1679602894554 0.044699921130016446 0
1679602914915 0.031091347303870136 0
1679602936057 0.026403885200177318 0
1679602956805 0.022334899158345068 0
1679602977630 0.019898131976960578 0
1679602997933 0.016946501814796646 0
1679603018391 0.018839903340590537 0
1679603039225 0.011531172422590316 0
1679603088706 1.2678626714795829 0
1679603109251 0.07800915176086128 0
1679603130026 0.039904999531712386 0
1679603150877 0.02804064020817168 0
1679603171837 0.02226141798433382 0
1679603192297 0.027993009429250378 0
1679603212781 0.018733083533358875 0
1679603233807 0.0250282671439345 0
1679603254258 0.023682428715759308 0
1679603275012 0.011405599322600756 0
1679603326009 1.063703603580594 0
1679603347055 0.0861618637241423 0
1679603367758 0.04440418379716575 0
1679603388599 0.03068955722405808 0
1679603409741 0.02185425398845691 0
1679603430681 0.023140907700825483 0
1679603451391 0.026988802327343728 0
1679603471962 0.011293056832381989 0
1679603492400 0.019345587830549994 0
1679603513165 0.014105090130568715 0
1679603566144 1.2112695540547371 0
1679603586659 0.11538171792812646 0
1679603607561 0.056408392914384604 0
1679603628299 0.03994324409011751 0
1679603649148 0.03193977559572086 0
1679603670222 0.02576760534425266 0
1679603690961 0.02934742619205499 0
1679603711619 0.027108781591500156 0
1679603732309 0.015333969617106777 0
1679603752692 0.023651009809895186 0
1679603806843 1.2251001240551471 0
1679603827701 0.09179571417924016 0
1679603848585 0.044086171338055286 0
1679603869698 0.034433600731007756 0
1679603890235 0.023437757872033397 0
1679603911719 0.02741506412087474 0
1679603932554 0.026237174757017055 0
1679603953271 0.015417968962201848 0
1679603974434 0.015146839734794047 0
1679603995121 0.01937950436230749 0
1679604051946 1.2770349620163441 0
1679604072499 0.12014588175266981 0
1679604093841 0.055800881620310244 0
1679604114702 0.038378618805948644 0
1679604135935 0.03317724031873513 0
1679604156794 0.038242130415677096 0
1679604177641 0.025661126469506416 0
1679604198406 0.02129496259535663 0
1679604219254 0.028311114789912245 0
1679604240146 0.013353283404320246 0
1679604298842 1.1537805734455586 0
1679604319814 0.1015274768549949 0
1679604340910 0.04960657296907157 0
1679604362214 0.03382452839235775 0
1679604382934 0.03308885307267774 0
1679604403858 0.02522978012566455 0
1679604424730 0.023165780203870962 0
1679604445386 0.027533908237193826 0
1679604466472 0.018061443166484243 0
1679604487076 0.011682205482274003 0
1679604547951 1.3753888205587863 0
1679604568773 0.11765086400210857 0
1679604589520 0.05711103044385091 0
1679604611043 0.04097195088472217 0
1679604631864 0.03662596156005748 0
1679604652918 0.02563614741130732 0
1679604673938 0.02287533343216055 0
1679604694990 0.028890463516529418 0
1679604715770 0.024912468854605685 0
1679604736718 0.02367865811191441 0
1679604799503 1.2957926315426826 0
1679604820693 0.1398656426280737 0
1679604841643 0.05886840640027076 0
1679604862637 0.04118426208868623 0
1679604882955 0.02982029832317494 0
1679604903987 0.03399451935782563 0
1679604925113 0.02575280334635172 0
1679604945679 0.02437213979936205 0
1679604966392 0.027120954271918164 0
1679604987516 0.021167523139156402 0
1679605051794 1.311677929663658 0
1679605073143 0.12806650606542827 0
1679605094519 0.0630070109250024 0
1679605115488 0.04040635550478473 0
1679605136940 0.03354617330301553 0
1679605158491 0.033459258720860814 0
1679605182995 0.03582632338861003 0
1679605203600 0.023721328307315707 0
1679605224920 0.027140746658015996 0
1679605245990 0.02076958523718058 0
1679605312412 1.3981295592665672 0
1679605333349 0.15419721868038178 0
1679605354395 0.062328192536719146 0
1679605375116 0.03992060118932277 0
1679605396117 0.04556602777843364 0
1679605417296 0.03255458308416419 0
1679605438289 0.030315438799594994 0
1679605459637 0.029816745872958562 0
1679605480673 0.02438552339615999 0
1679605501658 0.022975393483880908 0
1679605570604 1.584208044910431 0
1679605591231 0.17486944759190082 0
1679605612168 0.07844627457596362 0
1679605633448 0.04731705511566252 0
1679605655114 0.0400501598849427 0
1679605676066 0.042220926863513884 0
1679605697502 0.03451954774830956 0
1679605718465 0.02507644757996313 0
1679605739631 0.0214908602714655 0
1679605760500 0.03002592271870235 0
1679605831703 1.6656693185329436 0
1679605852772 0.2336137355208397 0
1679605873561 0.0987930726930499 0
1679605894217 0.06510530555527658 0
1679605915207 0.043800186832528565 0
1679605936672 0.046615967470221224 0
1679605957792 0.04205496316496283 0
1679605979232 0.045862799896649084 0
1679606000119 0.02841577659973409 0
1679606021334 0.03251590008877683 0
1679606094959 1.5118557780742645 0
1679606115557 0.13710158106833698 0
1679606136859 0.06874852605126798 0
1679606158361 0.04703372570089996 0
1679606179471 0.0432962436998263 0
1679606200525 0.03681783272111788 0
1679606221343 0.03766199582070112 0
1679606242509 0.03181788254277781 0
1679606263645 0.03269477679110132 0
1679606284777 0.0350232282816316 0
