1679601090659 63.23841782996897 0
1679601154347 63.38308701803908 0
1679601217283 62.62298209697474 0
1679601280590 63.002905187080614 0
1679601344153 63.24171936605126 0
1679601407305 62.842835451010615 0
1679601469682 62.06288345903158 0
1679601533339 63.352254200028256 0
1679601597090 63.45322427502833 0
1679601660929 63.53873983002268 0
1679601700182 19.923810985055752 0
1679601720495 20.104874849086627 0
1679601740974 20.272844647057354 0
1679601761813 20.63806003006175 0
1679601782398 20.387351131998003 0
1679601802888 20.270108103984967 0
1679601823251 20.154525786987506 0
1679601843905 20.453610007069074 0
1679601864090 19.996961678029038 0
1679601885051 20.76878645992838 0
1679601925695 20.241705334046856 0
1679601946507 20.604366709012538 0
1679601967497 20.786580969928764 0
1679601987938 20.230782952043228 0
1679602008636 20.487735113943927 0
1679602030119 21.283311484963633 0
1679602050481 20.159708420047536 0
1679602070957 20.258520805975422 0
1679602091203 20.03597464808263 0
1679602111893 20.48849781905301 0
1679602154245 20.378652425017208 0
1679602174743 20.263801319058985 0
1679602195046 20.09545830800198 0
1679602215260 20.007480934960768 0
1679602235557 20.086331758997403 0
1679602256152 20.383576555061154 0
1679602277309 20.946662868955173 0
1679602297970 20.423620930989273 0
1679602318967 20.778377679060213 0
1679602339081 19.902811350068077 0
1679602383185 20.411856443970464 0
1679602403796 20.401106712059118 0
1679602424561 20.53820753796026 0
1679602445106 20.32434516097419 0
1679602466290 20.943502748035826 0
1679602489830 23.27563896391075 0
1679602510504 20.46948294097092 0
1679602531120 20.387281638919376 0
1679602551739 20.397391832899302 0
1679602572408 20.45668456389103 0
1679602618753 20.8675416149199 0
1679602639437 20.470277401967905 0
1679602659981 20.326052641961724 0
1679602681001 20.79665260692127 0
1679602701784 20.58650526893325 0
1679602722516 20.50907580193598 0
1679602743061 20.32208804495167 0
1679602763714 20.42948220705148 0
1679602784755 20.822973969974555 0
1679602805639 20.678920497070067 0
1679602853058 20.274255684926175 0
1679602873704 20.425974952988327 0
1679602894563 20.65117493690923 0
1679602914921 20.142087801010348 0
1679602936065 20.911517772008665 0
1679602956813 20.535981980967335 0
1679602977642 20.60393550794106 0
1679602997946 20.076266555930488 0
1679603018398 20.255384135060012 0
1679603039234 20.61645143898204 0
1679603088718 20.75779107993003 0
1679603109259 20.324211388011463 0
1679603130033 20.543755913968198 0
1679603150889 20.622348517994396 0
1679603171845 20.74105472897645 0
1679603192304 20.244415979017504 0
1679603212790 20.249088531010784 0
1679603233814 20.79594275902491 0
1679603254265 20.244807039038278 0
1679603275019 20.522306732018478 0
1679603326024 20.588983095018193 0
1679603347063 20.814089086954482 0
1679603367765 20.471242879051715 0
1679603388609 20.610953890020028 0
1679603409753 20.908362330985256 0
1679603430689 20.71283787395805 0
1679603451399 20.493006580043584 0
1679603471973 20.342159916996025 0
1679603492406 20.213670658995397 0
1679603513173 20.541081727016717 0
1679603566151 20.64288007398136 0
1679603586671 20.266985994996503 0
1679603607569 20.663086184998974 0
1679603628307 20.50943355204072 0
1679603649154 20.625991209992208 0
1679603670230 20.833678481983952 0
1679603690968 20.51458585401997 0
1679603711627 20.4238086969126 0
1679603732317 20.467681990005076 0
1679603752701 20.129009606083855 0
1679603806856 20.434768451028503 0
1679603827711 20.61592304694932 0
1679603848592 20.643783979932778 0
1679603869712 20.86606608296279 0
1679603890244 20.302115702070296 0
1679603911727 21.259771985001862 0
1679603932562 20.597809661994688 0
1679603953281 20.48301219800487 0
1679603974443 20.941942551056854 0
1679603995129 20.462176503962837 0
1679604051956 20.762497568968683 0
1679604072516 20.31348288501613 0
1679604093857 21.095140397083014 0
1679604114709 20.611283938982524 0
1679604135946 20.991317339008674 0
1679604156802 20.609653164981864 0
1679604177653 20.6012038619956 0
1679604198414 20.509447830030695 0
1679604219269 20.606606847955845 0
1679604240157 20.642255301005207 0
1679604298855 20.464712471934035 0
1679604319822 20.72903463302646 0
1679604340918 20.837255571968853 0
1679604362225 21.040883247042075 0
1679604382944 20.47172542801127 0
1679604403866 20.687161533045582 0
1679604424738 20.642321907915175 0
1679604445395 20.40958492795471 0
1679604466481 20.83986582898069 0
1679604487086 20.369234784971923 0
1679604547959 21.021297854022123 0
1679604568781 20.56570874596946 0
1679604589536 20.500757583999075 0
1679604611059 21.260115872020833 0
1679604631872 20.570386660052463 0
1679604652929 20.79844907100778 0
1679604673946 20.764006790937856 0
1679604695003 20.809858680004254 0
1679604715777 20.53203267499339 0
1679604736726 20.705438669072464 0
1679604799522 20.965592533000745 0
1679604820705 20.920780980959535 0
1679604841651 20.69598102499731 0
1679604862646 20.7346313779708 0
1679604882964 20.07409807294607 0
1679604904009 20.76235719700344 0
1679604925122 20.850131107959896 0
1679604945688 20.31585112295579 0
1679604966401 20.451786743011326 0
1679604987525 20.860630464972928 0
1679605051803 20.846540411002934 0
1679605073152 21.088391473982483 0
1679605094527 21.119334015995264 0
1679605115501 20.71087539405562 0
1679605136952 21.18927800108213 0
1679605158504 21.27720103203319 0
1679605183003 24.249506940948777 0
1679605203616 20.33066339895595 0
1679605224929 21.043598730000667 0
1679605246007 20.814770940924063 0
1679605312424 20.640107262996025 0
1679605333358 20.670095982961357 0
1679605354410 20.772389910998754 0
1679605375128 20.445073702954687 0
1679605396127 20.746831028955057 0
1679605417305 20.916342625045218 0
1679605438307 20.735953141003847 0
1679605459646 21.083719384972937 0
1679605480686 20.760167001979426 0
1679605501667 20.727413012995385 0
1679605570613 21.020058890921064 0
1679605591240 20.340775727061555 0
1679605612177 20.67891138093546 0
1679605633457 21.00276754202787 0
1679605655123 21.400153788970783 0
1679605676075 20.69487637898419 0
1679605697510 21.17978421598673 0
1679605718481 20.709923606947996 0
1679605739640 20.8678917119978 0
1679605760510 20.612677779980004 0
1679605831712 21.229374243994243 0
1679605852781 20.80410651199054 0
1679605873570 20.5072565570008 0
1679605894233 20.392176086083055 0
1679605915221 20.71899345505517 0
1679605936681 21.182859563967213 0
1679605957801 20.85988489596639 0
1679605979242 21.185895405942574 0
1679606000128 20.593255736050196 0
1679606021343 20.935369514976628 0
1679606094968 21.343099413090385 0
1679606115570 20.298861993011087 0
1679606136870 21.02602542808745 0
1679606158384 21.221977816079743 0
1679606179481 20.826547704054974 0
1679606200535 20.771368077024817 0
1679606221357 20.536456738016568 0
1679606242521 20.887073087971658 0
1679606263654 20.855349308927543 0
1679606284786 20.87217791704461 0
