1680218859699 0.9949280104712042 0
1680218873949 0.9985274869109948 0
1680218888422 0.9995091623036649 0
1680218902311 1.0 0
1680218916488 1.0 0
1680218930360 1.0 0
1680218944514 1.0 0
1680218958569 1.0 0
1680218972666 1.0 0
1680218986661 1.0 0
1680219017036 0.9997152619589977 0
1680219045467 1.0 0
1680219075630 1.0 0
1680219104713 1.0 0
1680219133680 1.0 0
1680219162566 1.0 0
1680219191545 1.0 0
1680219219938 1.0 0
1680219247037 1.0 0
1680219275680 1.0 0
1680219305888 0.9989896073903002 0
1680219334895 1.0 0
1680219364528 1.0 0
1680219393152 1.0 0
1680219421740 1.0 0
1680219450839 1.0 0
1680219479761 1.0 0
1680219509084 1.0 0
1680219537479 1.0 0
1680219566194 1.0 0
1680219596303 0.998899647887324 0
1680219624428 1.0 0
1680219652923 1.0 0
1680219681127 1.0 0
1680219709330 1.0 0
1680219737810 1.0 0
1680219766340 1.0 0
1680219794747 0.9989730046948356 0
1680219822214 1.0 0
1680219850004 1.0 0
1680219876714 0.9999162198391421 0
1680219901925 1.0 0
1680219926984 1.0 0
1680219952090 1.0 0
1680219977123 1.0 0
1680220002230 1.0 0
1680220027500 0.9987432975871313 0
1680220052602 1.0 0
1680220077186 1.0 0
1680220102837 1.0 0
1680220139770 0.9786429236499069 0
1680220174946 0.9945297951582868 0
1680220210421 0.997032122905028 0
1680220245494 0.9985451582867784 0
1680220281661 0.9980796089385475 0
1680220314474 0.997032122905028 0
1680220349316 0.9988943202979516 0
1680220384005 0.9995926443202979 0
1680220419323 0.9979050279329609 0
1680220455065 1.0 0
1680220480875 0.9968657817109144 0
1680220504085 0.9994469026548672 0
1680220527292 1.0 0
1680220550683 0.9997234513274337 0
1680220574151 0.9987094395280236 0
1680220597182 0.9998156342182891 0
1680220620440 0.9996312684365781 0
1680220643695 0.9989859882005899 0
1680220666929 0.9998156342182891 0
1680220690055 0.9992625368731564 0
1680220703190 0.9745575221238938 0
1680220712715 0.9933628318584071 0
1680220722069 0.9961283185840708 0
1680220731616 0.9994469026548672 0
1680220741093 0.9925331858407079 0
1680220750178 0.9919800884955752 0
1680220759351 0.9969579646017699 0
1680220768584 0.9980641592920354 0
1680220778163 0.9991703539823009 0
1680220787441 1.0 0
1680220817827 0.9865288220551378 0
1680220844937 0.9968671679197995 0
1680220871606 0.9985119047619048 0
1680220898387 0.9987468671679198 0
1680220925303 0.9995300751879699 0
1680220952365 0.9997650375939849 0
1680220979170 0.9997650375939849 0
1680221005998 0.9997650375939849 0
1680221032841 0.9953790726817042 0
1680221059305 0.9992167919799498 0
1680221072676 0.9621559633027523 0
1680221081896 0.9988532110091743 0
1680221090916 0.9994266055045872 0
1680221100031 0.9997133027522935 0
1680221109293 0.9994266055045872 0
1680221118416 0.9994266055045872 0
1680221127549 1.0 0
1680221136671 0.9997133027522935 0
1680221145962 1.0 0
1680221155157 1.0 0
1680221168492 0.9861778846153846 0
1680221177354 0.9969951923076923 0
1680221186188 0.9987980769230769 0
1680221194990 0.9984975961538461 0
1680221204021 0.9981971153846154 0
1680221212854 0.9996995192307693 0
1680221221321 1.0 0
1680221230338 1.0 0
1680221239121 1.0 0
1680221247941 1.0 0
1680221261422 0.9657451923076923 0
1680221270319 0.9939903846153846 0
1680221279181 0.9966947115384616 0
1680221287887 0.9972956730769231 0
1680221296800 0.9912860576923077 0
1680221305735 0.9996995192307693 0
1680221314799 1.0 0
1680221323513 1.0 0
1680221332250 1.0 0
1680221341149 1.0 0
1680221354436 0.9921875 0
1680221363207 0.9990985576923077 0
1680221371050 0.9981971153846154 0
1680221380327 1.0 0
1680221389147 0.9996995192307693 0
1680221398056 1.0 0
1680221407145 1.0 0
1680221415862 1.0 0
1680221424715 1.0 0
1680221433529 1.0 0
