1680218859724 15.715768530004425 0
1680218873969 13.936097278005036 0
1680218888442 14.174568943002669 0
1680218902340 13.579464532995189 0
1680218916514 13.8636974559995 0
1680218930382 13.547809555995627 0
1680218944536 13.85319696499937 0
1680218958589 13.730807501000527 0
1680218972684 13.788062665000325 0
1680218986677 13.695377411000663 0
1680219017057 29.24367232100485 0
1680219045493 28.119418087000668 0
1680219075647 29.843878612999106 0
1680219104735 28.7707695939971 0
1680219133710 28.652477145995363 0
1680219162585 28.581066331003967 0
1680219191562 28.667070803006936 0
1680219219961 28.070803567999974 0
1680219247053 26.79109312500077 0
1680219275701 28.343420533994504 0
1680219305910 28.60573635699984 0
1680219334912 28.68639317999623 0
1680219364555 29.34090510900569 0
1680219393175 28.29551873500168 0
1680219421757 28.276547606998065 0
1680219450864 28.76053703999787 0
1680219479784 28.606297676000395 0
1680219509105 28.99829780199798 0
1680219537497 28.09527661299944 0
1680219566214 28.396083132996864 0
1680219596321 28.176834915000654 0
1680219624448 27.804787718996522 0
1680219652947 28.178933465998853 0
1680219681146 27.88067018599395 0
1680219709362 27.883282185997814 0
1680219737833 28.165719712000282 0
1680219766364 28.2326788950013 0
1680219794770 28.080142546998104 0
1680219822235 27.148327718001383 0
1680219850027 27.47647087599762 0
1680219876745 24.54742474300292 0
1680219901948 24.872285483994347 0
1680219927006 24.758111795999866 0
1680219952117 24.79323558499891 0
1680219977150 24.723846313005197 0
1680220002251 24.780531149001035 0
1680220027523 24.979714717002935 0
1680220052630 24.788393736002035 0
1680220077204 24.269923428997572 0
1680220102856 25.352648218002287 0
1680220139797 34.30277264700271 0
1680220174969 34.8357503820007 0
1680220210453 35.13656606100267 0
1680220245521 34.7237731369969 0
1680220281684 35.82236620099866 0
1680220314496 32.45844232300442 0
1680220349335 34.5165360960018 0
1680220384024 34.34681420100242 0
1680220419340 34.98137844399753 0
1680220455082 35.40256618300191 0
1680220480898 22.67861051500222 0
1680220504108 22.902876862004632 0
1680220527321 22.883633843994176 0
1680220550704 23.083463805000065 0
1680220574168 23.166050462001294 0
1680220597200 22.737695222000184 0
1680220620458 22.95479106700077 0
1680220643715 22.950661327995476 0
1680220666948 22.932369567002752 0
1680220690072 22.83947759100556 0
1680220703214 9.179952760998276 0
1680220712733 9.235402215999784 0
1680220722093 9.076441655000963 0
1680220731635 9.282679746997019 0
1680220741120 9.20845630900294 0
1680220750199 8.822182337993581 0
1680220759371 8.89744742399489 0
1680220768609 8.943437537003774 0
1680220778185 9.28643726700102 0
1680220787460 9.015562264998152 0
1680220817848 26.36510969899973 0
1680220844965 26.798698978003813 0
1680220871625 26.327873850998003 0
1680220898407 26.46260042200447 0
1680220925327 26.607316396999522 0
1680220952389 26.741907360999903 0
1680220979190 26.479025016997184 0
1680221006021 26.516434453995316 0
1680221032860 26.544888412994624 0
1680221059325 26.155926240993722 0
1680221072696 8.918240259998129 0
1680221081917 8.930537410000397 0
1680221090950 8.743979550003132 0
1680221100051 8.837054481999076 0
1680221109313 8.98405747799552 0
1680221118448 8.861331003994565 0
1680221127568 8.856738925001991 0
1680221136698 8.844277051997778 0
1680221145984 8.975851338997018 0
1680221155177 8.888990139996167 0
1680221168511 8.694184164000035 0
1680221177377 8.588762236999173 0
1680221186209 8.57393766000314 0
1680221195011 8.544766380997316 0
1680221204050 8.739221055002417 0
1680221212869 8.566285755005083 0
1680221221348 8.188961587002268 0
1680221230371 8.74327673499647 0
1680221239141 8.50263693499437 0
1680221247960 8.563848660000076 0
1680221261444 8.275826807999692 0
1680221270349 8.593867355004477 0
1680221279200 8.591629570000805 0
1680221287920 8.40673457900266 0
1680221296820 8.63897487599752 0
1680221305762 8.656546114994853 0
1680221314815 8.797282332001487 0
1680221323537 8.419937468999706 0
1680221332271 8.46661054300057 0
1680221341168 8.622090305994789 0
1680221354464 8.369829408999067 0
1680221363234 8.499156278005103 0
1680221371076 7.4520528510038275 0
1680221380346 9.011473303005914 0
1680221389174 8.555098877004639 0
1680221398073 8.630569669003307 0
1680221407165 8.822634074000234 0
1680221415881 8.437093731001369 0
1680221424734 8.589348192996113 0
1680221433550 8.549765263000154 0
