1680221477201 0.008617628451653373 0
1680221491475 1.347611235319021e-05 0
1680221505842 7.314272186315056e-06 0
1680221520481 4.3729788935933075e-06 0
1680221534389 2.2004695023136034e-06 0
1680221548620 0.005528883714258486 0
1680221562817 2.3954804099260387e-05 0
1680221576874 9.567647766127852e-06 0
1680221590910 7.971618318122576e-06 0
1680221605424 2.865142170994528e-06 0
1680221635823 0.0002506351283683755 0
1680221664093 9.193554776923439e-07 0
1680221692930 1.118449182934991e-06 0
1680221721617 2.7100306047334246e-07 0
1680221750143 4.935793356248213e-07 0
1680221778830 4.0095737408370053e-07 0
1680221807420 4.1680058909898373e-07 0
1680221836389 2.718089951115283e-07 0
1680221866025 3.6818027331489984e-07 0
1680221895159 4.836387323812066e-07 0
1680221925290 0.009071275250559374 0
1680221954622 5.722289209432255e-05 0
1680221983035 1.2190226499211038e-05 0
1680222011612 6.888594152164464e-06 0
1680222039482 1.6627368732086567e-05 0
1680222067966 2.325198898904756e-06 0
1680222096626 1.309583416144897e-06 0
1680222125173 9.707027505732165e-07 0
1680222153224 7.861431282662213e-07 0
1680222181314 5.715061327518433e-07 0
1680222210831 0.0003830452162290529 0
1680222238760 6.59604461191466e-07 0
1680222266394 6.394464272013968e-07 0
1680222294472 3.1000208844180984e-07 0
1680222322303 4.4935623131483546e-07 0
1680222350947 2.577525437947411e-07 0
1680222379670 4.893693922288252e-07 0
1680222407624 3.492750563763811e-07 0
1680222435593 3.0619005154179233e-07 0
1680222464238 5.066540680602895e-07 0
1680222489059 0.0012709976147152202 0
1680222513892 5.224035503024985e-06 0
1680222539381 3.093101769165963e-06 0
1680222564439 1.8501963736370352e-06 0
1680222589668 1.3458557067396831e-06 0
1680222614648 1.1641635552374482e-06 0
1680222639739 1.2798111544211056e-06 0
1680222664877 8.392321903677878e-07 0
1680222689521 8.275567385607613e-07 0
1680222715041 5.082163982757233e-07 0
1680222751841 0.06248811297679062 0
1680222786900 0.016980368029214554 0
1680222822566 0.006338506594652185 0
1680222857225 0.007499509744782198 0
1680222891899 0.005698209338494879 0
1680222926790 0.008648931193551397 0
1680222961860 0.005557074705907063 0
1680222997065 0.005813474885035358 0
1680223032189 0.004815677426487946 0
1680223067421 0.0016324183522238283 0
1680223093469 0.012203301700526782 0
1680223116549 0.0009851243752325076 0
1680223139605 0.0028179698960269107 0
1680223162401 0.0018242871835343487 0
1680223185477 2.95313255292524e-05 0
1680223208330 0.002736074860782134 0
1680223231315 0.0017420333589104383 0
1680223254281 0.001676342750883731 0
1680223277673 0.0024106430318762747 0
1680223300493 0.0007688949689581945 0
1680223313118 0.11981604495268641 0
1680223322461 0.012969428920930105 0
1680223331741 0.005770230081311759 0
1680223341465 0.0024566886035108436 0
1680223350755 0.041529717987897424 0
1680223360255 0.0050339109292130224 0
1680223369571 0.00042784683389869414 0
1680223378962 0.00021167097536141808 0
1680223388362 0.0022786862687299834 0
1680223397817 0.00831499378110308 0
1680223429694 0.036782498499599026 0
1680223457356 0.012964154291135824 0
1680223484733 0.006803557985083096 0
1680223512017 0.005268099462838727 0
1680223538920 0.001777998870774329 0
1680223565307 0.00011871228381987702 0
1680223591911 9.139358001289852e-05 0
1680223618673 5.112172851325415e-05 0
1680223643089 3.262461293835466e-05 0
1680223669644 7.259127205332489e-05 0
1680223683515 0.08941115800666713 0
1680223692591 0.002131250439010269 0
1680223701687 0.0005609725292142184 0
1680223710849 0.0004575762000267203 0
1680223719822 0.001219243850838887 0
1680223728928 0.0016314622981478744 0
1680223738040 6.0142977403252146e-05 0
1680223747187 4.690312434289508e-05 0
1680223756625 3.0577777142293974e-05 0
1680223765784 2.0403257975668992e-05 0
1680223779315 0.05061747552393241 0
1680223788367 0.0071930532081191465 0
1680223797227 0.017124641096171008 0
1680223805778 0.008121601414997643 0
1680223814452 0.000866227468992957 0
1680223823477 0.00015954803748522513 0
1680223832610 5.661908982819323e-05 0
1680223841538 7.466616205183876e-05 0
1680223850377 3.691436497468623e-05 0
1680223859230 7.166218943465398e-05 0
1680223872811 0.14148353831842542 0
1680223881685 0.02523655569935867 0
1680223890357 0.010771716218117105 0
1680223899149 0.011694181019667947 0
1680223907986 0.0026271364314687583 0
1680223916659 0.00044723614554151514 0
1680223925345 0.00019273505114807238 0
1680223934514 0.000717969237380946 0
1680223943281 0.00017714608065944049 0
1680223952050 0.00024470389156651715 0
1680223966809 0.03177412733058942 0
1680223975729 0.0032660261112089127 0
1680223984887 0.0017609345394257265 0
1680223994029 0.00023815792252872387 0
1680224002949 0.00010699915507818612 0
1680224011881 8.831404978064501e-05 0
1680224020728 2.5859294341264907e-05 0
1680224029798 0.0007331848737549124 0
1680224038501 5.968758980674675e-05 0
1680224047307 4.778238153481705e-05 0
