1680221477207 15.502089451001666 0
1680221491485 13.966326880996348 0
1680221505851 14.061418625002261 0
1680221520486 14.332746183004929 0
1680221534395 13.598870695997903 0
1680221548627 13.909415628004353 0
1680221562825 13.891245441001956 0
1680221576880 13.73957191399677 0
1680221590917 13.728729838003346 0
1680221605431 14.190707132998796 0
1680221635830 29.195655438998074 0
1680221664108 27.956807782000396 0
1680221692939 28.50335873799486 0
1680221721628 28.366888320000726 0
1680221750151 28.196255153001403 0
1680221778837 28.369991986997775 0
1680221807430 28.27789987700089 0
1680221836399 28.647578737000003 0
1680221866034 29.335382808996656 0
1680221895166 28.843187632999616 0
1680221925298 28.49894298399886 0
1680221954630 29.0182685470063 0
1680221983042 28.113137341002584 0
1680222011618 28.27726149699447 0
1680222039496 27.55122930300422 0
1680222067976 28.16122700300184 0
1680222096633 28.351382906002982 0
1680222125189 28.254283750997274 0
1680222153230 27.703970433001814 0
1680222181320 27.78599661399494 0
1680222210838 27.59073954300402 0
1680222238769 27.620061709996662 0
1680222266401 27.316113014996517 0
1680222294488 27.772656478999124 0
1680222322311 27.49746703299752 0
1680222350954 28.334325504001754 0
1680222379678 28.408357243002683 0
1680222407633 27.63427475500066 0
1680222435600 27.65312315399933 0
1680222464246 28.336297187001037 0
1680222489067 22.5379275699961 0
1680222513899 24.511624156002654 0
1680222539396 25.188468064996414 0
1680222564451 24.75438365899754 0
1680222589677 24.91335332000017 0
1680222614659 24.668429763994936 0
1680222639746 24.78998351300106 0
1680222664893 24.81364496500464 0
1680222689528 24.31985079700098 0
1680222715054 25.21047442100098 0
1680222751854 34.14204185400013 0
1680222786906 34.71181274599803 0
1680222822574 35.315379471001506 0
1680222857236 34.331000085992855 0
1680222891907 34.32639884999662 0
1680222926797 34.55828090200521 0
1680222961869 34.72449766899808 0
1680222997074 34.85723469500226 0
1680223032199 34.79720251500112 0
1680223067428 34.873766238000826 0
1680223093478 22.876000894000754 0
1680223116564 22.746524588001193 0
1680223139614 22.73370419799903 0
1680223162408 22.49255112800165 0
1680223185484 22.787930915998004 0
1680223208337 22.547064706996025 0
1680223231324 22.650629689000198 0
1680223254290 22.65059209800529 0
1680223277682 23.07990821600106 0
1680223300500 22.52488472600089 0
1680223313126 8.96633015399857 0
1680223322471 9.070618505000311 0
1680223331752 9.002645890999702 0
1680223341474 9.464980541000841 0
1680223350768 9.020900249997794 0
1680223360263 9.19087814699742 0
1680223369584 9.033498668999528 0
1680223378969 9.112491861000308 0
1680223388369 9.142361865997373 0
1680223397825 9.159565309993923 0
1680223429701 27.69480487799592 0
1680223457364 27.333013199997367 0
1680223484743 27.04615600300167 0
1680223512024 26.969210099996417 0
1680223538938 26.581027694999648 0
1680223565323 26.042272455000784 0
1680223591918 26.277879250003025 0
1680223618682 26.44701584900031 0
1680223643099 24.104016500001308 0
1680223669652 26.240030617998855 0
1680223683531 8.942527031998907 0
1680223692600 8.788961744998232 0
1680223701700 8.836534477995883 0
1680223710857 8.868930641998304 0
1680223719829 8.70654866300174 0
1680223728943 8.837655322997307 0
1680223738048 8.844938316004118 0
1680223747195 8.865189080002892 0
1680223756632 9.013464979994751 0
1680223765792 8.898744430000079 0
1680223779323 8.52427914099826 0
1680223788375 8.781501382996794 0
1680223797237 8.598018917000445 0
1680223805788 8.245443448002334 0
1680223814460 8.40949876599916 0
1680223823486 8.727205697003228 0
1680223832620 8.862134117000096 0
1680223841548 8.630722583999159 0
1680223850395 8.562008975997742 0
1680223859248 8.57117067299987 0
1680223872820 8.698722848996113 0
1680223881694 8.584435404001852 0
1680223890364 8.408086960000219 0
1680223899157 8.536688045001938 0
1680223907994 8.556075330998283 0
1680223916674 8.410337308996532 0
1680223925355 8.394042634994548 0
1680223934523 8.87403838699538 0
1680223943290 8.504039424995426 0
1680223952062 8.50689472600061 0
1680223966818 8.737820571004704 0
1680223975738 8.632192575001682 0
1680223984900 8.854732152001816 0
1680223994043 8.84874393100472 0
1680224002957 8.63546892299928 0
1680224011890 8.664751845994033 0
1680224020745 8.576947167995968 0
1680224029819 8.760582611997961 0
1680224038515 8.40993219500524 0
1680224047317 8.504024727000797 0
