1678698488563 0.8202863234846177 0
1678698492983 0.9716722509899482 0
1678698497391 0.9881206213828815 0
1678698501840 0.9966494060310691 0
1678698506234 0.9984770027413951 0
1678698510619 0.999695400548279 0
1678698515009 0.999390801096558 0
1678698519434 0.999695400548279 0
1678698523817 1.0 0
1678698528209 0.999695400548279 0
1678698596767 0.8903644224830142 0
1678698602106 0.9796170475602224 0
1678698607536 0.9941321803582458 0
1678698612734 0.9975293390982087 0
1678698618128 1.0 0
1678698623436 0.9990735021618283 0
1678698628810 0.9978381717109327 0
1678698634158 0.9987646695491044 0
1678698639498 0.9996911673872761 0
1678698644925 0.9996911673872761 0
1678698714066 0.8452748610253242 0
1678698719595 0.9799258801729462 0
1678698725120 0.9947498455836936 0
1678698730753 0.9984558369363805 0
1678698736290 0.9990735021618283 0
1678698741899 0.9993823347745522 0
1678698747551 0.9990735021618283 0
1678698753197 0.9987646695491044 0
1678698758740 0.9993823347745522 0
1678698764417 0.9996911673872761 0
1678698833845 0.6729462631253861 0
1678698839671 0.9323656578134651 0
1678698845304 0.9783817171093268 0
1678698850899 0.9845583693638048 0
1678698856744 0.9959851760345892 0
1678698862474 0.9969116738727609 0
1678698868293 0.9996911673872761 0
1678698874181 0.9990735021618283 0
1678698879975 0.9981470043236566 0
1678698885582 0.9987646695491044 0
1678698955910 0.5379864113650401 0
1678698962618 0.8709079678814082 0
1678698968990 0.9459542927733169 0
1678698975153 0.9737492279184682 0
1678698981495 0.9969116738727609 0
1678698987870 0.9962940086473132 0
1678698994254 0.9947498455836936 0
1678699000645 0.9959851760345892 0
1678699006979 0.9990735021618283 0
1678699013402 0.9962940086473132 0
1678699084580 0.42958616429894997 0
1678699091660 0.78875849289685 0
1678699098746 0.9159975293390982 0
1678699105841 0.968190240889438 0
1678699112867 0.9851760345892526 0
1678699119813 0.990426189005559 0
1678699126686 0.993823347745522 0
1678699133710 0.9981470043236566 0
1678699140756 0.9962940086473132 0
1678699147850 0.9941321803582458 0
1678699219961 0.32859789993823346 0
1678699227851 0.7056825200741198 0
1678699235448 0.8854231006794318 0
1678699243057 0.958616429894997 0
1678699250636 0.980852378011118 0
1678699258534 0.9928968499073502 0
1678699266042 0.9975293390982087 0
1678699273715 0.9981470043236566 0
1678699281572 0.9966028412600371 0
1678699289383 0.9925880172946263 0
1678699363187 0.3471278567016677 0
1678699370706 0.7260654725138974 0
1678699379510 0.8977764051883879 0
1678699387809 0.9666460778258185 0
1678699396102 0.9885731933292156 0
1678699404592 0.9925880172946263 0
1678699412622 0.9969116738727609 0
1678699420889 0.9966028412600371 0
1678699428903 0.9953675108091414 0
1678699436952 0.9932056825200741 0
1678699510671 0.31099444101297097 0
1678699519684 0.7835083384805436 0
1678699528350 0.9286596664607782 0
1678699537243 0.9793082149474984 0
1678699546369 0.9919703520691785 0
1678699555219 0.9916615194564546 0
1678699564134 0.9947498455836936 0
1678699572943 0.9950586781964176 0
1678699582080 0.9975293390982087 0
1678699591042 0.9925880172946263 0
1678699665459 0.34928968499073504 0
1678699675091 0.7794935145151328 0
1678699684607 0.92958616429895 0
1678699694216 0.9789993823347746 0
1678699703875 0.9925880172946263 0
1678699713696 0.9962940086473132 0
1678699723450 0.9972205064854849 0
1678699733318 0.9947498455836936 0
1678699743054 0.9969116738727609 0
1678699752854 0.9981470043236566 0
1678699828471 0.378319950586782 0
1678699839127 0.8125386040765905 0
1678699849324 0.948733786287832 0
1678699859747 0.9876466954910439 0
1678699869932 0.9941321803582458 0
1678699879879 0.9966028412600371 0
1678699890074 0.9969116738727609 0
1678699900418 0.9932056825200741 0
1678699910592 0.9962940086473132 0
1678699920951 0.9987646695491044 0
1678699997359 0.3576281655342804 0
1678700008229 0.8085237801111798 0
1678700019251 0.9471896232242125 0
1678700030066 0.9734403953057443 0
1678700041271 0.9925880172946263 0
1678700052041 0.9925880172946263 0
1678700062937 0.9981470043236566 0
1678700073692 0.9975293390982087 0
1678700084330 0.9987646695491044 0
1678700094910 0.9987646695491044 0
1678700171766 0.3295243977764052 0
1678700183112 0.798023471278567 0
1678700194482 0.9508956145768993 0
1678700205885 0.9851760345892526 0
1678700217196 0.9922791846819025 0
1678700228415 0.993823347745522 0
1678700239772 0.9966028412600371 0
1678700251292 0.9925880172946263 0
1678700262769 0.9944410129709698 0
1678700274802 0.9959851760345892 0
1678700352837 0.38295243977764054 0
1678700365136 0.8153180975911056 0
1678700377266 0.9366893143915997 0
1678700389431 0.9811612106238419 0
1678700401731 0.9913526868437307 0
1678700412813 0.9978381717109327 0
1678700424915 0.9864113650401483 0
1678700436960 0.9891908585546634 0
1678700449191 0.9907350216182829 0
1678700461557 0.9950586781964176 0
1678700540688 0.3625694873378629 0
1678700553582 0.7992588017294626 0
1678700566421 0.942557134033354 0
1678700579163 0.974366893143916 0
1678700591966 0.9854848672019765 0
1678700604750 0.9876466954910439 0
1678700617608 0.9962940086473132 0
1678700630621 0.9953675108091414 0
1678700643488 0.9966028412600371 0
1678700656341 0.9978381717109327 0
1678700735842 0.3761581222977146 0
1678700749339 0.7844348363187152 0
1678700763207 0.9339098208770846 0
1678700777071 0.9814700432365658 0
1678700790454 0.9907350216182829 0
1678700804109 0.9873378628783199 0
1678700817421 0.9978381717109327 0
1678700830987 0.9981470043236566 0
1678700844747 0.9975293390982087 0
1678700858341 0.9987646695491044 0
1678700938877 0.3656578134651019 0
1678700952818 0.7906114885731933 0
1678700966838 0.9379246448424954 0
1678700980906 0.9811612106238419 0
1678700995430 0.9922791846819025 0
1678701009399 0.993823347745522 0
1678701023531 0.993514515132798 0
1678701037694 0.9950586781964176 0
1678701051530 0.9941321803582458 0
1678701065612 0.9966028412600371 0
1678701146914 0.32643607164916616 0
1678701161600 0.727300802964793 0
1678701176221 0.9113650401482396 0
1678701191002 0.9626312538604077 0
1678701205992 0.9885731933292156 0
1678701220836 0.9925880172946263 0
1678701235957 0.9966028412600371 0
1678701250853 0.9953675108091414 0
1678701264396 0.9910438542310068 0
1678701279124 0.9882643607164917 0
1678701361169 0.34156886967263744 0
1678701376369 0.7603458925262507 0
1678701391600 0.9298949969116739 0
1678701407096 0.9802347127856702 0
1678701422422 0.9898085237801112 0
1678701437836 0.9928968499073502 0
1678701453427 0.9919703520691785 0
1678701468791 0.9898085237801112 0
1678701484692 0.9981470043236566 0
1678701500113 0.990117356392835 0
1678701582594 0.3134651019147622 0
1678701598980 0.7340951204447189 0
1678701614910 0.9064237183446572 0
1678701631234 0.9613959234095121 0
1678701647001 0.9876466954910439 0
1678701662840 0.9836318715256331 0
1678701678204 0.9925880172946263 0
1678701694125 0.9962940086473132 0
1678701710046 0.9984558369363805 0
1678701725911 0.9966028412600371 0
