1678698488576 4.460312418173999 0
1678698493001 4.269798062741756 0
1678698497410 4.251233492046595 0
1678698501861 4.270635569933802 0
1678698506259 4.223712466657162 0
1678698510642 4.208992307074368 0
1678698515036 4.2197534898296 0
1678698519460 4.236113823950291 0
1678698523844 4.205258904956281 0
1678698528227 4.202584295999259 0
1678698596793 5.133320225402713 0
1678698602119 5.171945470850915 0
1678698607555 5.263346714898944 0
1678698612747 5.032038229051977 0
1678698618145 5.226529814768583 0
1678698623460 5.154183212202042 0
1678698628826 5.193713589105755 0
1678698634179 5.190735429991037 0
1678698639517 5.168658212758601 0
1678698644946 5.25700174132362 0
1678698714086 5.5589565727859735 0
1678698719612 5.375089399982244 0
1678698725140 5.378281415905803 0
1678698730778 5.472120255231857 0
1678698736314 5.375177375040948 0
1678698741909 5.443731053266674 0
1678698747572 5.502131666056812 0
1678698753209 5.495861007831991 0
1678698758759 5.387230327818543 0
1678698764441 5.515756786800921 0
1678698833861 5.4799560136161745 0
1678698839699 5.676058713812381 0
1678698845336 5.4808442099019885 0
1678698850913 5.438769479747862 0
1678698856765 5.704197830986232 0
1678698862495 5.574966439977288 0
1678698868327 5.688265123870224 0
1678698874200 5.73809845931828 0
1678698879993 5.657013729214668 0
1678698885595 5.447829499840736 0
1678698955930 6.27384074870497 0
1678698962637 6.569535800255835 0
1678698969014 6.227817889302969 0
1678698975170 6.005147072020918 0
1678698981525 6.206821213942021 0
1678698987899 6.217663081828505 0
1678698994273 6.217464623041451 0
1678699000674 6.251924714073539 0
1678699007012 6.1817851811647415 0
1678699013428 6.2658142377622426 0
1678699084605 6.824741340242326 0
1678699091680 6.922136900015175 0
1678699098763 6.933691036887467 0
1678699105872 6.9601350030861795 0
1678699112890 6.876531159970909 0
1678699119839 6.790261819027364 0
1678699126709 6.730235725641251 0
1678699133742 6.882315036375076 0
1678699140780 6.875198448076844 0
1678699147870 6.944312267005444 0
1678699219994 7.809492118190974 0
1678699227875 7.718811654020101 0
1678699235471 7.452930373139679 0
1678699243077 7.444829741027206 0
1678699250658 7.426485184114426 0
1678699258553 7.74742104485631 0
1678699266065 7.3524724007584155 0
1678699273735 7.519676478113979 0
1678699281597 7.705581112764776 0
1678699289406 7.66438357392326 0
1678699363207 8.506899279076606 0
1678699370737 7.370903342030942 0
1678699379533 8.647031348198652 0
1678699387827 8.152867881115526 0
1678699396126 8.135692553129047 0
1678699404616 8.337577310856432 0
1678699412654 7.878274812828749 0
1678699420914 8.10177634935826 0
1678699428933 7.859250280074775 0
1678699436981 7.894267345778644 0
1678699510704 8.694605409167707 0
1678699519703 8.849652948323637 0
1678699528380 8.51705094659701 0
1678699537268 8.724648304283619 0
1678699546400 8.977310983929783 0
1678699555243 8.692153751384467 0
1678699564156 8.772347677964717 0
1678699572978 8.66312798904255 0
1678699582118 8.971155703999102 0
1678699591075 8.79958377731964 0
1678699665479 9.31912991963327 0
1678699675112 9.492211712058634 0
1678699684640 9.374394335784018 0
1678699694236 9.451684144791216 0
1678699703894 9.497654422186315 0
1678699713715 9.675208746921271 0
1678699723471 9.605095580220222 0
1678699733339 9.717060322873294 0
1678699743086 9.586230114102364 0
1678699752885 9.646209670230746 0
1678699828491 10.571507857181132 0
1678699839150 10.4974360098131 0
1678699849353 10.041767984163016 0
1678699859771 10.262737998738885 0
1678699869955 10.039385199081153 0
1678699879908 9.808620566967875 0
1678699890107 10.036511721089482 0
1678699900436 10.167811626102775 0
1678699910615 10.046050457749516 0
1678699920972 10.213470455724746 0
1678699997392 10.932289337273687 0
1678700008244 10.701312716118991 0
1678700019286 10.880255341995507 0
1678700030084 10.652007845696062 0
1678700041290 11.052495630923659 0
1678700052055 10.628980049863458 0
1678700062962 10.75881844991818 0
1678700073728 10.604627477005124 0
1678700084354 10.464732048101723 0
1678700094932 10.426812643185258 0
1678700171789 11.060261378064752 0
1678700183128 11.211416107136756 0
1678700194514 11.23195912828669 0
1678700205904 11.238351011648774 0
1678700217214 11.16019383771345 0
1678700228436 11.074373709969223 0
1678700239808 11.198752776253968 0
1678700251319 11.352746829856187 0
1678700262797 11.321902182418853 0
1678700274820 11.887769277673215 0
1678700352857 12.17009187862277 0
1678700365166 12.151313172187656 0
1678700377296 11.95957099692896 0
1678700389453 12.00133508630097 0
1678700401751 12.137046563904732 0
1678700412831 10.92650288110599 0
1678700424949 11.974768534768373 0
1678700436980 11.874048437923193 0
1678700449210 12.077168150804937 0
1678700461590 12.221753000281751 0
1678700540708 13.14601768227294 0
1678700553615 12.739575364161283 0
1678700566441 12.684012964833528 0
1678700579194 12.591451921034604 0
1678700591986 12.640261019114405 0
1678700604789 12.64115918520838 0
1678700617654 12.68343489477411 0
1678700630652 12.841710014734417 0
1678700643521 12.698915022891015 0
1678700656368 12.691151232924312 0
1678700735872 13.14176062727347 0
1678700749359 13.335288433823735 0
1678700763229 13.714723488781601 0
1678700777093 13.70069828722626 0
1678700790483 13.233583592809737 0
1678700804129 13.491858826950192 0
1678700817440 13.162921576295048 0
1678700831015 13.419540750328451 0
1678700844781 13.610213512089103 0
1678700858375 13.429215418174863 0
1678700938900 13.753090990241617 0
1678700952841 13.788120261859149 0
1678700966875 13.869354096706957 0
1678700980937 13.90463781915605 0
1678700995460 14.36674119811505 0
1678701009424 13.821320879273117 0
1678701023552 13.970908374059945 0
1678701037724 13.99664624594152 0
1678701051550 13.669849513098598 0
1678701065636 13.931133159901947 0
1678701146941 14.604519586078823 0
1678701161621 14.51398249482736 0
1678701176254 14.468812255188823 0
1678701191023 14.617853856179863 0
1678701206010 14.834432776086032 0
1678701220871 14.688648950308561 0
1678701235978 14.95272918511182 0
1678701250880 14.74352723127231 0
1678701264425 13.39364229189232 0
1678701279154 14.578909133095294 0
1678701361211 15.25787740200758 0
1678701376388 15.024611650034785 0
1678701391625 15.081369616091251 0
1678701407123 15.338689870666713 0
1678701422445 15.16009339876473 0
1678701437860 15.241470729932189 0
1678701453462 15.43759161606431 0
1678701468819 15.207102877087891 0
1678701484711 15.724443823099136 0
1678701500139 15.249229728244245 0
1678701582623 15.651177410967648 0
1678701599000 16.215471517760307 0
1678701614946 15.787548646796495 0
1678701631253 16.16132602794096 0
1678701647023 15.611471691634506 0
1678701662861 15.691297831945121 0
1678701678226 15.20829596882686 0
1678701694146 15.743182454258204 0
1678701710082 15.76326627889648 0
1678701725950 15.685015208087862 0
