1678698488569 0.5714374283374608 0
1678698492994 0.10128539868273315 0
1678698497403 0.04138961140698425 0
1678698501851 0.019923056557234416 0
1678698506249 0.01075765793162114 0
1678698510633 0.006436721958501416 0
1678698515025 0.004826572763685624 0
1678698519447 0.0048179261349799735 0
1678698523831 0.0032561608837909503 0
1678698528219 0.0025109408296783123 0
1678698596782 0.44120384849391653 0
1678698602114 0.06722373760652219 0
1678698607547 0.031074544971715603 0
1678698612741 0.013497960379254015 0
1678698618138 0.0060687898258420326 0
1678698623450 0.006819004115865435 0
1678698628820 0.014854272922709208 0
1678698634171 0.007301803850560202 0
1678698639509 0.005129093659490605 0
1678698644937 0.004403415071108413 0
1678698714078 0.7069145208748128 0
1678698719602 0.07868314579064792 0
1678698725132 0.0254348583491847 0
1678698730768 0.013667674108170816 0
1678698736301 0.009966359606646623 0
1678698741904 0.00785731044589295 0
1678698747563 0.009927263666333204 0
1678698753204 0.012076019418182529 0
1678698758751 0.0067273105533219475 0
1678698764432 0.005349942981745816 0
1678698833855 1.5517999530574875 0
1678698839689 0.24796447943875347 0
1678698845323 0.09963008801903232 0
1678698850907 0.07068052652295981 0
1678698856755 0.0326591142907122 0
1678698862485 0.027179629372236093 0
1678698868312 0.011184484705356552 0
1678698874193 0.011118982215035175 0
1678698879987 0.015188774318331329 0
1678698885590 0.012027111157563235 0
1678698955923 2.3304873815357428 0
1678698962630 0.4574310115047853 0
1678698969005 0.20748487028389379 0
1678698975163 0.10369389014085036 0
1678698981514 0.042211361049943094 0
1678698987888 0.028868746451936877 0
1678698994265 0.027336229988413507 0
1678699000663 0.02533152832409771 0
1678699006997 0.01678062415347562 0
1678699013417 0.02025322136575606 0
1678699084594 2.925595023883869 0
1678699091672 0.6958256107999484 0
1678699098756 0.31353673870877175 0
1678699105861 0.14867006488020146 0
1678699112880 0.08574372058742351 0
1678699119830 0.0629820457353056 0
1678699126699 0.0459982156891599 0
1678699133730 0.03146571800839835 0
1678699140770 0.03140433567073921 0
1678699147862 0.03978412575591781 0
1678699219981 3.404967769934411 0
1678699227866 0.9326424352028548 0
1678699235461 0.41526075533100526 0
1678699243069 0.1856909848570161 0
1678699250649 0.11056132591602756 0
1678699258545 0.07011139216597541 0
1678699266053 0.048418472500873465 0
1678699273727 0.03996404195509257 0
1678699281588 0.045515948861671714 0
1678699289396 0.05627268733177161 0
1678699363199 3.521236002040248 0
1678699370726 0.9377867535649441 0
1678699379524 0.43492771336294533 0
1678699387820 0.21301695224015046 0
1678699396117 0.13620803120918226 0
1678699404606 0.10852549932413885 0
1678699412641 0.08428706837112776 0
1678699420900 0.08292968130317863 0
1678699428923 0.0806299241477137 0
1678699436969 0.09523192303942044 0
1678699510692 3.349076920265471 0
1678699519695 0.8049615740849694 0
1678699528368 0.34370409094897075 0
1678699537257 0.18660681850752617 0
1678699546389 0.13069713373402153 0
1678699555233 0.11774758474557322 0
1678699564148 0.11057741996165482 0
1678699572964 0.10410533624070158 0
1678699582103 0.08933201934762616 0
1678699591064 0.10716804116504144 0
1678699665469 3.4678086208074896 0
1678699675104 0.8232858874239695 0
1678699684628 0.39402563686794967 0
1678699694228 0.23474094547777724 0
1678699703886 0.17680691038111687 0
1678699713708 0.15012175870059521 0
1678699723463 0.14020341520621646 0
1678699733331 0.13538619255563078 0
1678699743074 0.13110509860876388 0
1678699752873 0.12245082844179894 0
1678699828482 2.938466013471899 0
1678699839141 0.7231462862551985 0
1678699849343 0.34019658865937485 0
1678699859762 0.20295025801275746 0
1678699869944 0.16676686968311547 0
1678699879893 0.15062216143316512 0
1678699890095 0.1451392243716951 0
1678699900429 0.15082004993988304 0
1678699910604 0.13865285649794426 0
1678699920964 0.12610238119085457 0
1678699997374 3.2558785529693313 0
1678700008237 0.7829206214413517 0
1678700019274 0.37162316368272674 0
1678700030077 0.2731212226603781 0
1678700041282 0.20810862637508645 0
1678700052048 0.19468102678242402 0
1678700062951 0.1671849650464874 0
1678700073713 0.15961450627367021 0
1678700084345 0.1509488591299593 0
1678700094923 0.1429095717401251 0
1678700171778 3.1683448712865534 0
1678700183120 0.8419420570043077 0
1678700194502 0.3830954655958886 0
1678700205897 0.25412399670163227 0
1678700217207 0.2117935933766356 0
1678700228426 0.20232696583640655 0
1678700239789 0.18164227147246673 0
1678700251309 0.19257908518333505 0
1678700262784 0.18383868319374164 0
1678700274813 0.17157518723778256 0
1678700352849 3.046902318807794 0
1678700365155 0.7866253845481095 0
1678700377282 0.4260218330855131 0
1678700389445 0.28221144118082236 0
1678700401743 0.23964395928596405 0
1678700412824 0.21047166485047178 0
1678700424937 0.23516062787464181 0
1678700436972 0.22830995827121747 0
1678700449203 0.2145212899394209 0
1678700461578 0.20231470603719032 0
1678700540701 2.9190438020516503 0
1678700553603 0.8518034320616884 0
1678700566434 0.4515911058705114 0
1678700579178 0.3276810304407281 0
1678700591978 0.2833556030325274 0
1678700604767 0.27685070153811303 0
1678700617635 0.23410490330094685 0
1678700630641 0.23185120065540646 0
1678700643510 0.2150630749545766 0
1678700656358 0.20571898101582212 0
1678700735861 2.8438802830888728 0
1678700749351 0.9022278823993911 0
1678700763220 0.4817321591350751 0
1678700777085 0.3350281473881967 0
1678700790467 0.29254259976286295 0
1678700804121 0.28382965300170043 0
1678700817432 0.24967711365024126 0
1678700831005 0.23494699566065344 0
1678700844770 0.2310557262149396 0
1678700858362 0.22035580126130339 0
1678700938891 2.938068927107511 0
1678700952832 0.9004945853671003 0
1678700966857 0.487832372684844 0
1678700980925 0.35781656598661915 0
1678700995448 0.30380998480975296 0
1678701009411 0.2880821175012712 0
1678701023543 0.2830734159049611 0
1678701037713 0.26171813753374273 0
1678701051542 0.26254413678662286 0
1678701065626 0.24899107637487863 0
1678701146931 3.0554714406103614 0
1678701161612 1.068700642774251 0
1678701176238 0.5938694888681008 0
1678701191015 0.44289459340582665 0
1678701206002 0.35050070484601986 0
1678701220859 0.3141939772213588 0
1678701235969 0.2972784737439123 0
1678701250867 0.2921098107684903 0
1678701264411 0.30348671123228965 0
1678701279138 0.2961125525152926 0
1678701361197 2.963596045418681 0
1678701376380 1.0447275059100947 0
1678701391615 0.5980525747944795 0
1678701407107 0.43134422476016276 0
1678701422436 0.38513676077587655 0
1678701437850 0.3665964464260664 0
1678701453450 0.34932076967815473 0
1678701468803 0.3544875670539663 0
1678701484703 0.3145941088713563 0
1678701500129 0.34336232373271186 0
1678701582612 3.184184402208994 0
1678701598992 1.1640118710268714 0
1678701614933 0.6976191626425655 0
1678701631245 0.5477550781531566 0
1678701647014 0.44684999279213067 0
1678701662853 0.44658660995437455 0
1678701678215 0.40820330859997744 0
1678701694137 0.3821899980361849 0
1678701710068 0.35906820097700026 0
1678701725934 0.3528648911618097 0
