1679955868246 82.5389058419969 0
1679955953118 84.53148985793814 0
1679956037390 83.92104243813083 0
1679956119632 81.88297736900859 0
1679956204618 84.63044857303612 0
1679956286772 81.78501369501464 0
1679956368852 81.71706338296644 0
1679956451760 82.55354485218413 0
1679956534762 82.65915270196274 0
1679956618694 83.57766125607304 0
1679956727730 36.127113685943186 0
1679956764002 36.006110470043495 0
1679956800051 35.777559459907934 0
1679956836513 36.19004501006566 0
1679956872137 35.354477064916864 0
1679956907507 35.121643610997126 0
1679956943424 35.63678513490595 0
1679956980056 36.374232093803585 0
1679957016626 36.30291438102722 0
1679957053385 36.48421072703786 0
1679957149990 35.92753010103479 0
1679957186554 36.28971081203781 0
1679957223231 36.40798974689096 0
1679957259561 36.060165473027155 0
1679957296245 36.412514748983085 0
1679957333131 36.608288357034326 0
1679957369945 36.53799671703018 0
1679957406901 36.69207960204221 0
1679957442993 35.81750297895633 0
1679957479437 36.15031572710723 0
1679957577334 35.47143199108541 0
1679957613627 36.01192264910787 0
1679957650173 36.25741284806281 0
1679957687043 36.58545817108825 0
1679957723509 36.18605711287819 0
1679957759350 35.55181687604636 0
1679957794742 35.125401539960876 0
1679957830920 35.90478721098043 0
1679957867152 35.94844006304629 0
1679957903598 36.16952615696937 0
1679958004534 36.72405857592821 0
1679958041227 36.41053692996502 0
1679958078069 36.57954808184877 0
1679958114385 36.0407948049251 0
1679958151181 36.52036090497859 0
1679958187755 36.28695171000436 0
1679958224766 36.73330066795461 0
1679958261985 36.926082658115774 0
1679958298846 36.58280047005974 0
1679958335418 36.28853379515931 0
1679958438601 36.66845415486023 0
1679958475589 36.70096587808803 0
1679958511986 36.102671837899834 0
1679958548256 35.96048114495352 0
1679958584457 35.88844135799445 0
1679958620620 35.8716849591583 0
1679958656905 36.01249034004286 0
1679958692993 35.79708533384837 0
1679958729077 35.79478906095028 0
1679958765046 35.67980975215323 0
1679958870248 36.64241884090006 0
1679958907061 36.52123916288838 0
1679958943719 36.352768359938636 0
1679958980124 36.11264564609155 0
1679959017098 36.69466692395508 0
1679959053894 36.483330755960196 0
1679959090276 36.08838289300911 0
1679959127384 36.79600337683223 0
1679959164481 36.7996882610023 0
1679959201062 36.29032298689708 0
1679959308751 36.68736847490072 0
1679959345028 35.97428326820955 0
1679959381582 36.267800057074055 0
1679959417954 36.084007143974304 0
1679959454181 35.922954614972696 0
1679959490531 36.05474651209079 0
1679959527405 36.56464493111707 0
1679959563566 35.87557274103165 0
1679959600194 36.329672830877826 0
1679959636702 36.22359396610409 0
1679959746387 36.45554429385811 0
1679959783232 36.56004089792259 0
1679959820263 36.72583330888301 0
1679959857191 36.60977766988799 0
1679959893733 36.233079977100715 0
1679959930547 36.50757316406816 0
1679959967532 36.678553064819425 0
1679960003965 36.11753739393316 0
1679960040481 36.243367947870865 0
1679960077545 36.74897352908738 0
1679960189587 36.450543517945334 0
1679960226118 36.20952682220377 0
1679960262571 36.13143474212848 0
1679960299168 36.297711140010506 0
1679960336115 36.639366482850164 0
1679960372683 36.273691887035966 0
1679960409883 36.89442224893719 0
1679960446410 36.21704701916315 0
1679960483550 36.81893223291263 0
1679960520559 36.678985842037946 0
1679960635518 36.781639056047425 0
1679960672632 36.81976027414203 0
1679960709708 36.74759137118235 0
1679960746239 36.24536762200296 0
1679960782812 36.2532679119613 0
1679960819814 36.70439608790912 0
1679960856426 36.30702897510491 0
1679960892919 36.16426752903499 0
1679960929771 36.526983650866896 0
1679960966812 36.7312634580303 0
1679961084377 36.903819798026234 0
1679961121398 36.70741595188156 0
1679961158682 36.9647135050036 0
1679961196071 37.06267979205586 0
1679961233266 36.8881503820885 0
1679961270150 36.588899475988 0
1679961307487 37.0244357699994 0
1679961344604 36.79428268619813 0
1679961381802 36.88303204602562 0
1679961418002 35.88139377813786 0
1679961537525 36.380002215038985 0
1679961573727 35.88699149293825 0
1679961610108 36.05602266616188 0
1679961646593 36.158539346884936 0
1679961683080 36.171983749140054 0
1679961720161 36.76122410199605 0
1679961757318 36.83941856888123 0
1679961794577 36.944261686177924 0
1679961831576 36.67209557420574 0
1679961868208 36.33706765808165 0
1679961990735 36.93914355407469 0
1679962027701 36.65736680896953 0
1679962064965 36.935356916859746 0
1679962101765 36.4788978761062 0
1679962138609 36.50657768105157 0
1679962175756 36.81952192215249 0
1679962213022 36.91946660587564 0
1679962249395 36.037363613024354 0
1679962286246 36.531767833046615 0
1679962323560 36.99335501505993 0
1679962448910 37.25726585602388 0
1679962486215 36.956935507943854 0
1679962523189 36.65256666881032 0
1679962560158 36.627417888026685 0
1679962596896 36.41226891800761 0
1679962633729 36.50914495601319 0
1679962671274 37.21231908001937 0
1679962708124 36.51826017606072 0
1679962744971 36.507506540976465 0
1679962782114 36.81681419489905 0
1679962910280 37.04017715412192 0
1679962948325 37.716938056983054 0
1679962985273 36.616997258970514 0
1679963022971 37.347376553108916 0
1679963059638 36.33770890207961 0
1679963096705 36.750217612832785 0
1679963133930 36.895241637015715 0
1679963170485 36.21745928586461 0
1679963207918 37.12599713495001 0
1679963244632 36.400335332844406 0
1679963374560 36.62614300195128 0
1679963411843 36.96777753299102 0
1679963448915 36.7242330389563 0
1679963486512 37.25930242892355 0
1679963523389 36.52893557888456 0
1679963560369 36.63152865297161 0
1679963597827 37.12621352914721 0
1679963635045 36.88189366389997 0
1679963672411 37.020651983097196 0
1679963709797 37.06383531005122 0
1679963842784 36.82891681510955 0
1679963879932 36.790456474991515 0
1679963916941 36.66107716597617 0
1679963954602 37.31504414486699 0
1679963992071 37.12747032404877 0
1679964029215 36.83098909817636 0
1679964066872 37.31814106181264 0
1679964104543 37.33258285210468 0
1679964141950 37.05675182095729 0
1679964179202 36.91957675595768 0
1679964315215 37.265450064092875 0
1679964352890 37.34006041218527 0
1679964390630 37.39367545116693 0
1679964428418 37.4388523241505 0
1679964465700 36.93376804399304 0
1679964503491 37.44277623202652 0
1679964540758 36.92907685902901 0
1679964577428 36.32542168907821 0
1679964614735 36.97809151187539 0
1679964652059 36.971912283217534 0
1679964790252 36.95238660904579 0
1679964827500 36.89843450090848 0
1679964864725 36.87832947797142 0
1679964902459 37.38125050999224 0
1679964939431 36.62035608617589 0
1679964976904 37.13226083200425 0
1679965014585 37.32020651991479 0
1679965052202 37.26369784097187 0
1679965089744 37.174720999086276 0
1679965126877 36.79327581706457 0
