1679443749467 3.5525241679279134 0
1679443753528 3.8829345440026373 0
1679443756868 3.1480702999979258 0
1679443760744 3.6673477420117706 0
1679443764448 3.4988587589468807 0
1679443767854 3.2629288370953873 0
1679443772388 4.365507932030596 0
1679443776647 4.09051314892713 0
1679443780885 4.088068446959369 0
1679443784610 3.5317109760362655 0
1679443798999 5.159210966085084 0
1679443804209 4.988873387919739 0
1679443810032 5.630298117059283 0
1679443815640 5.379751199972816 0
1679443821334 5.472850513993762 0
1679443827141 5.586730338982306 0
1679443832528 5.184556433930993 0
1679443838163 5.44098059902899 0
1679443844124 5.750185640063137 0
1679443849521 5.19248603307642 0
1679443864559 5.586468653054908 0
1679443870374 5.659090347937308 0
1679443877765 7.209824374062009 0
1679443883855 5.896624775021337 0
1679443889115 5.057788999984041 0
1679443894484 5.149725937051699 0
1679443900329 5.635910977027379 0
1679443905614 5.083585273940116 0
1679443911598 5.744412222062238 0
1679443917342 5.569241045042872 0
1679443931653 5.015506541938521 0
1679443937463 5.581624818965793 0
1679443942933 5.323793455958366 0
1679443948226 5.063710047979839 0
1679443954003 5.563920591957867 0
1679443959230 5.008857497014105 0
1679443964759 5.311535489046946 0
1679443970561 5.626744378940202 0
1679443977831 7.0889585870318115 0
1679443983974 5.935260818921961 0
1679444000099 5.501485811080784 0
1679444005304 4.989459341042675 0
1679444011321 5.796084221918136 0
1679444016704 5.226119840051979 0
1679444021963 5.046747995889746 0
1679444027893 5.725195512059145 0
1679444033053 4.958735108957626 0
1679444038714 5.449158798903227 0
1679444044471 5.528420504066162 0
1679444049887 5.192153531010263 0
1679444065471 5.229313725954853 0
1679444071214 5.584920354071073 0
1679444078181 6.788844167953357 0
1679444084179 5.792431348003447 0
1679444089547 5.10354475909844 0
1679444094914 5.1387621680041775 0
1679444100786 5.649412918952294 0
1679444106097 5.090026796096936 0
1679444112094 5.771676138043404 0
1679444118032 5.723192868055776 0
1679444133812 5.24268139700871 0
1679444139067 5.056246110005304 0
1679444145428 6.1460833550663665 0
1679444150698 5.111640730989166 0
1679444156141 5.209435816039331 0
1679444162014 5.632524954969995 0
1679444167709 5.41063827497419 0
1679444174857 6.954769136966206 0
1679444181362 6.340510469046421 0
1679444186766 5.1630599648924544 0
1679444203290 5.285595744033344 0
1679444209200 5.68900255090557 0
1679444214580 5.160763127030805 0
1679444220380 5.57505336496979 0
1679444226884 6.281330925994553 0
1679444232309 5.203959648963064 0
1679444238052 5.534778233035468 0
1679444243983 5.724402377963997 0
1679444249416 5.220145771978423 0
1679444255271 5.621840495034121 0
1679444273890 6.874945263960399 0
1679444280990 6.889087027986534 0
1679444286539 5.321631320985034 0
1679444292411 5.645048063946888 0
1679444297691 5.036966006970033 0
1679444303658 5.737157867057249 0
1679444309686 5.797595128999092 0
1679444315065 5.139862378011458 0
1679444321014 5.730369708966464 0
1679444327332 6.079887089901604 0
1679444345441 5.949858057079837 0
1679444350740 5.053094573086128 0
1679444356742 5.783117312006652 0
1679444362714 5.753924626973458 0
1679444368012 5.082382365944795 0
1679444374953 6.7613327850122005 0
1679444381995 6.827913015964441 0
1679444387532 5.317845006007701 0
1679444393506 5.736537621007301 0
1679444398890 5.145240654004738 0
1679444415154 5.1117691970430315 0
1679444421194 5.812772413017228 0
1679444427883 6.462344476021826 0
1679444433397 5.273780008079484 0
1679444439417 5.778705441975035 0
1679444445425 5.769677181961015 0
1679444450783 5.112693537957966 0
1679444456846 5.830879824934527 0
1679444462752 5.673154241987504 0
1679444468054 5.054582339012995 0
1679444489042 5.579039872973226 0
1679444494840 5.629123489954509 0
1679444500123 5.055207722005434 0
1679444506297 5.925080750021152 0
1679444512156 5.6866178719792515 0
1679444517512 5.113508110982366 0
1679444523651 5.90373505698517 0
1679444529233 5.387901330948807 0
1679444534557 5.085350262932479 0
1679444540789 5.98760908190161 0
1679444559594 5.779262644005939 0
1679444565181 5.418572681024671 0
1679444570490 5.088107588002458 0
1679444576689 6.042151954956353 0
1679444583983 7.106148769962601 0
1679444590000 5.770503010950051 0
1679444595391 5.1357233569724485 0
1679444601215 5.577331071021035 0
1679444607289 5.8300631060265005 0
1679444612759 5.224642814951949 0
1679444630004 5.17699949501548 0
1679444635953 5.717376344953664 0
1679444641917 5.727204247028567 0
1679444647344 5.175379376043566 0
1679444653236 5.645630580023862 0
1679444659217 5.74995485402178 0
1679444664650 5.157552518998273 0
1679444670893 6.0041333510307595 0
1679444676242 5.121856721933 0
1679444683583 7.153080846066587 0
1679444702231 5.333580345031805 0
1679444708246 5.765888559049927 0
1679444713723 5.214732444961555 0
1679444719875 5.905864645959809 0
1679444725987 5.859824104001746 0
1679444731464 5.215745602967218 0
1679444737801 6.080783085897565 0
1679444744030 5.99917922297027 0
1679444749449 5.171790160005912 0
1679444755542 5.81791278894525 0
1679444775069 5.536430659936741 0
1679444780748 5.433704760973342 0
1679444788064 7.122575451969169 0
1679444794536 6.2783136969665065 0
1679444799945 5.154881866998039 0
1679444806154 5.941426138044335 0
1679444812247 5.90970219403971 0
1679444817745 5.243692932999693 0
1679444823813 5.836962579982355 0
1679444829552 5.565884253941476 0
1679444849665 5.853149386006407 0
1679444855058 5.139844479039311 0
1679444861092 5.791861329926178 0
1679444867362 6.040983467013575 0
1679444872893 5.267112680943683 0
1679444878833 5.684089937945828 0
1679444884251 5.174969564075582 0
1679444891821 7.3735190170118585 0
1679444898481 6.4598700740607455 0
1679444903826 5.096215074998327 0
1679444923618 5.3940805200254545 0
1679444929505 5.609212409006432 0
1679444935848 6.053589257993735 0
1679444941364 5.251989145996049 0
1679444947265 5.655010186019354 0
1679444953605 6.07537613902241 0
1679444959093 5.248561748070642 0
1679444965019 5.667947049019858 0
1679444971169 5.88178927404806 0
1679444976668 5.236390065983869 0
1679444998089 7.263978264061734 0
1679445004813 6.4818712319247425 0
1679445010263 5.16029203904327 0
1679445016177 5.656779842916876 0
1679445022654 6.230397253995761 0
1679445028177 5.252421731944196 0
1679445034012 5.569895557011478 0
1679445040159 5.8852353629190475 0
1679445045584 5.1813810099847615 0
1679445051819 5.983475935994647 0
1679445071740 5.0795687129721045 0
1679445078489 6.4525479909498245 0
1679445084881 6.153487739036791 0
1679445090394 5.2440507269930094 0
1679445096592 5.962260112981312 0
1679445104029 7.198199341073632 0
1679445110458 6.180548877920955 0
1679445115925 5.268946393043734 0
1679445121454 5.270525863044895 0
1679445127596 5.880608375999145 0
