1679443749462 0.34762437173889743 0
1679443753523 0.1169600090632836 0
1679443756863 0.0924208136378891 0
1679443760738 0.07055375089791292 0
1679443764439 0.05113516671505446 0
1679443767849 0.04648786418321025 0
1679443772385 0.05005947309546173 0
1679443776640 0.04108380919537417 0
1679443780880 0.03350977335196351 0
1679443784604 0.06395113206623743 0
1679443798994 0.5113273824629788 0
1679443804202 0.07062778068163121 0
1679443810025 0.02262100875539343 0
1679443815634 0.007901476243447784 0
1679443821328 0.02736183668878059 0
1679443827135 0.015352886764594587 0
1679443832522 0.009385897056462353 0
1679443838157 0.00204986226199253 0
1679443844118 0.0001503791127510744 0
1679443849515 0.0001920407018537339 0
1679443864553 0.645020526381106 0
1679443870369 0.06466487711489512 0
1679443877758 0.02549906612047279 0
1679443883850 0.017897844174391744 0
1679443889108 0.011931373444450501 0
1679443894478 0.023163433911920744 0
1679443900323 0.01331819660667356 0
1679443905605 0.008526818138650721 0
1679443911592 0.0014329943473664268 0
1679443917332 0.010611245014216467 0
1679443931647 0.7975027306833201 0
1679443937456 0.10498865086248972 0
1679443942928 0.0433101697776389 0
1679443948219 0.031123276909865025 0
1679443953997 0.01088108162237202 0
1679443959222 0.026902873470438255 0
1679443964753 0.006996672013095425 0
1679443970552 0.008035769183576728 0
1679443977822 0.005179896660229133 0
1679443983967 0.0194733145115606 0
1679444000090 0.9181599302424325 0
1679444005297 0.14443605782774588 0
1679444011314 0.0788822074006829 0
1679444016694 0.05602969125935083 0
1679444021954 0.05328890350905972 0
1679444027887 0.03526564073593666 0
1679444033046 0.036444860542218925 0
1679444038709 0.015950224538230234 0
1679444044463 0.013281524737410816 0
1679444049880 0.01540202824964783 0
1679444065464 0.7648580797120101 0
1679444071209 0.0566665181877195 0
1679444078175 0.028964067663117828 0
1679444084171 0.02875955005583819 0
1679444089538 0.009611877875674206 0
1679444094906 0.0058144803573668465 0
1679444100779 0.008868615045664935 0
1679444106087 0.025991414977397653 0
1679444112085 0.011869886431021668 0
1679444118025 0.012516104910072398 0
1679444133801 0.7549366812635627 0
1679444139059 0.06979612089085599 0
1679444145421 0.050123606968231295 0
1679444150688 0.030431532825524403 0
1679444156134 0.018118629640311055 0
1679444162006 0.023766253693287984 0
1679444167701 0.02438922092260327 0
1679444174846 0.010985795538625906 0
1679444181352 0.006462914797682768 0
1679444186757 0.0039045136643431357 0
1679444203282 0.645652576856729 0
1679444209192 0.07632601880468429 0
1679444214572 0.05569336342159659 0
1679444220372 0.020940114851045008 0
1679444226876 0.021927657923596498 0
1679444232299 0.01728156377632533 0
1679444238046 0.006459636370547943 0
1679444243975 0.004558222620511919 0
1679444249408 0.016062754829100516 0
1679444255263 0.018414543583154832 0
1679444273883 0.8825843344339066 0
1679444280982 0.1131082755047828 0
1679444286531 0.07319089557535739 0
1679444292403 0.07058804827910434 0
1679444297683 0.04452364828224139 0
1679444303647 0.02597081561689265 0
1679444309677 0.011984168813877557 0
1679444315059 0.005442609692141155 0
1679444321006 0.003544116099429731 0
1679444327321 0.009242435742514014 0
1679444345430 0.700418323588868 0
1679444350729 0.046950788758436425 0
1679444356735 0.02661483003693219 0
1679444362705 0.011795064313789932 0
1679444368004 0.02266714764603724 0
1679444374945 0.04765208871394862 0
1679444381987 0.020648561008662605 0
1679444387526 0.008481014105847054 0
1679444393497 0.0009216949406739634 0
1679444398881 0.0011420081788350621 0
1679444415145 0.6837356234486732 0
1679444421185 0.05491610339053699 0
1679444427872 0.03580634404012623 0
1679444433387 0.0125029289674583 0
1679444439408 0.011496839175136605 0
1679444445416 0.007631912238381725 0
1679444450774 0.002869730472674645 0
1679444456839 0.0023582152744186006 0
1679444462742 0.013439437995152225 0
1679444468045 0.026317305817388437 0
1679444489033 1.1066069354613621 0
1679444494833 0.19609354626801279 0
1679444500114 0.11272932934678263 0
1679444506287 0.07730168958272164 0
1679444512147 0.05431783405365422 0
1679444517503 0.02783118800467087 0
1679444523643 0.012325049163741318 0
1679444529216 0.031067573547382685 0
1679444534547 0.02216659133361342 0
1679444540780 0.0377122353335532 0
1679444559582 0.8434217484253976 0
1679444565174 0.12449996174416608 0
1679444570480 0.09835262647053848 0
1679444576683 0.05617266890541133 0
1679444583972 0.03724928599614133 0
1679444589986 0.038902157734587994 0
1679444595380 0.017447097850931136 0
1679444601205 0.007703606983058206 0
1679444607277 0.002823467454921532 0
1679444612749 0.009937082888953026 0
1679444629994 0.9565668837581244 0
1679444635945 0.09083841019310057 0
1679444641909 0.03998368812091131 0
1679444647334 0.02417429238525478 0
1679444653226 0.014763771335937134 0
1679444659206 0.014286490609972842 0
1679444664640 0.026841346216517396 0
1679444670881 0.027340173598188106 0
1679444676232 0.005258783959086738 0
1679444683575 0.004451601961894387 0
1679444702219 0.821338125028544 0
1679444708235 0.1089931380107171 0
1679444713712 0.0665921263235052 0
1679444719866 0.03247807555340437 0
1679444725976 0.0331268689621033 0
1679444731456 0.013971526733075734 0
1679444737788 0.01379604435076342 0
1679444744022 0.01389823177062984 0
1679444749438 0.0030925462114585875 0
1679444755532 0.011704551719433059 0
1679444775057 0.622500980984316 0
1679444780737 0.03471707877146805 0
1679444788057 0.021905753226019443 0
1679444794528 0.00814517517687313 0
1679444799934 0.009333194948461217 0
1679444806143 0.008425682976424771 0
1679444812238 0.002587140420695909 0
1679444817737 0.011032825495850477 0
1679444823804 0.01756500379439482 0
1679444829542 0.012045148199306115 0
1679444849653 0.5826671492308378 0
1679444855050 0.08771765432708586 0
1679444861080 0.05462653171012385 0
1679444867354 0.03181730646530115 0
1679444872879 0.029466195432339897 0
1679444878817 0.023007008293643594 0
1679444884243 0.033209620175168514 0
1679444891813 0.011099892187889458 0
1679444898465 0.022201896555391915 0
1679444903815 0.011567024350653002 0
1679444923605 0.8791939544181029 0
1679444929493 0.18523109212724698 0
1679444935840 0.08381767469949813 0
1679444941355 0.042173501952654784 0
1679444947250 0.027047799001189157 0
1679444953593 0.048797719763307316 0
1679444959082 0.03153722217021924 0
1679444965007 0.022545292257402455 0
1679444971157 0.0042090614853400946 0
1679444976656 0.006200975703864566 0
1679444998080 1.1810663057491184 0
1679445004801 0.11569396822920276 0
1679445010250 0.0908412691542051 0
1679445016163 0.06238757587432499 0
1679445022640 0.03842427924456489 0
1679445028165 0.02454652488296334 0
1679445034000 0.018868440517366657 0
1679445040147 0.01109837687440126 0
1679445045572 0.006324773633160577 0
1679445051806 0.006647945730866114 0
1679445071727 0.8340324806256427 0
1679445078473 0.1167243601806048 0
1679445084868 0.059508275285608966 0
1679445090381 0.03100678722710452 0
1679445096579 0.02344093000024764 0
1679445104018 0.020072941545206252 0
1679445110449 0.010135539477414569 0
1679445115907 0.00955708366859148 0
1679445121441 0.002049738112772401 0
1679445127581 0.0021613158198710556 0
