1679443749452 0.8951388888888889 0
1679443753512 0.9677083333333333 0
1679443756852 0.9753472222222223 0
1679443760728 0.9809027777777778 0
1679443764428 0.9836805555555556 0
1679443767838 0.9868055555555556 0
1679443772375 0.9840277777777777 0
1679443776628 0.9881944444444445 0
1679443780876 0.9895833333333334 0
1679443784594 0.9819444444444444 0
1679443798984 0.90625 0
1679443804190 0.9791666666666666 0
1679443810012 0.99375 0
1679443815628 0.9975694444444444 0
1679443821316 0.990625 0
1679443827129 0.9958333333333333 0
1679443832516 0.996875 0
1679443838147 0.9996527777777777 0
1679443844107 1.0 0
1679443849509 1.0 0
1679443864543 0.8993055555555556 0
1679443870359 0.978125 0
1679443877747 0.9909722222222223 0
1679443883839 0.9927083333333333 0
1679443889096 0.9961805555555555 0
1679443894471 0.9947916666666666 0
1679443900312 0.9954861111111111 0
1679443905598 0.9972222222222222 0
1679443911578 0.9996527777777777 0
1679443917318 0.9979166666666667 0
1679443931636 0.8368055555555556 0
1679443937445 0.9701388888888889 0
1679443942924 0.9871527777777778 0
1679443948212 0.9920138888888889 0
1679443953988 0.996875 0
1679443959214 0.9913194444444444 0
1679443964746 0.9982638888888888 0
1679443970536 0.9982638888888888 0
1679443977807 0.9986111111111111 0
1679443983956 0.9951388888888889 0
1679444000078 0.8076388888888889 0
1679444005290 0.9503472222222222 0
1679444011303 0.9729166666666667 0
1679444016684 0.9805555555555555 0
1679444021947 0.9819444444444444 0
1679444027880 0.9868055555555556 0
1679444033039 0.9881944444444445 0
1679444038702 0.9954861111111111 0
1679444044452 0.9961805555555555 0
1679444049873 0.9954861111111111 0
1679444065453 0.8805555555555555 0
1679444071198 0.9826388888888888 0
1679444078164 0.9916666666666667 0
1679444084161 0.9916666666666667 0
1679444089526 0.9972222222222222 0
1679444094893 0.9986111111111111 0
1679444100772 0.996875 0
1679444106076 0.9927083333333333 0
1679444112069 0.996875 0
1679444118018 0.996875 0
1679444133788 0.8663194444444444 0
1679444139052 0.9756944444444444 0
1679444145409 0.984375 0
1679444150679 0.9913194444444444 0
1679444156124 0.9944444444444445 0
1679444161996 0.9923611111111111 0
1679444167693 0.9913194444444444 0
1679444174827 0.996875 0
1679444181339 0.9979166666666667 0
1679444186744 0.9993055555555556 0
1679444203270 0.8805555555555555 0
1679444209180 0.9777777777777777 0
1679444214564 0.9802083333333333 0
1679444220360 0.99375 0
1679444226869 0.9944444444444445 0
1679444232291 0.9951388888888889 0
1679444238036 0.9986111111111111 0
1679444243963 0.9982638888888888 0
1679444249396 0.9947916666666666 0
1679444255252 0.9944444444444445 0
1679444273873 0.8291666666666667 0
1679444280974 0.9625 0
1679444286519 0.9753472222222223 0
1679444292388 0.978125 0
1679444297674 0.984375 0
1679444303635 0.9913194444444444 0
1679444309665 0.996875 0
1679444315049 0.9986111111111111 0
1679444320998 0.9986111111111111 0
1679444327304 0.996875 0
1679444345412 0.8732638888888888 0
1679444350717 0.9836805555555556 0
1679444356729 0.9913194444444444 0
1679444362694 0.9961805555555555 0
1679444367992 0.9930555555555556 0
1679444374932 0.9857638888888889 0
1679444381978 0.9940972222222222 0
1679444387515 0.9979166666666667 0
1679444393485 1.0 0
1679444398870 1.0 0
1679444415132 0.8697916666666666 0
1679444421172 0.9850694444444444 0
1679444427858 0.9868055555555556 0
1679444433376 0.9958333333333333 0
1679444439393 0.9972222222222222 0
1679444445401 0.9982638888888888 0
1679444450764 0.9993055555555556 0
1679444456828 0.9993055555555556 0
1679444462729 0.9965277777777778 0
1679444468035 0.9920138888888889 0
1679444489021 0.7986111111111112 0
1679444494822 0.9423611111111111 0
1679444500101 0.9621527777777777 0
1679444506271 0.9753472222222223 0
1679444512134 0.98125 0
1679444517493 0.9920138888888889 0
1679444523632 0.996875 0
1679444529195 0.9909722222222223 0
1679444534534 0.9940972222222222 0
1679444540767 0.9909722222222223 0
1679444559569 0.8465277777777778 0
1679444565164 0.9618055555555556 0
1679444570468 0.9697916666666667 0
1679444576672 0.9788194444444445 0
1679444583961 0.9881944444444445 0
1679444589974 0.9881944444444445 0
1679444595369 0.9944444444444445 0
1679444601194 0.9982638888888888 0
1679444607265 0.9993055555555556 0
1679444612739 0.9982638888888888 0
1679444629983 0.8395833333333333 0
1679444635935 0.9753472222222223 0
1679444641896 0.9881944444444445 0
1679444647320 0.9916666666666667 0
1679444653213 0.9958333333333333 0
1679444659194 0.9958333333333333 0
1679444664629 0.990625 0
1679444670866 0.9927083333333333 0
1679444676219 0.9986111111111111 0
1679444683562 0.9993055555555556 0
1679444702206 0.8659722222222223 0
1679444708222 0.9670138888888888 0
1679444713702 0.9795138888888889 0
1679444719854 0.990625 0
1679444725961 0.9916666666666667 0
1679444731443 0.9947916666666666 0
1679444737773 0.9965277777777778 0
1679444744010 0.996875 0
1679444749428 0.9993055555555556 0
1679444755519 0.9975694444444444 0
1679444775042 0.8930555555555556 0
1679444780726 0.9916666666666667 0
1679444788045 0.9934027777777777 0
1679444794513 0.9979166666666667 0
1679444799922 0.9972222222222222 0
1679444806131 0.9975694444444444 0
1679444812224 0.9996527777777777 0
1679444817728 0.9961805555555555 0
1679444823792 0.9954861111111111 0
1679444829531 0.9951388888888889 0
1679444849640 0.8680555555555556 0
1679444855038 0.9763888888888889 0
1679444861066 0.9840277777777777 0
1679444867341 0.9902777777777778 0
1679444872864 0.9913194444444444 0
1679444878801 0.9944444444444445 0
1679444884235 0.990625 0
1679444891800 0.9961805555555555 0
1679444898453 0.9916666666666667 0
1679444903801 0.9951388888888889 0
1679444923589 0.8208333333333333 0
1679444929480 0.9461805555555556 0
1679444935826 0.9736111111111111 0
1679444941344 0.9885416666666667 0
1679444947235 0.9909722222222223 0
1679444953578 0.984375 0
1679444959069 0.9913194444444444 0
1679444964993 0.9934027777777777 0
1679444971143 0.9996527777777777 0
1679444976644 0.9979166666666667 0
1679444998068 0.8329861111111111 0
1679445004787 0.965625 0
1679445010237 0.9756944444444444 0
1679445016147 0.9788194444444445 0
1679445022625 0.9868055555555556 0
1679445028150 0.9920138888888889 0
1679445033984 0.99375 0
1679445040133 0.996875 0
1679445045559 0.9986111111111111 0
1679445051792 0.9982638888888888 0
1679445071714 0.8506944444444444 0
1679445078455 0.9652777777777778 0
1679445084854 0.9798611111111111 0
1679445090366 0.9899305555555555 0
1679445096554 0.9920138888888889 0
1679445103997 0.9923611111111111 0
1679445110437 0.9979166666666667 0
1679445115896 0.9975694444444444 0
1679445121425 1.0 0
1679445127566 0.9996527777777777 0
