1680258139382 0.18153949325577556 0
1680258157782 0.008417822828355456 0
1680258176492 0.004162372937133409 0
1680258194715 0.0029762651798277556 0
1680258212926 0.0016124885636247714 0
1680258231268 0.001751816894803306 0
1680258249395 0.001203493962853084 0
1680258267433 0.0010239370615812474 0
1680258285691 0.0007817760622913581 0
1680258303670 0.0007578269780795724 0
1680258343412 0.05550679955439469 0
1680258370007 0.05225359492925639 0
1680258396906 0.05150669015483143 0
1680258423887 0.05023460971172323 0
1680258451074 0.05006745113539941 0
1680258478434 0.049802399954768185 0
1680258505620 0.04958921243465438 0
1680258532399 0.04975101940103413 0
1680258559196 0.04913624005833852 0
1680258586437 0.04871307846888439 0
1680258621816 0.08221804238479546 0
1680258649126 0.07963649165449721 0
1680258676449 0.07859682248848858 0
1680258704261 0.07818229032134769 0
1680258732177 0.07825634501347638 0
1680258760135 0.07810369191898239 0
1680258788127 0.07771927088198036 0
1680258815449 0.0775747734865155 0
1680258842878 0.07721887607917641 0
1680258870445 0.0774631243387256 0
1680258904492 0.07840786176184039 0
1680258932233 0.07667266186632093 0
1680258960198 0.0764218977877687 0
1680258987573 0.07630260136039531 0
1680259014310 0.07512912082058362 0
1680259041441 0.07536957646933858 0
1680259068462 0.07502542364365253 0
1680259095356 0.07506946537292516 0
1680259122351 0.07443044357551415 0
1680259149448 0.0740926883939165 0
1680259179971 0.29435973040673924 0
1680259204021 0.2870861424111772 0
1680259228421 0.28489715275408206 0
1680259253075 0.2842312006087139 0
1680259277963 0.28395756000074845 0
1680259302344 0.2832786955710115 0
1680259326987 0.2830856040976513 0
1680259351147 0.2829549552380354 0
1680259376067 0.2830029498914192 0
1680259400686 0.2826162602024517 0
1680259439063 0.13453150815020004 0
1680259471930 0.12945161174982786 0
1680259504881 0.12876038475582996 0
1680259537947 0.12826391760259867 0
1680259570876 0.12795777846127748 0
1680259603601 0.12767862975597383 0
1680259636386 0.12740249007940294 0
1680259669389 0.1273210205261906 0
1680259702116 0.1270558588579297 0
1680259735363 0.12687608739982048 0
1680259765795 0.13774985697732042 0
1680259788893 0.1372684770778044 0
1680259812187 0.1370718989020853 0
1680259835035 0.13730348107307705 0
1680259857899 0.13706067215595671 0
1680259880665 0.13696382867533768 0
1680259903340 0.13700361985398168 0
1680259926172 0.13710591525061808 0
1680259948891 0.13693901546188256 0
1680259971823 0.13698969099355573 0
1680259990265 0.13601310157471083 0
1680260001605 0.1358815964988687 0
1680260013267 0.13547873323444615 0
1680260024862 0.1353413615460423 0
1680260036641 0.13539825862442906 0
1680260048252 0.13520612330599266 0
1680260059819 0.13526079812171785 0
1680260071486 0.13517052062194457 0
1680260083305 0.13514137780293822 0
1680260094887 0.13510095273059877 0
1680260126092 0.05541304771034875 0
1680260151540 0.054316236688038276 0
1680260177568 0.0542331745932909 0
1680260203518 0.0541500492090129 0
1680260228884 0.0540819295445647 0
1680260255083 0.05405376301856142 0
1680260280647 0.054122897947849524 0
1680260306245 0.05414394193496595 0
1680260331857 0.05411257182496424 0
1680260357697 0.05412358447400259 0
1680260377081 0.13019370486916498 0
1680260388265 0.1273846994045862 0
1680260399757 0.12733922322648902 0
1680260411065 0.1272184889936863 0
1680260422205 0.12720480374991894 0
1680260433860 0.12725291119585203 0
1680260445291 0.12711088225072206 0
1680260456853 0.1270010859683849 0
1680260468215 0.12711365436485342 0
1680260479172 0.1270501598022705 0
1680260496630 0.13452452331959844 0
1680260507692 0.13452300250887156 0
1680260518697 0.13440992036265528 0
1680260529792 0.13434659399672183 0
1680260540933 0.13428434046978008 0
1680260552052 0.13429648362233967 0
1680260562965 0.134503225812655 0
1680260574137 0.13433881327063737 0
1680260585169 0.13431760521527536 0
1680260596185 0.1341656354105401 0
1680260613714 0.1351122841863575 0
1680260625056 0.13456860679887725 0
1680260636131 0.13466106564877275 0
1680260647125 0.13491979834740747 0
1680260658170 0.13453991934210954 0
1680260669220 0.13448521566248225 0
1680260680311 0.13472504672889937 0
1680260691582 0.13487353193724227 0
1680260702601 0.13473707491052364 0
1680260713781 0.13456776818472468 0
1680260731864 0.14041956411507314 0
1680260742898 0.14078574150265333 0
1680260753964 0.14042970792440598 0
1680260765132 0.14044744084159771 0
1680260776533 0.14051964593504718 0
1680260787693 0.14061892291385972 0
1680260799009 0.14046165159719434 0
1680260810099 0.14070126570448904 0
1680260821374 0.1406272287051121 0
1680260832407 0.14050852498429978 0
