1680071028774 0.9796663909567135 0
1680071144550 0.9952956989247311 0
1680071261274 0.9976564653984009 0
1680071377245 0.9985697546181417 0
1680071493321 0.9987420733388476 0
1680071610190 0.9991728701406121 0
1680071726222 0.9996725944306589 0
1680071841539 0.9995347394540943 0
1680071957368 0.9995864350703061 0
1680072073497 0.999259029500965 0
1680072110245 0.9219568062827225 0
1680072128173 0.9973821989528796 0
1680072145918 0.9993455497382199 0
1680072163712 0.9998363874345549 0
1680072181428 0.99967277486911 0
1680072199338 1.0 0
1680072216950 1.0 0
1680072234588 1.0 0
1680072252252 1.0 0
1680072269786 1.0 0
1680072304999 0.911976439790576 0
1680072323151 0.9968913612565445 0
1680072340937 0.9986910994764397 0
1680072358866 0.99967277486911 0
1680072376877 0.99967277486911 0
1680072394680 0.9998363874345549 0
1680072412542 1.0 0
1680072430649 0.9998363874345549 0
1680072448496 1.0 0
1680072466496 0.9998363874345549 0
1680072502417 0.8594568062827225 0
1680072520295 0.9960732984293194 0
1680072538472 0.9982002617801047 0
1680072556852 0.9995091623036649 0
1680072575035 0.99967277486911 0
1680072593070 0.9995091623036649 0
1680072611518 1.0 0
1680072629379 0.9998363874345549 0
1680072647900 1.0 0
1680072666329 1.0 0
1680072703366 0.8123363874345549 0
1680072721811 0.9888743455497382 0
1680072740375 0.9968913612565445 0
1680072758719 0.9993455497382199 0
1680072777863 0.9993455497382199 0
1680072796364 1.0 0
1680072815022 1.0 0
1680072833977 1.0 0
1680072852342 0.9995091623036649 0
1680072870858 1.0 0
1680072908366 0.7482002617801047 0
1680072927576 0.9762761780104712 0
1680072946500 0.993946335078534 0
1680072965629 0.9986910994764397 0
1680072984480 0.9993455497382199 0
1680073003329 0.9983638743455497 0
1680073022171 0.9998363874345549 0
1680073040662 0.9995091623036649 0
1680073059619 0.99967277486911 0
1680073078494 0.9998363874345549 0
1680073116301 0.7848494764397905 0
1680073135711 0.9802028795811518 0
1680073154865 0.9973821989528796 0
1680073173841 0.9975458115183246 0
1680073193104 0.9991819371727748 0
1680073212362 0.9991819371727748 0
1680073231384 0.9995091623036649 0
1680073250527 0.9998363874345549 0
1680073269468 1.0 0
1680073288582 0.9995091623036649 0
1680073327503 0.7108965968586387 0
1680073346870 0.9540248691099477 0
1680073366332 0.9914921465968587 0
1680073385621 0.9955824607329843 0
1680073404905 0.9982002617801047 0
1680073424499 0.9985274869109948 0
1680073443982 0.9993455497382199 0
1680073463262 0.99967277486911 0
1680073482436 0.9993455497382199 0
1680073501554 1.0 0
1680073540844 0.7594895287958116 0
1680073560317 0.9733311518324608 0
1680073580291 0.9932918848167539 0
1680073599798 0.9982002617801047 0
1680073619121 0.9990183246073299 0
1680073638897 0.9990183246073299 0
1680073658374 0.99967277486911 0
1680073677698 0.9995091623036649 0
1680073697080 0.99967277486911 0
1680073716582 1.0 0
1680073756616 0.8072643979057592 0
1680073776261 0.9831479057591623 0
1680073796075 0.9946007853403142 0
1680073815857 0.9977094240837696 0
1680073835723 0.9990183246073299 0
1680073855392 0.9990183246073299 0
1680073875242 0.9988547120418848 0
1680073895065 0.9995091623036649 0
1680073915294 0.99967277486911 0
1680073934960 0.9993455497382199 0
1680073976001 0.7956479057591623 0
1680073995897 0.9849476439790575 0
1680074016271 0.9959096858638743 0
1680074036314 0.9975458115183246 0
1680074056521 0.9985274869109948 0
1680074076630 0.9993455497382199 0
1680074096414 0.9991819371727748 0
1680074116363 0.9998363874345549 0
1680074136148 0.99967277486911 0
1680074156191 1.0 0
1680074196539 0.7151505235602095 0
1680074215353 0.9538612565445026 0
1680074234347 0.9916557591623036 0
1680074253339 0.9973821989528796 0
1680074271746 0.9991819371727748 0
1680074290449 0.9991819371727748 0
1680074309419 0.9988547120418848 0
1680074328066 0.9988547120418848 0
1680074346813 0.9993455497382199 0
1680074365687 0.9998363874345549 0
1680074406246 0.744273560209424 0
1680074425162 0.9726767015706806 0
1680074444592 0.9964005235602095 0
1680074464096 0.9983638743455497 0
1680074483702 0.9986910994764397 0
1680074503145 1.0 0
1680074522482 0.9991819371727748 0
1680074541478 0.9998363874345549 0
1680074560499 0.9991819371727748 0
1680074579652 0.99967277486911 0
1680074621229 0.7707787958115183 0
1680074640709 0.9805301047120419 0
1680074660134 0.9957460732984293 0
1680074679948 0.9980366492146597 0
1680074699693 0.9986910994764397 0
1680074719335 0.9991819371727748 0
1680074738537 0.9993455497382199 0
1680074758032 0.9993455497382199 0
1680074776997 0.99967277486911 0
1680074796391 0.99967277486911 0
1680074839426 0.7148232984293194 0
1680074859228 0.9587696335078534 0
1680074879058 0.993619109947644 0
1680074898692 0.9970549738219895 0
1680074918167 0.9973821989528796 0
1680074937422 0.9990183246073299 0
1680074957276 0.9998363874345549 0
1680074976493 0.9995091623036649 0
1680074996547 1.0 0
1680075016135 0.9993455497382199 0
1680075059893 0.7450916230366492 0
1680075079914 0.9738219895287958 0
1680075100137 0.993619109947644 0
1680075120603 0.9968913612565445 0
1680075140766 0.9985274869109948 0
1680075161056 0.9993455497382199 0
1680075181316 0.9991819371727748 0
1680075201498 0.9993455497382199 0
1680075221678 0.9995091623036649 0
1680075241498 0.9998363874345549 0
1680075286555 0.6981348167539267 0
1680075306727 0.9535340314136126 0
1680075327034 0.9941099476439791 0
1680075347449 0.9965641361256544 0
1680075367703 0.9983638743455497 0
1680075388098 0.9977094240837696 0
1680075408346 0.9995091623036649 0
1680075428981 0.9993455497382199 0
1680075449503 0.9998363874345549 0
1680075470225 0.9998363874345549 0
1680075516345 0.7549083769633508 0
1680075537118 0.9746400523560209 0
1680075558087 0.993619109947644 0
1680075578803 0.9972185863874345 0
1680075599727 0.9991819371727748 0
1680075620615 0.9993455497382199 0
1680075641147 0.9991819371727748 0
1680075662038 0.9995091623036649 0
1680075683170 0.9998363874345549 0
1680075703729 0.99967277486911 0
1680075750240 0.7274214659685864 0
1680075770847 0.9577879581151832 0
1680075791620 0.9929646596858639 0
1680075812329 0.9965641361256544 0
1680075833456 0.9986910994764397 0
1680075854275 0.9986910994764397 0
1680075875113 0.9991819371727748 0
1680075896122 0.9993455497382199 0
1680075916705 1.0 0
1680075937958 0.9995091623036649 0
1680075985138 0.7352748691099477 0
1680076006531 0.9697316753926701 0
1680076027767 0.9947643979057592 0
1680076049127 0.9970549738219895 0
1680076070735 0.9986910994764397 0
1680076092082 0.9990183246073299 0
1680076113279 0.9986910994764397 0
1680076134364 0.9993455497382199 0
1680076155533 0.9995091623036649 0
1680076177077 1.0 0
