1680071028785 0.06968497736665728 0
1680071144567 0.016067175866908937 0
1680071261290 0.008770918821898946 0
1680071377263 0.005651928511558189 0
1680071493333 0.005151637257631103 0
1680071610203 0.0038057342678370644 0
1680071726234 0.0020377591331158366 0
1680071841554 0.0021340564874023278 0
1680071957376 0.001987191823485124 0
1680072073508 0.0029512846228581004 0
1680072110257 0.4345794273101535 0
1680072128190 0.0149024046557658 0
1680072145925 0.006074963418793674 0
1680072163726 0.0033464392833655494 0
1680072181439 0.0025946626912665928 0
1680072199350 0.0014462104536219944 0
1680072216961 0.001288428172897011 0
1680072234606 0.0012179471504221138 0
1680072252264 0.0009798778159527414 0
1680072269798 0.0007736738351404092 0
1680072305016 0.44747341205780417 0
1680072323161 0.015615727845701286 0
1680072340956 0.008281445014290512 0
1680072358884 0.004564439200556042 0
1680072376894 0.0032165787587763927 0
1680072394697 0.0024833408152655314 0
1680072412554 0.0019196670248565698 0
1680072430661 0.0016372380681434666 0
1680072448508 0.0010528817918536823 0
1680072466516 0.0012285096839945568 0
1680072502423 0.6730649220557269 0
1680072520308 0.025852914385166 0
1680072538490 0.015237618976453055 0
1680072556857 0.0066591242257583675 0
1680072575053 0.005325203098317716 0
1680072593081 0.003985601122898211 0
1680072611530 0.0033589050006755283 0
1680072629397 0.0025810120689453487 0
1680072647911 0.0020573725098017507 0
1680072666341 0.0015709031486325453 0
1680072703386 0.7267010202582594 0
1680072721828 0.05094512332601385 0
1680072740390 0.019024390539554244 0
1680072758731 0.008898807071814927 0
1680072777876 0.005818007379942159 0
1680072796380 0.004147183884505709 0
1680072815041 0.003090045201233759 0
1680072833996 0.0025997590849600265 0
1680072852360 0.0029015340868210546 0
1680072870871 0.0020419194764416198 0
1680072908381 1.0218417174451013 0
1680072927588 0.09584812713660183 0
1680072946511 0.031333227656508617 0
1680072965647 0.012947094214699811 0
1680072984499 0.008383026437685187 0
1680073003349 0.009505407647315061 0
1680073022183 0.004914060095447014 0
1680073040681 0.004443506620024668 0
1680073059632 0.0033383127268408644 0
1680073078507 0.002741964293018481 0
1680073116312 0.9485659341069417 0
1680073135727 0.07460504269997799 0
1680073154885 0.0207590677687674 0
1680073173861 0.015130715214291402 0
1680073193123 0.010835000196184124 0
1680073212375 0.007914183856078292 0
1680073231398 0.0050831573735861625 0
1680073250538 0.004094892310518625 0
1680073269480 0.003117553508887433 0
1680073288594 0.003548628639558413 0
1680073327523 1.0913516006076522 0
1680073346891 0.1598115223142957 0
1680073366341 0.03893036971171021 0
1680073385632 0.023293298650874282 0
1680073404926 0.013661202708264101 0
1680073424510 0.009094361000979583 0
1680073443994 0.0069851979073283325 0
1680073463273 0.005562907306529845 0
1680073482449 0.0043129892512383085 0
1680073501574 0.003240563525636656 0
1680073540859 1.0324431067595932 0
1680073560335 0.09730617037403802 0
1680073580304 0.03308702842941927 0
1680073599815 0.013899616160824973 0
1680073619136 0.007973830697446067 0
1680073638918 0.007878036678924727 0
1680073658386 0.005282006125149917 0
1680073677709 0.005253696261968522 0
1680073697092 0.004001672342949893 0
1680073716594 0.0029957900584141445 0
1680073756624 0.8517327801329303 0
1680073776276 0.07250187312452737 0
1680073796088 0.02731550562790356 0
1680073815869 0.016679329038183182 0
1680073835737 0.009445519490698986 0
1680073855406 0.007708188658488759 0
1680073875263 0.006361767911585048 0
1680073895085 0.005895166708453904 0
1680073915306 0.004246419383284845 0
1680073934977 0.004756847940932676 0
1680073976021 0.9167413631775928 0
1680073995917 0.06954171905216044 0
1680074016283 0.026713159995845944 0
1680074036322 0.01591491482235218 0
1680074056533 0.013098675883813951 0
1680074076644 0.008411589127060767 0
1680074096421 0.006917035823665969 0
1680074116378 0.00450477196700281 0
1680074136168 0.004770093626880296 0
1680074156214 0.004147655829172874 0
1680074196560 1.2206501857772547 0
1680074215365 0.171434310064968 0
1680074234364 0.048746148814296064 0
1680074253360 0.022144482669747233 0
1680074271759 0.01500978093796668 0
1680074290460 0.01118127069757832 0
1680074309430 0.009419402426976652 0
1680074328077 0.009866814055304526 0
1680074346831 0.006847665075600362 0
1680074365703 0.004626363833100872 0
1680074406266 1.1254292815845675 0
1680074425173 0.10626110780974411 0
1680074444604 0.03044999502379818 0
1680074464117 0.016867819953470916 0
1680074483717 0.012935979352137611 0
1680074503159 0.00747339883471805 0
1680074522495 0.00840796796173462 0
1680074541497 0.004973163505521218 0
1680074560515 0.005631326832771984 0
1680074579667 0.004860250915934609 0
1680074621240 0.9611560012072481 0
1680074640724 0.08027891537506153 0
1680074660156 0.029371377680431174 0
1680074679967 0.01489781655635714 0
1680074699705 0.010739073575430438 0
1680074719352 0.009761238335820734 0
1680074738551 0.00771413996318326 0
1680074758046 0.0054818658424536475 0
1680074777013 0.004043536696519644 0
1680074796403 0.005249667530867188 0
1680074839440 1.1852344534315988 0
1680074859241 0.14707943224177467 0
1680074879070 0.04294543956157737 0
1680074898703 0.02280018337105074 0
1680074918187 0.016794068633983427 0
1680074937440 0.009668259379814784 0
1680074957295 0.005956280381048186 0
1680074976509 0.006306554709197904 0
1680074996558 0.0049540456286899705 0
1680075016143 0.005325909500090766 0
1680075059907 1.1072590724804015 0
1680075079926 0.10872271810097532 0
1680075100156 0.03782902333241795 0
1680075120619 0.021825616555142154 0
1680075140787 0.012801154125945067 0
1680075161068 0.008329452023687846 0
1680075181328 0.009379712617297838 0
1680075201513 0.007254093611754321 0
1680075221694 0.009056748793379974 0
1680075241511 0.0056229187791230865 0
1680075286568 1.2258496756094912 0
1680075306745 0.16500544084811397 0
1680075327046 0.04187626501116219 0
1680075347461 0.02456928002257973 0
1680075367720 0.014875769218995543 0
1680075388115 0.014416648853321544 0
1680075408359 0.008561963639075805 0
1680075429010 0.007160906147526294 0
1680075449515 0.005598811695720338 0
1680075470240 0.0048394576056387415 0
1680075516360 0.997133513278674 0
1680075537134 0.09511401769534455 0
1680075558099 0.033475722547093925 0
1680075578826 0.018494601856371026 0
1680075599745 0.009486664404741522 0
1680075620626 0.007940350202185283 0
1680075641171 0.006670770529750247 0
1680075662060 0.0070117543273512765 0
1680075683194 0.004963636608899166 0
1680075703752 0.00491621330135419 0
1680075750253 1.1936107709301704 0
1680075770871 0.15210183596248247 0
1680075791634 0.04272547150420815 0
1680075812346 0.02518830200564604 0
1680075833479 0.01734329686812198 0
1680075854290 0.014114495605127935 0
1680075875123 0.00977578675996083 0
1680075896141 0.007069709174413019 0
1680075916719 0.004153338434352632 0
1680075937982 0.006228557695952824 0
1680075985151 1.1579431766224781 0
1680076006543 0.11995244049589047 0
1680076027791 0.03527929765996352 0
1680076049153 0.0213812031985519 0
1680076070756 0.01518566983676374 0
1680076092097 0.011349077705240258 0
1680076113309 0.01127695034444576 0
1680076134377 0.007840443167260102 0
1680076155545 0.005813223892501044 0
1680076177089 0.005461669200299922 0
