1678720257532 0.8781602193116053 0
1678720262073 0.9671032592141334 0
1678720266666 0.9792872372829728 0
1678720271227 0.9680170575692963 0
1678720275742 0.9905574169966495 0
1678720280360 0.9939080109655802 0
1678720285033 0.9936034115138592 0
1678720289663 0.9856838257691136 0
1678720294281 0.9838562290587877 0
1678720298821 0.9951264087724642 0
1678720366819 0.8993205682520075 0
1678720374692 0.9827053736874614 0
1678720382245 0.9817788758492897 0
1678720390011 0.9947498455836936 0
1678720398062 0.9870290302655961 0
1678720406141 0.9981470043236566 0
1678720413970 0.9857936998147004 0
1678720422051 0.9947498455836936 0
1678720429845 0.9990735021618283 0
1678720437770 0.9990735021618283 0
1678720506046 0.8681284743668931 0
1678720514486 0.9864113650401483 0
1678720522533 0.9830142063001853 0
1678720530633 0.9950586781964176 0
1678720538862 0.9978381717109327 0
1678720547000 0.9925880172946263 0
1678720555245 0.9981470043236566 0
1678720563341 0.9978381717109327 0
1678720571323 0.9996911673872761 0
1678720579537 0.9987646695491044 0
1678720648619 0.8313773934527486 0
1678720656874 0.9657195799876467 0
1678720664925 0.9765287214329833 0
1678720673278 0.9836318715256331 0
1678720680848 0.9873378628783199 0
1678720689012 0.9922791846819025 0
1678720696766 0.9919703520691785 0
1678720705112 0.9950586781964176 0
1678720712975 0.9913526868437307 0
1678720721192 0.9962940086473132 0
1678720789875 0.6936380481778875 0
1678720797886 0.9190858554663373 0
1678720805516 0.9617047560222359 0
1678720812821 0.9898085237801112 0
1678720820937 0.9879555281037677 0
1678720828589 0.9756022235948116 0
1678720836683 0.9953675108091414 0
1678720844541 0.990426189005559 0
1678720852490 0.9882643607164917 0
1678720860349 0.9922791846819025 0
1678720929376 0.5299567634342186 0
1678720937330 0.8526868437306979 0
1678720944782 0.9527486102532428 0
1678720952897 0.9762198888202595 0
1678720960689 0.9768375540457073 0
1678720968699 0.9873378628783199 0
1678720976664 0.9814700432365658 0
1678720984352 0.9941321803582458 0
1678720991505 0.9932056825200741 0
1678720999286 0.9925880172946263 0
1678721067926 0.355775169857937 0
1678721075485 0.7362569487337863 0
1678721083553 0.9045707226683137 0
1678721091338 0.942557134033354 0
1678721099335 0.9626312538604077 0
1678721106848 0.974366893143916 0
1678721114489 0.9737492279184682 0
1678721122271 0.9830142063001853 0
1678721130393 0.9941321803582458 0
1678721137971 0.980852378011118 0
1678721207079 0.29246448424953675 0
1678721214575 0.6831377393452749 0
1678721222400 0.8780111179740581 0
1678721229977 0.9410129709697344 0
1678721237977 0.964484249536751 0
1678721245299 0.9728227300802965 0
1678721253166 0.9830142063001853 0
1678721260694 0.9759110562075355 0
1678721268345 0.9789993823347746 0
1678721275901 0.9712785670166769 0
1678721344062 0.24706609017912293 0
1678721351767 0.6306361951822113 0
1678721359702 0.8641136504014824 0
1678721367400 0.9246448424953675 0
1678721375367 0.938851142680667 0
1678721383203 0.9542927733168622 0
1678721390692 0.9796170475602224 0
1678721398374 0.980852378011118 0
1678721405858 0.9891908585546634 0
1678721413558 0.9789993823347746 0
1678721482682 0.2578752316244595 0
1678721490522 0.6201358863495985 0
1678721498634 0.8165534280420013 0
1678721506350 0.9126003705991352 0
1678721513953 0.9518221124150711 0
1678721522048 0.9749845583693638 0
1678721530446 0.968190240889438 0
1678721538098 0.9768375540457073 0
1678721545951 0.9725138974675726 0
1678721553463 0.9623224212476837 0
1678721622996 0.23378628783199507 0
1678721630471 0.6896232242124768 0
1678721638346 0.9061148857319333 0
1678721646327 0.9512044471896233 0
1678721654623 0.9706609017912291 0
1678721663137 0.9833230389129092 0
1678721670579 0.9549104385423101 0
1678721678169 0.9728227300802965 0
1678721685815 0.9796170475602224 0
1678721693981 0.984249536751081 0
1678721763919 0.34403953057442865 0
1678721771871 0.7736256948733786 0
1678721780101 0.9014823965410748 0
1678721787753 0.9579987646695491 0
1678721795286 0.9799258801729462 0
1678721803112 0.9833230389129092 0
1678721810639 0.9814700432365658 0
1678721819012 0.9780728844966028 0
1678721826651 0.9746757257566399 0
1678721833985 0.9848672019765288 0
1678721903768 0.2807288449660284 0
1678721911300 0.6658431130327362 0
1678721919656 0.8604076590487956 0
1678721928109 0.92958616429895 0
1678721936113 0.9737492279184682 0
1678721944587 0.9715873996294009 0
1678721952862 0.9542927733168622 0
1678721960785 0.9793082149474984 0
1678721968206 0.9802347127856702 0
1678721976366 0.9953675108091414 0
1678722046178 0.3838789376158122 0
1678722054161 0.8375540457072267 0
1678722061833 0.939159975293391 0
1678722069652 0.9706609017912291 0
1678722077668 0.9867201976528721 0
1678722085435 0.9768375540457073 0
1678722093320 0.9823965410747375 0
1678722100954 0.9793082149474984 0
1678722108605 0.9867201976528721 0
1678722116747 0.9916615194564546 0
1678722186751 0.3409512044471896 0
1678722194664 0.772390364422483 0
1678722202207 0.9092032118591723 0
1678722209581 0.9604694255713403 0
1678722217400 0.9654107473749228 0
1678722225248 0.9737492279184682 0
1678722232753 0.9845583693638048 0
1678722240359 0.990426189005559 0
1678722248043 0.993823347745522 0
1678722255991 0.9774552192711551 0
1678722326382 0.40333539221741815 0
1678722333957 0.8168622606547251 0
1678722341547 0.9286596664607782 0
1678722349422 0.9684990735021618 0
1678722357441 0.9654107473749228 0
1678722365281 0.9845583693638048 0
1678722373417 0.9823965410747375 0
1678722381759 0.9916615194564546 0
1678722389902 0.9836318715256331 0
1678722397495 0.990426189005559 0
1678722467765 0.3585546633724521 0
1678722475517 0.7989499691167388 0
1678722483188 0.9252625077208153 0
1678722490558 0.9731315626930204 0
1678722498734 0.9762198888202595 0
1678722506722 0.9789993823347746 0
1678722514499 0.9891908585546634 0
1678722522247 0.9817788758492897 0
1678722530136 0.9910438542310068 0
1678722538016 0.9925880172946263 0
1678722608688 0.3042001235330451 0
1678722616786 0.7452130945027795 0
1678722624449 0.8993205682520075 0
1678722632858 0.9413218035824583 0
1678722640561 0.9786905497220506 0
1678722648528 0.9882643607164917 0
1678722656111 0.9932056825200741 0
1678722663699 0.9879555281037677 0
1678722671339 0.9830142063001853 0
1678722678902 0.9722050648548487 0
1678722750226 0.407041383570105 0
1678722757795 0.8406423718344658 0
1678722765541 0.9441012970969734 0
1678722773440 0.9756022235948116 0
1678722781237 0.9651019147621989 0
1678722788920 0.9888820259419395 0
1678722796779 0.9836318715256331 0
1678722804680 0.9925880172946263 0
1678722812924 0.9864113650401483 0
1678722820656 0.9959851760345892 0
1678722891706 0.4305126621371217 0
1678722899701 0.8273625694873379 0
1678722907268 0.9373069796170476 0
1678722915032 0.9694255713403336 0
1678722922511 0.9771463866584311 0
1678722930527 0.9746757257566399 0
1678722938558 0.9885731933292156 0
1678722946557 0.9854848672019765 0
1678722954449 0.9786905497220506 0
1678722962258 0.9854848672019765 0
