1678734239771 0.3538140416136247 0
1678734244338 0.09348094442015627 0
1678734249078 0.06469100090994764 0
1678734253654 0.1081398567817413 0
1678734258204 0.03577742267949231 0
1678734262741 0.021262436082794867 0
1678734267246 0.01796159725647591 0
1678734271902 0.050180585864571636 0
1678734276425 0.05970323926173752 0
1678734280996 0.01653688286681907 0
1678734348291 0.20785379582486752 0
1678734355153 0.04756691550864245 0
1678734362188 0.019185240874084086 0
1678734369123 0.025490040445991353 0
1678734376188 0.00954366479721106 0
1678734383136 0.013140958229725759 0
1678734390076 0.028332437573138896 0
1678734397076 0.010337462975737871 0
1678734404096 0.01996233943433074 0
1678734410965 0.02474286252412046 0
1678734479961 0.27384348383386337 0
1678734488655 0.030056649192821295 0
1678734497204 0.015841050185680317 0
1678734505771 0.01343002338429859 0
1678734514517 0.01309112647892307 0
1678734523091 0.016853133878815565 0
1678734531697 0.008825025910244923 0
1678734540511 0.0003403138225473721 0
1678734549068 0.00047236699214533404 0
1678734557782 0.01983416364411018 0
1678734627096 0.4480536160732775 0
1678734635914 0.044132551056210306 0
1678734644583 0.020674300060318913 0
1678734653221 0.013095239016179705 0
1678734661840 0.022010184164987193 0
1678734670555 0.032830927746470846 0
1678734679275 0.00628581725068092 0
1678734687988 0.010885532497790607 0
1678734696717 0.00555356616678182 0
1678734705453 0.013208479709626462 0
1678734774993 0.715253043577028 0
1678734783649 0.201222001071852 0
1678734792282 0.0745477848523483 0
1678734800869 0.029103253231865234 0
1678734809599 0.02341027073772422 0
1678734818138 0.040071890436365665 0
1678734826698 0.019891180009000062 0
1678734835409 0.008989549068580639 0
1678734844053 0.013952524434470665 0
1678734852697 0.015631541442856917 0
1678734922530 0.9364657730739595 0
1678734931095 0.35021871991833603 0
1678734939833 0.1386903013638803 0
1678734948470 0.06968414975847108 0
1678734957092 0.052075034125230284 0
1678734965688 0.02823386248919012 0
1678734974337 0.020452496971748273 0
1678734982880 0.023544655893864862 0
1678734991469 0.021925794628760837 0
1678735000161 0.027344229548145742 0
1678735070032 1.1638395800759573 0
1678735078655 0.5308498154715927 0
1678735087290 0.22368763441481365 0
1678735095943 0.10072183221553269 0
1678735104492 0.05501540074140311 0
1678735113120 0.05078090165708722 0
1678735121716 0.03794686240766011 0
1678735130319 0.03288119260471399 0
1678735138916 0.06005360796850037 0
1678735147706 0.029839017375027685 0
1678735217775 1.2202159449450884 0
1678735226454 0.6501774681662401 0
1678735235071 0.2881286956836669 0
1678735243801 0.12935215943629097 0
1678735252451 0.08222300984642064 0
1678735260984 0.05395552207559307 0
1678735269607 0.03917044985088628 0
1678735278353 0.053914043894503494 0
1678735287031 0.040392401228912606 0
1678735295665 0.03560575733113728 0
1678735365954 1.3245061463480814 0
1678735374561 0.758159973286228 0
1678735383668 0.3749998240295502 0
1678735392368 0.1898422578811414 0
1678735400961 0.1052511524563711 0
1678735409568 0.0783313283966739 0
1678735418284 0.05183853502524372 0
1678735426924 0.038254083086525996 0
1678735435622 0.04271826012528986 0
1678735444250 0.06653964064952458 0
1678735514386 1.313443349065981 0
1678735523083 0.5932180724905022 0
1678735531657 0.2259382482404974 0
1678735540373 0.11314271893598873 0
1678735549232 0.06136612159291754 0
1678735558044 0.060195261178829826 0
1678735566635 0.05710382677943191 0
1678735575194 0.03649619497701781 0
1678735583937 0.04248677936122301 0
1678735592730 0.029612100473561262 0
1678735663449 1.2195075790000558 0
1678735672077 0.5161592358378249 0
1678735680796 0.20469408550867904 0
1678735689382 0.09932628344327508 0
1678735698142 0.05859667756175294 0
1678735706794 0.055119215009512904 0
1678735715705 0.03508237672937592 0
1678735724371 0.04573773677431682 0
1678735733134 0.04324778444856101 0
1678735741948 0.0333260495686403 0
1678735812432 1.3609573902495284 0
1678735821038 0.5763368247433469 0
1678735829681 0.23761177726589555 0
1678735838470 0.09434315204562436 0
1678735847169 0.061948314224043094 0
1678735855920 0.05116484400004409 0
1678735864646 0.03648091293102089 0
1678735873214 0.040068395031693925 0
1678735882009 0.04002895023795053 0
1678735890660 0.043565388642992746 0
1678735961231 1.3324616237515232 0
1678735969841 0.5959388602257933 0
1678735978507 0.2635640753141151 0
1678735987060 0.11429767114532385 0
1678735995720 0.08422110220043946 0
1678736004358 0.0654832079740669 0
1678736013023 0.033278610771872726 0
1678736021720 0.03890270500750544 0
1678736030385 0.059036799134145675 0
1678736039022 0.03965787174675799 0
1678736109993 1.2062912874349268 0
1678736118562 0.49370050605563026 0
1678736127219 0.19637643647802266 0
1678736135965 0.08764874662475192 0
1678736144733 0.08010451490125128 0
1678736153437 0.061059099817840905 0
1678736162535 0.05647694538658618 0
1678736171257 0.05695044766876163 0
1678736179969 0.05593182809270674 0
1678736188629 0.05214515215177474 0
1678736259377 1.3906650179621662 0
1678736267961 0.6008703236501155 0
1678736276697 0.24547600676678755 0
1678736285480 0.10484716496301427 0
1678736294159 0.056741848539139474 0
1678736302737 0.035433701172130905 0
1678736311400 0.03672885862841746 0
1678736320114 0.04386326582150669 0
1678736328855 0.049373130430297806 0
1678736337480 0.03879861591787282 0
1678736408604 1.3658935609310376 0
1678736417373 0.5795512858578693 0
1678736426006 0.2334473812354229 0
1678736434838 0.10119275244482955 0
1678736443492 0.05960991600188771 0
1678736452180 0.049205984851938396 0
1678736460870 0.04458486755069385 0
1678736469578 0.0436301801132429 0
1678736478225 0.03256693376110794 0
1678736486979 0.039998803919184166 0
1678736558350 1.3232230138373113 0
1678736566971 0.5483256491392235 0
1678736575664 0.21850358668900347 0
1678736584481 0.09494074868493207 0
1678736593133 0.05230124159325661 0
1678736601779 0.04777247058782152 0
1678736610462 0.04143362650025369 0
1678736619550 0.05455632042026606 0
1678736628278 0.0513287335154425 0
1678736637027 0.05331151835113438 0
1678736708224 1.4770083815916004 0
1678736716969 0.7923823703313811 0
1678736725817 0.3129513336145629 0
1678736734609 0.12698405131701274 0
1678736743342 0.0689059869486218 0
1678736752116 0.04565098105883203 0
1678736760719 0.0380487689074905 0
1678736769364 0.05349881735672399 0
1678736778011 0.0725892256179145 0
1678736786686 0.05907281307818394 0
1678736858266 1.4313628272613663 0
1678736867006 0.6803348722219004 0
1678736875658 0.2892150047021385 0
1678736884264 0.12534272272850058 0
1678736892851 0.0636317538503369 0
1678736901543 0.040419799289738594 0
1678736910263 0.04420750732044418 0
1678736918955 0.03953320619102988 0
1678736927709 0.03677470250153037 0
1678736936323 0.04473765401438273 0
1678737007925 1.3018961422647501 0
1678737016646 0.7548296277712675 0
1678737025405 0.31389183883567107 0
1678737034187 0.1391895173206862 0
1678737042828 0.08631757071742739 0
1678737051573 0.06248252095284792 0
1678737060237 0.04224823160480389 0
1678737069055 0.03735888804064223 0
1678737077908 0.040539991315884 0
1678737086592 0.05670295214524626 0
