1678734239754 0.8781602193116053 0
1678734244326 0.9671032592141334 0
1678734249066 0.9792872372829728 0
1678734253644 0.9680170575692963 0
1678734258192 0.9905574169966495 0
1678734262729 0.9939080109655802 0
1678734267233 0.9936034115138592 0
1678734271887 0.9856838257691136 0
1678734276411 0.9838562290587877 0
1678734280986 0.9951264087724642 0
1678734348274 0.948320809691765 0
1678734355143 0.9863517865358074 0
1678734362177 0.994172672902929 0
1678734369107 0.9940193221898482 0
1678734376178 0.9972396871645454 0
1678734383124 0.9961662321729796 0
1678734390065 0.9921791136328784 0
1678734397062 0.9967796350253029 0
1678734404078 0.9944793743290906 0
1678734410951 0.9929458671982825 0
1678734479950 0.9434328720563243 0
1678734488644 0.9906530711337703 0
1678734497186 0.9951444525370235 0
1678734505760 0.9953872299101724 0
1678734514506 0.9961155620296188 0
1678734523078 0.9950230638504491 0
1678734531687 0.9968438941490653 0
1678734540499 1.0 0
1678734549053 0.9998786113134256 0
1678734557770 0.9940519543578539 0
1678734627078 0.9061437591063624 0
1678734635903 0.9868868382710053 0
1678734644572 0.9936862554638174 0
1678734653202 0.9958717824186498 0
1678734661828 0.9939290917921321 0
1678734670536 0.9896794560466246 0
1678734679264 0.9972073822243808 0
1678734687969 0.996600291403594 0
1678734696697 0.9985429820301117 0
1678734705441 0.9961146187469645 0
1678734774982 0.8210730759893178 0
1678734783638 0.9334789997572226 0
1678734792270 0.9757222626851177 0
1678734800859 0.9913814032532168 0
1678734809588 0.991138625880068 0
1678734818127 0.9877397426559844 0
1678734826687 0.9944161204175771 0
1678734835391 0.9970866715222141 0
1678734844042 0.9953872299101724 0
1678734852686 0.9953872299101724 0
1678734922519 0.7725176013595533 0
1678734931084 0.8854090798737557 0
1678734939822 0.9552075746540423 0
1678734948460 0.9765719834911386 0
1678734957081 0.984340859431901 0
1678734965677 0.9907744598203447 0
1678734974325 0.9939305656712795 0
1678734982860 0.9922311240592376 0
1678734991457 0.9936877882981306 0
1678735000141 0.9915027919397912 0
1678735070021 0.720495386109762 0
1678735078644 0.8283147158814959 0
1678735087279 0.926056338028169 0
1678735095923 0.9680670228266148 0
1678735104476 0.9832442933462846 0
1678735113100 0.9833657115104419 0
1678735121702 0.9884652744050509 0
1678735130303 0.9889509470616804 0
1678735138906 0.9811801845556095 0
1678735147694 0.9894366197183099 0
1678735217764 0.7065322972316659 0
1678735226443 0.7901894123360855 0
1678735235059 0.9094220495386109 0
1678735243789 0.9579893152015542 0
1678735252439 0.9730451675570665 0
1678735260963 0.9840942204953861 0
1678735269594 0.9871296745993201 0
1678735278339 0.9834871296745993 0
1678735287018 0.9872510927634774 0
1678735295645 0.9879796017484216 0
1678735365932 0.6845108035931051 0
1678735374549 0.7579509589706239 0
1678735383656 0.8786113134255887 0
1678735392357 0.9380917698470502 0
1678735400949 0.9666181111920369 0
1678735409556 0.973415877640204 0
1678735418273 0.9844622481184754 0
1678735426905 0.98761835396941 0
1678735435611 0.9874969652828356 0
1678735444237 0.9817916970138383 0
1678735514372 0.689420624316774 0
1678735523072 0.8128264302198469 0
1678735531635 0.9279727924207458 0
1678735540351 0.9652617514879145 0
1678735549218 0.9814162516701082 0
1678735558032 0.9831167253734969 0
1678735566616 0.9817806388922629 0
1678735575179 0.9905259322239767 0
1678735583924 0.9859103607433499 0
1678735592717 0.9912547066682862 0
1678735663433 0.7323379461034232 0
1678735672056 0.8380674921097354 0
1678735680777 0.9372420490410294 0
1678735689360 0.9713522699684389 0
1678735698127 0.9820344743869871 0
1678735706779 0.9831269725661569 0
1678735715690 0.9898033503277495 0
1678735724360 0.9865258557902403 0
1678735733116 0.9855547462976451 0
1678735741933 0.9893177955814518 0
1678735812408 0.7043245869776482 0
1678735821013 0.8227648202137998 0
1678735829666 0.9301506316812439 0
1678735838448 0.9742468415937804 0
1678735847157 0.9821428571428571 0
1678735855908 0.984572400388727 0
1678735864630 0.9884596695821186 0
1678735873198 0.9861516034985423 0
1678735881996 0.9880952380952381 0
1678735890649 0.9874878522837707 0
1678735961220 0.7057108140947752 0
1678735969830 0.8086269744835966 0
1678735978495 0.9202916160388821 0
1678735987045 0.9641555285540705 0
1678735995699 0.9742405832320777 0
1678736004336 0.9805589307411907 0
1678736013006 0.9905224787363305 0
1678736021708 0.9872417982989065 0
1678736030374 0.9828675577156744 0
1678736039008 0.9869987849331713 0
1678736109969 0.7205346294046172 0
1678736118550 0.8386391251518833 0
1678736127204 0.9403402187120291 0
1678736135954 0.9743620899149453 0
1678736144710 0.9765492102065614 0
1678736153425 0.9811664641555286 0
1678736162514 0.9815309842041312 0
1678736171238 0.9835965978128797 0
1678736179956 0.9839611178614823 0
1678736188617 0.9839611178614823 0
1678736259365 0.70726080621661 0
1678736267946 0.8170228266148616 0
1678736276674 0.9244779018941234 0
1678736285467 0.967459932005828 0
1678736294143 0.9849441476444876 0
1678736302726 0.9895580378824672 0
1678736311378 0.9895580378824672 0
1678736320097 0.9865225837785333 0
1678736328844 0.985429820301117 0
1678736337463 0.9882224380767363 0
1678736408588 0.7047248876472731 0
1678736417360 0.8168346896635491 0
1678736425990 0.9295518037167496 0
1678736434822 0.9708490222276206 0
1678736443481 0.9849386614842707 0
1678736452159 0.9848171990768857 0
1678736460852 0.9879752216688935 0
1678736469568 0.9867605975950443 0
1678736478213 0.9895542329648974 0
1678736486967 0.9878537592615085 0
1678736558342 0.7232077764277035 0
1678736566949 0.8251518833535845 0
1678736575647 0.9300121506682868 0
1678736584467 0.9709599027946537 0
1678736593111 0.9856622114216282 0
1678736601767 0.9857837181044957 0
1678736610445 0.9883353584447144 0
1678736619538 0.9845686512758202 0
1678736628263 0.9844471445929526 0
1678736637015 0.9859052247873633 0
1678736708216 0.6805488101019913 0
1678736716943 0.7507285089849441 0
1678736725798 0.9059009227780476 0
1678736734590 0.9632102962603205 0
1678736743329 0.9799660029140359 0
1678736752103 0.9853084021369597 0
1678736760701 0.9884652744050509 0
1678736769346 0.9828800388538125 0
1678736777996 0.9779018941233608 0
1678736786675 0.9800874210781932 0
1678736858254 0.6842169260700389 0
1678736866995 0.7842898832684825 0
1678736875646 0.9107490272373541 0
1678736884242 0.9625486381322957 0
1678736892835 0.9826118677042801 0
1678736901524 0.989421206225681 0
1678736910251 0.9873540856031129 0
1678736918937 0.9892996108949417 0
1678736927696 0.9892996108949417 0
1678736936300 0.985773346303502 0
1678737007910 0.6880388585306618 0
1678737016634 0.7704918032786885 0
1678737025382 0.9028536733454766 0
1678737034175 0.9573770491803278 0
1678737042812 0.9720704310868246 0
1678737051561 0.9832422586520947 0
1678737060223 0.987370977534912 0
1678737069036 0.9883424408014572 0
1678737077895 0.9871281117182756 0
1678737086574 0.9838494231936855 0
