1678734239781 4.554036843124777 0
1678734244346 4.387965757865459 0
1678734249087 4.5574778080917895 0
1678734253661 4.403705589938909 0
1678734258212 4.379497963003814 0
1678734262753 4.3644313723780215 0
1678734267255 4.320726223755628 0
1678734271910 4.474382875021547 0
1678734276437 4.367120269220322 0
1678734281003 4.399107336066663 0
1678734348301 6.843709099106491 0
1678734355159 6.735461692325771 0
1678734362196 6.921880921814591 0
1678734369134 6.817592430859804 0
1678734376193 6.919401467777789 0
1678734383145 6.829530929215252 0
1678734390082 6.801147975958884 0
1678734397085 6.886115681845695 0
1678734404106 6.898140875156969 0
1678734410974 6.751704521942884 0
1678734479970 8.582780587021261 0
1678734488665 8.570490460842848 0
1678734497216 8.418798220343888 0
1678734505783 8.436289575882256 0
1678734514522 8.619563993997872 0
1678734523100 8.440193477086723 0
1678734531703 8.492692166008055 0
1678734540523 8.688113683834672 0
1678734549077 8.407364987302572 0
1678734557794 8.585913334041834 0
1678734627106 8.5875424137339 0
1678734635923 8.678488353267312 0
1678734644588 8.550033178180456 0
1678734653232 8.510836623143405 0
1678734661851 8.491893419064581 0
1678734670565 8.582566258031875 0
1678734679281 8.59245950030163 0
1678734687999 8.574745343998075 0
1678734696732 8.594552705064416 0
1678734705464 8.602154714986682 0
1678734774999 8.689744922332466 0
1678734783655 8.541643810924143 0
1678734792293 8.508468098007143 0
1678734800875 8.459642812609673 0
1678734809605 8.605235013179481 0
1678734818144 8.42855851398781 0
1678734826705 8.448933640960604 0
1678734835419 8.564726227894425 0
1678734844065 8.518322330899537 0
1678734852704 8.503410060890019 0
1678734922537 8.5713781719096 0
1678734931107 8.438294061925262 0
1678734939839 8.618690555915236 0
1678734948476 8.52375476108864 0
1678734957098 8.509292096830904 0
1678734965702 8.47496093204245 0
1678734974349 8.51059678569436 0
1678734982891 8.414860784076154 0
1678734991481 8.461523276753724 0
1678735000173 8.549620800185949 0
1678735070042 8.6381318080239 0
1678735078660 8.495448080822825 0
1678735087296 8.518238282296807 0
1678735095954 8.5342251136899 0
1678735104500 8.41747434111312 0
1678735113137 8.500574701931328 0
1678735121728 8.436515224166214 0
1678735130331 8.46560132317245 0
1678735138926 8.46207218291238 0
1678735147716 8.670137622859329 0
1678735217781 8.547762083820999 0
1678735226461 8.565843716729432 0
1678735235078 8.475099884904921 0
1678735243808 8.598678105976433 0
1678735252463 8.521797211375087 0
1678735260995 8.387414542026818 0
1678735269615 8.468645830173045 0
1678735278362 8.607381077017635 0
1678735287043 8.548579272814095 0
1678735295677 8.496819122228771 0
1678735365967 8.473297141026706 0
1678735374572 8.471377335954458 0
1678735383677 8.96724678389728 0
1678735392376 8.552099972963333 0
1678735400967 8.475315643008798 0
1678735409580 8.476792025845498 0
1678735418291 8.585877733770758 0
1678735426935 8.513259464874864 0
1678735435629 8.561583096161485 0
1678735444263 8.499088102951646 0
1678735514397 8.524280813988298 0
1678735523089 8.574114673305303 0
1678735531674 8.44395263120532 0
1678735540385 8.578221396077424 0
1678735549244 8.724408492445946 0
1678735558052 8.64708469575271 0
1678735566649 8.457149292342365 0
1678735575208 8.417563505936414 0
1678735583948 8.60462276590988 0
1678735592739 8.65413777390495 0
1678735663459 8.57970960624516 0
1678735672088 8.495740136131644 0
1678735680808 8.58641739236191 0
1678735689399 8.447000892832875 0
1678735698154 8.617536185774952 0
1678735706804 8.493762110359967 0
1678735715714 8.760283364914358 0
1678735724377 8.525998902972788 0
1678735733150 8.62441563885659 0
1678735741957 8.675011729821563 0
1678735812445 8.670391558669508 0
1678735821055 8.442544638179243 0
1678735829691 8.473111454863101 0
1678735838485 8.6429459201172 0
1678735847177 8.570762699935585 0
1678735855927 8.628519781399518 0
1678735864656 8.580779244191945 0
1678735873224 8.42834640108049 0
1678735882018 8.65042689209804 0
1678735890666 8.514815546106547 0
1678735961239 8.5377754769288 0
1678735969848 8.489384843967855 0
1678735978515 8.526710594072938 0
1678735987071 8.41582145402208 0
1678735995732 8.491633115336299 0
1678736004370 8.503345828037709 0
1678736013038 8.520083080045879 0
1678736021727 8.548999963793904 0
1678736030396 8.520814784802496 0
1678736039030 8.508990201167762 0
1678736110007 8.473331701010466 0
1678736118568 8.437391590792686 0
1678736127233 8.518489764072001 0
1678736135972 8.60439340164885 0
1678736144746 8.635432406328619 0
1678736153444 8.562063659075648 0
1678736162547 8.96701744897291 0
1678736171271 8.574098805896938 0
1678736179990 8.557261185254902 0
1678736188636 8.525834384839982 0
1678736259385 8.525132639799267 0
1678736267975 8.437227236106992 0
1678736276709 8.59250448923558 0
1678736285492 8.632281460333616 0
1678736294172 8.532216126099229 0
1678736302744 8.451716479845345 0
1678736311411 8.530287699308246 0
1678736320125 8.57344898302108 0
1678736328864 8.58770868787542 0
1678736337490 8.474325709044933 0
1678736408614 8.461934946943074 0
1678736417383 8.626914769876748 0
1678736426018 8.491994416341186 0
1678736434849 8.682425708975643 0
1678736443500 8.494307662826031 0
1678736452192 8.535225098021328 0
1678736460884 8.523044676985592 0
1678736469586 8.577906828839332 0
1678736478232 8.506773591041565 0
1678736486987 8.619950837921351 0
1678736558357 8.629843272268772 0
1678736566992 8.486454595811665 0
1678736575676 8.54227317776531 0
1678736584490 8.673157775308937 0
1678736593144 8.517859221901745 0
1678736601786 8.52096151560545 0
1678736610476 8.536268562078476 0
1678736619557 8.957575854379684 0
1678736628291 8.587985669262707 0
1678736637042 8.607210224028677 0
1678736708232 8.650583498179913 0
1678736716985 8.599648988805711 0
1678736725831 8.67642379598692 0
1678736734621 8.640688305255026 0
1678736743358 8.582776139955968 0
1678736752124 8.635212795808911 0
1678736760731 8.459015944972634 0
1678736769377 8.501168455928564 0
1678736778022 8.501291410066187 0
1678736786693 8.546463484875858 0
1678736858275 8.589082214049995 0
1678736867014 8.593135073781013 0
1678736875673 8.516207408159971 0
1678736884276 8.455483871977776 0
1678736892864 8.443467624019831 0
1678736901555 8.529783200938255 0
1678736910271 8.566985975950956 0
1678736918966 8.532000297680497 0
1678736927717 8.621162400115281 0
1678736936335 8.479153295047581 0
1678737007935 8.515546683222055 0
1678737016655 8.590491997078061 0
1678737025416 8.611963541712612 0
1678737034196 8.641008636914194 0
1678737042838 8.497185654006898 0
1678737051582 8.582571249920875 0
1678737060245 8.519620771054178 0
1678737069066 8.634806476999074 0
1678737077917 8.685127714648843 0
1678737086603 8.511012837290764 0
