1679265105460 0.5733898506298953 0
1679265109424 0.09912553250643552 0
1679265113213 0.04000595955214664 0
1679265117100 0.01679770444181985 0
1679265121197 0.009931516728601326 0
1679265125213 0.005521327254873719 0
1679265129771 0.00440684438160365 0
1679265133969 0.00571591565647966 0
1679265138108 0.003369294526683185 0
1679265141564 0.0026268420598866858 0
1679265161399 0.9667705322305361 0
1679265165903 0.14165762408326069 0
1679265170963 0.06142614435806286 0
1679265175988 0.025776810412222118 0
1679265180755 0.018522753505784945 0
1679265185571 0.017838488200533333 0
1679265190374 0.008015456851389186 0
1679265195131 0.005959343724979964 0
1679265200113 0.006127202160332315 0
1679265204843 0.004113541490297911 0
1679265225250 2.0248008972289515 0
1679265230583 0.39259487171383467 0
1679265236013 0.17896547577544755 0
1679265241617 0.08689695437822272 0
1679265246835 0.05249563435676927 0
1679265252319 0.04254488358456714 0
1679265257774 0.03147353181688517 0
1679265263347 0.017401327819599972 0
1679265268869 0.010349160665189665 0
1679265274245 0.007213398839310542 0
1679265295911 2.450429418507744 0
1679265301782 0.5422900085355721 0
1679265307724 0.23788195578198806 0
1679265313519 0.09322431661626872 0
1679265319377 0.04985457260672953 0
1679265325130 0.04113355300425753 0
1679265331513 0.02565083968197452 0
1679265337309 0.019152046441484022 0
1679265343435 0.022433029875780146 0
1679265349583 0.016578482034817047 0
1679265370887 2.5695930707688426 0
1679265377271 0.5946941879742286 0
1679265383863 0.22009076965132765 0
1679265390258 0.09037619694044777 0
1679265396879 0.04641347159357632 0
1679265403417 0.029034421039635643 0
1679265410052 0.02352510828196126 0
1679265416511 0.017923180990870678 0
1679265423135 0.01749269388999571 0
1679265429563 0.013762959849783311 0
1679265452915 2.757301154089909 0
1679265460126 0.6537710270460915 0
1679265467319 0.2547679365265603 0
1679265474507 0.10630062755708601 0
1679265481655 0.053678661420503086 0
1679265488609 0.039911056558291115 0
1679265495843 0.022894416451819388 0
1679265502995 0.02287023519074508 0
1679265510165 0.018887962799007986 0
1679265517266 0.016533211357526334 0
1679265540277 2.4720997348719953 0
1679265548109 0.4406847585650051 0
1679265555692 0.17882774291815712 0
1679265563635 0.08762839365312282 0
1679265571367 0.0517717577224853 0
1679265579106 0.03888981446039443 0
1679265586808 0.028268303913886055 0
1679265594788 0.02232778356319257 0
1679265602503 0.01875967625528574 0
1679265610452 0.01858942311111034 0
1679265633633 2.332054134969618 0
1679265642134 0.5017929458442856 0
1679265650773 0.218592578727825 0
1679265659164 0.10332859493792057 0
1679265667532 0.06733094422402335 0
1679265676038 0.04297198468417514 0
1679265684389 0.03629497967331725 0
1679265692953 0.0301560740187472 0
1679265701433 0.022791333332219544 0
1679265709881 0.021460836634551193 0
1679265734824 2.354510430903996 0
1679265743573 0.40668971924220815 0
1679265752845 0.15971734754595102 0
1679265762006 0.07892341626917615 0
1679265771095 0.051939128898084164 0
1679265780085 0.038029577436984756 0
1679265788613 0.028600265253700463 0
1679265797605 0.028056760446405878 0
1679265806462 0.024469629313577625 0
1679265815482 0.02412074548648853 0
1679265841444 2.3167843678418327 0
1679265851488 0.4093385876393786 0
1679265861103 0.17575569133109906 0
1679265870835 0.09481961641679792 0
1679265880532 0.054825395783957315 0
1679265890135 0.04139528421721622 0
1679265899396 0.034484594731646424 0
1679265908926 0.031452907358898836 0
1679265918834 0.028398510233006057 0
1679265928499 0.025348180558021162 0
1679265954825 2.304518270141938 0
1679265965268 0.47942282931477415 0
1679265975935 0.21231910411049337 0
1679265986296 0.10532023586040619 0
1679265996717 0.06533807041306122 0
1679266007163 0.0516367350869319 0
1679266017552 0.04211855179392824 0
1679266027894 0.036146345128323515 0
1679266038228 0.03204017059475768 0
1679266048768 0.03148157419819458 0
1679266076875 2.196629928899746 0
1679266087475 0.2984611243009567 0
1679266098572 0.13516478638584709 0
1679266109357 0.0811908695043302 0
1679266120124 0.05250579584389925 0
1679266130995 0.04465785178848926 0
1679266141938 0.03844038174286777 0
1679266153214 0.03386810292288953 0
1679266163845 0.033134098201259676 0
1679266174685 0.03341048985135322 0
1679266201702 2.0672360606053295 0
1679266212712 0.29123560594869596 0
1679266224174 0.13837728598246388 0
1679266235871 0.08208218425074044 0
1679266247292 0.05896372797296328 0
1679266258710 0.04605266776885472 0
1679266270042 0.03971559981651166 0
1679266281597 0.038515595792263164 0
1679266293198 0.03612379280521589 0
1679266304751 0.03388842288404703 0
1679266333163 1.965449255471136 0
1679266345084 0.3495928640751278 0
1679266357046 0.1630270919379066 0
1679266368699 0.09109701807884608 0
1679266380706 0.06542208151636171 0
1679266392872 0.051905453789467905 0
1679266404983 0.046218330223186346 0
1679266417239 0.04354132465360796 0
1679266429233 0.040904457516529984 0
1679266441143 0.03888956650945486 0
1679266470716 2.1216906230239307 0
1679266483264 0.3340276858093692 0
1679266495964 0.14036460399773776 0
1679266508763 0.0809586616780828 0
1679266521374 0.0672184596312981 0
1679266533813 0.05459642381060357 0
1679266546107 0.04721788159918552 0
1679266558767 0.04366214036503259 0
1679266571254 0.04286168362287914 0
1679266584015 0.04114504227889519 0
1679266614104 2.0665497633756376 0
1679266627424 0.4074678134684469 0
1679266640673 0.18637286864367186 0
1679266654064 0.11473263201175951 0
1679266667215 0.07830564009354395 0
1679266680287 0.06829454191029072 0
1679266693150 0.05308629561434774 0
1679266705843 0.05164232766073124 0
1679266719163 0.04763725611801241 0
1679266732588 0.04761405431610696 0
1679266763753 1.8358662309599858 0
1679266777718 0.2915135459864841 0
1679266791646 0.13148167309369527 0
1679266805606 0.08549678508265346 0
1679266819298 0.07060254759648267 0
1679266832994 0.06267556117153635 0
1679266846754 0.05146647891139283 0
1679266860672 0.0498500015294435 0
1679266874702 0.04751939392265152 0
1679266888601 0.04532925598323345 0
1679266920379 1.9276793806576262 0
1679266934656 0.4228152144773334 0
1679266949015 0.21799727288239143 0
1679266963227 0.13099195822781207 0
1679266977461 0.09496787552009611 0
1679266992084 0.0758749760833441 0
1679267006426 0.06694365018869147 0
1679267020764 0.05767181307515677 0
1679267035270 0.053306699018268025 0
1679267049931 0.05212542166312536 0
1679267083163 1.8822117927027684 0
1679267098484 0.28021083962099225 0
1679267113531 0.13962624747963512 0
1679267128607 0.09391210443687205 0
1679267143432 0.07365018556661465 0
1679267158382 0.06699582894204878 0
1679267172916 0.061882185914060646 0
1679267187671 0.05627672103982346 0
1679267202986 0.05380443348458 0
1679267217771 0.0537713411464995 0
1679267251181 1.9908712082633786 0
1679267266933 0.35391954639378714 0
1679267282359 0.17892729542126842 0
1679267297803 0.11349242538505909 0
1679267313182 0.08614467109973524 0
1679267328573 0.0704861683588402 0
1679267344085 0.06622429013106168 0
1679267359826 0.05997237953923497 0
1679267375290 0.05784498074767636 0
1679267390751 0.05762200948654437 0
