1679265105453 0.819546568627451 0
1679265109414 0.9699754901960784 0
1679265113201 0.9883578431372549 0
1679265117088 0.9981617647058824 0
1679265121186 0.9987745098039216 0
1679265125202 1.0 0
1679265129760 0.9996936274509803 0
1679265133957 0.9990808823529411 0
1679265138097 1.0 0
1679265141557 1.0 0
1679265161386 0.7463235294117647 0
1679265165892 0.9546568627450981 0
1679265170957 0.9852941176470589 0
1679265175980 0.9966299019607843 0
1679265180743 0.9969362745098039 0
1679265185559 0.9963235294117647 0
1679265190362 0.9996936274509803 0
1679265195119 1.0 0
1679265200099 0.9996936274509803 0
1679265204832 1.0 0
1679265225236 0.5300245098039216 0
1679265230571 0.8725490196078431 0
1679265236007 0.9515931372549019 0
1679265241609 0.9803921568627451 0
1679265246827 0.9877450980392157 0
1679265252308 0.9889705882352942 0
1679265257765 0.9954044117647058 0
1679265263339 0.9981617647058824 0
1679265268863 0.9990808823529411 0
1679265274233 1.0 0
1679265295900 0.4892769607843137 0
1679265301770 0.8468137254901961 0
1679265307712 0.9356617647058824 0
1679265313508 0.9822303921568627 0
1679265319364 0.9941789215686274 0
1679265325121 0.9947916666666666 0
1679265331500 0.9978553921568627 0
1679265337297 0.9975490196078431 0
1679265343424 0.9963235294117647 0
1679265349569 0.9981617647058824 0
1679265370877 0.4644607843137255 0
1679265377262 0.8284313725490197 0
1679265383851 0.9451593137254902 0
1679265390247 0.9846813725490197 0
1679265396866 0.9947916666666666 0
1679265403405 0.9978553921568627 0
1679265410038 0.9975490196078431 0
1679265416500 0.9990808823529411 0
1679265423125 0.9984681372549019 0
1679265429547 0.9993872549019608 0
1679265452904 0.4172794117647059 0
1679265460115 0.8008578431372549 0
1679265467305 0.9295343137254902 0
1679265474496 0.9806985294117647 0
1679265481644 0.9938725490196079 0
1679265488595 0.9954044117647058 0
1679265495829 0.9996936274509803 0
1679265502981 0.9978553921568627 0
1679265510149 0.9993872549019608 0
1679265517254 0.9987745098039216 0
1679265540264 0.5045955882352942 0
1679265548097 0.8734681372549019 0
1679265555682 0.961703431372549 0
1679265563625 0.984375 0
1679265571355 0.992953431372549 0
1679265579094 0.9969362745098039 0
1679265586796 0.9987745098039216 0
1679265594778 0.9993872549019608 0
1679265602490 0.9993872549019608 0
1679265610443 0.9990808823529411 0
1679265633622 0.5168504901960784 0
1679265642121 0.8449754901960784 0
1679265650761 0.9433210784313726 0
1679265659150 0.9791666666666666 0
1679265667515 0.9895833333333334 0
1679265676025 0.9963235294117647 0
1679265684377 0.9972426470588235 0
1679265692940 0.9972426470588235 0
1679265701419 0.9996936274509803 0
1679265709869 0.9993872549019608 0
1679265734813 0.5254289215686274 0
1679265743564 0.8841911764705882 0
1679265752833 0.96875 0
1679265761992 0.9892769607843137 0
1679265771084 0.9950980392156863 0
1679265780076 0.9981617647058824 0
1679265788600 1.0 0
1679265797594 0.9987745098039216 0
1679265806446 0.9996936274509803 0
1679265815470 0.9993872549019608 0
1679265841428 0.5309436274509803 0
1679265851477 0.8829656862745098 0
1679265861092 0.9604779411764706 0
1679265870822 0.9828431372549019 0
1679265880521 0.9954044117647058 0
1679265890123 0.9987745098039216 0
1679265899385 0.9987745098039216 0
1679265908914 0.9993872549019608 0
1679265918822 1.0 0
1679265928484 1.0 0
1679265954810 0.5168504901960784 0
1679265965254 0.8639705882352942 0
1679265975924 0.9497549019607843 0
1679265986280 0.9822303921568627 0
1679265996705 0.9950980392156863 0
1679266007152 0.9944852941176471 0
1679266017529 0.9981617647058824 0
1679266027883 0.9987745098039216 0
1679266038210 0.9990808823529411 0
1679266048758 0.9984681372549019 0
1679266076864 0.5818014705882353 0
1679266087465 0.9206495098039216 0
1679266098558 0.9739583333333334 0
1679266109343 0.9880514705882353 0
1679266120113 0.9957107843137255 0
1679266130980 0.9972426470588235 0
1679266141925 0.9996936274509803 0
1679266153202 0.9996936274509803 0
1679266163829 0.9993872549019608 0
1679266174675 0.9984681372549019 0
1679266201683 0.6011029411764706 0
1679266212701 0.9276960784313726 0
1679266224163 0.9736519607843137 0
1679266235860 0.991421568627451 0
1679266247281 0.9960171568627451 0
1679266258698 0.9984681372549019 0
1679266270032 0.9996936274509803 0
1679266281585 0.9996936274509803 0
1679266293187 0.9993872549019608 0
1679266304737 0.9993872549019608 0
1679266333150 0.5808823529411765 0
1679266345063 0.9096200980392157 0
1679266357035 0.9647671568627451 0
1679266368691 0.9865196078431373 0
1679266380692 0.9957107843137255 0
1679266392865 0.9990808823529411 0
1679266404970 0.9993872549019608 0
1679266417227 0.9984681372549019 0
1679266429222 0.9990808823529411 0
1679266441130 0.9993872549019608 0
1679266470703 0.5805759803921569 0
1679266483252 0.9200367647058824 0
1679266495952 0.9800857843137255 0
1679266508748 0.9932598039215687 0
1679266521361 0.9941789215686274 0
1679266533796 0.9981617647058824 0
1679266546093 0.9993872549019608 0
1679266558755 0.9990808823529411 0
1679266571242 0.9993872549019608 0
1679266584005 0.9987745098039216 0
1679266614092 0.5618872549019608 0
1679266627405 0.8982843137254902 0
1679266640661 0.9669117647058824 0
1679266654044 0.9837622549019608 0
1679266667203 0.9932598039215687 0
1679266680272 0.9944852941176471 0
1679266693138 0.9993872549019608 0
1679266705831 0.9990808823529411 0
1679266719151 0.9993872549019608 0
1679266732566 0.9993872549019608 0
1679266763738 0.6295955882352942 0
1679266777706 0.9264705882352942 0
1679266791633 0.9806985294117647 0
1679266805591 0.9920343137254902 0
1679266819290 0.9950980392156863 0
1679266832980 0.9969362745098039 0
1679266846742 1.0 0
1679266860664 0.9990808823529411 0
1679266874691 1.0 0
1679266888585 1.0 0
1679266920365 0.5888480392156863 0
1679266934642 0.8765318627450981 0
1679266949001 0.953125 0
1679266963210 0.9782475490196079 0
1679266977445 0.9908088235294118 0
1679266992069 0.9963235294117647 0
1679267006409 0.9963235294117647 0
1679267020749 0.9987745098039216 0
1679267035259 0.9990808823529411 0
1679267049919 0.9996936274509803 0
1679267083151 0.6253063725490197 0
1679267098469 0.9405637254901961 0
1679267113517 0.9819240196078431 0
1679267128595 0.9920343137254902 0
1679267143420 0.9960171568627451 0
1679267158365 0.9975490196078431 0
1679267172908 0.9978553921568627 0
1679267187660 0.9990808823529411 0
1679267202974 0.9987745098039216 0
1679267217754 0.9996936274509803 0
1679267251170 0.5983455882352942 0
1679267266919 0.9200367647058824 0
1679267282345 0.9696691176470589 0
1679267297790 0.9886642156862745 0
1679267313163 0.9938725490196079 0
1679267328562 0.9978553921568627 0
1679267344074 0.9981617647058824 0
1679267359814 0.9990808823529411 0
1679267375278 1.0 0
1679267390739 0.9996936274509803 0
