1679265105467 4.025045146991033 0
1679265109433 3.843878115003463 0
1679265113220 3.661122770048678 0
1679265117106 3.755598600022495 0
1679265121207 3.980744742031675 0
1679265125221 3.8913718149997294 0
1679265129778 4.442292949999683 0
1679265133978 4.058997328043915 0
1679265138114 4.007006654981524 0
1679265141570 3.331506870978046 0
1679265161408 4.534928401000798 0
1679265165913 4.377998452982865 0
1679265170968 4.932314740028232 0
1679265175996 4.895085719996132 0
1679265180763 4.647927702986635 0
1679265185577 4.702798443031497 0
1679265190382 4.681599293020554 0
1679265195139 4.636737397988327 0
1679265200128 4.853153769974597 0
1679265204850 4.588972789002582 0
1679265225261 5.421636849991046 0
1679265230592 5.217579955991823 0
1679265236024 5.314912196015939 0
1679265241623 5.473417068016715 0
1679265246843 5.0978974209865555 0
1679265252329 5.34878875000868 0
1679265257785 5.329109146958217 0
1679265263353 5.44992404000368 0
1679265268874 5.404017983993981 0
1679265274255 5.263996640976984 0
1679265295917 5.937971263017971 0
1679265301791 5.750643000006676 0
1679265307731 5.814671069965698 0
1679265313525 5.6769515160121955 0
1679265319385 5.740956116002053 0
1679265325138 5.6338340059737675 0
1679265331525 6.265584856970236 0
1679265337317 5.665617152000777 0
1679265343447 6.006414823001251 0
1679265349591 6.020632332016248 0
1679265370893 6.603381593013182 0
1679265377277 6.268822397978511 0
1679265383874 6.4736041520372964 0
1679265390264 6.270314051012974 0
1679265396888 6.500886804016773 0
1679265403427 6.417131523019634 0
1679265410061 6.511540503997821 0
1679265416518 6.33505975198932 0
1679265423143 6.48709119000705 0
1679265429574 6.301967171952128 0
1679265452925 7.117373798042536 0
1679265460132 7.0880659720278345 0
1679265467329 7.0763842750457115 0
1679265474513 7.063844673044514 0
1679265481660 7.030147295969073 0
1679265488619 6.82644994702423 0
1679265495853 7.105085988005158 0
1679265503003 7.032308597990777 0
1679265510175 7.0467175979865715 0
1679265517274 6.969768846000079 0
1679265540290 7.650416643999051 0
1679265548116 7.697370734007563 0
1679265555699 7.4663178119808435 0
1679265563647 7.822016732010525 0
1679265571374 7.60462577897124 0
1679265579112 7.6171671479824 0
1679265586818 7.568758769950364 0
1679265594796 7.848961751034949 0
1679265602511 7.583534011966549 0
1679265610460 7.820441334974021 0
1679265633640 8.039923440024722 0
1679265642147 8.38077972701285 0
1679265650782 8.5071930619888 0
1679265659180 8.259790218027774 0
1679265667547 8.225564149033744 0
1679265676048 8.37273856002139 0
1679265684396 8.22629975900054 0
1679265692962 8.438643158995546 0
1679265701443 8.350727928045671 0
1679265709889 8.330006628995761 0
1679265734832 8.957709242007695 0
1679265743582 8.625185980985407 0
1679265752853 9.156490463006776 0
1679265762015 9.030379847972654 0
1679265771105 8.960281006991863 0
1679265780090 8.860439759970177 0
1679265788626 8.402361585991457 0
1679265797613 8.855350897007156 0
1679265806472 8.724085269030184 0
1679265815493 8.88526123703923 0
1679265841453 9.603938887012191 0
1679265851498 9.90319973800797 0
1679265861109 9.481543895963114 0
1679265870844 9.590596430993173 0
1679265880539 9.565988545014989 0
1679265890142 9.466343084000982 0
1679265899402 9.136397215013858 0
1679265908932 9.391007350001018 0
1679265918852 9.768446873989888 0
1679265928511 9.504382420971524 0
1679265954835 10.228333283041138 0
1679265965277 10.297187105985358 0
1679265975942 10.534507913980633 0
1679265986306 10.208757444983348 0
1679265996725 10.28577606898034 0
1679266007176 10.30280024401145 0
1679266017565 10.232981597015169 0
1679266027901 10.201733344991226 0
1679266038239 10.183830721012782 0
1679266048776 10.396981273021083 0
1679266076882 10.986827283981256 0
1679266087491 10.392543422989547 0
1679266098581 10.943397950031795 0
1679266109368 10.637910446035676 0
1679266120132 10.62371717998758 0
1679266131005 10.7235017149942 0
1679266141946 10.789203949039802 0
1679266153222 11.133413812960498 0
1679266163858 10.485564370988868 0
1679266174692 10.689504762005527 0
1679266201708 11.418730584031437 0
1679266212719 10.885182846977841 0
1679266224182 11.334031331003644 0
1679266235879 11.568440874980297 0
1679266247299 11.262957900995389 0
1679266258729 11.266402681008913 0
1679266270049 11.186444802035112 0
1679266281605 11.416827476001345 0
1679266293206 11.46275040396722 0
1679266304761 11.409092911984771 0
1679266333180 12.137035280000418 0
1679266345097 11.767077335040085 0
1679266357054 11.812451302015688 0
1679266368706 11.519294877012726 0
1679266380715 11.857851284963544 0
1679266392879 12.027186118008103 0
1679266404992 11.971861828002147 0
1679266417247 12.12217841000529 0
1679266429246 11.861415843013674 0
1679266441151 11.763328446017113 0
1679266470726 12.482331205974333 0
1679266483272 12.391643313982058 0
1679266495972 12.556874985981267 0
1679266508772 12.65273543598596 0
1679266521383 12.47797874402022 0
1679266533830 12.293901856988668 0
1679266546119 12.132841687998734 0
1679266558775 12.512754926050548 0
1679266571263 12.349480828968808 0
1679266584022 12.627579441003036 0
1679266614111 13.267944320978131 0
1679266627435 13.17317423800705 0
1679266640684 13.100756690022536 0
1679266654078 13.239110969996545 0
1679266667223 13.014344024006277 0
1679266680304 12.917593767982908 0
1679266693158 12.720556911022868 0
1679266705851 12.548248801962472 0
1679266719171 13.175147822999861 0
1679266732600 13.268345549993683 0
1679266763764 13.57242928101914 0
1679266777726 13.815517672046553 0
1679266791655 13.771087429020554 0
1679266805629 13.81502775696572 0
1679266819306 13.523646198038477 0
1679266833016 13.537855880043935 0
1679266846772 13.60248236602638 0
1679266860686 13.759207914990839 0
1679266874722 13.880083160009235 0
1679266888612 13.728855018969625 0
1679266920388 14.054612176027149 0
1679266934665 14.126312441017944 0
1679266949025 14.216423482983373 0
1679266963245 14.06355474004522 0
1679266977472 14.077290916990023 0
1679266992097 14.433970786980353 0
1679267006438 14.183552508999128 0
1679267020773 14.191869484027848 0
1679267035279 14.350154794985428 0
1679267049939 14.509122172021307 0
1679267083173 15.025081628002226 0
1679267098494 15.167026132985484 0
1679267113543 14.895352780993562 0
1679267128615 14.927401854947675 0
1679267143441 14.6847599009634 0
1679267158391 14.795632313005626 0
1679267172925 14.387908890959807 0
1679267187680 14.596408761048224 0
1679267202995 15.162123984948266 0
1679267217782 14.632238383055665 0
1679267251190 15.597923755994998 0
1679267266942 15.604178033012431 0
1679267282369 15.274191947013605 0
1679267297813 15.283853839966469 0
1679267313198 15.230011845997069 0
1679267328582 15.238814657961484 0
1679267344093 15.365519070997834 0
1679267359843 15.600502001005225 0
1679267375299 15.316709468956105 0
1679267390760 15.310398311994504 0
