1679225062091 0.8725490196078431 0
1679225066448 0.9583333333333334 0
1679225070841 0.9748774509803921 0
1679225075123 0.9813112745098039 0
1679225079312 0.9828431372549019 0
1679225083625 0.9960171568627451 0
1679225087842 0.992953431372549 0
1679225092283 0.9911151960784313 0
1679225096553 0.9862132352941176 0
1679225100767 0.9889705882352942 0
1679225117480 0.8786764705882353 0
1679225121405 0.9736519607843137 0
1679225125554 0.9852941176470589 0
1679225129726 0.9905024509803921 0
1679225133627 0.9944852941176471 0
1679225137713 0.9911151960784313 0
1679225141914 0.9960171568627451 0
1679225146120 0.9963235294117647 0
1679225150494 0.9926470588235294 0
1679225154791 0.9978553921568627 0
1679225170972 0.7405024509803921 0
1679225175208 0.9638480392156863 0
1679225179530 0.9733455882352942 0
1679225183781 0.9862132352941176 0
1679225188021 0.9840686274509803 0
1679225191761 0.9895833333333334 0
1679225195748 0.9920343137254902 0
1679225199946 0.9966299019607843 0
1679225204153 0.9849877450980392 0
1679225208323 0.9957107843137255 0
1679225224806 0.6504289215686274 0
1679225228964 0.9365808823529411 0
1679225233208 0.9708946078431373 0
1679225237426 0.9791666666666666 0
1679225241699 0.984375 0
1679225245952 0.9874387254901961 0
1679225249763 0.9926470588235294 0
1679225253919 0.9975490196078431 0
1679225258266 0.9923406862745098 0
1679225262306 0.9874387254901961 0
1679225278760 0.640625 0
1679225282861 0.9286151960784313 0
1679225287036 0.9610906862745098 0
1679225291068 0.9813112745098039 0
1679225295213 0.9871323529411765 0
1679225299440 0.9810049019607843 0
1679225303602 0.9886642156862745 0
1679225307870 0.9911151960784313 0
1679225311405 0.9886642156862745 0
1679225315567 0.9892769607843137 0
1679225332537 0.6130514705882353 0
1679225336644 0.9298406862745098 0
1679225340977 0.977328431372549 0
1679225345346 0.9794730392156863 0
1679225349510 0.992953431372549 0
1679225353728 0.9957107843137255 0
1679225357836 0.9969362745098039 0
1679225362217 0.9898897058823529 0
1679225366348 0.9813112745098039 0
1679225369997 0.9938725490196079 0
1679225386813 0.6461397058823529 0
1679225390999 0.9102328431372549 0
1679225395192 0.9666053921568627 0
1679225399391 0.9813112745098039 0
1679225403688 0.9920343137254902 0
1679225407949 0.9898897058823529 0
1679225412131 0.9932598039215687 0
1679225416375 0.9892769607843137 0
1679225420602 0.9889705882352942 0
1679225424839 0.9941789215686274 0
1679225441659 0.6626838235294118 0
1679225445842 0.9313725490196079 0
1679225450049 0.9739583333333334 0
1679225454223 0.9895833333333334 0
1679225458361 0.9905024509803921 0
1679225462472 0.9944852941176471 0
1679225466572 0.9874387254901961 0
1679225470985 0.9935661764705882 0
1679225475083 0.9944852941176471 0
1679225479364 0.9905024509803921 0
1679225497610 0.7006740196078431 0
1679225501881 0.9371936274509803 0
1679225506067 0.9742647058823529 0
1679225510211 0.9810049019607843 0
1679225514246 0.9889705882352942 0
1679225518323 0.992953431372549 0
1679225522655 0.9932598039215687 0
1679225526866 0.9966299019607843 0
1679225531118 0.9932598039215687 0
1679225535479 0.9917279411764706 0
1679225552893 0.5897671568627451 0
1679225556501 0.8768382352941176 0
1679225560746 0.9534313725490197 0
1679225564933 0.9736519607843137 0
1679225569156 0.9816176470588235 0
1679225573331 0.9794730392156863 0
1679225577561 0.9889705882352942 0
1679225581758 0.9862132352941176 0
1679225585958 0.9803921568627451 0
1679225590121 0.9874387254901961 0
1679225607505 0.5030637254901961 0
1679225611875 0.8560049019607843 0
1679225615473 0.953125 0
1679225619663 0.9721200980392157 0
1679225623891 0.9898897058823529 0
1679225627995 0.9898897058823529 0
1679225632023 0.9874387254901961 0
1679225636120 0.9954044117647058 0
1679225640321 0.9917279411764706 0
1679225644377 0.9871323529411765 0
1679225662185 0.5238970588235294 0
1679225666502 0.8756127450980392 0
1679225670601 0.9436274509803921 0
1679225674704 0.96875 0
1679225678473 0.9797794117647058 0
1679225682765 0.9871323529411765 0
1679225686860 0.9871323529411765 0
1679225690976 0.9944852941176471 0
1679225695156 0.9954044117647058 0
1679225699488 0.9972426470588235 0
1679225717648 0.5533088235294118 0
1679225721813 0.9041053921568627 0
1679225726050 0.9561887254901961 0
1679225730569 0.9767156862745098 0
1679225734895 0.9868259803921569 0
1679225738669 0.9954044117647058 0
1679225742869 0.9797794117647058 0
1679225747169 0.9911151960784313 0
1679225751289 0.9954044117647058 0
1679225755546 0.9938725490196079 0
1679225772962 0.6568627450980392 0
1679225777026 0.9329044117647058 0
1679225781049 0.9659926470588235 0
1679225785357 0.9877450980392157 0
1679225789637 0.9880514705882353 0
1679225794007 0.9859068627450981 0
1679225798274 0.992953431372549 0
1679225802112 0.9957107843137255 0
1679225806410 0.9966299019607843 0
1679225810846 0.9972426470588235 0
1679225828731 0.6636029411764706 0
1679225833113 0.9436274509803921 0
1679225837470 0.9806985294117647 0
1679225841789 0.9852941176470589 0
1679225845845 0.992953431372549 0
1679225849892 0.991421568627451 0
1679225854308 0.9960171568627451 0
1679225858713 0.9960171568627451 0
1679225862373 0.9954044117647058 0
1679225866615 0.9908088235294118 0
1679225885223 0.6893382352941176 0
1679225889339 0.9518995098039216 0
1679225893490 0.9764093137254902 0
1679225897600 0.9874387254901961 0
1679225901746 0.9856004901960784 0
1679225906048 0.9908088235294118 0
1679225910355 0.9926470588235294 0
1679225914644 0.9950980392156863 0
1679225918789 0.9996936274509803 0
1679225922815 0.9990808823529411 0
1679225940575 0.6681985294117647 0
1679225944823 0.9298406862745098 0
1679225948982 0.9675245098039216 0
1679225953178 0.9813112745098039 0
1679225957475 0.9895833333333334 0
1679225961544 0.9840686274509803 0
1679225965468 0.9920343137254902 0
1679225969798 0.9895833333333334 0
1679225973935 0.9938725490196079 0
1679225978300 0.9960171568627451 0
1679225996771 0.6608455882352942 0
1679226000954 0.9194240196078431 0
1679226005211 0.9595588235294118 0
1679226009522 0.9813112745098039 0
1679226013548 0.984375 0
1679226017802 0.9895833333333334 0
1679226021954 0.9969362745098039 0
1679226026128 0.9920343137254902 0
1679226030492 0.9941789215686274 0
1679226034695 0.9846813725490197 0
1679226054598 0.5726102941176471 0
1679226058797 0.8869485294117647 0
1679226063007 0.9494485294117647 0
1679226067126 0.9742647058823529 0
1679226071219 0.9813112745098039 0
1679226075646 0.9831495098039216 0
1679226079831 0.9898897058823529 0
1679226084193 0.9950980392156863 0
1679226088402 0.9920343137254902 0
1679226092708 0.9975490196078431 0
1679226112077 0.586703431372549 0
1679226115854 0.8792892156862745 0
1679226120188 0.9543504901960784 0
1679226124191 0.9745710784313726 0
1679226128597 0.9840686274509803 0
1679226132859 0.9834558823529411 0
1679226137184 0.9852941176470589 0
1679226141384 0.9917279411764706 0
1679226145457 0.9944852941176471 0
1679226149708 0.9905024509803921 0
