1679225062111 4.429421209963039 0
1679225066470 4.234222820028663 0
1679225070849 4.261389343999326 0
1679225075143 4.178843092988245 0
1679225079328 4.066520487016533 0
1679225083645 4.196170090988744 0
1679225087870 4.094583155994769 0
1679225092309 4.314798922045156 0
1679225096582 4.142563914996572 0
1679225100788 4.091243636969011 0
1679225117500 4.067744767991826 0
1679225121425 3.8198754870099947 0
1679225125574 4.044779681018554 0
1679225129750 4.062080126954243 0
1679225133641 3.772460262000095 0
1679225137728 3.977171588980127 0
1679225141934 4.080786034988705 0
1679225146136 4.079596509982366 0
1679225150512 4.278989522019401 0
1679225154806 4.186899653985165 0
1679225170984 3.9920114069827832 0
1679225175222 4.135746304993518 0
1679225179552 4.201086504035629 0
1679225183814 4.117876013973728 0
1679225188041 4.1166262259939685 0
1679225191777 3.6227202370064333 0
1679225195770 3.8855244269943796 0
1679225199962 4.081686598015949 0
1679225204174 4.111215213953983 0
1679225208348 4.048902612994425 0
1679225224829 4.037348835030571 0
1679225228986 4.039263278013095 0
1679225233225 4.123999817005824 0
1679225237447 4.0479169330210425 0
1679225241718 4.146994979993906 0
1679225245973 4.138840629020706 0
1679225249778 3.6682994089787826 0
1679225253931 4.044294063001871 0
1679225258290 4.235197088040877 0
1679225262327 3.911674854985904 0
1679225278784 3.9690230949781835 0
1679225282879 3.970970337977633 0
1679225287053 4.054474143020343 0
1679225291087 3.9128836080199108 0
1679225295239 4.0319947260431945 0
1679225299462 4.107229897985235 0
1679225303621 4.028343660989776 0
1679225307888 4.158803333004471 0
1679225311426 3.425207559019327 0
1679225315593 4.03356224601157 0
1679225332549 4.040364347980358 0
1679225336668 3.9951734030037187 0
1679225340999 4.204659866984002 0
1679225345366 4.246346361993346 0
1679225349530 4.046618502994534 0
1679225353756 4.091598622966558 0
1679225357857 3.9648384709726088 0
1679225362234 4.243769962980878 0
1679225366365 4.006056809972506 0
1679225370013 3.5098454050021246 0
1679225386832 4.216379750985652 0
1679225391020 4.067271423002239 0
1679225395215 4.066308456007391 0
1679225399404 4.076576263003517 0
1679225403714 4.188678343023639 0
1679225407982 4.140970977023244 0
1679225412148 4.048958747007418 0
1679225416390 4.124741336971056 0
1679225420628 4.099423514970113 0
1679225424861 4.099013022962026 0
1679225441676 4.037915974040516 0
1679225445863 4.05313972895965 0
1679225450066 4.0933294470305555 0
1679225454249 4.059894140984397 0
1679225458384 4.016313072992489 0
1679225462493 3.9814867509994656 0
1679225466588 3.9721480919979513 0
1679225471002 4.293726009025704 0
1679225475112 3.9745088040363044 0
1679225479384 4.15195023897104 0
1679225497635 4.0838907189900056 0
1679225501900 4.136511972988956 0
1679225506092 4.070853576995432 0
1679225510230 4.025977035984397 0
1679225514272 3.921860116010066 0
1679225518342 3.9549844180000946 0
1679225522673 4.212675801012665 0
1679225526883 4.090071204002015 0
1679225531135 4.131744803045876 0
1679225535497 4.2432013869984075 0
1679225552919 4.102775440958794 0
1679225556533 3.476404700020794 0
1679225560766 4.109792874020059 0
1679225564951 4.0674472189857624 0
1679225569171 4.104238256986719 0
1679225573347 4.063032370002475 0
1679225577581 4.110537781030871 0
1679225581781 4.080519960960373 0
1679225585976 4.069417526014149 0
1679225590138 4.048144646978471 0
1679225607523 4.219675935979467 0
1679225611896 4.249963926966302 0
1679225615490 3.4526790429954417 0
1679225619684 4.056337636022363 0
1679225623911 4.094271859969012 0
1679225628023 3.982934423023835 0
1679225632043 3.907928418018855 0
1679225636139 3.976760790043045 0
1679225640338 4.075749244017061 0
1679225644406 3.9331538649857976 0
1679225662210 4.153096023015678 0
1679225666525 4.1787714950041845 0
1679225670622 3.9591073879855685 0
1679225674729 3.9826854589628056 0
1679225678501 3.6476411069743335 0
1679225682784 4.1521725889761 0
1679225686883 3.9700193720054813 0
1679225690991 3.986370008031372 0
1679225695176 4.06338747398695 0
1679225699510 4.198836425959598 0
1679225717681 4.157629913999699 0
1679225721831 4.026743038033601 0
1679225726070 4.11682377604302 0
1679225730593 4.381811215018388 0
1679225734924 4.178989300969988 0
1679225738687 3.6440788049949333 0
1679225742899 4.071722252992913 0
1679225747190 4.169364164990839 0
1679225751316 3.9882531139883213 0
1679225755567 4.126617617963348 0
1679225772988 3.8491627540206537 0
1679225777045 3.9380143960006535 0
1679225781082 3.8887739930069074 0
1679225785383 4.1709908450138755 0
1679225789667 4.154488037980627 0
1679225794026 4.23810970998602 0
1679225798295 4.154463460028637 0
1679225802135 3.70354897598736 0
1679225806442 4.164523025974631 0
1679225810874 4.304285368998535 0
1679225828757 3.8591324710287154 0
1679225833138 4.246252785029355 0
1679225837493 4.221878857992124 0
1679225841809 4.195097207033541 0
1679225845874 3.939491911965888 0
1679225849925 3.9018635409884155 0
1679225854333 4.264100510976277 0
1679225858734 4.258324674970936 0
1679225862394 3.5544849790167063 0
1679225866635 4.112593789002858 0
1679225885251 4.26930500601884 0
1679225889368 3.985995010996703 0
1679225893510 4.0238399429945275 0
1679225897619 3.993713486008346 0
1679225901768 4.004748533014208 0
1679225906069 4.172698014008347 0
1679225910376 4.154530156985857 0
1679225914666 4.1379403690225445 0
1679225918809 4.0067428550100885 0
1679225922844 3.894005724985618 0
1679225940592 4.0455864850082435 0
1679225944845 4.127927719964646 0
1679225949016 4.039160741027445 0
1679225953201 4.068041887017898 0
1679225957503 4.1581957780290395 0
1679225961563 3.928348069952335 0
1679225965489 3.7984027710044757 0
1679225969830 4.194630409998354 0
1679225973964 4.008449150947854 0
1679225978328 4.221084296994377 0
1679225996799 3.9906775730196387 0
1679226000979 4.050543233985081 0
1679226005233 4.115725417039357 0
1679226009543 4.155920584977139 0
1679226013570 3.8947903069783933 0
1679226017824 4.112983361992519 0
1679226021974 4.023960325983353 0
1679226026153 3.9996829589945264 0
1679226030518 4.228869781945832 0
1679226034720 4.063254929962568 0
1679226054627 3.8918359900126234 0
1679226058820 4.045426620985381 0
1679226063033 4.0757245579734445 0
1679226067152 3.985391154012177 0
1679226071238 3.9512869840255007 0
1679226075672 4.284895905002486 0
1679226079858 4.057170018029865 0
1679226084217 4.212112854002044 0
1679226088430 4.068517398030963 0
1679226092730 4.168008356995415 0
1679226112108 4.1425387620111 0
1679226115880 3.6213426949689165 0
1679226120219 4.201558800006751 0
1679226124229 3.8640895409625955 0
1679226128621 4.252495087974239 0
1679226132889 4.119100320036523 0
1679226137211 4.178322744031902 0
1679226141413 4.06436408997979 0
1679226145482 3.9346525160362944 0
1679226149736 4.108337054029107 0
