1679225062103 0.3665675573124021 0
1679225066461 0.12564302731634064 0
1679225070845 0.07526211248820319 0
1679225075136 0.05678771550575381 0
1679225079322 0.058839505187386426 0
1679225083637 0.015405771299258192 0
1679225087859 0.026922708212605714 0
1679225092298 0.033642545076658925 0
1679225096570 0.03910373452890781 0
1679225100779 0.03804220576007627 0
1679225117492 0.6269348637182631 0
1679225121416 0.1032851898321407 0
1679225125566 0.04660479833061496 0
1679225129740 0.036191595210374204 0
1679225133634 0.020931368699416007 0
1679225137720 0.028720840790900218 0
1679225141927 0.013688421545892055 0
1679225146130 0.013755720914880787 0
1679225150502 0.030772782012611383 0
1679225154801 0.007223822860039803 0
1679225170977 1.2177646547994192 0
1679225175214 0.13331404650656908 0
1679225179542 0.08465212418962562 0
1679225183799 0.044320525784118506 0
1679225188033 0.052175323996469194 0
1679225191771 0.040989630659311715 0
1679225195760 0.026178911205623115 0
1679225199957 0.012612803878094865 0
1679225204165 0.050906043985057346 0
1679225208337 0.014819149269611693 0
1679225224820 1.5540475996539873 0
1679225228975 0.2100267207578701 0
1679225233218 0.08824566668173407 0
1679225237437 0.07016651413640847 0
1679225241711 0.05521440958175078 0
1679225245965 0.037884188115747425 0
1679225249771 0.026204099227827245 0
1679225253926 0.011697495453214893 0
1679225258278 0.029870662230464137 0
1679225262318 0.042306000260663605 0
1679225278772 1.6012865158126635 0
1679225282872 0.24860046968302307 0
1679225287047 0.1391817073191644 0
1679225291080 0.06291795633368048 0
1679225295226 0.04100571004514053 0
1679225299452 0.06780124813153901 0
1679225303613 0.03285954812599812 0
1679225307882 0.02817870430390387 0
1679225311417 0.0369531184839491 0
1679225315580 0.02893415035842005 0
1679225332544 1.755297605897866 0
1679225336659 0.24061020958584314 0
1679225340990 0.07192843506916188 0
1679225345358 0.06655381654284201 0
1679225349522 0.026675074241425404 0
1679225353745 0.015700578033883014 0
1679225357848 0.009923037960035406 0
1679225362227 0.036485163538314984 0
1679225366359 0.06386734947091992 0
1679225370005 0.02196444776057558 0
1679225386825 1.6514334491654938 0
1679225391010 0.3000831584281781 0
1679225395205 0.11332629785836473 0
1679225399398 0.06669096349893759 0
1679225403704 0.02944183761457109 0
1679225407970 0.03409763709950151 0
1679225412142 0.031708356643018 0
1679225416384 0.03242977773662264 0
1679225420618 0.04277938738689009 0
1679225424851 0.027101399836943065 0
1679225441670 1.6797375442350613 0
1679225445854 0.23423367391760444 0
1679225450060 0.1014693656014096 0
1679225454238 0.03908992292103814 0
1679225458373 0.03037694672022161 0
1679225462485 0.023624088191746863 0
1679225466582 0.037599768975804394 0
1679225470995 0.024177291159753176 0
1679225475097 0.018052904201527675 0
1679225479376 0.03578506943563744 0
1679225497623 1.5527781014348947 0
1679225501893 0.20969074986436786 0
1679225506081 0.09164454189914406 0
1679225510222 0.0643692265296647 0
1679225514259 0.04172845669067921 0
1679225518334 0.02788190460677131 0
1679225522667 0.025930919330087763 0
1679225526876 0.012645568359670612 0
1679225531128 0.01981435437739813 0
1679225535490 0.029269601979952615 0
1679225552906 1.830644558749947 0
1679225556516 0.4044373426951614 0
1679225560758 0.16182098170632825 0
1679225564944 0.08947922612595208 0
1679225569164 0.05777758742253497 0
1679225573341 0.06394769411132324 0
1679225577572 0.03471542524251466 0
1679225581772 0.03765354416100308 0
1679225585969 0.06277974679844692 0
1679225590131 0.0424788240115067 0
1679225607516 2.0460830628871918 0
1679225611888 0.44612463976384376 0
1679225615483 0.13924038766280694 0
1679225619675 0.09669204467140577 0
1679225623903 0.041705276008453404 0
1679225628009 0.03569742143679155 0
1679225632034 0.038794540185549786 0
1679225636131 0.01763558009634817 0
1679225640331 0.02374326584942858 0
1679225644392 0.048141264305883724 0
1679225662197 2.049417711356107 0
1679225666515 0.4122137544932319 0
1679225670613 0.18054275463024774 0
1679225674718 0.0954605883955225 0
1679225678487 0.061632940801335315 0
1679225682776 0.04861340817696342 0
1679225686873 0.038315586604214476 0
1679225690985 0.01712118432067869 0
1679225695168 0.0165919703228842 0
1679225699501 0.008167897811968122 0
1679225717667 2.0605346835127065 0
1679225721824 0.33565204707430857 0
1679225726063 0.1550395308089826 0
1679225730585 0.08976695966432054 0
1679225734906 0.04675935677197926 0
1679225738680 0.02089724310459204 0
1679225742887 0.06479432613146034 0
1679225747180 0.030901007590799445 0
1679225751305 0.020859398446833332 0
1679225755560 0.020085553592841334 0
1679225772976 1.6094240220446212 0
1679225777037 0.24116103049805937 0
1679225781069 0.10822205531283044 0
1679225785374 0.04576228103399569 0
1679225789651 0.04319913372484164 0
1679225794019 0.04236866675337831 0
1679225798283 0.030855082949582377 0
1679225802124 0.016683697782961342 0
1679225806429 0.011640267242625008 0
1679225810859 0.005963355767187963 0
1679225828745 1.8569819443658286 0
1679225833128 0.19443719161163067 0
1679225837484 0.07072716001786437 0
1679225841801 0.04915492888768295 0
1679225845859 0.023326859699890894 0
1679225849904 0.02424447716917961 0
1679225854323 0.013930287434264114 0
1679225858726 0.014331258305259432 0
1679225862385 0.01847709754100138 0
1679225866628 0.03568239413517386 0
1679225885239 1.6309951391874575 0
1679225889353 0.19364179587722116 0
1679225893502 0.08112902771316323 0
1679225897611 0.04275077375966836 0
1679225901759 0.045987588769468644 0
1679225906061 0.028038899414241314 0
1679225910367 0.023470987192601624 0
1679225914657 0.01215896463762357 0
1679225918801 0.003465185954315958 0
1679225922831 0.00368612046747562 0
1679225940584 1.4954948695559127 0
1679225944837 0.22828511287476502 0
1679225949000 0.11630984070236046 0
1679225953187 0.06537116008956789 0
1679225957492 0.033646516418016026 0
1679225961555 0.04964518028096862 0
1679225965480 0.028515244675480632 0
1679225969819 0.03792307427662023 0
1679225973950 0.03401297778941179 0
1679225978316 0.012748282031679992 0
1679225996787 1.6403169862779916 0
1679226000969 0.2803689754549779 0
1679226005224 0.12286508579135817 0
1679226009534 0.06637644771870006 0
1679226013561 0.04936551931770701 0
1679226017816 0.03981635227511801 0
1679226021966 0.0112376147122168 0
1679226026143 0.02453736633926347 0
1679226030507 0.021892632523553866 0
1679226034710 0.06134926525769783 0
1679226054615 1.9814797794702006 0
1679226058811 0.3566107842705998 0
1679226063022 0.15574811766033664 0
1679226067142 0.07833740766634982 0
1679226071229 0.060906771835231896 0
1679226075661 0.06043066702869849 0
1679226079843 0.0380284045891398 0
1679226084208 0.019423073900671786 0
1679226088417 0.026095297537098053 0
1679226092721 0.010363467330142729 0
1679226112092 2.052742295405444 0
1679226115870 0.36694830721792054 0
1679226120207 0.147555547729865 0
1679226124214 0.08174040539226696 0
1679226128611 0.049691136757496236 0
1679226132877 0.0602367920139074 0
1679226137200 0.05336820797574725 0
1679226141396 0.03066217456259491 0
1679226145472 0.02215860204944643 0
1679226149726 0.03589528961952858 0
