1679230199888 4.295096878951881 0
1679230204085 4.055675245996099 0
1679230208346 4.11431164201349 0
1679230212553 4.074304160021711 0
1679230216727 4.043361751013435 0
1679230220722 3.864253273990471 0
1679230225038 4.175082779023796 0
1679230229349 4.185302719997708 0
1679230233427 3.94413814303698 0
1679230237882 4.315541710995603 0
1679230257768 4.6704140870133415 0
1679230262444 4.546523928001989 0
1679230267412 4.804111392993946 0
1679230272433 4.864580499008298 0
1679230276895 4.320453202002682 0
1679230281815 4.776780896994751 0
1679230286617 4.649040492018685 0
1679230291461 4.693546700000297 0
1679230296369 4.754451636050362 0
1679230301334 4.795307668973692 0
1679230318711 4.699786209966987 0
1679230323700 4.827288887987379 0
1679230328655 4.782734516018536 0
1679230333141 4.318721800984349 0
1679230338075 4.7745770559995435 0
1679230343104 4.868166139989626 0
1679230347745 4.494859888975043 0
1679230352585 4.671870719001163 0
1679230357379 4.642296283040196 0
1679230362243 4.7014588069869205 0
1679230379762 4.83251197001664 0
1679230384818 4.895895290013868 0
1679230389319 4.323619602015242 0
1679230394324 4.857158188999165 0
1679230399274 4.798136210010853 0
1679230404160 4.731485577009153 0
1679230409235 4.925560768984724 0
1679230414184 4.799168936966453 0
1679230419048 4.711102773959283 0
1679230423870 4.6589013459743 0
1679230441537 4.723930046020541 0
1679230446160 4.456727163982578 0
1679230451065 4.754698810982518 0
1679230456141 4.927361465990543 0
1679230460926 4.644617790996563 0
1679230465856 4.775315475999378 0
1679230470669 4.662617729045451 0
1679230475567 4.744309935020283 0
1679230480274 4.543708115990739 0
1679230485070 4.654774168971926 0
1679230502953 4.858024968008976 0
1679230508190 5.058230612950865 0
1679230513064 4.712894177006092 0
1679230518096 4.869243058026768 0
1679230522998 4.752296127029695 0
1679230528008 4.854564495035447 0
1679230532882 4.699458760034759 0
1679230537728 4.67401154700201 0
1679230542813 4.91541590297129 0
1679230547755 4.797129815036897 0
1679230566559 4.426979483978357 0
1679230571386 4.662027960002888 0
1679230576602 5.040320180996787 0
1679230581837 5.073177000973374 0
1679230586832 4.8449623610358685 0
1679230591829 4.845378767000511 0
1679230596794 4.788403571990784 0
1679230601653 4.694604380056262 0
1679230606485 4.674820971034933 0
1679230611442 4.767766798962839 0
1679230630538 4.671436600969173 0
1679230635346 4.665259137982503 0
1679230640438 4.9141710820258595 0
1679230645244 4.660811281995848 0
1679230650157 4.768536159012001 0
1679230654905 4.607474919001106 0
1679230659711 4.65346922801109 0
1679230664857 4.976724223990459 0
1679230669693 4.687006177962758 0
1679230674697 4.830389874987304 0
1679230692764 4.78855738195125 0
1679230697786 4.857162458996754 0
1679230702722 4.790306637005415 0
1679230707621 4.732775156036951 0
1679230712765 4.915768734004814 0
1679230717634 4.71496598504018 0
1679230722421 4.638639164972119 0
1679230727252 4.672166584990919 0
1679230732346 4.918574222014286 0
1679230737416 4.909858428989537 0
1679230754713 4.790546917996835 0
1679230759539 4.677781187987421 0
1679230764518 4.824003725021612 0
1679230769728 5.056824543979019 0
1679230774734 4.852407279016916 0
1679230779557 4.6503273820271716 0
1679230784608 4.8695117679890245 0
1679230789786 5.022216725978069 0
1679230795697 5.739750608976465 0
1679230800622 4.7550184380379505 0
1679230820011 4.9216972890426405 0
1679230825168 4.985367029963527 0
1679230830280 4.936328296025749 0
1679230835358 4.916229120979551 0
1679230840448 4.894912596966606 0
1679230845246 4.650570011988748 0
1679230850543 5.127458086004481 0
1679230855582 4.85999961005291 0
1679230860537 4.771299792977516 0
1679230865101 4.4064596720272675 0
1679230884498 4.655806795984972 0
1679230889528 4.868731091031805 0
1679230894552 4.844893564004451 0
1679230899508 4.793199589999858 0
1679230904519 4.836142020998523 0
1679230909657 4.969487327034585 0
1679230914644 4.824337708996609 0
1679230919486 4.683344869990833 0
1679230924447 4.787183058972005 0
1679230929494 4.875523520982824 0
1679230949293 4.3901264410233125 0
1679230954269 4.803256710991263 0
1679230959278 4.836087032046635 0
1679230964212 4.759092226973735 0
1679230969206 4.816098090959713 0
1679230974165 4.80227439495502 0
1679230979360 5.007598202035297 0
1679230984107 4.573579385003541 0
1679230989124 4.8451153220376 0
1679230993912 4.60306843102444 0
1679231013701 4.81261905701831 0
1679231018490 4.604686016973574 0
1679231023494 4.830148144974373 0
1679231028413 4.764885123993736 0
1679231033228 4.643469889007974 0
1679231037984 4.591656811942812 0
1679231042856 4.696771708957385 0
1679231047757 4.726051504025236 0
1679231052639 4.723734395985957 0
1679231057817 4.984900909010321 0
1679231077566 4.70471846696455 0
1679231082417 4.676978812960442 0
1679231087265 4.6791287119849585 0
1679231092130 4.7000252769794315 0
1679231096810 4.519336135010235 0
1679231101761 4.767738687980454 0
1679231106690 4.754050338990055 0
1679231111658 4.792756411014125 0
1679231116696 4.864833307976369 0
1679231121546 4.68391120195156 0
1679231141792 4.917694391973782 0
1679231146704 4.7529115039506 0
1679231151739 4.858990314998664 0
1679231156695 4.765019072045106 0
1679231161411 4.538830660050735 0
1679231166478 4.8914854229660705 0
1679231171407 4.735010048025288 0
1679231176314 4.695081660000142 0
1679231181234 4.749719068000559 0
1679231186189 4.772385042975657 0
1679231207758 5.098995473003015 0
1679231212721 4.797274151002057 0
1679231217748 4.849096178018954 0
1679231223050 5.1415736739872955 0
1679231228177 4.946734486962669 0
1679231232940 4.580557651002891 0
1679231238078 4.978655975020956 0
1679231243003 4.749116932041943 0
1679231247731 4.558815072989091 0
1679231252803 4.895755036966875 0
1679231273679 4.890547665010672 0
1679231278443 4.578217149013653 0
1679231283499 4.879270763020031 0
1679231288712 5.033535196969751 0
1679231293579 4.674072947003879 0
1679231298658 4.897883071971592 0
1679231303596 4.74500088498462 0
1679231308641 4.870194343035109 0
1679231313605 4.792755072994623 0
1679231318604 4.832421169034205 0
1679231339190 4.803920990030747 0
1679231344299 4.934811882965732 0
1679231349348 4.861111475969665 0
1679231354226 4.700501481012907 0
1679231358976 4.555382132995874 0
1679231363881 4.730882427014876 0
1679231369007 4.956936343980487 0
1679231374044 4.850269436021335 0
1679231378960 4.718513422005344 0
1679231383879 4.747465344029479 0
1679231404947 4.747627264005132 0
1679231409827 4.719171416014433 0
1679231414756 4.746175669017248 0
1679231419727 4.790270322992001 0
1679231424610 4.697581311978865 0
1679231429770 4.982536558993161 0
1679231434721 4.7121488230186515 0
1679231439809 4.9077305039973 0
1679231444665 4.662858189025428 0
1679231449831 4.986309900006745 0
