1679230199880 0.5734660777391172 0
1679230204078 0.09073773580694608 0
1679230208341 0.0231373093739225 0
1679230212547 0.010683093226843458 0
1679230216717 0.007704370269350999 0
1679230220716 0.004096971378506471 0
1679230225031 0.005098621865424017 0
1679230229344 0.0044418843736981645 0
1679230233420 0.0026814364083453685 0
1679230237877 0.0031314290701594276 0
1679230257760 2.265355241064932 0
1679230262440 1.6229852239290874 0
1679230267404 1.4738042506517148 0
1679230272427 1.4132215754658568 0
1679230276889 1.3808610673044242 0
1679230281807 1.346137243158677 0
1679230286609 1.330762754468357 0
1679230291457 1.3281076164806591 0
1679230296363 1.301020134897793 0
1679230301324 1.3050509866546183 0
1679230318703 3.0764826769922293 0
1679230323692 1.9459040527250253 0
1679230328644 1.769948418233909 0
1679230333127 1.6874413782475042 0
1679230338067 1.6376927915741415 0
1679230343094 1.6110246648975448 0
1679230347738 1.5793462851468254 0
1679230352578 1.5584374128603469 0
1679230357367 1.5482331829912521 0
1679230362237 1.5400646060120826 0
1679230379756 3.106072979814866 0
1679230384809 2.0047291119893393 0
1679230389311 1.8186308870128556 0
1679230394318 1.7176500254986333 0
1679230399266 1.6585369682779498 0
1679230404153 1.615779383509767 0
1679230409227 1.5827342365302293 0
1679230414178 1.5788958960888433 0
1679230419043 1.554066144952587 0
1679230423861 1.5489745829619614 0
1679230441530 3.257217192182354 0
1679230446153 2.2011045907057967 0
1679230451053 1.9124893581165987 0
1679230456134 1.7754805111417584 0
1679230460917 1.6964002193189134 0
1679230465847 1.6349561763744729 0
1679230470662 1.6147443967707016 0
1679230475559 1.5837256405867783 0
1679230480267 1.5714623402146732 0
1679230485063 1.5562489172991585 0
1679230502945 3.5005416239009186 0
1679230508181 2.406152028663486 0
1679230513056 2.106273765657462 0
1679230518088 1.9084586617993373 0
1679230522990 1.7742330653994691 0
1679230528001 1.7245818855715733 0
1679230532873 1.6635778254153681 0
1679230537720 1.6391348733621485 0
1679230542803 1.6175764822492413 0
1679230547748 1.5946675048154944 0
1679230566552 3.7407038094950655 0
1679230571378 2.3826742289113065 0
1679230576595 2.0350175009054294 0
1679230581830 1.843768879479053 0
1679230586825 1.7516350640970118 0
1679230591821 1.7088186472069984 0
1679230596779 1.6627309135362214 0
1679230601645 1.644855229293599 0
1679230606476 1.6302176094522662 0
1679230611429 1.6058950985179228 0
1679230630531 3.7726476636587405 0
1679230635339 2.4059105784285304 0
1679230640428 2.0573393363578645 0
1679230645237 1.8862904649154812 0
1679230650151 1.791632423213884 0
1679230654899 1.7234199199022031 0
1679230659703 1.6903020739555359 0
1679230664842 1.6719642819142808 0
1679230669685 1.6432113881204642 0
1679230674689 1.6384832707105899 0
1679230692749 3.7515566676270726 0
1679230697779 2.507693938180512 0
1679230702713 2.1519652873862025 0
1679230707611 1.9335456467142291 0
1679230712759 1.8061797618865967 0
1679230717626 1.7544388291882533 0
1679230722409 1.7107743176759458 0
1679230727242 1.6815620064735413 0
1679230732335 1.658006019452039 0
1679230737408 1.637084456051097 0
1679230754706 3.7382444166669657 0
1679230759533 2.3553635255963195 0
1679230764506 2.0296957527889923 0
1679230769721 1.8711536818859624 0
1679230774728 1.7804012321958356 0
1679230779542 1.7278406573276894 0
1679230784591 1.6841575421539008 0
1679230789778 1.66357993962718 0
1679230795687 1.6526512304941814 0
1679230800612 1.6330358304229438 0
1679230819999 3.7184278918247595 0
1679230825153 2.358358198521184 0
1679230830273 2.039331072685765 0
1679230835350 1.8888430922639137 0
1679230840436 1.770500964978162 0
1679230845239 1.7179375501240002 0
1679230850534 1.680647963402318 0
1679230855572 1.6545006492558647 0
1679230860529 1.6504442680115794 0
1679230865093 1.6348059913691353 0
1679230884486 3.7739700149087345 0
1679230889514 2.4932613910413255 0
1679230894540 2.1086571602260364 0
1679230899500 1.913423904016906 0
1679230904511 1.7979104600700677 0
1679230909650 1.7446729903127633 0
1679230914634 1.6875687592169817 0
1679230919474 1.6661217913908117 0
1679230924435 1.6395432738696827 0
1679230929486 1.6296946721918442 0
1679230949286 3.74521954386842 0
1679230954262 2.380588358523799 0
1679230959270 2.0315983996671787 0
1679230964203 1.85253010894738 0
1679230969197 1.7687876680318046 0
1679230974157 1.712360611148909 0
1679230979352 1.6708311637242634 0
1679230984099 1.655957586625043 0
1679230989112 1.6448253474983514 0
1679230993900 1.62592732555726 0
1679231013694 3.7613394727893903 0
1679231018476 2.4501201872732126 0
1679231023486 2.099406866466298 0
1679231028406 1.915642962736242 0
1679231033218 1.7962095643959792 0
1679231037974 1.7327871918678284 0
1679231042847 1.684725981132657 0
1679231047750 1.6637625144977195 0
1679231052631 1.6400985624275954 0
1679231057804 1.618173427441541 0
1679231077558 3.8958746568829405 0
1679231082410 2.601452530599108 0
1679231087257 2.19898989387587 0
1679231092119 1.964578230007022 0
1679231096801 1.8408290171155743 0
1679231101751 1.7564150597534927 0
1679231106677 1.7127834698733162 0
1679231111651 1.6846316164615107 0
1679231116687 1.6684012155906827 0
1679231121539 1.6476198575075935 0
1679231141784 3.761218085008509 0
1679231146694 2.360387365023295 0
1679231151730 2.0485433632252263 0
1679231156682 1.8561306525679195 0
1679231161402 1.7565064722416448 0
1679231166467 1.7171090081626295 0
1679231171387 1.6820615985814262 0
1679231176300 1.6560612309212779 0
1679231181225 1.629379787865807 0
1679231186179 1.6274283037466162 0
1679231207745 3.80316568589678 0
1679231212712 2.395939777879154 0
1679231217738 2.0587823870135287 0
1679231223042 1.8755441436580582 0
1679231228168 1.7879682124829759 0
1679231232930 1.7272091087173014 0
1679231238069 1.6988357095157398 0
1679231242993 1.6659608775494146 0
1679231247722 1.6493751137864356 0
1679231252786 1.6354560863737966 0
1679231273671 3.7875089248021445 0
1679231278423 2.442320332807653 0
1679231283490 2.098650222899867 0
1679231288704 1.9150251640993006 0
1679231293570 1.79554484872257 0
1679231298649 1.7391810604170257 0
1679231303578 1.6979000708636116 0
1679231308632 1.662776476027919 0
1679231313597 1.6486894745452731 0
1679231318595 1.6295930626345616 0
1679231339174 3.8322655546898936 0
1679231344290 2.4943608279321707 0
1679231349339 2.1300148776933256 0
1679231354216 1.933187671736175 0
1679231358963 1.8055112291784847 0
1679231363872 1.7514715451820224 0
1679231368999 1.7026125893873327 0
1679231374028 1.66416500713311 0
1679231378952 1.6523675112163319 0
1679231383871 1.6417845136979048 0
1679231404938 3.826211078494203 0
1679231409811 2.553143071193321 0
1679231414747 2.1923618234840094 0
1679231419719 1.9872275614270978 0
1679231424599 1.8479984309159072 0
1679231429762 1.769969875906028 0
1679231434712 1.7150189958366693 0
1679231439800 1.6788294852948655 0
1679231444653 1.6636524866609013 0
1679231449822 1.6358837298318452 0
