1678653226301 0.3538140416136247 0
1678653230306 0.09348094442015627 0
1678653234336 0.06469100090994764 0
1678653238342 0.1081398567817413 0
1678653242471 0.03577742267949231 0
1678653246395 0.021262436082794867 0
1678653250185 0.01796159725647591 0
1678653254072 0.050180585864571636 0
1678653258345 0.05970323926173752 0
1678653262459 0.01653688286681907 0
1678653323805 0.44441368343933285 0
1678653327855 0.06656157111701883 0
1678653331847 0.02347754450213484 0
1678653335654 0.02788657431797469 0
1678653339502 0.0052083352967663 0
1678653343323 0.009900658617559488 0
1678653347170 0.059133133377277 0
1678653351111 0.066324250224674 0
1678653354953 0.0076534000637816235 0
1678653358869 0.004868036834648917 0
1678653415108 0.9354633840492399 0
1678653419405 0.08804639854535709 0
1678653423770 0.07415988268658583 0
1678653428234 0.020896759121767933 0
1678653432684 0.018102090771685668 0
1678653437370 0.013731654737158514 0
1678653442040 0.04390008041923929 0
1678653446725 0.049475279041877165 0
1678653451463 0.009519309618862931 0
1678653456014 0.0042887334766677785 0
1678653515993 1.047305232511029 0
1678653520401 0.14640146475360075 0
1678653524723 0.04520644946570305 0
1678653529173 0.04066646638642157 0
1678653533714 0.030458799770149075 0
1678653538231 0.056122854931269665 0
1678653542811 0.02943017876288814 0
1678653547533 0.007969573130221362 0
1678653552037 0.019476107579749134 0
1678653556450 0.012807548227314414 0
1678653616357 2.0643595345893564 0
1678653620852 0.25605057900595474 0
1678653625205 0.10422494967003285 0
1678653629597 0.06563536696932137 0
1678653634045 0.06739772036165423 0
1678653638489 0.07685764638765717 0
1678653642997 0.022315108811527658 0
1678653647604 0.014416773805545484 0
1678653652114 0.02115386247996142 0
1678653656456 0.014179022583496136 0
1678653715770 2.476647943976192 0
1678653720102 0.45171812421528923 0
1678653724594 0.17251802191202695 0
1678653729083 0.0747775020879717 0
1678653733657 0.07890461861323324 0
1678653738077 0.02162468300498401 0
1678653742732 0.0692220650604104 0
1678653747366 0.024901876013801928 0
1678653752012 0.04445297406771214 0
1678653756254 0.06745205940868547 0
1678653816327 2.7698345196843515 0
1678653820808 0.8177127121240729 0
1678653825150 0.3171929959127239 0
1678653829571 0.1906228905993527 0
1678653834224 0.12914718732633584 0
1678653838864 0.05667427831764866 0
1678653843476 0.07690663751930348 0
1678653848077 0.050526789476412766 0
1678653852623 0.07173678694293478 0
1678653857140 0.03875431168474685 0
1678653916282 3.176369607559025 0
1678653920626 0.7415503118419589 0
1678653925114 0.30963545305041196 0
1678653929505 0.1649111629250316 0
1678653934247 0.07990375087999724 0
1678653938949 0.0917404491691364 0
1678653943429 0.05353911472754835 0
1678653948026 0.044824334014485545 0
1678653952451 0.03929942631070089 0
1678653956877 0.059180096273872496 0
1678654016751 3.2175731535971055 0
1678654021211 0.7388498661803787 0
1678654025659 0.23374563823738828 0
1678654030293 0.12030096873963152 0
1678654034914 0.08438865295562425 0
1678654039441 0.07088504915503605 0
1678654044071 0.0729640012341215 0
1678654048748 0.033462147433782445 0
1678654053343 0.019738687767009835 0
1678654057940 0.010612953072005377 0
1678654117579 3.2239240201775714 0
1678654121958 0.978053291411662 0
1678654126202 0.3611257236043637 0
1678654130804 0.15436071715213548 0
1678654135503 0.07732120013397148 0
1678654140032 0.058696005873064554 0
1678654144612 0.058245958991629466 0
1678654149327 0.10004027541025028 0
1678654154021 0.06916488751474541 0
1678654158873 0.04220706143446953 0
1678654217834 3.5334623264927716 0
1678654222135 0.9546667077130488 0
1678654226741 0.3429660412394905 0
1678654231230 0.14344375875995363 0
1678654236002 0.06923970627961444 0
1678654240619 0.125556482208077 0
1678654245372 0.08621822191958003 0
1678654249895 0.05530663617208388 0
1678654254368 0.09096038986027351 0
1678654258917 0.026703558916282403 0
1678654318144 3.3915804432379457 0
1678654322535 0.9456081566544062 0
1678654327078 0.33205096174199467 0
1678654331643 0.13429126444423986 0
1678654336403 0.09220974001077989 0
1678654341171 0.07017579079427888 0
1678654345869 0.05142887616604843 0
1678654350509 0.10114207424320064 0
1678654355266 0.03870335934192421 0
1678654359873 0.02975517773909875 0
1678654419253 3.12100439766736 0
1678654423709 0.7608771022268841 0
1678654428275 0.25175017479248 0
1678654432719 0.1191612724755523 0
1678654437228 0.05600695683401702 0
1678654441843 0.09746280420684314 0
1678654446534 0.07925201509058144 0
1678654450867 0.045223914261693345 0
1678654455596 0.09667578151643993 0
1678654460282 0.02642553315772327 0
1678654519586 2.763918192317414 0
1678654524025 0.932209182477719 0
1678654528625 0.30642523019677553 0
1678654533236 0.13519555101098654 0
1678654537756 0.07971952656379465 0
1678654542335 0.04638176116203041 0
1678654546951 0.04866153121551406 0
1678654551452 0.04314787412284332 0
1678654556023 0.05033022504808396 0
1678654560706 0.0424991621370666 0
1678654619396 3.3464170690669626 0
1678654623789 0.668692684508607 0
1678654628199 0.21122099831930424 0
1678654632882 0.11203793312495987 0
1678654637390 0.10300049564034354 0
1678654642091 0.04408694217654568 0
1678654646824 0.035160202068208246 0
1678654651314 0.0214576107427395 0
1678654655871 0.08584150432656767 0
1678654660595 0.061623776753774166 0
1678654720021 2.796116967271919 0
1678654724272 0.7006412408210526 0
1678654729101 0.20772402560070313 0
1678654733704 0.09774871545120696 0
1678654738353 0.046047568408665356 0
1678654742991 0.032618159473108026 0
1678654747519 0.036814192890973645 0
1678654752039 0.041566398271162194 0
1678654756687 0.04097375062761979 0
1678654761306 0.03446597014044753 0
1678654820145 3.200503859938185 0
1678654824564 0.563463748449378 0
1678654829301 0.2009238329214988 0
1678654833842 0.07174531334045862 0
1678654838613 0.05474819289894293 0
1678654843358 0.02338867791059155 0
1678654848116 0.021762181474660983 0
1678654852612 0.021256281666393227 0
1678654857320 0.03264710185859511 0
1678654861877 0.1122500381355966 0
1678654920871 2.430880659520442 0
1678654925418 0.49445374872836895 0
1678654930031 0.1265713428978367 0
1678654934576 0.07483752546780194 0
1678654939180 0.05642696042154548 0
1678654943992 0.029139975169840383 0
1678654948884 0.0319770718783766 0
1678654953573 0.026622021005910587 0
1678654958362 0.06925599641725191 0
1678654962787 0.08002293834703214 0
1678655022132 2.993280322040725 0
1678655026703 0.5191221114586282 0
1678655031226 0.16930765677024878 0
1678655035921 0.06893507541238415 0
1678655040724 0.05666879535761418 0
1678655045511 0.04008433396955049 0
1678655050314 0.04862570039895746 0
1678655054984 0.1039263267458921 0
1678655059688 0.03196625191191415 0
1678655064265 0.032158978118309825 0
1678655123595 2.5358528255164585 0
1678655128033 0.5640077957995074 0
1678655132734 0.16887913325857865 0
1678655137291 0.09184359972853584 0
1678655142059 0.05752801569322512 0
1678655146784 0.03564635024206406 0
1678655151426 0.08682684314341145 0
1678655156007 0.05286941243596766 0
1678655160530 0.0589568502205833 0
1678655164994 0.022072307778139257 0
