1678653226307 4.070743448100984 0
1678653230313 3.890777289867401 0
1678653234344 3.9021233157254755 0
1678653238347 3.8937781690619886 0
1678653242478 4.013372712768614 0
1678653246404 3.797884468920529 0
1678653250195 3.6728508877567947 0
1678653254078 3.7631490798667073 0
1678653258351 4.138887938577682 0
1678653262466 3.9868123601190746 0
1678653323811 3.9977302090264857 0
1678653327864 3.917601749766618 0
1678653331855 3.8710656170733273 0
1678653335660 3.6960803759284317 0
1678653339509 3.738981946837157 0
1678653343328 3.6949250898323953 0
1678653347178 3.7356993537396193 0
1678653351118 3.8155073230154812 0
1678653354958 3.7327831648290157 0
1678653358876 3.802051934879273 0
1678653415116 4.323039419949055 0
1678653419412 4.159570221789181 0
1678653423776 4.205716392956674 0
1678653428242 4.291604437865317 0
1678653432689 4.292796350084245 0
1678653437384 4.506497489754111 0
1678653442045 4.499766737688333 0
1678653446732 4.511415482964367 0
1678653451469 4.552972403820604 0
1678653456021 4.370439138263464 0
1678653516003 4.085764016024768 0
1678653520412 4.234516222029924 0
1678653524735 4.145577793940902 0
1678653529179 4.284321892075241 0
1678653533721 4.360945499036461 0
1678653538239 4.3444117503240705 0
1678653542821 4.3884197464212775 0
1678653547544 4.539912560023367 0
1678653552044 4.322590816766024 0
1678653556457 4.237907224800438 0
1678653616365 4.263649693224579 0
1678653620862 4.310546784196049 0
1678653625214 4.1825867048464715 0
1678653629603 4.220584162976593 0
1678653634052 4.278235952369869 0
1678653638496 4.272818658966571 0
1678653643008 4.321956559084356 0
1678653647613 4.427731771022081 0
1678653652120 4.345074994955212 0
1678653656463 4.203300692141056 0
1678653715774 4.212747760117054 0
1678653720117 4.110807170160115 0
1678653724602 4.257939813658595 0
1678653729088 4.252794960979372 0
1678653733665 4.4002644047141075 0
1678653738084 4.243968182709068 0
1678653742739 4.479501074645668 0
1678653747373 4.457460060715675 0
1678653752024 4.452400644309819 0
1678653756260 4.067686301656067 0
1678653816333 4.17442788509652 0
1678653820818 4.313409280963242 0
1678653825158 4.172772321850061 0
1678653829576 4.202301099896431 0
1678653834233 4.451548752840608 0
1678653838874 4.479694751091301 0
1678653843482 4.445974411908537 0
1678653848084 4.436895900871605 0
1678653852632 4.3995708911679685 0
1678653857146 4.344843217171729 0
1678653916288 4.120647231116891 0
1678653920634 4.177426255773753 0
1678653925124 4.31275996658951 0
1678653929513 4.201413419097662 0
1678653934255 4.57487519364804 0
1678653938959 4.511626149062067 0
1678653943435 4.312115462962538 0
1678653948036 4.41047153994441 0
1678653952459 4.261707541067153 0
1678653956885 4.247156010009348 0
1678654016757 4.243798103183508 0
1678654021219 4.29921407205984 0
1678654025665 4.3003638363443315 0
1678654030300 4.454955470748246 0
1678654034929 4.437195042613894 0
1678654039455 4.361858202144504 0
1678654044079 4.4675800101831555 0
1678654048755 4.490498830098659 0
1678654053351 4.382610731292516 0
1678654057952 4.430736970156431 0
1678654117585 4.234973945189267 0
1678654121966 4.214458412956446 0
1678654126208 4.106796129141003 0
1678654130812 4.413051743991673 0
1678654135510 4.535295996814966 0
1678654140042 4.359070232138038 0
1678654144622 4.387631964869797 0
1678654149335 4.518142049200833 0
1678654154028 4.497848297934979 0
1678654158880 4.648883992340416 0
1678654217846 4.401185700204223 0
1678654222142 4.134832809213549 0
1678654226750 4.444075123872608 0
1678654231238 4.299719726666808 0
1678654236009 4.59525784663856 0
1678654240632 4.453890969976783 0
1678654245381 4.549578297883272 0
1678654249909 4.344543184153736 0
1678654254379 4.263542082160711 0
1678654258925 4.35092837177217 0
1678654318150 4.22243540501222 0
1678654322551 4.213034315034747 0
1678654327089 4.346790902782232 0
1678654331653 4.388689450919628 0
1678654336411 4.588289259001613 0
1678654341177 4.589890840929002 0
1678654345877 4.508443383965641 0
1678654350519 4.48356103990227 0
1678654355273 4.607377120293677 0
1678654359880 4.430474048946053 0
1678654419263 4.347783376928419 0
1678654423721 4.271589052863419 0
1678654428282 4.371223370078951 0
1678654432728 4.284972118213773 0
1678654437235 4.35730156628415 0
1678654441849 4.4452498448081315 0
1678654446548 4.500314650591463 0
1678654450880 4.1751251383684576 0
1678654455604 4.532905972097069 0
1678654460294 4.511834360193461 0
1678654519593 4.374242444057018 0
1678654524032 4.264924831222743 0
1678654528636 4.4035166832618415 0
1678654533250 4.445401846896857 0
1678654537763 4.325460641179234 0
1678654542342 4.393964334856719 0
1678654546968 4.441732695326209 0
1678654551459 4.317660780623555 0
1678654556035 4.368539378046989 0
1678654560714 4.512611737009138 0
1678654619403 4.2950751930475235 0
1678654623806 4.238234513904899 0
1678654628208 4.220312004908919 0
1678654632896 4.504773871973157 0
1678654637406 4.305692461784929 0
1678654642099 4.489907160867006 0
1678654646842 4.553347308188677 0
1678654651325 4.295722355134785 0
1678654655877 4.3746037860400975 0
1678654660610 4.526149176061153 0
1678654720032 4.225532412994653 0
1678654724279 4.089318870101124 0
1678654729109 4.655540125910193 0
1678654733715 4.409605943132192 0
1678654738362 4.449255893006921 0
1678654742998 4.455518231261522 0
1678654747527 4.326921978965402 0
1678654752046 4.3541290340945125 0
1678654756696 4.466451767832041 0
1678654761322 4.450920942239463 0
1678654820161 4.208391547668725 0
1678654824572 4.23705018311739 0
1678654829308 4.549599817022681 0
1678654833850 4.358420463744551 0
1678654838625 4.56460650684312 0
1678654843367 4.545336112845689 0
1678654848124 4.550679929088801 0
1678654852620 4.299333516974002 0
1678654857329 4.493413800839335 0
1678654861885 4.3778570727445185 0
1678654920879 4.159442503936589 0
1678654925431 4.378388491924852 0
1678654930039 4.413347694091499 0
1678654934589 4.360632562078536 0
1678654939189 4.407870099879801 0
1678654944002 4.595228356309235 0
1678654948894 4.6880123489536345 0
1678654953581 4.48774255393073 0
1678654958372 4.6080337120220065 0
1678654962803 4.228894506115466 0
1678655022141 4.18682202603668 0
1678655026716 4.365871174726635 0
1678655031246 4.348958174698055 0
1678655035937 4.488554120995104 0
1678655040735 4.596481502987444 0
1678655045520 4.5910781510174274 0
1678655050323 4.589471986051649 0
1678655054994 4.458249408286065 0
1678655059696 4.51515009207651 0
1678655064274 4.392196650151163 0
1678655123603 4.138340005651116 0
1678655128042 4.262938627973199 0
1678655132742 4.508419463876635 0
1678655137300 4.365239719394594 0
1678655142070 4.582832831889391 0
1678655146797 4.536131319589913 0
1678655151434 4.446907808072865 0
1678655156017 4.40479631582275 0
1678655160541 4.30243556201458 0
1678655165002 4.270259690005332 0
