1678653226296 0.8781602193116053 0
1678653230294 0.9671032592141334 0
1678653234325 0.9792872372829728 0
1678653238332 0.9680170575692963 0
1678653242461 0.9905574169966495 0
1678653246382 0.9939080109655802 0
1678653250172 0.9936034115138592 0
1678653254062 0.9856838257691136 0
1678653258334 0.9838562290587877 0
1678653262446 0.9951264087724642 0
1678653323794 0.8946880790611489 0
1678653327841 0.9802347127856702 0
1678653331836 0.993514515132798 0
1678653335644 0.9910438542310068 0
1678653339491 0.9987646695491044 0
1678653343310 0.9962940086473132 0
1678653347158 0.9830142063001853 0
1678653351100 0.9811612106238419 0
1678653354943 0.9981470043236566 0
1678653358858 0.9984558369363805 0
1678653415097 0.804200123533045 0
1678653419395 0.9749845583693638 0
1678653423759 0.9771463866584311 0
1678653428224 0.993823347745522 0
1678653432674 0.9953675108091414 0
1678653437358 0.9956763434218654 0
1678653442029 0.9854848672019765 0
1678653446713 0.983940704138357 0
1678653451452 0.9972205064854849 0
1678653456004 0.9981470043236566 0
1678653515987 0.7862878319950587 0
1678653520391 0.9595429277331686 0
1678653524708 0.9867201976528721 0
1678653529163 0.9873378628783199 0
1678653533703 0.9919703520691785 0
1678653538216 0.9845583693638048 0
1678653542800 0.9919703520691785 0
1678653547520 0.9978381717109327 0
1678653552025 0.9944410129709698 0
1678653556438 0.9953675108091414 0
1678653616346 0.6050030883261273 0
1678653620836 0.9172328597899938 0
1678653625194 0.967881408276714 0
1678653629586 0.9799258801729462 0
1678653634034 0.9774552192711551 0
1678653638478 0.9771463866584311 0
1678653642983 0.993823347745522 0
1678653647593 0.9947498455836936 0
1678653652103 0.9947498455836936 0
1678653656445 0.9962940086473132 0
1678653715763 0.458307597282273 0
1678653720090 0.8499073502161828 0
1678653724582 0.9453366275478691 0
1678653729078 0.9749845583693638 0
1678653733644 0.9737492279184682 0
1678653738066 0.9947498455836936 0
1678653742722 0.9771463866584311 0
1678653747356 0.993514515132798 0
1678653752000 0.983940704138357 0
1678653756242 0.9799258801729462 0
1678653816317 0.3252007411982705 0
1678653820800 0.7297714638665843 0
1678653825138 0.8925262507720816 0
1678653829560 0.9286596664607782 0
1678653834213 0.9555281037677579 0
1678653838852 0.9830142063001853 0
1678653843465 0.9749845583693638 0
1678653848067 0.9864113650401483 0
1678653852612 0.9796170475602224 0
1678653857129 0.9882643607164917 0
1678653916272 0.29030265596046945 0
1678653920614 0.7557134033353922 0
1678653925101 0.9008647313156269 0
1678653929493 0.9456454601605929 0
1678653934235 0.9737492279184682 0
1678653938937 0.9718962322421247 0
1678653943418 0.9830142063001853 0
1678653948010 0.9861025324274243 0
1678653952439 0.9870290302655961 0
1678653956866 0.9845583693638048 0
1678654016744 0.2940086473131563 0
1678654021197 0.7603458925262507 0
1678654025648 0.9277331686226066 0
1678654030282 0.9623224212476837 0
1678654034900 0.9712785670166769 0
1678654039427 0.9789993823347746 0
1678654044060 0.9749845583693638 0
1678654048737 0.990117356392835 0
1678654053331 0.9962940086473132 0
1678654057928 0.9978381717109327 0
1678654117567 0.27640518838789374 0
1678654121947 0.6667696108709079 0
1678654126195 0.8844966028412601 0
1678654130794 0.9512044471896233 0
1678654135492 0.9783817171093268 0
1678654140018 0.9827053736874614 0
1678654144597 0.9817788758492897 0
1678654149316 0.9672637430512662 0
1678654154009 0.9783817171093268 0
1678654158862 0.9879555281037677 0
1678654217818 0.22544780728844965 0
1678654222124 0.6720197652872143 0
1678654226728 0.8882025941939469 0
1678654231219 0.9589252625077208 0
1678654235991 0.9796170475602224 0
1678654240606 0.9576899320568252 0
1678654245359 0.9734403953057443 0
1678654249882 0.9789993823347746 0
1678654254348 0.9768375540457073 0
1678654258903 0.9910438542310068 0
1678654318135 0.22483014206300186 0
1678654322523 0.6843730697961705 0
1678654327066 0.8885114268066708 0
1678654331630 0.9570722668313774 0
1678654336391 0.9691167387276096 0
1678654341160 0.9768375540457073 0
1678654345855 0.9848672019765288 0
1678654350498 0.9691167387276096 0
1678654355255 0.9879555281037677 0
1678654359861 0.9910438542310068 0
1678654419239 0.27424336009882644 0
1678654423694 0.7344039530574429 0
1678654428264 0.9163063619518221 0
1678654432707 0.964484249536751 0
1678654437218 0.9823965410747375 0
1678654441831 0.9684990735021618 0
1678654446515 0.9793082149474984 0
1678654450854 0.9876466954910439 0
1678654455583 0.9709697344039531 0
1678654460267 0.9916615194564546 0
1678654519574 0.27455219271155035 0
1678654524017 0.6930203829524397 0
1678654528612 0.9011735639283508 0
1678654533225 0.958616429894997 0
1678654537744 0.974366893143916 0
1678654542323 0.9873378628783199 0
1678654546939 0.9833230389129092 0
1678654551441 0.9870290302655961 0
1678654556008 0.9864113650401483 0
1678654560694 0.9864113650401483 0
1678654619384 0.2736256948733786 0
1678654623776 0.7742433600988264 0
1678654628187 0.9363804817788759 0
1678654632865 0.9688079061148858 0
1678654637376 0.9663372452130945 0
1678654642080 0.9861025324274243 0
1678654646812 0.9885731933292156 0
1678654651300 0.993823347745522 0
1678654655859 0.9734403953057443 0
1678654660573 0.9817788758492897 0
1678654720009 0.29771463866584313 0
1678654724264 0.7751698579369981 0
1678654729090 0.9332921556516368 0
1678654733687 0.9709697344039531 0
1678654738341 0.9870290302655961 0
1678654742980 0.990117356392835 0
1678654747508 0.9867201976528721 0
1678654752028 0.9876466954910439 0
1678654756673 0.9879555281037677 0
1678654761293 0.990117356392835 0
1678654820127 0.31006794317479924 0
1678654824556 0.8060531192093885 0
1678654829289 0.9345274861025324 0
1678654833829 0.9789993823347746 0
1678654838599 0.9845583693638048 0
1678654843344 0.9953675108091414 0
1678654848103 0.9947498455836936 0
1678654852600 0.9932056825200741 0
1678654857308 0.9907350216182829 0
1678654861864 0.9641754169240272 0
1678654920859 0.3715256331068561 0
1678654925409 0.8421865348980853 0
1678654930019 0.9607782581840643 0
1678654934564 0.9765287214329833 0
1678654939167 0.9823965410747375 0
1678654943976 0.9910438542310068 0
1678654948871 0.9898085237801112 0
1678654953561 0.9922791846819025 0
1678654958347 0.9802347127856702 0
1678654962772 0.9759110562075355 0
1678655022120 0.3150092649783817 0
1678655026682 0.8267449042618901 0
1678655031214 0.9468807906114886 0
1678655035908 0.9830142063001853 0
1678655040712 0.9848672019765288 0
1678655045498 0.9885731933292156 0
1678655050301 0.9864113650401483 0
1678655054968 0.9688079061148858 0
1678655059677 0.9894996911673872 0
1678655064252 0.9888820259419395 0
1678655123583 0.35145151327980234 0
1678655128023 0.807597282273008 0
1678655132722 0.9468807906114886 0
1678655137283 0.9756022235948116 0
1678655142047 0.9817788758492897 0
1678655146772 0.9907350216182829 0
1678655151414 0.9740580605311921 0
1678655155992 0.9864113650401483 0
1678655160513 0.9811612106238419 0
1678655164983 0.9922791846819025 0
