1679437459200 0.34762437173889743 0
1679437467775 0.1169600090632836 0
1679437476686 0.0924208136378891 0
1679437485281 0.07055375089791292 0
1679437493846 0.05113516671505446 0
1679437502582 0.04648786418321025 0
1679437511454 0.05005947309546173 0
1679437519847 0.04108380919537417 0
1679437528235 0.03350977335196351 0
1679437537029 0.06395113206623743 0
1679437559889 0.5303527361299428 0
1679437568807 0.04528830726372285 0
1679437577747 0.03780173775481267 0
1679437586442 0.03302574269732254 0
1679437595087 0.014058258987238838 0
1679437603854 0.03714823877542383 0
1679437612798 0.01956603997386992 0
1679437621654 0.021363946764419477 0
1679437630728 0.034351405309927134 0
1679437639880 0.0065940072035623925 0
1679437661402 0.8594820166627566 0
1679437670347 0.07388833967140979 0
1679437679238 0.02267929703100688 0
1679437688377 0.04002054520727446 0
1679437697399 0.01946352952832563 0
1679437706388 0.014351650798279379 0
1679437715400 0.010577360649282734 0
1679437724395 0.004945312916404671 0
1679437733345 0.0039047016917417446 0
1679437742157 0.007660867969712449 0
1679437763106 0.6988588769299289 0
1679437772066 0.07839206931853873 0
1679437780533 0.03899090015588121 0
1679437789394 0.023192042756515246 0
1679437798237 0.02702311719767749 0
1679437807225 0.03201098988194846 0
1679437816213 0.015512542633546723 0
1679437825252 0.005653251174630391 0
1679437834458 0.008361034529904525 0
1679437843512 0.006261308962065313 0
1679437865271 0.8898769028898742 0
1679437874293 0.1505370410469671 0
1679437883470 0.09989926171902981 0
1679437892259 0.08924923547440106 0
1679437901245 0.05223172833470421 0
1679437910058 0.030006855198492607 0
1679437919082 0.03144663332754539 0
1679437927874 0.026178991530711453 0
1679437936696 0.020088821230456234 0
1679437946243 0.026792144459775753 0
1679437968238 0.8269226605693499 0
1679437977124 0.07759625110516531 0
1679437986134 0.06576229809110777 0
1679437995048 0.06277028695783682 0
1679438004117 0.052162531716749075 0
1679438013168 0.0437314770080977 0
1679438022162 0.018943614256568254 0
1679438031091 0.00868783827043242 0
1679438039885 0.021217547468323675 0
1679438048730 0.012239812035113573 0
1679438070856 0.7473210153583851 0
1679438080301 0.06502716682540874 0
1679438089105 0.046466331789270045 0
1679438098086 0.05523753564597832 0
1679438107159 0.028255500212415224 0
1679438116177 0.017137778925502466 0
1679438125163 0.025111885324844884 0
1679438133910 0.02216782596014026 0
1679438143047 0.022205064544040296 0
1679438152481 0.015271883964952495 0
1679438174682 0.8761403814165128 0
1679438183723 0.09335817239868144 0
1679438192428 0.07263689597085532 0
1679438201293 0.052302469132054184 0
1679438210284 0.06227942114540686 0
1679438219226 0.03694504988897178 0
1679438228021 0.020348146389652457 0
1679438236971 0.015361463707975215 0
1679438245905 0.031748383280096784 0
1679438254972 0.029635662668281132 0
1679438277398 0.6866023095635077 0
1679438286381 0.11979725872062974 0
1679438295400 0.0826495333109051 0
1679438304395 0.06684603322711256 0
1679438313288 0.05202234934808479 0
1679438322330 0.050777977146208284 0
1679438331727 0.03042245175844679 0
1679438341125 0.02426265053347581 0
1679438350073 0.0235125753769858 0
1679438359184 0.011711042674465311 0
1679438382208 0.9307684179447178 0
1679438391189 0.08670945858272414 0
1679438399927 0.07128677032887935 0
1679438408895 0.05352048652453555 0
1679438418052 0.04153527512422039 0
1679438426893 0.04236339019197557 0
1679438436053 0.033149789154736535 0
1679438445164 0.01800150994418396 0
1679438454142 0.012996822766338786 0
1679438463247 0.026700530242588786 0
1679438484388 0.5408248376411696 0
1679438493353 0.11022499818354844 0
1679438502480 0.08666249794057673 0
1679438511492 0.06869211348498033 0
1679438520483 0.0895695832480366 0
1679438529417 0.049527531303465364 0
1679438538545 0.04069516097402407 0
1679438547281 0.03039103728822536 0
1679438556418 0.0299968167518576 0
1679438565411 0.02231377102434635 0
1679438589088 0.8706469801771972 0
1679438597926 0.06266068797558547 0
1679438606964 0.05255786391595999 0
1679438615885 0.028022757126018406 0
1679438625240 0.017336820071149204 0
1679438634853 0.0211655440636807 0
1679438643913 0.02232676414358947 0
1679438652930 0.01891222863147656 0
1679438662292 0.017292524532725412 0
1679438671304 0.022625361729620232 0
1679438694586 0.8537446204572916 0
1679438703876 0.07904830168311795 0
1679438712885 0.046078823713792696 0
1679438721947 0.03675896070587138 0
1679438731171 0.016473426550833715 0
1679438740112 0.015478334224058522 0
1679438749220 0.018823867798265483 0
1679438758437 0.011561934380895561 0
1679438767489 0.010075086965743038 0
1679438776610 0.006992667954829004 0
1679438799996 0.8264397783722315 0
1679438809252 0.07604614602298372 0
1679438818266 0.047216810167042746 0
1679438827515 0.05316874184387012 0
1679438836690 0.02811918579197178 0
1679438845870 0.020531198535011046 0
1679438855277 0.028445802427207432 0
1679438864682 0.010769384494051338 0
1679438874183 0.008952871451361312 0
1679438883225 0.018112928487567438 0
1679438907680 1.084393154250251 0
1679438916601 0.07720924182794989 0
1679438925557 0.028960749553516508 0
1679438934736 0.01517969680329164 0
1679438943697 0.00868392185204559 0
1679438952565 0.020581113785091372 0
1679438961639 0.014990082822947039 0
1679438970618 0.02093164615540041 0
1679438979791 0.008020464620656437 0
1679438988598 0.007097158777630992 0
1679439012898 0.7026802050156726 0
1679439021927 0.11012615490083894 0
1679439031038 0.06697610317108532 0
1679439040126 0.054682928328919744 0
1679439049232 0.03368271444924176 0
1679439058272 0.032582535775792267 0
1679439067221 0.018964889738708735 0
1679439076147 0.014318459170560042 0
1679439085174 0.011177888595395619 0
1679439094106 0.013901211471400327 0
1679439117539 0.9322774339260327 0
1679439126469 0.1428264298476279 0
1679439135388 0.08182185391585033 0
1679439144398 0.07848968926506737 0
1679439153351 0.04745010158771442 0
1679439162239 0.047331758003888856 0
1679439171235 0.03968778423861497 0
1679439180101 0.027870099629378982 0
1679439189303 0.01648643726689948 0
1679439198414 0.008853526904972063 0
1679439223729 0.6455843255441222 0
1679439232714 0.04371635364885959 0
1679439241839 0.015833461561447215 0
1679439251185 0.018138981341487833 0
1679439260329 0.013607097254134715 0
1679439269395 0.008720329766058259 0
1679439279198 0.006454798768067526 0
1679439288531 0.004300388047057721 0
1679439298481 0.0040459822527029446 0
1679439308341 0.0033446265953696436 0
1679439334417 0.7867551415848235 0
1679439343912 0.08659490279646384 0
1679439353274 0.029583623451698158 0
1679439362371 0.026500966580998566 0
1679439371430 0.013251611693865724 0
1679439380914 0.011957236513909366 0
1679439390158 0.03138842837264141 0
1679439399553 0.010489322788392505 0
1679439408883 0.012066283397790459 0
1679439417968 0.011818845528695318 0
1679439444417 0.853232329338789 0
1679439453841 0.04637681900834044 0
1679439463141 0.022056568269100456 0
1679439472496 0.02050204170971281 0
1679439481638 0.024663158133625983 0
1679439490638 0.006947168330144551 0
1679439499942 0.004900268780895405 0
1679439509336 0.004329142719507217 0
1679439518483 0.004132315557863977 0
1679439527658 0.0038835220866733126 0
