1679437459205 8.994731097947806 0
1679437467781 8.327381953014992 0
1679437476690 8.684781142976135 0
1679437485289 8.363048447994515 0
1679437493853 8.321398094063625 0
1679437502586 8.525054694968276 0
1679437511462 8.640762557042763 0
1679437519853 8.14779725309927 0
1679437528241 8.161048667039722 0
1679437537036 8.575653081061319 0
1679437559897 8.4505279060686 0
1679437568811 8.66560999606736 0
1679437577754 8.701636584941298 0
1679437586450 8.429967629024759 0
1679437595093 8.376014558016323 0
1679437603861 8.51879679702688 0
1679437612803 8.597826626035385 0
1679437621661 8.58219706302043 0
1679437630736 8.793527561007068 0
1679437639887 8.887633890029974 0
1679437661410 8.69393702794332 0
1679437670358 8.673872425919399 0
1679437679246 8.621555535006337 0
1679437688384 8.857005598023534 0
1679437697406 8.75299015804194 0
1679437706396 8.695309913018718 0
1679437715405 8.71351978497114 0
1679437724403 8.643736148020253 0
1679437733351 8.610328520997427 0
1679437742164 8.5339183480246 0
1679437763113 8.664350552950054 0
1679437772073 8.677108367090113 0
1679437780542 8.204534510034136 0
1679437789402 8.59747869509738 0
1679437798243 8.585278509999625 0
1679437807231 8.745509679079987 0
1679437816219 8.734238237026148 0
1679437825259 8.749282381031662 0
1679437834468 8.913480410003103 0
1679437843518 8.793831974035129 0
1679437865277 8.659963710000739 0
1679437874301 8.761808245093562 0
1679437883476 8.906921411980875 0
1679437892272 8.506922414060682 0
1679437901253 8.703172207111493 0
1679437910065 8.543821189901792 0
1679437919094 8.743928148061968 0
1679437927885 8.509537886013277 0
1679437936706 8.563350897980854 0
1679437946250 9.236556094954722 0
1679437968250 8.658685749047436 0
1679437977132 8.59718221006915 0
1679437986141 8.722248264006339 0
1679437995057 8.634223956963979 0
1679438004125 8.81171667901799 0
1679438013176 8.750373970950022 0
1679438022169 8.62680114095565 0
1679438031098 8.643787170061842 0
1679438039893 8.52359072107356 0
1679438048737 8.572727587074041 0
1679438070862 8.916966281016357 0
1679438080308 9.168920236988924 0
1679438089111 8.534510808065534 0
1679438098092 8.719395586987957 0
1679438107164 8.806126657058485 0
1679438116186 8.765822688001208 0
1679438125171 8.672997230896726 0
1679438133918 8.466877840925008 0
1679438143053 8.896384385996498 0
1679438152487 9.163158748997375 0
1679438174696 8.834716236102395 0
1679438183731 8.758539743022993 0
1679438192437 8.421031058998778 0
1679438201299 8.520609825034626 0
1679438210289 8.731299267034046 0
1679438219233 8.654849735088646 0
1679438228032 8.516517893061973 0
1679438236981 8.655643371981569 0
1679438245920 8.649243620922789 0
1679438254984 8.759857301949523 0
1679438277406 8.540349578950554 0
1679438286392 8.697028373018838 0
1679438295408 8.736268972046673 0
1679438304403 8.736207853071392 0
1679438313296 8.609175088000484 0
1679438322344 8.766805600957014 0
1679438331735 9.129772812942974 0
1679438341133 9.110968069988303 0
1679438350087 8.670388897066005 0
1679438359192 8.85277995094657 0
1679438382218 8.68275384302251 0
1679438391204 8.684728204039857 0
1679438399940 8.467311805929057 0
1679438408901 8.687525775982067 0
1679438418059 8.850998206064105 0
1679438426901 8.547237769933417 0
1679438436060 8.89142980799079 0
1679438445170 8.83506334410049 0
1679438454150 8.67836219293531 0
1679438463257 8.832963819964789 0
1679438484396 9.047455947031267 0
1679438493359 8.667001868016087 0
1679438502488 8.850769908982329 0
1679438511498 8.726401845924556 0
1679438520490 8.69291482202243 0
1679438529424 8.6182347900467 0
1679438538551 8.862759490963072 0
1679438547288 8.458999722963199 0
1679438556427 8.851504046935588 0
1679438565421 8.682599982013926 0
1679438589096 8.667907405993901 0
1679438597933 8.560123731032945 0
1679438606972 8.725471662939526 0
1679438615896 8.62610307498835 0
1679438625248 9.060526889981702 0
1679438634860 9.339172729058191 0
1679438643922 8.773002529982477 0
1679438652943 8.72447976609692 0
1679438662298 9.044144030078314 0
1679438671313 8.724922068999149 0
1679438694593 9.044451834983192 0
1679438703883 9.012224951991811 0
1679438712893 8.730278347968124 0
1679438721956 8.783592783031054 0
1679438731189 8.93779454100877 0
1679438740121 8.652309749973938 0
1679438749228 8.803197799017653 0
1679438758444 8.946285965037532 0
1679438767497 8.78185761300847 0
1679438776617 8.836609487072565 0
1679438800004 8.75903912098147 0
1679438809260 8.950573302106932 0
1679438818274 8.719275208073668 0
1679438827523 8.942671963013709 0
1679438836698 8.878617238951847 0
1679438845879 8.866945595946163 0
1679438855284 9.118597088963725 0
1679438864691 9.092543767997995 0
1679438874192 9.139792255009525 0
1679438883234 8.759452608064748 0
1679438907688 8.773249891004525 0
1679438916610 8.612941093975678 0
1679438925566 8.664493527030572 0
1679438934747 8.825902424985543 0
1679438943704 8.631313179968856 0
1679438952574 8.557409969042055 0
1679438961652 8.736398535897024 0
1679438970628 8.688094917917624 0
1679438979800 8.87893681100104 0
1679438988608 8.504796562949196 0
1679439012906 8.825623552082106 0
1679439021934 8.727197614964098 0
1679439031049 8.797660258947872 0
1679439040134 8.772672618972138 0
1679439049241 8.833086829981767 0
1679439058289 8.730567023041658 0
1679439067235 8.648898393032141 0
1679439076156 8.622435045079328 0
1679439085182 8.74321510293521 0
1679439094115 8.623306965921074 0
1679439117547 9.236393971019424 0
1679439126477 8.604703845921904 0
1679439135396 8.64175329497084 0
1679439144406 8.706951235071756 0
1679439153358 8.658735081087798 0
1679439162247 8.582161018974148 0
1679439171242 8.71933268290013 0
1679439180114 8.561044988920912 0
1679439189314 8.888696824898943 0
1679439198421 8.819245966034941 0
1679439223741 8.88605692901183 0
1679439232725 8.681628647027537 0
1679439241847 8.827573796035722 0
1679439251196 9.032038484001532 0
1679439260337 8.83050020202063 0
1679439269414 8.736539168050513 0
1679439279206 9.40882568701636 0
1679439288545 9.0425403569825 0
1679439298490 9.620122038992122 0
1679439308361 9.536758851958439 0
1679439334430 8.9562853788957 0
1679439343920 9.171338746091351 0
1679439353283 9.016171779949218 0
1679439362379 8.76462714606896 0
1679439371438 8.737156325951219 0
1679439380925 9.15647748298943 0
1679439390166 8.93878470105119 0
1679439399565 8.995418795966543 0
1679439408897 9.022886294987984 0
1679439417982 8.744734150008298 0
1679439444426 9.151417237939313 0
1679439453851 9.069314046064392 0
1679439463150 9.022728378069587 0
1679439472504 9.047742230002768 0
1679439481646 8.848904002108611 0
1679439490646 8.675332529935986 0
1679439499951 9.012698195991106 0
1679439509345 9.046799040050246 0
1679439518491 8.86316047294531 0
1679439527668 8.883770111948252 0
