1679974606778 0.7758204403423494 0
1679974611029 0.1545846374525178 0
1679974615049 0.05075062461377632 0
1679974619184 0.02120029975870444 0
1679974623319 0.012398282276286234 0
1679974627429 0.008995023619894299 0
1679974631632 0.006361443750304921 0
1679974635698 0.005411711784320012 0
1679974639877 0.0043068982946175725 0
1679974643973 0.0038307151332828064 0
1679974671077 1.2226820828453187 0
1679974675607 0.3251666860474694 0
1679974680051 0.11442841986013998 0
1679974684562 0.05103600989546506 0
1679974689031 0.025046681880109733 0
1679974693591 0.01655734991354327 0
1679974698118 0.012899328019439934 0
1679974702661 0.012215091024465378 0
1679974707177 0.00735520446417673 0
1679974711745 0.006471794889113235 0
1679974738097 1.5229074397394735 0
1679974742787 0.45155747523230894 0
1679974747499 0.15719866584385594 0
1679974752214 0.06395609911170698 0
1679974756807 0.03149142618020696 0
1679974761582 0.023953834428421913 0
1679974766282 0.01757855890619178 0
1679974770977 0.011667407027656031 0
1679974775593 0.007639028135717155 0
1679974780268 0.006904284400309647 0
1679974808321 1.6448137010297468 0
1679974813190 0.49934572534215066 0
1679974817948 0.18697676062583923 0
1679974822676 0.07534891937769228 0
1679974827546 0.03163080829225721 0
1679974832377 0.018133525323543336 0
1679974837208 0.0153947917729496 0
1679974842045 0.010521985556659919 0
1679974846877 0.009299960257785936 0
1679974851689 0.008683474062220944 0
1679974881629 1.7509499278760725 0
1679974886504 0.5867865508602511 0
1679974891471 0.19472704719631903 0
1679974896336 0.06935583433556941 0
1679974901345 0.034954399711662726 0
1679974906320 0.022616003835273367 0
1679974911283 0.015149481925031832 0
1679974916156 0.013873179856267187 0
1679974921085 0.0111800903048847 0
1679974926020 0.008352974080480635 0
1679974957432 1.8277460096343872 0
1679974962521 0.606646012394659 0
1679974967536 0.1934805519638523 0
1679974972708 0.06184239310002135 0
1679974977854 0.03271848217193638 0
1679974982928 0.02025771863578308 0
1679974987968 0.014591020193972414 0
1679974993036 0.012831242311926137 0
1679974998085 0.009594391794845222 0
1679975003288 0.01070502458230382 0
1679975036778 1.872616938044948 0
1679975042075 0.6260943552178722 0
1679975047232 0.21194523596955883 0
1679975052387 0.07763622457822485 0
1679975057531 0.03721685534823806 0
1679975062599 0.023154823950702143 0
1679975067830 0.015097111095524123 0
1679975073117 0.011899408418685198 0
1679975078409 0.010144637154054737 0
1679975083497 0.008020989912291688 0
1679975118817 1.8830805891944515 0
1679975124115 0.6478512373662764 0
1679975129458 0.21206417619701354 0
1679975134611 0.07357266941858877 0
1679975139807 0.04442437069730893 0
1679975145238 0.024291167779254816 0
1679975150503 0.014561919255122062 0
1679975155761 0.012323105497465979 0
1679975161016 0.010527478290661689 0
1679975166311 0.007808311433050661 0
1679975203549 1.9142014672679286 0
1679975208959 0.5952195597271766 0
1679975214486 0.19643315576737927 0
1679975220093 0.06407384162828807 0
1679975225578 0.03276786944198032 0
1679975231175 0.021387785147394863 0
1679975236755 0.01437358635537807 0
1679975242156 0.013194266977089067 0
1679975247722 0.010157075612955997 0
1679975253195 0.007356064172551757 0
1679975292460 1.9271053998701033 0
1679975297979 0.6066039872746314 0
1679975303633 0.18189102002689916 0
1679975309205 0.0747218941368403 0
1679975314759 0.03205687189174275 0
1679975320320 0.021614509169012308 0
1679975325879 0.01666161380407791 0
1679975331377 0.01213091253603418 0
1679975336942 0.009802649428527202 0
1679975342503 0.008176733927440739 0
1679975383631 1.9259506992755397 0
1679975389467 0.6187332137938468 0
1679975395126 0.19397622130570874 0
1679975400914 0.07476371340453625 0
1679975406765 0.037081942322754094 0
1679975412540 0.026997831845355612 0
1679975418325 0.018990506147665363 0
1679975423875 0.011246033891614887 0
1679975429576 0.011240021517169812 0
1679975435262 0.007834178493207982 0
1679975478203 1.9269376397132874 0
1679975484113 0.6323385296329376 0
1679975489769 0.18840099714936748 0
1679975495676 0.07053135987371206 0
1679975501526 0.03558507240227153 0
1679975507481 0.02140236751086289 0
1679975513481 0.015458023626237147 0
1679975519379 0.01253515412850726 0
1679975525220 0.010153212456873829 0
1679975531119 0.009289257040607833 0
1679975576427 1.9267156566343 0
1679975582354 0.6327553554888694 0
1679975588402 0.20020484635906835 0
1679975594601 0.07021999320075396 0
1679975600625 0.032368574381595655 0
1679975606589 0.024584902007313024 0
1679975612610 0.016981991037966743 0
1679975618691 0.012518519407979423 0
1679975624806 0.011794656308578146 0
1679975630849 0.008986324454928118 0
1679975678501 1.9422916866117907 0
1679975684620 0.6401957340778843 0
1679975690585 0.20109427431898733 0
1679975696647 0.06912303694914426 0
1679975702851 0.03469874745895786 0
1679975709074 0.02170784361360054 0
1679975715153 0.016707069278063792 0
1679975721110 0.014731069737594695 0
1679975727315 0.010409818827024391 0
1679975733424 0.009450957494517487 0
1679975782723 1.9138252273682625 0
1679975788965 0.6322451118500002 0
1679975795251 0.188565120461487 0
1679975801617 0.07130528668001775 0
1679975807793 0.03385967295616865 0
1679975814003 0.025734324909506306 0
1679975820272 0.017706931996790153 0
1679975826470 0.011658051501839392 0
1679975832761 0.011465440924850202 0
1679975838945 0.010870070617285467 0
1679975890714 1.924093593512812 0
1679975896973 0.6152453485035128 0
1679975903297 0.19381634242111637 0
1679975909628 0.06673243840134913 0
1679975916514 0.03559531457722187 0
1679975922926 0.02093582295422112 0
1679975929327 0.014062224654480815 0
1679975935580 0.011591052561397515 0
1679975941915 0.010668519583921279 0
1679975948520 0.00822320818946126 0
