1679974606788 3.967985549941659 0
1679974611039 3.9714817272033542 0
1679974615061 3.729304027976468 0
1679974619191 3.84377224300988 0
1679974623329 3.847425376996398 0
1679974627435 3.8278127189259976 0
1679974631638 3.914210028015077 0
1679974635704 3.7805535800289363 0
1679974639885 3.8884616359137 0
1679974643984 3.8071615220978856 0
1679974671087 4.27010800386779 0
1679974675614 4.185220332816243 0
1679974680058 4.11096322000958 0
1679974684570 4.184597963001579 0
1679974689040 4.13957998692058 0
1679974693599 4.22805469087325 0
1679974698129 4.190880217822269 0
1679974702671 4.198912375140935 0
1679974707192 4.173538432922214 0
1679974711754 4.207757582888007 0
1679974738104 4.344507562927902 0
1679974742800 4.3228801428340375 0
1679974747507 4.352050954010338 0
1679974752226 4.3494498308282346 0
1679974756815 4.223169676959515 0
1679974761601 4.401690746191889 0
1679974766288 4.334245944162831 0
1679974770988 4.336487416177988 0
1679974775603 4.2575930641032755 0
1679974780276 4.305364466039464 0
1679974808330 4.453615990001708 0
1679974813198 4.478111733915284 0
1679974817957 4.374832786852494 0
1679974822683 4.347157947951928 0
1679974827552 4.478247395018116 0
1679974832384 4.441989433020353 0
1679974837217 4.4563207109458745 0
1679974842053 4.454969004029408 0
1679974846885 4.438923122128472 0
1679974851697 4.41392992483452 0
1679974881642 4.719588726060465 0
1679974886511 4.443199753994122 0
1679974891477 4.554699520114809 0
1679974896345 4.459574930137023 0
1679974901353 4.599735853029415 0
1679974906331 4.5499558539595455 0
1679974911295 4.549066039035097 0
1679974916167 4.4554502591490746 0
1679974921095 4.51538884988986 0
1679974926030 4.506463538855314 0
1679974957440 4.663357195910066 0
1679974962534 4.633283850969747 0
1679974967553 4.5647067001555115 0
1679974972717 4.71392217092216 0
1679974977862 4.699122402118519 0
1679974982934 4.633305378025398 0
1679974987975 4.594448650022969 0
1679974993043 4.627793953055516 0
1679974998102 4.599191532004625 0
1679975003296 4.763403650838882 0
1679975036787 4.7677132750395685 0
1679975042082 4.83019446907565 0
1679975047239 4.708612274844199 0
1679975052401 4.70772112114355 0
1679975057550 4.663648741086945 0
1679975062612 4.576876600040123 0
1679975067836 4.75309634511359 0
1679975073125 4.826171724824235 0
1679975078416 4.8226963200140744 0
1679975083505 4.625825135037303 0
1679975118826 4.765051569789648 0
1679975124125 4.806366759818047 0
1679975129469 4.845857484964654 0
1679975134622 4.6403313770424575 0
1679975139819 4.692217549076304 0
1679975145254 4.926372432149947 0
1679975150514 4.758292818209156 0
1679975155772 4.756947558140382 0
1679975161024 4.763380198040977 0
1679975166324 4.785096339182928 0
1679975203557 5.028587715933099 0
1679975208967 4.88838930404745 0
1679975214495 4.986938868882135 0
1679975220101 5.086566225159913 0
1679975225587 4.968693878035992 0
1679975231188 5.078660806175321 0
1679975236762 5.063989151036367 0
1679975242164 4.901099472073838 0
1679975247729 5.053105738013983 0
1679975253209 4.955433160997927 0
1679975292467 5.14706963300705 0
1679975297994 4.966300324071199 0
1679975303641 5.10380327119492 0
1679975309216 5.014262018026784 0
1679975314779 4.986105531919748 0
1679975320327 4.999676060164347 0
1679975325899 5.016937564825639 0
1679975331384 4.950345108052716 0
1679975336959 5.017792313825339 0
1679975342523 5.0159155279397964 0
1679975383642 5.219831218011677 0
1679975389479 5.253113697050139 0
1679975395138 5.0810322819743305 0
1679975400932 5.207038596039638 0
1679975406778 5.273356976918876 0
1679975412549 5.203752350062132 0
1679975418340 5.195890282979235 0
1679975423885 4.944288440980017 0
1679975429589 5.114905375987291 0
1679975435276 5.105155861005187 0
1679975478221 5.124809582950547 0
1679975484123 5.288928227964789 0
1679975489788 5.055456746835262 0
1679975495688 5.277972272830084 0
1679975501538 5.231078827986494 0
1679975507492 5.338774036150426 0
1679975513495 5.386919150128961 0
1679975519390 5.275168670108542 0
1679975525229 5.212486514123157 0
1679975531136 5.30369579186663 0
1679975576435 5.412925504846498 0
1679975582363 5.271436728071421 0
1679975588410 5.424399673007429 0
1679975594623 5.563058808911592 0
1679975600638 5.382086141966283 0
1679975606597 5.338048876961693 0
1679975612618 5.397838529199362 0
1679975618702 5.452441236935556 0
1679975624814 5.49135212902911 0
1679975630857 5.422460831934586 0
1679975678509 5.531505397055298 0
1679975684629 5.461703039007261 0
1679975690594 5.315933134872466 0
1679975696657 5.404460112098604 0
1679975702870 5.538328306982294 0
1679975709089 5.567649309057742 0
1679975715162 5.404764338862151 0
1679975721118 5.303640902042389 0
1679975727337 5.551419623196125 0
1679975733432 5.434972394024953 0
1679975782743 5.578840630827472 0
1679975788986 5.526054550893605 0
1679975795262 5.57950918097049 0
1679975801632 5.682745466008782 0
1679975807810 5.490411983104423 0
1679975814015 5.494154667947441 0
1679975820283 5.57495283591561 0
1679975826480 5.515145075041801 0
1679975832784 5.590101354988292 0
1679975838954 5.487830454017967 0
1679975890722 5.576946473214775 0
1679975896982 5.544634788995609 0
1679975903306 5.611127089010552 0
1679975909637 5.623232319019735 0
1679975916536 6.159325004089624 0
1679975922937 5.6758650650735945 0
1679975929345 5.692438712110743 0
1679975935595 5.562160106142983 0
1679975941925 5.61422935500741 0
1679975948543 5.873220707057044 0
