1680273515189 0.13787129669705586 0
1680273520111 0.004817071659941106 0
1680273525198 0.001851239798387753 0
1680273530217 0.0025972263824622778 0
1680273535175 0.0008089183576239814 0
1680273540176 0.000942250075299413 0
1680273545223 0.0007245453770954027 0
1680273550229 0.0012052934157949376 0
1680273555207 0.00048013673010920626 0
1680273560177 0.0007006857110442774 0
1680273565742 0.11225314042155421 0
1680273571019 0.006458830310880477 0
1680273576181 0.003615033779022915 0
1680273581406 0.002791405744632826 0
1680273586585 0.001414011552227631 0
1680273591762 0.0009288683637174883 0
1680273596982 0.0016294027353128072 0
1680273602234 0.0011317609719445764 0
1680273607517 0.0006510417777228154 0
1680273612710 0.0014090508178220085 0
1680273618860 0.13671399616155652 0
1680273624209 0.0070011085875692864 0
1680273629651 0.0044276933228003705 0
1680273635007 0.002501834025972658 0
1680273640472 0.0009438431011550429 0
1680273645902 0.0009705431043731815 0
1680273651338 0.0007982287653806364 0
1680273656754 0.0008057228165383886 0
1680273662353 0.0005768057755279099 0
1680273667684 0.0007008722956426584 0
1680273674372 0.15082644699366704 0
1680273679945 0.005350594915780088 0
1680273685571 0.0021181239933338795 0
1680273691181 0.001425175797550999 0
1680273696744 0.001050073095792604 0
1680273702226 0.001274272026597417 0
1680273707819 0.000906518361936774 0
1680273713384 0.001722051943004537 0
1680273719105 0.0004742571807348154 0
1680273724720 0.0005120812501474809 0
1680273731663 0.1518016040077313 0
1680273737355 0.0045719518375042225 0
1680273743288 0.0022578341553115377 0
1680273748954 0.004624954809720117 0
1680273754618 0.0024889478224776533 0
1680273760442 0.0009152883977813256 0
1680273766222 0.0009067707719476593 0
1680273772056 0.0009255236814609698 0
1680273777773 0.0016889111578958335 0
1680273783543 0.00044068107514073245 0
1680273791060 0.16708644003336948 0
1680273797047 0.0194934573110884 0
1680273802984 0.006352632298066672 0
1680273809010 0.0035566986597616286 0
1680273815160 0.00540754868650824 0
1680273821130 0.0031547525457778737 0
1680273827210 0.002983223186850908 0
1680273833098 0.0025594147861533376 0
1680273839067 0.0006268117776339603 0
1680273845057 0.0010473948375053419 0
1680273853471 0.1807869262242269 0
1680273859507 0.023603261320761616 0
1680273865760 0.013291823257121348 0
1680273871984 0.005492687043677565 0
1680273878110 0.0030494096178200936 0
1680273884340 0.0015920885611370567 0
1680273890466 0.001104744129406754 0
1680273896479 0.0013487730875861035 0
1680273902568 0.0020181173205210436 0
1680273908702 0.0012349161031212838 0
1680273917750 0.18754213654826726 0
1680273923883 0.024196780474495985 0
1680273930008 0.008241271239615256 0
1680273936118 0.004935316252803821 0
1680273942399 0.003752536138269915 0
1680273948567 0.0021466890036883285 0
1680273954678 0.0009769663981475582 0
1680273960756 0.0010894600174299652 0
1680273966857 0.002344314353268278 0
1680273972967 0.0010275473596853008 0
1680273982301 0.21245473731429346 0
1680273988603 0.04314206293483655 0
1680273994932 0.015244204117240565 0
1680274001225 0.025528403239384774 0
1680274007476 0.0056823608916132685 0
1680274013858 0.002691097827459265 0
1680274020282 0.002859135415130896 0
1680274026622 0.002540637952587267 0
1680274033123 0.0012820563561915825 0
1680274039466 0.00143812018816994 0
1680274049467 0.2245728230224021 0
1680274055895 0.050276210332559725 0
1680274062207 0.018524388675653047 0
1680274068642 0.00952601797818657 0
1680274075135 0.007792283168753549 0
1680274081478 0.013300576218640461 0
1680274088079 0.004975252563458672 0
1680274094535 0.0061810948818381275 0
1680274100851 0.002155202228975888 0
1680274107267 0.0030799609869005037 0
1680274117655 0.23891496069488988 0
1680274124160 0.060526000564887876 0
1680274130599 0.03548378743336446 0
1680274137048 0.021137481953407967 0
1680274143483 0.012261060790831012 0
1680274149895 0.0041698914841793834 0
1680274156130 0.002907585062559754 0
1680274162628 0.020970600715842128 0
1680274169036 0.011719592712207457 0
1680274175443 0.007808184730463601 0
1680274185908 0.24723392064052244 0
1680274192442 0.0645137257243116 0
1680274198809 0.03243344416090798 0
1680274205181 0.020634483549773933 0
1680274211430 0.007191333585538932 0
1680274217846 0.007497588774816493 0
1680274224234 0.005901000168617635 0
1680274230754 0.004304751263736116 0
1680274237167 0.00274527298343826 0
1680274243675 0.0010453614133087198 0
1680274254284 0.22938763806896825 0
1680274260861 0.04936416782889395 0
1680274267353 0.028282420101365256 0
1680274273929 0.01433401521024925 0
1680274280354 0.008519159556711994 0
1680274286767 0.00491343247056413 0
1680274293096 0.01843534208925238 0
1680274299604 0.004089573077151492 0
1680274306025 0.005281731108205408 0
1680274312523 0.0026754556590364493 0
