1680273515197 6.132374319000519 0
1680273520123 4.580348810995929 0
1680273525211 4.743863556999713 0
1680273530229 4.669947817994398 0
1680273535181 4.6314243850065395 0
1680273540182 4.664325245001237 0
1680273545231 4.70604504700168 0
1680273550235 4.6760352319979575 0
1680273555214 4.644918121004594 0
1680273560194 4.630149515010999 0
1680273565752 4.788867477996973 0
1680273571024 4.887487182000768 0
1680273576189 4.7954466319934 0
1680273581424 4.834883634990547 0
1680273586594 4.786675109004136 0
1680273591770 4.784382049998385 0
1680273596997 4.828856363004888 0
1680273602247 4.851515590009512 0
1680273607526 4.872930234007072 0
1680273612722 4.811765124992235 0
1680273618877 5.055284834001213 0
1680273624221 4.904789092004648 0
1680273629667 4.997032119994401 0
1680273635015 4.906191686008242 0
1680273640479 5.045096943009412 0
1680273645913 5.000696465009241 0
1680273651348 4.990923940989887 0
1680273656768 4.973060099990107 0
1680273662362 5.143312668005819 0
1680273667700 4.8897936010034755 0
1680273674380 5.203490679996321 0
1680273679953 5.101350080003613 0
1680273685577 5.156748661000165 0
1680273691192 5.1281090609991224 0
1680273696752 5.094559215998743 0
1680273702244 5.0063413710013265 0
1680273707838 5.084196816998883 0
1680273713393 5.068317429002491 0
1680273719113 5.238108296995051 0
1680273724735 5.138528704002965 0
1680273731670 5.167718976998003 0
1680273737366 5.1914663430070505 0
1680273743300 5.4130608510022284 0
1680273748963 5.1405522619897965 0
1680273754634 5.157346506006434 0
1680273760455 5.283539248004672 0
1680273766236 5.236176097998396 0
1680273772067 5.299444848002167 0
1680273777783 5.189692657004343 0
1680273783555 5.24258901498979 0
1680273791070 5.3894381360005355 0
1680273797055 5.419114522999735 0
1680273802991 5.366243309996207 0
1680273809018 5.453342094013351 0
1680273815177 5.56545634799113 0
1680273821147 5.357459708000533 0
1680273827223 5.492123281001113 0
1680273833112 5.2930593750061234 0
1680273839075 5.387608980003279 0
1680273845064 5.420074954003212 0
1680273853477 5.484175388002768 0
1680273859523 5.40823509299662 0
1680273865777 5.617852864001179 0
1680273872001 5.588960713008419 0
1680273878121 5.492532934003975 0
1680273884358 5.602939238000545 0
1680273890486 5.487427236002986 0
1680273896490 5.375885583998752 0
1680273902576 5.471010995999677 0
1680273908710 5.514373464000528 0
1680273917757 5.62951692599745 0
1680273923899 5.5089219989895355 0
1680273930015 5.504937103003613 0
1680273936128 5.477800794003997 0
1680273942407 5.662417046012706 0
1680273948578 5.527030201003072 0
1680273954689 5.461156190009206 0
1680273960762 5.460232786994311 0
1680273966877 5.491067030001432 0
1680273972980 5.467760105006164 0
1680273982311 5.60844039201038 0
1680273988614 5.6160312769934535 0
1680273994940 5.63854342099512 0
1680274001236 5.605532916000811 0
1680274007494 5.564075036003487 0
1680274013873 5.694182576000458 0
1680274020293 5.730058328001178 0
1680274026631 5.6656412899901625 0
1680274033138 5.815855844994076 0
1680274039475 5.665547276992584 0
1680274049476 5.761325807005051 0
1680274055903 5.739808547994471 0
1680274062218 5.608353857998736 0
1680274068650 5.739507969003171 0
1680274075144 5.796620131004602 0
1680274081488 5.655253664997872 0
1680274088088 5.919088182999985 0
1680274094546 5.749480220008991 0
1680274100859 5.644320839986904 0
1680274107275 5.726872950006509 0
1680274117663 5.923795758004417 0
1680274124184 5.804050714999903 0
1680274130610 5.705293720006011 0
1680274137056 5.73639101999288 0
1680274143503 5.733964159007883 0
1680274149919 5.68296894300147 0
1680274156138 5.5023844560055295 0
1680274162639 5.797877616001642 0
1680274169052 5.690310033998685 0
1680274175456 5.690308265999192 0
1680274185929 5.7994033499999205 0
1680274192452 5.783638121996773 0
1680274198827 5.636267482012045 0
1680274205190 5.634308666994912 0
1680274211438 5.544048953001038 0
1680274217854 5.710126840000157 0
1680274224257 5.661011673990288 0
1680274230767 5.7789303500030655 0
1680274237175 5.697318544000154 0
1680274243690 5.800629563003895 0
1680274254299 5.771951439004624 0
1680274260875 5.822513973005698 0
1680274267362 5.77018837799551 0
1680274273937 5.842768258007709 0
1680274280363 5.709470460991724 0
1680274286779 5.66271610900003 0
1680274293104 5.601621179986978 0
1680274299619 5.757925436992082 0
1680274306033 5.69392419300857 0
1680274312539 5.788370227004634 0
