1680273515178 0.9420362903225806 0
1680273520092 0.998991935483871 0
1680273525179 1.0 0
1680273530197 1.0 0
1680273535164 1.0 0
1680273540167 1.0 0
1680273545209 1.0 0
1680273550218 1.0 0
1680273555196 1.0 0
1680273560157 1.0 0
1680273565723 0.9571572580645161 0
1680273571008 0.9994959677419355 0
1680273576168 0.998991935483871 0
1680273581398 1.0 0
1680273586579 0.9994959677419355 0
1680273591752 1.0 0
1680273596962 0.9994959677419355 0
1680273602223 1.0 0
1680273607502 1.0 0
1680273612702 0.9994959677419355 0
1680273618842 0.9400201612903226 0
1680273624191 0.9979838709677419 0
1680273629637 0.998991935483871 0
1680273634994 0.9994959677419355 0
1680273640461 1.0 0
1680273645887 1.0 0
1680273651319 1.0 0
1680273656737 1.0 0
1680273662340 1.0 0
1680273667668 1.0 0
1680273674360 0.9359879032258065 0
1680273679932 1.0 0
1680273685560 1.0 0
1680273691162 1.0 0
1680273696733 1.0 0
1680273702215 1.0 0
1680273707800 1.0 0
1680273713368 1.0 0
1680273719092 1.0 0
1680273724700 1.0 0
1680273731651 0.9390120967741935 0
1680273737343 1.0 0
1680273743271 1.0 0
1680273748938 0.9994959677419355 0
1680273754606 1.0 0
1680273760431 1.0 0
1680273766208 1.0 0
1680273772041 1.0 0
1680273777759 1.0 0
1680273783525 1.0 0
1680273791046 0.9344758064516129 0
1680273797036 0.9949596774193549 0
1680273802975 0.998991935483871 0
1680273808997 1.0 0
1680273815141 0.998991935483871 0
1680273821109 0.998991935483871 0
1680273827191 0.9994959677419355 0
1680273833082 1.0 0
1680273839054 1.0 0
1680273845045 1.0 0
1680273853460 0.9274193548387096 0
1680273859489 0.9944556451612904 0
1680273865746 0.9974798387096774 0
1680273871964 0.998991935483871 0
1680273878092 0.9994959677419355 0
1680273884320 1.0 0
1680273890446 1.0 0
1680273896460 1.0 0
1680273902556 1.0 0
1680273908693 1.0 0
1680273917739 0.9198588709677419 0
1680273923871 0.9929435483870968 0
1680273929997 0.998991935483871 0
1680273936101 0.998991935483871 0
1680273942385 0.9994959677419355 0
1680273948551 1.0 0
1680273954664 1.0 0
1680273960744 1.0 0
1680273966844 0.9994959677419355 0
1680273972946 1.0 0
1680273982286 0.9223790322580645 0
1680273988584 0.9868951612903226 0
1680273994921 0.9954637096774194 0
1680274001205 0.9949596774193549 0
1680274007453 0.998991935483871 0
1680274013833 0.9994959677419355 0
1680274020265 0.9994959677419355 0
1680274026610 1.0 0
1680274033104 1.0 0
1680274039452 1.0 0
1680274049453 0.9087701612903226 0
1680274055883 0.985383064516129 0
1680274062190 0.9944556451612904 0
1680274068630 0.9984879032258065 0
1680274075121 0.9984879032258065 0
1680274081461 0.9984879032258065 0
1680274088064 0.998991935483871 0
1680274094519 0.998991935483871 0
1680274100839 1.0 0
1680274107253 0.9994959677419355 0
1680274117643 0.9037298387096774 0
1680274124143 0.9803427419354839 0
1680274130583 0.9904233870967742 0
1680274137035 0.9944556451612904 0
1680274143470 0.9979838709677419 0
1680274149875 0.9994959677419355 0
1680274156118 1.0 0
1680274162615 0.9959677419354839 0
1680274169012 0.9984879032258065 0
1680274175417 0.9984879032258065 0
1680274185882 0.8931451612903226 0
1680274192428 0.9793346774193549 0
1680274198785 0.9909274193548387 0
1680274205167 0.9944556451612904 0
1680274211418 0.9984879032258065 0
1680274217834 0.998991935483871 0
1680274224213 0.998991935483871 0
1680274230734 1.0 0
1680274237157 0.998991935483871 0
1680274243660 1.0 0
1680274254261 0.8986895161290323 0
1680274260838 0.9873991935483871 0
1680274267341 0.9914314516129032 0
1680274273918 0.9964717741935484 0
1680274280342 0.9974798387096774 0
1680274286749 0.9984879032258065 0
1680274293085 0.9954637096774194 0
1680274299584 0.9994959677419355 0
1680274306017 0.9984879032258065 0
1680274312509 0.998991935483871 0
