1679813828313 58.13995140697807 0
1679813887354 58.53555182705168 0
1679813945803 57.937610871042125 0
1679814003402 57.07804700406268 0
1679814061135 57.22578576905653 0
1679814119555 57.89166049496271 0
1679814177657 57.58411167305894 0
1679814236001 57.83465329091996 0
1679814293481 56.960625620908104 0
1679814352201 58.207830469007604 0
1679814372290 4.825582043034956 0
1679814377185 4.672305340063758 0
1679814382104 4.714643308077939 0
1679814387014 4.714649165980518 0
1679814391935 4.719362187082879 0
1679814396821 4.677999998093583 0
1679814401771 4.747920494060963 0
1679814406594 4.603278217022307 0
1679814411537 4.7291383009869605 0
1679814416405 4.672214835998602 0
1679814436637 4.779447656008415 0
1679814441706 4.852705784956925 0
1679814447054 5.136368031031452 0
1679814452198 4.953479164978489 0
1679814457390 4.98537315800786 0
1679814462360 4.750905812019482 0
1679814466748 4.190466910949908 0
1679814471706 4.741906067007221 0
1679814476594 4.6995198000222445 0
1679814481524 4.740391967934556 0
1679814502254 4.760180951911025 0
1679814507214 4.75799898407422 0
1679814512159 4.754148808890022 0
1679814517058 4.690587503020652 0
1679814521971 4.715317382011563 0
1679814526943 4.753453231998719 0
1679814532061 4.899612980894744 0
1679814536940 4.674942000070587 0
1679814541964 4.811937766033225 0
1679814546750 4.586464431020431 0
1679814568364 4.7025509680388495 0
1679814573237 4.6568633900024 0
1679814578195 4.759760112967342 0
1679814583287 4.876059040077962 0
1679814588301 4.797063634032384 0
1679814593203 4.680972737027332 0
1679814598244 4.829426482087001 0
1679814603354 4.8835118090501055 0
1679814608284 4.7238953079795465 0
1679814613152 4.664847979089245 0
1679814634897 4.94672117405571 0
1679814639771 4.640673998044804 0
1679814644703 4.714172746054828 0
1679814649607 4.687288023065776 0
1679814654576 4.758784270961769 0
1679814659416 4.6378636630252 0
1679814664506 4.855635367101058 0
1679814669463 4.7482860930031165 0
1679814674543 4.8822130570188165 0
1679814679611 4.85780533705838 0
1679814702241 4.788101723999716 0
1679814707172 4.725252536009066 0
1679814712274 4.885544462013058 0
1679814717202 4.721261213999242 0
1679814722090 4.675819774973206 0
1679814727140 4.8277813530294225 0
1679814732150 4.798468362074345 0
1679814737148 4.788480396964587 0
1679814742190 4.831049401080236 0
1679814747064 4.652010140009224 0
1679814769608 4.87763001897838 0
1679814774650 4.825172042008489 0
1679814779716 4.839773819083348 0
1679814784656 4.743591826991178 0
1679814789673 4.802976513048634 0
1679814794637 4.75067406904418 0
1679814799684 4.773934253957123 0
1679814804814 4.888621110003442 0
1679814809834 4.808592868037522 0
1679814815246 5.188637044047937 0
1679814838255 4.822014526929706 0
1679814843268 4.79173976497259 0
1679814848400 4.902310764999129 0
1679814853579 4.958871869952418 0
1679814858825 5.00539713294711 0
1679814864032 4.9800572040257975 0
1679814869123 4.882952298037708 0
1679814874078 4.745147985056974 0
1679814879163 4.8467544070445 0
1679814884352 4.96788407699205 0
1679814908581 4.878242942970246 0
1679814913690 4.866757464944385 0
1679814918745 4.838811774970964 0
1679814923852 4.873982787015848 0
1679814929030 4.945806566043757 0
1679814934124 4.851913127000444 0
1679814939044 4.710801256005652 0
1679814944086 4.841267546988092 0
1679814949146 4.825169629068114 0
1679814954355 4.977576044970192 0
1679814980140 4.932593378936872 0
1679814985222 4.859707035007887 0
1679814990406 4.9514994389610365 0
1679814995637 4.983409127919003 0
1679815000816 4.953401240054518 0
1679815005768 4.727649302105419 0
1679815010860 4.860375163960271 0
1679815015912 4.8183642529184 0
1679815020984 4.829879044904374 0
1679815026174 4.979435708955862 0
1679815050929 5.026541362982243 0
1679815056118 4.938622441957705 0
1679815061219 4.872000503004529 0
1679815066273 4.8191236150451005 0
1679815071378 4.8924297409830615 0
1679815076610 5.017026041983627 0
1679815081766 4.922693687025458 0
1679815086863 4.875341265113093 0
1679815092109 4.997073805890977 0
1679815097266 4.9230122549925 0
1679815123881 4.906532604014501 0
1679815128998 4.888172834995203 0
1679815134093 4.85761152592022 0
1679815139120 4.794114254997112 0
1679815144145 4.784559897962026 0
1679815149409 5.032390127074905 0
1679815154783 5.118334930040874 0
1679815160094 5.094236840028316 0
1679815165220 4.882787472102791 0
1679815170365 4.925475917989388 0
1679815196260 4.835983493947424 0
1679815201580 5.095454836962745 0
1679815206681 4.842024305020459 0
1679815211901 4.9817863929783925 0
1679815216978 4.842535401927307 0
1679815222253 5.022873486974277 0
1679815227556 5.048709264025092 0
1679815232669 4.8721901869867 0
1679815237819 4.895335952984169 0
1679815242984 4.927321329014376 0
1679815270002 4.937598722055554 0
1679815275321 5.082991705043241 0
1679815280585 5.0213899810332805 0
1679815285690 4.857183312065899 0
1679815290977 5.024719920940697 0
1679815296107 4.911357896053232 0
1679815301265 4.910742920008488 0
1679815306381 4.888861596933566 0
1679815311400 4.777118038968183 0
1679815316486 4.8591600820655 0
1679815345350 4.849795995047316 0
1679815350652 5.052698409999721 0
1679815355920 5.029874617001042 0
1679815361191 5.044390118098818 0
1679815366349 4.914308827021159 0
1679815371577 4.979497122112662 0
1679815376732 4.928625617059879 0
1679815381930 4.9762911590514705 0
1679815387192 5.025577199994586 0
1679815392425 4.969410359975882 0
1679815420939 4.806890637963079 0
1679815426317 5.127456390997395 0
1679815431445 4.881590748904273 0
1679815436804 5.10372556198854 0
1679815442073 5.0219880799995735 0
1679815447325 5.014832369051874 0
1679815452386 4.833713577943854 0
1679815457655 5.0369346040533856 0
1679815462726 4.827235031989403 0
1679815468093 5.117094121989794 0
1679815497699 5.204717198968865 0
1679815503105 5.137615882907994 0
1679815508294 4.932001591892913 0
1679815513436 4.895040470990352 0
1679815518610 4.929555019945838 0
1679815523909 5.065762607962824 0
1679815529030 4.884879004908726 0
1679815534292 5.019786134012975 0
1679815539423 4.898136666975915 0
1679815544515 4.850840879022144 0
1679815574437 5.1718810519669205 0
1679815579563 4.858510419959202 0
1679815584834 4.995303458999842 0
1679815590299 5.210598843055777 0
1679815595432 4.863838732009754 0
1679815600576 4.851208632928319 0
1679815605749 4.935570314992219 0
1679815611160 5.152411628048867 0
1679815616725 5.305821473011747 0
1679815622149 5.190577105968259 0
1679815661386 5.03462805703748 0
1679815666815 5.178465891978703 0
1679815672075 5.016651171958074 0
1679815677471 5.139647910022177 0
1679815682753 5.0362201479729265 0
1679815687945 4.934514616033994 0
1679815693322 5.133768155006692 0
1679815698451 4.889101898996159 0
1679815703590 4.8959798300638795 0
1679815708958 5.130219607963227 0
