1679813828307 0.07866220036133878 0
1679813887347 0.032915906370292056 0
1679813945794 0.022852736821918445 0
1679814003396 0.018194489618995273 0
1679814061130 0.015372142540773822 0
1679814119549 0.013934295767137986 0
1679814177652 0.009963420294816557 0
1679814235996 0.007827892693238291 0
1679814293474 0.009674091791837142 0
1679814352195 0.006436993081243477 0
1679814372285 1.714232019766381 0
1679814377175 0.046846663912660194 0
1679814382097 0.02022257583387392 0
1679814387009 0.00805555585967867 0
1679814391927 0.0061866190863503635 0
1679814396814 0.00553005236196393 0
1679814401765 0.012188042695695338 0
1679814406588 0.0015432791541618491 0
1679814411533 0.0012474709987720033 0
1679814416400 0.000668569384173392 0
1679814436630 1.4899269248702025 0
1679814441701 0.050947126671426785 0
1679814447048 0.013048108193508693 0
1679814452193 0.008392295568314454 0
1679814457385 0.00829798611061721 0
1679814462355 0.0024155265488125703 0
1679814466741 0.011355423978966429 0
1679814471695 0.010150317178493807 0
1679814476588 0.0055320714019839404 0
1679814481519 0.0010166133257754203 0
1679814502247 2.0931082281627154 0
1679814507206 0.31361168764139474 0
1679814512154 0.08803920008144096 0
1679814517052 0.039875897235776246 0
1679814521964 0.0255305558069315 0
1679814526932 0.022607604634188313 0
1679814532053 0.029782426284356532 0
1679814536931 0.008724505707964693 0
1679814541957 0.004591996246553639 0
1679814546744 0.009616640594475413 0
1679814568352 2.207626466374648 0
1679814573228 0.29682215495329156 0
1679814578188 0.13194053063267155 0
1679814583280 0.07703169486975592 0
1679814588293 0.028871258176054414 0
1679814593198 0.024954799810994268 0
1679814598239 0.020748032659512798 0
1679814603345 0.010083450898252378 0
1679814608279 0.0027990762868476417 0
1679814613145 0.002680957426032125 0
1679814634891 1.2117593073923336 0
1679814639766 0.06942558370677657 0
1679814644691 0.024887709710808274 0
1679814649599 0.036589653539091445 0
1679814654570 0.015351057761367165 0
1679814659410 0.007338230075133891 0
1679814664498 0.011227573449574074 0
1679814669455 0.007785836171962345 0
1679814674536 0.003035834111946506 0
1679814679605 0.011818011681201538 0
1679814702233 1.3970847514114881 0
1679814707165 0.14618144515705736 0
1679814712266 0.07749765466555561 0
1679814717193 0.04075353181810657 0
1679814722085 0.03099141321328812 0
1679814727135 0.017782610364711696 0
1679814732144 0.018887893445360914 0
1679814737142 0.00792898282019642 0
1679814742181 0.002854522456810197 0
1679814747056 0.0021571575814864205 0
1679814769599 0.5340550140894361 0
1679814774638 0.027410697043677303 0
1679814779703 0.024806341442500095 0
1679814784650 0.019141120329578896 0
1679814789667 0.0051854466486762054 0
1679814794630 0.015045582204689517 0
1679814799673 0.02591066706671355 0
1679814804802 0.011179951423936903 0
1679814809827 0.004925773394700771 0
1679814815236 0.0038516882836694623 0
1679814838246 1.4910540543104474 0
1679814843262 0.34976206347346306 0
1679814848393 0.1808648304523606 0
1679814853569 0.103787479490826 0
1679814858818 0.08010852388841541 0
1679814864024 0.030380168002049783 0
1679814869117 0.02405578828429019 0
1679814874072 0.026047177707139206 0
1679814879155 0.04511238661882663 0
1679814884345 0.02170046905398761 0
1679814908573 0.7581317724709056 0
1679814913683 0.02282207952260873 0
1679814918738 0.00918135946144742 0
1679814923840 0.00547149943396155 0
1679814929024 0.0029427615975452536 0
1679814934116 0.003845458086748534 0
1679814939038 0.002347689613644003 0
1679814944080 0.0014882971827606334 0
1679814949130 0.0014477377590465996 0
1679814954348 0.002229958359059406 0
1679814980133 1.5388003016773024 0
1679814985216 0.3958743879669591 0
1679814990398 0.16966019719839096 0
1679814995621 0.07051400930718764 0
1679815000808 0.03230988718936906 0
1679815005761 0.03296470127656664 0
1679815010849 0.036581683444398404 0
1679815015897 0.05473840822661786 0
1679815020974 0.030526118201056593 0
1679815026167 0.02779183837441164 0
1679815050921 1.176573542191794 0
1679815056109 0.07945052036942032 0
1679815061211 0.0375623974072943 0
1679815066266 0.01735746721295934 0
1679815071371 0.007452601068775709 0
1679815076604 0.006796315400769297 0
1679815081758 0.0027171296073663 0
1679815086856 0.0010694860497192406 0
1679815092096 0.0012168108659496187 0
1679815097256 0.002664547222153296 0
1679815123874 0.9770317414873525 0
1679815128991 0.08333920204619828 0
1679815134079 0.03629616178621195 0
1679815139113 0.036759159826109875 0
1679815144137 0.012040589237585664 0
1679815149401 0.010087585096602868 0
1679815154770 0.014254588583150363 0
1679815160087 0.01236451350177001 0
1679815165211 0.012203137877115392 0
1679815170358 0.04235362218950238 0
1679815196253 0.7216738156435129 0
1679815201572 0.020218346631889674 0
1679815206674 0.01122794371928505 0
1679815211888 0.012635816610724616 0
1679815216971 0.010911064474969048 0
1679815222246 0.008566810660627916 0
1679815227548 0.011537793580722983 0
1679815232661 0.005408162160050491 0
1679815237800 0.005880429787258005 0
1679815242975 0.004389247645476165 0
1679815269987 1.543236691387076 0
1679815275306 0.3267055839300156 0
1679815280572 0.15415848147516187 0
1679815285682 0.09699767678485889 0
1679815290970 0.049859275094135416 0
1679815296099 0.03321565402071237 0
1679815301258 0.02897826551986662 0
1679815306374 0.02848508564102782 0
1679815311390 0.03044034284692699 0
1679815316479 0.03411382366749948 0
1679815345336 1.470637855090593 0
1679815350645 0.1599495387979244 0
1679815355912 0.06739988220169356 0
1679815361182 0.034680665004998446 0
1679815366341 0.014463778751240552 0
1679815371566 0.015094522466901445 0
1679815376724 0.012865390039759835 0
1679815381923 0.006093646234397679 0
1679815387184 0.0026417238057260158 0
1679815392417 0.0056682188960717455 0
1679815420931 0.7015115638116473 0
1679815426309 0.05832562786036808 0
1679815431436 0.028308459584552206 0
1679815436787 0.03139740471470807 0
1679815442060 0.01847959901550846 0
1679815447310 0.014722225130811383 0
1679815452378 0.02032774433663642 0
1679815457647 0.025641578252696872 0
1679815462716 0.031006550294114275 0
1679815468078 0.017388540175728082 0
1679815497681 1.232036901618305 0
1679815503096 0.21049885053775813 0
1679815508285 0.09656327565102593 0
1679815513428 0.06184932835596173 0
1679815518602 0.026770637778712338 0
1679815523901 0.03220500226046792 0
1679815529022 0.043434939698598005 0
1679815534284 0.029937385658329155 0
1679815539416 0.0102780879540277 0
1679815544500 0.010743844866412569 0
1679815574429 0.516997701508042 0
1679815579554 0.008150924895093531 0
1679815584826 0.0031135002696445506 0
1679815590287 0.004276493365269791 0
1679815595424 0.001006384450432195 0
1679815600568 0.0012025016277268726 0
1679815605735 0.00048481441318520076 0
1679815611151 0.0007134440949525206 0
1679815616717 0.0007505257235319924 0
1679815622140 0.006375932943142528 0
1679815661365 1.2457507811878856 0
1679815666804 0.22455775776976034 0
1679815672064 0.1083076559717914 0
1679815677455 0.07271953817260893 0
1679815682745 0.0383139223399523 0
1679815687931 0.02466606962445535 0
1679815693310 0.029530011335430716 0
1679815698442 0.017445883989536302 0
1679815703576 0.04037429274605146 0
1679815708949 0.024769113463729522 0
