1679226182409 4.371982536977157 0
1679226186609 4.074841846013442 0
1679226191045 4.304458429978695 0
1679226195317 4.143634474021383 0
1679226199618 4.193940577970352 0
1679226203922 4.176077701034956 0
1679226208247 4.187228292983491 0
1679226212391 4.017681720026303 0
1679226216665 4.150674887001514 0
1679226220997 4.2072671970236115 0
1679226237731 4.1248207240132615 0
1679226241348 3.486220903985668 0
1679226245604 4.138825558009557 0
1679226250052 4.321797006006818 0
1679226254451 4.258976723998785 0
1679226258835 4.2475831910269335 0
1679226263173 4.2040580920293 0
1679226267385 4.071326831995975 0
1679226271523 3.9924590450245887 0
1679226275750 4.093877409002744 0
1679226291924 4.335089881031308 0
1679226296412 4.327729954035021 0
1679226300899 4.350803790031932 0
1679226304502 3.4699029399780557 0
1679226308774 4.1404408639646135 0
1679226313187 4.282042737992015 0
1679226317776 4.445698591996916 0
1679226322230 4.321998858009465 0
1679226326649 4.27845406497363 0
1679226330845 4.0744920300203376 0
1679226347266 4.24946550198365 0
1679226351662 4.253850739973132 0
1679226356200 4.409457804984413 0
1679226360477 4.146682174003217 0
1679226364841 4.238113847968634 0
1679226368937 3.960698765993584 0
1679226373247 4.176808928954415 0
1679226377636 4.2697238809778355 0
1679226381423 3.6643072229926474 0
1679226385711 4.16017773601925 0
1679226402771 4.220343024993781 0
1679226407167 4.262354548030999 0
1679226411548 4.241517789952923 0
1679226415786 4.1010783889796585 0
1679226419982 4.06248277798295 0
1679226424182 4.077038565999828 0
1679226428661 4.333738775982056 0
1679226433007 4.207306399010122 0
1679226437214 4.048738993995357 0
1679226441901 4.558500448008999 0
1679226459094 4.053208387049381 0
1679226463383 4.1624501459882595 0
1679226467672 4.154824691009708 0
1679226472119 4.305941090977285 0
1679226476433 4.158860174007714 0
1679226480848 4.274303707003128 0
1679226485119 4.124987552000675 0
1679226489558 4.299183471011929 0
1679226494157 4.449489604972769 0
1679226498338 4.051000797015149 0
1679226515485 4.092986901989207 0
1679226519798 4.181720452033915 0
1679226524168 4.239150977984536 0
1679226528525 4.24672775901854 0
1679226532943 4.282083139987662 0
1679226537270 4.176976476039272 0
1679226541514 4.107632155995816 0
1679226545750 4.104213991959114 0
1679226550216 4.306486775982194 0
1679226554584 4.2384424729971215 0
1679226571355 4.202712363970932 0
1679226575626 4.135726111999247 0
1679226580095 4.334248055005446 0
1679226584612 4.369296912977006 0
1679226588918 4.16577966499608 0
1679226593163 4.107219172001351 0
1679226597414 4.120513150002807 0
1679226601768 4.204623728001025 0
1679226606035 4.131310153985396 0
1679226610421 4.238067616010085 0
1679226629090 4.173041918955278 0
1679226633540 4.303195861983113 0
1679226638077 4.395556766015943 0
1679226642391 4.1798523719771765 0
1679226646797 4.269235327024944 0
1679226651036 4.110758166993037 0
1679226655279 4.113976510008797 0
1679226659569 4.160141111002304 0
1679226663885 4.1778494250029325 0
1679226668165 4.139512301015202 0
1679226685394 3.538295469013974 0
1679226689863 4.329676360997837 0
1679226694138 4.144846580980811 0
1679226698714 4.433173654018901 0
1679226703170 4.3132558449869975 0
1679226707274 3.9711346270050853 0
1679226711740 4.315221149998251 0
1679226715980 4.105666007031687 0
1679226720381 4.251025649020448 0
1679226724664 4.153074121975806 0
1679226742268 4.281827047991101 0
1679226746294 3.8759178970358334 0
1679226750648 4.222204388002865 0
1679226755278 4.480587518017273 0
1679226759501 4.096634509041905 0
1679226763739 4.093102403043304 0
1679226768036 4.153091277985368 0
1679226772546 4.360870219999924 0
1679226776768 4.083968393038958 0
1679226781323 4.4266094689955935 0
1679226799584 4.403796532016713 0
1679226803974 4.239378359983675 0
1679226808171 4.042469171981793 0
1679226813051 4.734882805030793 0
1679226817450 4.236420140019618 0
1679226821835 4.232315803004894 0
1679226826049 4.077182664012071 0
1679226830456 4.273383138002828 0
1679226834833 4.239413711999077 0
1679226839129 4.134339559008367 0
1679226857352 4.228842241980601 0
1679226861895 4.388508632022422 0
1679226866438 4.371829857991543 0
1679226870676 4.062262271007057 0
1679226875230 4.399741277040448 0
1679226879726 4.348761712026317 0
1679226884093 4.2230556680005975 0
1679226888374 4.131105273030698 0
1679226892914 4.386042640951928 0
1679226897250 4.189907904015854 0
1679226916111 4.251965322997421 0
1679226920649 4.390489602985326 0
1679226925206 4.397514863987453 0
1679226929788 4.414511094975751 0
1679226933993 4.040814671025146 0
1679226938511 4.379292363009881 0
1679226942905 4.249254452995956 0
1679226947392 4.344611573964357 0
1679226951789 4.257336712966207 0
1679226956196 4.271076124976389 0
1679226974714 4.274735863960814 0
1679226979160 4.276885884988587 0
1679226983559 4.2530566659988835 0
1679226988140 4.426914596988354 0
1679226992652 4.368083460023627 0
1679226997015 4.188769287022296 0
1679227001359 4.1936421249993145 0
1679227005729 4.23487003199989 0
1679227010180 4.3119638949865475 0
1679227014641 4.302478707977571 0
1679227033599 4.147605523990933 0
1679227037979 4.227023879997432 0
1679227042342 4.195801064022817 0
1679227046867 4.365410579019226 0
1679227051433 4.405007830995601 0
1679227056018 4.416706261981744 0
1679227060343 4.185547531989869 0
1679227064592 4.097656980971806 0
1679227068930 4.1963656499865465 0
1679227073284 4.203312349971384 0
1679227091942 4.110416046984028 0
1679227096209 4.1173957149730995 0
1679227100563 4.20501387299737 0
1679227104898 4.175487867032643 0
1679227109469 4.412036270019598 0
1679227114066 4.429027742007747 0
1679227118492 4.262563739030156 0
1679227122862 4.233829659002367 0
1679227126736 3.7203460939927027 0
1679227130991 4.112946424051188 0
1679227150545 4.223866212007124 0
1679227155055 4.356680224009324 0
1679227159510 4.309030540985987 0
1679227163921 4.260014011000749 0
1679227168175 4.105472002993338 0
1679227172563 4.2467844799975865 0
1679227176927 4.2344953489955515 0
1679227181626 4.527034120983444 0
1679227186099 4.303732548956759 0
1679227189824 3.5797483869828284 0
1679227209725 4.2735418869997375 0
1679227214316 4.447646518005058 0
1679227218915 4.447352197021246 0
1679227223404 4.334437403012998 0
1679227227812 4.239970850001555 0
1679227232159 4.201771398016717 0
1679227236389 4.0732369080069475 0
1679227240792 4.2536329490249045 0
1679227245483 4.522567075036932 0
1679227250079 4.449775410001166 0
1679227269350 4.3078329199925065 0
1679227273980 4.459821424970869 0
1679227278440 4.298995565040968 0
1679227282933 4.322021825006232 0
1679227287453 4.363722541020252 0
1679227291888 4.28359226800967 0
1679227296221 4.15953962499043 0
1679227300783 4.404458164004609 0
1679227305301 4.369100405019708 0
1679227309897 4.423988362017553 0
