1679226182404 0.33564182778126467 0
1679226186602 0.11347018779876332 0
1679226191038 0.0499806435560173 0
1679226195311 0.035613122898069505 0
1679226199614 0.03710940745876025 0
1679226203915 0.044877667912777384 0
1679226208238 0.021062179742704544 0
1679226212383 0.02251419546390774 0
1679226216657 0.018217315662446245 0
1679226220990 0.006913658510372853 0
1679226237724 0.5938868277395765 0
1679226241338 0.06528032182569743 0
1679226245598 0.053802585605915415 0
1679226250044 0.027421135677643323 0
1679226254443 0.021057220413258262 0
1679226258828 0.012776252614261751 0
1679226263164 0.02897094777105011 0
1679226267372 0.012942275668548046 0
1679226271516 0.01216221224832207 0
1679226275739 0.02559470428954513 0
1679226291916 0.9137841098594899 0
1679226296405 0.10243087446353599 0
1679226300891 0.0665707128332453 0
1679226304493 0.03267896232336723 0
1679226308764 0.01820630798950636 0
1679226313181 0.016339161117417355 0
1679226317769 0.01084105202329845 0
1679226322222 0.012226781649338127 0
1679226326641 0.029804434235819487 0
1679226330838 0.018456247295498364 0
1679226347258 1.4869140246335197 0
1679226351647 0.19950942522572243 0
1679226356191 0.08541508093156724 0
1679226360468 0.06516324762282345 0
1679226364832 0.037554117501713336 0
1679226368928 0.046136717040402196 0
1679226373238 0.028130698624391146 0
1679226377630 0.016531328249816308 0
1679226381417 0.02197177686107085 0
1679226385702 0.016487450778453528 0
1679226402761 1.6465159862064849 0
1679226407158 0.317138389611215 0
1679226411540 0.1536419692394488 0
1679226415773 0.10785737621835341 0
1679226419975 0.05766719395943059 0
1679226424176 0.04422555419025194 0
1679226428654 0.046736138482468534 0
1679226433002 0.030840016164766698 0
1679226437206 0.03515254631901032 0
1679226441895 0.03425402229014948 0
1679226459086 1.425846656455713 0
1679226463372 0.2097048020885125 0
1679226467665 0.09598186253980898 0
1679226472113 0.04368189774115807 0
1679226476420 0.04311937352872965 0
1679226480841 0.05071999157856529 0
1679226485112 0.04565577262181643 0
1679226489551 0.011225720729200082 0
1679226494149 0.021330256071415338 0
1679226498330 0.02323308225815851 0
1679226515477 1.9152387149778067 0
1679226519792 0.27651103750309525 0
1679226524157 0.14289700749385006 0
1679226528520 0.0964621413709121 0
1679226532934 0.03694057557846 0
1679226537262 0.03622569926379833 0
1679226541506 0.05987927571906909 0
1679226545744 0.022968727257273926 0
1679226550206 0.010484079956750422 0
1679226554576 0.008866811554659815 0
1679226571346 2.0151602377494178 0
1679226575618 0.2743056499417506 0
1679226580088 0.09731143456883729 0
1679226584599 0.0462123999034292 0
1679226588911 0.03792651275780015 0
1679226593157 0.03972820584735304 0
1679226597406 0.024539722816781233 0
1679226601756 0.034029148048527226 0
1679226606027 0.0382844086447685 0
1679226610415 0.012852810891191065 0
1679226629079 2.028715395167762 0
1679226633531 0.37136251245643576 0
1679226638069 0.15142672909788935 0
1679226642383 0.0639378600594058 0
1679226646790 0.04998506514319018 0
1679226651030 0.040407587742140774 0
1679226655271 0.027766381794422427 0
1679226659561 0.02464651385112209 0
1679226663876 0.039445202147665746 0
1679226668156 0.025189647608546212 0
1679226685388 1.8954658309618633 0
1679226689855 0.3517048881188327 0
1679226694131 0.19200418334381253 0
1679226698706 0.08964625593987019 0
1679226703162 0.04771247956737438 0
1679226707267 0.03836420676203025 0
1679226711727 0.05032390271206204 0
1679226715973 0.044328668031512815 0
1679226720369 0.012733606374811144 0
1679226724654 0.020026970949188313 0
1679226742260 2.3484246207802904 0
1679226746285 0.4013732671737671 0
1679226750637 0.13731846157644018 0
1679226755271 0.07031742266297121 0
1679226759489 0.05420805325768158 0
1679226763731 0.04959503988571027 0
1679226768029 0.05638440653302835 0
1679226772537 0.037259687143994275 0
1679226776760 0.028471226501792176 0
1679226781316 0.006627131962815446 0
1679226799573 2.458910802415773 0
1679226803967 0.32573802162911375 0
1679226808161 0.11966141682191223 0
1679226813043 0.06392341258698235 0
1679226817437 0.056346707249188104 0
1679226821826 0.06938691508691466 0
1679226826041 0.024304188228687088 0
1679226830449 0.017391260237690956 0
1679226834825 0.026305336195875106 0
1679226839122 0.016892612675506184 0
1679226857344 2.1437665203622744 0
1679226861882 0.3947792460082793 0
1679226866418 0.13811962445284806 0
1679226870666 0.09919900067296683 0
1679226875222 0.06894156319436197 0
1679226879718 0.04611151404770128 0
1679226884084 0.025809757967306047 0
1679226888362 0.04521060396412698 0
1679226892904 0.019415304211268483 0
1679226897241 0.02447548029914626 0
1679226916103 2.0994286405689575 0
1679226920638 0.27192529853360325 0
1679226925198 0.10558275810862873 0
1679226929776 0.0701695202858936 0
1679226933982 0.04571635476952674 0
1679226938503 0.03529553860540082 0
1679226942894 0.05021847617771367 0
1679226947385 0.04169196399230072 0
1679226951781 0.024526574031173653 0
1679226956189 0.04157517015803879 0
1679226974698 2.3785085070366954 0
1679226979148 0.48732369473459675 0
1679226983551 0.21988842797045613 0
1679226988132 0.0959675773229523 0
1679226992645 0.058035746438191364 0
1679226997004 0.06546972401202748 0
1679227001346 0.044769644933551844 0
1679227005721 0.05691077233424556 0
1679227010170 0.04676755591793278 0
1679227014631 0.038488202326298765 0
1679227033582 2.2865329215339587 0
1679227037967 0.2647967577784085 0
1679227042328 0.0996148302128502 0
1679227046860 0.038634475026115334 0
1679227051425 0.03730302241941293 0
1679227056008 0.03515300218029605 0
1679227060335 0.025109053179096685 0
1679227064583 0.017260056727180055 0
1679227068921 0.03173568215096762 0
1679227073276 0.012953708883358952 0
1679227091934 1.8948698899909562 0
1679227096199 0.29223623893716755 0
1679227100548 0.11177410651454885 0
1679227104886 0.05387439829863462 0
1679227109460 0.045179839288204106 0
1679227114056 0.04695085715959031 0
1679227118482 0.03344747063124041 0
1679227122854 0.020953981693452865 0
1679227126727 0.016097369467709486 0
1679227130983 0.006751980568343938 0
1679227150536 1.9023610420671164 0
1679227155039 0.2902798814808621 0
1679227159501 0.1335423435906277 0
1679227163907 0.06803395194184109 0
1679227168166 0.038944376916761565 0
1679227172554 0.046920875395538617 0
1679227176914 0.0399770986502214 0
1679227181614 0.012544853163811187 0
1679227186090 0.007659293996231795 0
1679227189813 0.016985404312008005 0
1679227209711 2.1874971281664046 0
1679227214308 0.2701325550602347 0
1679227218904 0.1080925088631464 0
1679227223396 0.047494019084957005 0
1679227227803 0.03249115877163907 0
1679227232149 0.038927365125239116 0
1679227236377 0.021198682975498775 0
1679227240783 0.03150917172794888 0
1679227245473 0.019549541016721038 0
1679227250071 0.0425963129702152 0
1679227269341 2.199855112269813 0
1679227273971 0.307581780295746 0
1679227278427 0.10951835294162818 0
1679227282920 0.07060055090479699 0
1679227287430 0.02949023663748841 0
1679227291878 0.026617741045615106 0
1679227296207 0.018941747699179414 0
1679227300770 0.027380924790728994 0
1679227305286 0.02352451541724697 0
1679227309888 0.019959922285160442 0
