1679226182397 0.8844975490196079 0
1679226186592 0.9632352941176471 0
1679226191027 0.9828431372549019 0
1679226195298 0.9871323529411765 0
1679226199605 0.9886642156862745 0
1679226203904 0.9871323529411765 0
1679226208226 0.9932598039215687 0
1679226212369 0.9938725490196079 0
1679226216646 0.9947916666666666 0
1679226220979 0.9981617647058824 0
1679226237714 0.8832720588235294 0
1679226241323 0.9828431372549019 0
1679226245587 0.9822303921568627 0
1679226250033 0.9908088235294118 0
1679226254432 0.9947916666666666 0
1679226258815 0.9966299019607843 0
1679226263153 0.9920343137254902 0
1679226267355 0.9957107843137255 0
1679226271504 0.9969362745098039 0
1679226275726 0.9920343137254902 0
1679226291904 0.8051470588235294 0
1679226296392 0.9705882352941176 0
1679226300877 0.9788602941176471 0
1679226304480 0.9901960784313726 0
1679226308755 0.9941789215686274 0
1679226313169 0.9932598039215687 0
1679226317758 0.9960171568627451 0
1679226322208 0.9960171568627451 0
1679226326630 0.9898897058823529 0
1679226330825 0.9935661764705882 0
1679226347246 0.6590073529411765 0
1679226351635 0.9378063725490197 0
1679226356179 0.9727328431372549 0
1679226360455 0.9797794117647058 0
1679226364820 0.9901960784313726 0
1679226368916 0.9852941176470589 0
1679226373226 0.9908088235294118 0
1679226377619 0.9950980392156863 0
1679226381405 0.9926470588235294 0
1679226385689 0.9972426470588235 0
1679226402743 0.6259191176470589 0
1679226407144 0.9056372549019608 0
1679226411528 0.9528186274509803 0
1679226415756 0.9656862745098039 0
1679226419966 0.9806985294117647 0
1679226424166 0.9862132352941176 0
1679226428643 0.9877450980392157 0
1679226432996 0.9901960784313726 0
1679226437199 0.9901960784313726 0
1679226441884 0.9892769607843137 0
1679226459075 0.6709558823529411 0
1679226463358 0.9378063725490197 0
1679226467654 0.9702818627450981 0
1679226472105 0.9849877450980392 0
1679226476408 0.9871323529411765 0
1679226480824 0.9852941176470589 0
1679226485098 0.9846813725490197 0
1679226489540 0.9978553921568627 0
1679226494136 0.9938725490196079 0
1679226498320 0.9941789215686274 0
1679226515466 0.5563725490196079 0
1679226519782 0.9267769607843137 0
1679226524144 0.9546568627450981 0
1679226528514 0.9733455882352942 0
1679226532923 0.9880514705882353 0
1679226537250 0.9895833333333334 0
1679226541494 0.9852941176470589 0
1679226545734 0.9947916666666666 0
1679226550191 0.9981617647058824 0
1679226554564 0.9972426470588235 0
1679226571332 0.5661764705882353 0
1679226575609 0.9120710784313726 0
1679226580076 0.9675245098039216 0
1679226584577 0.9856004901960784 0
1679226588899 0.9886642156862745 0
1679226593145 0.9886642156862745 0
1679226597393 0.9926470588235294 0
1679226601743 0.9898897058823529 0
1679226606017 0.9883578431372549 0
1679226610404 0.9972426470588235 0
1679226629062 0.5309436274509803 0
1679226633518 0.8832720588235294 0
1679226638057 0.9543504901960784 0
1679226642371 0.9788602941176471 0
1679226646779 0.9834558823529411 0
1679226651020 0.9871323529411765 0
1679226655259 0.9923406862745098 0
1679226659550 0.9895833333333334 0
1679226663865 0.9874387254901961 0
1679226668142 0.9901960784313726 0
1679226685377 0.5992647058823529 0
1679226689842 0.8970588235294118 0
1679226694119 0.9457720588235294 0
1679226698695 0.9702818627450981 0
1679226703149 0.9852941176470589 0
1679226707256 0.9874387254901961 0
1679226711716 0.9819240196078431 0
1679226715963 0.9883578431372549 0
1679226720350 0.9972426470588235 0
1679226724643 0.9941789215686274 0
1679226742249 0.4954044117647059 0
1679226746275 0.8765318627450981 0
1679226750624 0.9580269607843137 0
1679226755264 0.977328431372549 0
1679226759477 0.9840686274509803 0
1679226763720 0.9831495098039216 0
1679226768018 0.9831495098039216 0
1679226772523 0.9889705882352942 0
1679226776747 0.9932598039215687 0
1679226781308 0.9981617647058824 0
1679226799556 0.4678308823529412 0
1679226803957 0.8979779411764706 0
1679226808151 0.9635416666666666 0
1679226813030 0.9776348039215687 0
1679226817417 0.9810049019607843 0
1679226821811 0.9782475490196079 0
1679226826031 0.992953431372549 0
1679226830439 0.9947916666666666 0
1679226834814 0.9895833333333334 0
1679226839109 0.9935661764705882 0
1679226857331 0.5297181372549019 0
1679226861861 0.8740808823529411 0
1679226866402 0.9638480392156863 0
1679226870655 0.9650735294117647 0
1679226875210 0.9739583333333334 0
1679226879705 0.9856004901960784 0
1679226884073 0.9932598039215687 0
1679226888347 0.9865196078431373 0
1679226892891 0.992953431372549 0
1679226897231 0.9923406862745098 0
1679226916092 0.5707720588235294 0
1679226920626 0.9160539215686274 0
1679226925186 0.9650735294117647 0
1679226929761 0.9770220588235294 0
1679226933971 0.9859068627450981 0
1679226938491 0.9892769607843137 0
1679226942884 0.9837622549019608 0
1679226947374 0.9898897058823529 0
1679226951768 0.992953431372549 0
1679226956176 0.9865196078431373 0
1679226974685 0.45618872549019607 0
1679226979141 0.8480392156862745 0
1679226983539 0.9325980392156863 0
1679226988120 0.9696691176470589 0
1679226992633 0.9834558823529411 0
1679226996993 0.9800857843137255 0
1679227001329 0.9856004901960784 0
1679227005708 0.9834558823529411 0
1679227010157 0.9822303921568627 0
1679227014618 0.9898897058823529 0
1679227033568 0.5744485294117647 0
1679227037950 0.9215686274509803 0
1679227042308 0.9715073529411765 0
1679227046849 0.9886642156862745 0
1679227051414 0.9892769607843137 0
1679227055994 0.9883578431372549 0
1679227060323 0.992953431372549 0
1679227064570 0.9944852941176471 0
1679227068906 0.9923406862745098 0
1679227073264 0.9966299019607843 0
1679227091923 0.6081495098039216 0
1679227096182 0.9108455882352942 0
1679227100538 0.96875 0
1679227104867 0.9846813725490197 0
1679227109449 0.9886642156862745 0
1679227114040 0.9862132352941176 0
1679227118465 0.9901960784313726 0
1679227122842 0.9944852941176471 0
1679227126715 0.9947916666666666 0
1679227130971 0.9990808823529411 0
1679227150526 0.5701593137254902 0
1679227155025 0.9120710784313726 0
1679227159488 0.9564950980392157 0
1679227163893 0.9794730392156863 0
1679227168151 0.9886642156862745 0
1679227172543 0.9846813725490197 0
1679227176902 0.9880514705882353 0
1679227181596 0.9972426470588235 0
1679227186075 0.9984681372549019 0
1679227189802 0.9950980392156863 0
1679227209695 0.5772058823529411 0
1679227214296 0.9197303921568627 0
1679227218889 0.9678308823529411 0
1679227223384 0.9865196078431373 0
1679227227787 0.9920343137254902 0
1679227232138 0.9874387254901961 0
1679227236358 0.9938725490196079 0
1679227240771 0.9901960784313726 0
1679227245460 0.9950980392156863 0
1679227250058 0.9898897058823529 0
1679227269329 0.5502450980392157 0
1679227273959 0.8982843137254902 0
1679227278406 0.9669117647058824 0
1679227282896 0.9816176470588235 0
1679227287418 0.992953431372549 0
1679227291862 0.992953431372549 0
1679227296187 0.9935661764705882 0
1679227300749 0.9926470588235294 0
1679227305276 0.992953431372549 0
1679227309877 0.9935661764705882 0
