1678655373676 0.7977459640572647 0
1678655377628 0.9600974718245507 0
1678655381176 0.9911666159000914 0
1678655384931 0.9969540054827901 0
1678655388530 0.9984770027413951 0
1678655392335 0.997867803837953 0
1678655396132 0.9990862016448371 0
1678655399841 0.999695400548279 0
1678655403552 0.999390801096558 0
1678655407448 1.0 0
1678655469876 0.7631253860407659 0
1678655474235 0.8054354539839407 0
1678655478595 0.8187152563310686 0
1678655482418 0.8273625694873379 0
1678655486563 0.8276714021000617 0
1678655490825 0.8279802347127857 0
1678655495307 0.8177887584928969 0
1678655499565 0.8242742433600988 0
1678655503982 0.8264360716491661 0
1678655508411 0.8273625694873379 0
1678655569000 0.7130945027794935 0
1678655573468 0.7893761581222977 0
1678655577883 0.810994441012971 0
1678655582236 0.8131562693020383 0
1678655586612 0.8196417541692402 0
1678655590944 0.8378628783199505 0
1678655595252 0.8443483631871526 0
1678655599729 0.846201358863496 0
1678655604081 0.8529956763434219 0
1678655608424 0.8604076590487956 0
1678655669473 0.6164298949969117 0
1678655673744 0.78875849289685 0
1678655678370 0.823656578134651 0
1678655682730 0.8415688696726374 0
1678655687188 0.8517603458925262 0
1678655691718 0.8659666460778258 0
1678655696144 0.862260654725139 0
1678655700610 0.8687461395923409 0
1678655705061 0.8696726374305127 0
1678655709265 0.874922791846819 0
1678655770500 0.5932674490426189 0
1678655774909 0.7804200123533045 0
1678655779320 0.8134651019147622 0
1678655783392 0.8137739345274861 0
1678655787872 0.8369363804817789 0
1678655792251 0.8514515132798024 0
1678655796679 0.8563928350833848 0
1678655801077 0.8625694873378629 0
1678655805270 0.8705991352686844 0
1678655809766 0.8702903026559605 0
1678655870844 0.3817171093267449 0
1678655875249 0.6294008647313156 0
1678655879800 0.7069178505250154 0
1678655883970 0.7501544163063619 0
1678655888371 0.75633106856084 0
1678655892777 0.7831995058678196 0
1678655897190 0.7853613341568869 0
1678655901690 0.7977146386658431 0
1678655906099 0.8054354539839407 0
1678655910440 0.8168622606547251 0
1678655972219 0.28381717109326743 0
1678655976608 0.5182211241507103 0
1678655981004 0.6056207535515751 0
1678655984944 0.6584311303273626 0
1678655989221 0.6707844348363187 0
1678655993676 0.6927115503397159 0
1678655998040 0.7106238418777023 0
1678656002534 0.7090796788140827 0
1678656006966 0.7035206917850525 0
1678656011490 0.7294626312538605 0
1678656073881 0.22699197035206917 0
1678656078502 0.47004323656578134 0
1678656082971 0.5602223594811612 0
1678656086746 0.5941939468807906 0
1678656091012 0.6065472513897467 0
1678656095289 0.624768375540457 0
1678656099620 0.6365040148239655 0
1678656103895 0.6451513279802347 0
1678656108244 0.6482396541074738 0
1678656112629 0.6575046324891909 0
1678656174934 0.23502161828289067 0
1678656179453 0.47313156269302037 0
1678656183981 0.5509573810994441 0
1678656188274 0.5818406423718344 0
1678656192955 0.5997529339098209 0
1678656197653 0.6213712168004941 0
1678656201893 0.62816553428042 0
1678656206417 0.6321803582458307 0
1678656210824 0.6318715256331069 0
1678656215275 0.6272390364422483 0
1678656276725 0.19209388511426806 0
1678656281169 0.4218653489808524 0
1678656285459 0.49567634342186534 0
1678656289802 0.5358245830759728 0
1678656294281 0.5589870290302656 0
1678656298783 0.5555898702903026 0
1678656303325 0.577208153180976 0
1678656307533 0.5821494749845584 0
1678656312011 0.5849289684990735 0
1678656316463 0.5799876466954911 0
1678656378991 0.2449042618900556 0
1678656383551 0.47035206917850525 0
1678656388081 0.5525015441630636 0
1678656392046 0.5713403335392218 0
1678656396539 0.5907967881408277 0
1678656400917 0.6016059295861643 0
1678656405393 0.5969734403953058 0
1678656409903 0.6114885731933292 0
1678656414323 0.609017912291538 0
1678656418931 0.6324891908585547 0
1678656481663 0.20105003088326126 0
1678656486173 0.4382334774552193 0
1678656490760 0.5253242742433601 0
1678656494711 0.5580605311920939 0
1678656499192 0.5793699814700433 0
1678656503445 0.5948116121062385 0
1678656507610 0.5978999382334774 0
1678656512268 0.6080914144533662 0
1678656516522 0.5985176034589252 0
1678656520873 0.6093267449042619 0
1678656584001 0.18993205682520073 0
1678656588370 0.41970352069178507 0
1678656592788 0.5015441630636195 0
1678656597004 0.5370599135268684 0
1678656601345 0.5475602223594812 0
1678656605722 0.5583693638048178 0
1678656610108 0.576899320568252 0
1678656614563 0.567325509573811 0
1678656618863 0.5802964793082149 0
1678656623286 0.5685608400247066 0
1678656686121 0.230697961704756 0
1678656690591 0.45213094502779494 0
1678656694874 0.5203829524397776 0
1678656698731 0.5463248919085856 0
1678656703326 0.5605311920938851 0
1678656707899 0.5818406423718344 0
1678656712221 0.5778258184064237 0
1678656716728 0.5877084620135886 0
1678656721040 0.5941939468807906 0
1678656725649 0.5982087708462014 0
1678656789503 0.2603458925262508 0
1678656793928 0.4796170475602224 0
1678656798520 0.5240889437924645 0
1678656802794 0.5463248919085856 0
1678656807350 0.5790611488573193 0
1678656811988 0.58307597282273 0
1678656816495 0.5873996294008648 0
1678656820973 0.5957381099444101 0
1678656825455 0.5969734403953058 0
1678656829804 0.6096355775169858 0
1678656893292 0.21525633106856085 0
1678656897712 0.4752933909820877 0
1678656902111 0.5339715873996294 0
1678656906042 0.5589870290302656 0
1678656910429 0.5846201358863496 0
1678656914838 0.5932674490426189 0
1678656919258 0.5978999382334774 0
1678656923744 0.6167387276096356 0
1678656928123 0.6114885731933292 0
1678656932535 0.6111797405806053 0
1678656996040 0.24181593576281654 0
1678657000583 0.44749845583693637 0
1678657005157 0.5129709697344039 0
1678657009193 0.5460160592958616 0
1678657013649 0.5713403335392218 0
1678657018116 0.5880172946263126 0
1678657022747 0.5790611488573193 0
1678657027304 0.5941939468807906 0
1678657031700 0.5883261272390364 0
1678657036041 0.6111797405806053 0
1678657099769 0.19950586781964175 0
1678657104516 0.41939468807906116 0
1678657108915 0.49845583693638046 0
1678657112834 0.5308832612723904 0
1678657117366 0.5534280420012353 0
1678657121943 0.5580605311920939 0
1678657126253 0.5815318097591106 0
1678657130815 0.5744286596664607 0
1678657135275 0.5880172946263126 0
1678657139729 0.6009882643607165 0
1678657198316 0.19394688079061148 0
1678657202841 0.4169240271772699 0
1678657207323 0.49567634342186534 0
1678657211716 0.5299567634342186 0
1678657216364 0.5555898702903026 0
1678657220939 0.5540457072266831 0
1678657225749 0.5778258184064237 0
1678657230392 0.5846201358863496 0
1678657234889 0.5861642989499691 0
1678657239600 0.5824583075972822 0
1678657304110 0.17387276096355775 0
1678657308597 0.40055589870290303 0
1678657313269 0.4919703520691785 0
1678657317928 0.5216182828906732 0
1678657322505 0.5407659048795552 0
1678657326995 0.5725756639901174 0
1678657331533 0.5657813465101915 0
1678657336224 0.573810994441013 0
1678657340734 0.5596046942557134 0
1678657345291 0.5753551575046325 0
