1678655373690 3.996660098899156 0
1678655377649 3.8148284829221666 0
1678655381187 3.3987691910006106 0
1678655384952 3.641592411790043 0
1678655388552 3.469962132163346 0
1678655392355 3.682842181995511 0
1678655396148 3.67659650510177 0
1678655399860 3.5984558006748557 0
1678655403563 3.590175018645823 0
1678655407460 3.7665050770156085 0
1678655469895 4.327992006205022 0
1678655474254 4.224976115860045 0
1678655478614 4.222128084860742 0
1678655482437 3.694872919935733 0
1678655486580 4.020021935924888 0
1678655490840 4.066598498728126 0
1678655495325 4.299630752764642 0
1678655499588 4.1053705350495875 0
1678655503999 4.267980896867812 0
1678655508432 4.281200816389173 0
1678655569011 4.110875035170466 0
1678655573492 4.321123209781945 0
1678655577904 4.259086610749364 0
1678655582250 4.191318292636424 0
1678655586631 4.2311775530688465 0
1678655590965 4.195373689755797 0
1678655595274 4.160113202407956 0
1678655599748 4.328466818202287 0
1678655604099 4.206298749893904 0
1678655608438 4.202135978266597 0
1678655669495 4.311831553932279 0
1678655673763 4.121633535716683 0
1678655678391 4.476632805075496 0
1678655682743 4.202642241958529 0
1678655687206 4.324427438899875 0
1678655691736 4.385447648819536 0
1678655696160 4.287446723785251 0
1678655700629 4.329374843277037 0
1678655705083 4.306546917650849 0
1678655709285 4.0573130757547915 0
1678655770518 4.279514824971557 0
1678655774927 4.272925246972591 0
1678655779341 4.266093443147838 0
1678655783406 3.9076926270499825 0
1678655787882 4.361637884750962 0
1678655792272 4.254901679698378 0
1678655796693 4.285739745944738 0
1678655801095 4.190403861925006 0
1678655805293 4.04862927692011 0
1678655809785 4.348223228007555 0
1678655870868 4.466419809963554 0
1678655875265 4.253134155180305 0
1678655879822 4.407911749090999 0
1678655883988 3.9874695129692554 0
1678655888381 4.241701916325837 0
1678655892801 4.264235456008464 0
1678655897208 4.256386694032699 0
1678655901710 4.349977464415133 0
1678655906119 4.253446978051215 0
1678655910463 4.197158709168434 0
1678655972238 4.373056450858712 0
1678655976631 4.241614914033562 0
1678655981020 4.238443731795996 0
1678655984959 3.767774112056941 0
1678655989246 4.136279420927167 0
1678655993696 4.288235662970692 0
1678655998062 4.2193222446367145 0
1678656002556 4.314513696823269 0
1678656006988 4.215574350208044 0
1678656011509 4.392738173250109 0
1678656073910 4.289326314814389 0
1678656078521 4.46175452740863 0
1678656082994 4.31682694517076 0
1678656086769 3.628715784754604 0
1678656091031 4.127891818061471 0
1678656095312 4.100188937038183 0
1678656099647 4.177603133022785 0
1678656103912 4.127127354033291 0
1678656108269 4.2093481491319835 0
1678656112647 4.232731183990836 0
1678656174955 4.260295739863068 0
1678656179476 4.357901541981846 0
1678656184003 4.364257025998086 0
1678656188300 4.151109553873539 0
1678656192970 4.514806185849011 0
1678656197669 4.546417530626059 0
1678656201930 4.101014144252986 0
1678656206433 4.361430944874883 0
1678656210846 4.265418168157339 0
1678656215299 4.302667730022222 0
1678656276744 4.414587190840393 0
1678656281186 4.276194397360086 0
1678656285488 4.137050470802933 0
1678656289819 4.168231714982539 0
1678656294305 4.332460292149335 0
1678656298797 4.331274780910462 0
1678656303343 4.3890963164158165 0
1678656307557 4.0678241099230945 0
1678656312036 4.331663999240845 0
1678656316491 4.296840613242239 0
1678656379012 4.172814128920436 0
1678656383566 4.394771289080381 0
1678656388102 4.374017791822553 0
1678656392064 3.804398021195084 0
1678656396556 4.3448922908864915 0
1678656400941 4.224922234658152 0
1678656405418 4.321336892899126 0
1678656409927 4.349337882827967 0
1678656414347 4.250833137892187 0
1678656418949 4.390584520064294 0
1678656481685 4.315483765210956 0
1678656486189 4.353540086187422 0
1678656490783 4.436359297018498 0
1678656494731 3.7648302949965 0
1678656499229 4.30142099224031 0
1678656503468 4.101989148650318 0
1678656507633 4.0132206389680505 0
1678656512288 4.417355337180197 0
1678656516545 4.102223712019622 0
1678656520895 4.2073351922445 0
1678656584020 4.268764356151223 0
1678656588385 4.204227311071008 0
1678656592822 4.272651352919638 0
1678656597024 4.013330955989659 0
1678656601370 4.190620361827314 0
1678656605744 4.22240580432117 0
1678656610130 4.236045458819717 0
1678656614584 4.300688682124019 0
1678656618880 4.154613693244755 0
1678656623303 4.277842447627336 0
1678656686139 4.485179122071713 0
1678656690609 4.301602182909846 0
1678656694893 4.141174022108316 0
1678656698750 3.681138141080737 0
1678656703359 4.395910257939249 0
1678656707924 4.3535423362627625 0
1678656712245 4.159512190148234 0
1678656716753 4.29415033524856 0
1678656721059 4.155576600693166 0
1678656725675 4.388533836696297 0
1678656789526 4.425485243089497 0
1678656793946 4.277891436126083 0
1678656798540 4.437349589075893 0
1678656802816 4.088717791251838 0
1678656807380 4.4062728099524975 0
1678656812009 4.400317423976958 0
1678656816511 4.29979241034016 0
1678656821009 4.2725954400375485 0
1678656825482 4.303952996619046 0
1678656829833 4.189790085889399 0
1678656893310 4.359373260755092 0
1678656897736 4.258574295789003 0
1678656902130 4.236081689130515 0
1678656906066 3.767151943873614 0
1678656910448 4.247608290053904 0
1678656914856 4.234491338022053 0
1678656919282 4.238739493303001 0
1678656923774 4.276518668048084 0
1678656928151 4.19276537001133 0
1678656932563 4.221744337119162 0
1678656996062 4.366901598870754 0
1678657000614 4.368323176167905 0
1678657005176 4.394035246688873 0
1678657009210 3.8665825789794326 0
1678657013676 4.302185491193086 0
1678657018137 4.300085507333279 0
1678657022767 4.409980515949428 0
1678657027334 4.406915761996061 0
1678657031725 4.243284732569009 0
1678657036072 4.153301780112088 0
1678657099797 4.340046545024961 0
1678657104550 4.566027835942805 0
1678657108937 4.203951069153845 0
1678657112873 3.7241059131920338 0
1678657117389 4.338452058844268 0
1678657121963 4.3339916449040174 0
1678657126280 4.1447808323428035 0
1678657130835 4.382869658060372 0
1678657135298 4.287805280182511 0
1678657139761 4.298324664123356 0
1678657198339 4.204376929905266 0
1678657202862 4.350623144302517 0
1678657207342 4.315734587144107 0
1678657211740 4.223099512048066 0
1678657216384 4.485528834629804 0
1678657220969 4.403979413677007 0
1678657225769 4.63698708685115 0
1678657230414 4.463978391606361 0
1678657234909 4.336457089986652 0
1678657239628 4.553847758099437 0
1678657304129 4.270410127006471 0
1678657308617 4.32500170217827 0
1678657313290 4.510852103121579 0
1678657317948 4.434499809984118 0
1678657322528 4.428020440042019 0
1678657327019 4.296122258063406 0
1678657331554 4.32257004128769 0
1678657336244 4.506677547935396 0
1678657340754 4.3337147030979395 0
1678657345312 4.383584008086473 0
