1678655373684 0.6068157188201728 0
1678655377641 0.12274968524259508 0
1678655381182 0.040818107160085715 0
1678655384943 0.017786145071262745 0
1678655388543 0.012620317580321921 0
1678655392348 0.013043632014974285 0
1678655396141 0.00816147361100208 0
1678655399852 0.004691792713356792 0
1678655403558 0.004904448885205104 0
1678655407456 0.0028516532811544725 0
1678655469887 1.141613288747447 0
1678655474247 0.8920160265451894 0
1678655478606 0.8204241777511936 0
1678655482430 0.7595604340039042 0
1678655486573 0.7378998967583641 0
1678655490835 0.730911798135523 0
1678655495319 0.7301687723033733 0
1678655499579 0.7089244387928831 0
1678655503992 0.7045231651494059 0
1678655508424 0.7011182153571013 0
1678655569005 1.546918397188334 0
1678655573482 1.1596847537713997 0
1678655577896 1.1124403928812086 0
1678655582244 1.0872635267044455 0
1678655586624 1.0818229138372562 0
1678655590956 1.0540696920032042 0
1678655595265 1.048369887583487 0
1678655599741 1.0413666538723905 0
1678655604091 1.0349179677126803 0
1678655608431 1.0351533282311187 0
1678655669484 2.4005619936183766 0
1678655673755 1.6398410836880115 0
1678655678382 1.5229887298185785 0
1678655682736 1.4729249892667755 0
1678655687199 1.4453754697485128 0
1678655691729 1.4285789652324297 0
1678655696155 1.414888286531671 0
1678655700622 1.4088040856095727 0
1678655705073 1.4009241094701153 0
1678655709276 1.3931243622133658 0
1678655770511 2.5953201028283104 0
1678655774918 1.7457003220869776 0
1678655779332 1.6436947371357382 0
1678655783399 1.5899185184492897 0
1678655787878 1.550440347364024 0
1678655792264 1.529793935914773 0
1678655796687 1.5088796025076496 0
1678655801089 1.4946231877384104 0
1678655805284 1.4841182628040184 0
1678655809779 1.4786546088207497 0
1678655870857 2.9640072826399635 0
1678655875259 1.9943715942870548 0
1678655879812 1.7804009734737498 0
1678655883981 1.6804499640885955 0
1678655888376 1.6203774015722339 0
1678655892789 1.5881490591059797 0
1678655897201 1.570001215460567 0
1678655901701 1.5470184326319139 0
1678655906112 1.5328211955187716 0
1678655910453 1.520538823040567 0
1678655972231 3.1885286208065002 0
1678655976621 2.1029091306937335 0
1678655981014 1.8614591945462053 0
1678655984951 1.7410895200037824 0
1678655989237 1.663848685364137 0
1678655993689 1.6223925182744263 0
1678655998054 1.591041977351061 0
1678656002547 1.5808294075664877 0
1678656006978 1.5685317412506585 0
1678656011501 1.552408090265096 0
1678656073899 3.4445114383143802 0
1678656078514 2.2410582973310578 0
1678656082984 1.950689960807249 0
1678656086757 1.8057149594915436 0
1678656091024 1.7359119549881463 0
1678656095302 1.6678209968965094 0
1678656099635 1.636017326074592 0
1678656103906 1.626944132466755 0
1678656108258 1.6014175903951775 0
1678656112640 1.5992795356340508 0
1678656174945 3.5740480478933523 0
1678656179462 2.2699754660773084 0
1678656183994 1.9734489368464638 0
1678656188290 1.826298440069678 0
1678656192963 1.727669179402729 0
1678656197663 1.6860865601203263 0
1678656201916 1.6599347694484152 0
1678656206427 1.6414708650870555 0
1678656210838 1.6228361718812203 0
1678656215286 1.6051927441943936 0
1678656276736 3.5740714090852697 0
1678656281179 2.2946754977466 0
1678656285474 2.001891077706076 0
1678656289811 1.8466236099481141 0
1678656294290 1.7429649554482944 0
1678656298791 1.6912635737837944 0
1678656303336 1.655885409543071 0
1678656307547 1.6331008568893914 0
1678656312027 1.6041410212313563 0
1678656316477 1.593961681827783 0
1678656379004 3.517561122765874 0
1678656383559 2.1514966655764187 0
1678656388093 1.8920567958276902 0
1678656392055 1.7718981873333786 0
1678656396549 1.7036624537197582 0
1678656400930 1.660344602150119 0
1678656405408 1.6409401706591884 0
1678656409918 1.6107805265623378 0
1678656414335 1.5955961940463788 0
1678656418942 1.580356521912752 0
1678656481678 3.632507406391429 0
1678656486182 2.2746498955849734 0
1678656490773 1.9589902983542355 0
1678656494721 1.8130492424802915 0
1678656499216 1.7354871635454683 0
1678656503458 1.6754376904474062 0
1678656507624 1.6442326858796183 0
1678656512281 1.621085738458333 0
1678656516536 1.6168492724676056 0
1678656520886 1.590299204369251 0
1678656584012 3.6578530057703293 0
1678656588378 2.220033941039191 0
1678656592805 1.925420867726713 0
1678656597016 1.7831543125143163 0
1678656601355 1.7072680634138686 0
1678656605734 1.6677939386703557 0
1678656610119 1.64143283224312 0
1678656614577 1.620550018096132 0
1678656618874 1.5996853673509641 0
1678656623296 1.5926069544008148 0
1678656686132 3.54657532433951 0
1678656690601 2.160551931476652 0
1678656694886 1.9034168564146725 0
1678656698742 1.7736067857324083 0
1678656703349 1.716923302894319 0
1678656707913 1.6602272555149213 0
1678656712235 1.6337738421465453 0
1678656716741 1.6039736809886629 0
1678656721052 1.5936665511411086 0
1678656725661 1.5818776066764186 0
1678656789514 3.498103718613312 0
1678656793937 2.120871173370908 0
1678656798532 1.9004981458886603 0
1678656802805 1.7690090488106325 0
1678656807366 1.699872026037036 0
1678656812000 1.6568419032070356 0
1678656816503 1.6261337429303457 0
1678656820996 1.6016321833152842 0
1678656825470 1.5956161357945613 0
1678656829819 1.5696502804682533 0
1678656893303 3.571682992873919 0
1678656897726 2.1845201428397485 0
1678656902123 1.9356326205705403 0
1678656906056 1.8053753663169667 0
1678656910440 1.7328788736412892 0
1678656914849 1.6707371960016149 0
1678656919273 1.6452143046501022 0
1678656923760 1.6096318050841625 0
1678656928140 1.6130951380125897 0
1678656932550 1.5916806327626616 0
1678656996053 3.5036211903261654 0
1678657000598 2.1877974362340953 0
1678657005168 1.9303486743335594 0
1678657009201 1.7852926466330987 0
1678657013664 1.7221021067588105 0
1678657018128 1.6794240393706352 0
1678657022759 1.6371866634703478 0
1678657027322 1.6226179445135953 0
1678657031711 1.612949863343124 0
1678657036058 1.5863999541414013 0
1678657099786 3.58502721477247 0
1678657104537 2.231325400251161 0
1678657108928 1.9571977942869059 0
1678657112857 1.8038118505566263 0
1678657117375 1.732544891108253 0
1678657121954 1.6791836065300605 0
1678657126270 1.661692436128726 0
1678657130827 1.63812673172883 0
1678657135289 1.616558617614831 0
1678657139747 1.5997265308561555 0
1678657198330 3.6286300888320704 0
1678657202853 2.2234789839197338 0
1678657207333 1.9695594827653156 0
1678657211731 1.8063902295320544 0
1678657216376 1.7290125117764346 0
1678657220956 1.6645250242385252 0
1678657225761 1.645898263935987 0
1678657230405 1.6320921264363337 0
1678657234901 1.6059040690440318 0
1678657239616 1.595679270772009 0
1678657304121 3.626129148181682 0
1678657308609 2.2211300795132765 0
1678657313281 1.9473363294359929 0
1678657317939 1.8058223734673635 0
1678657322514 1.7147456138055954 0
1678657327009 1.672088066098718 0
1678657331545 1.6557202783169902 0
1678657336236 1.6145908593984206 0
1678657340745 1.6125313095872678 0
1678657345304 1.5881863288337468 0
