1679927701765 0.17443397891106485 0
1679927783966 0.06759314057385475 0
1679927867601 0.03537446884492806 0
1679927950150 0.017827515919967587 0
1679928032722 0.010521952236844762 0
1679928117630 0.007400852744637589 0
1679928201122 0.005624536343656585 0
1679928282890 0.004670385679331207 0
1679928365528 0.0037868903647369626 0
1679928449897 0.0032713774580858963 0
1679928559116 0.05793081739377854 0
1679928595318 0.044055083799114915 0
1679928631860 0.04283164932868366 0
1679928668299 0.04155128360814056 0
1679928704579 0.041108599697203096 0
1679928740667 0.04028434338647292 0
1679928777010 0.03988885570702508 0
1679928813406 0.03953719973358091 0
1679928849142 0.03916123701907488 0
1679928886057 0.0389881704390331 0
1679928983168 0.049739512141788546 0
1679929019658 0.04801506299140498 0
1679929055765 0.04729564765026302 0
1679929092155 0.046889263054754535 0
1679929128421 0.04630857449583438 0
1679929165135 0.04614969127400734 0
1679929200988 0.04604386932215229 0
1679929237339 0.045848792923134485 0
1679929273496 0.045526841888543126 0
1679929310007 0.04533271165632438 0
1679929408817 0.05908212894262011 0
1679929445671 0.05849911216673546 0
1679929482011 0.058257920545521785 0
1679929518621 0.057919079505633755 0
1679929554819 0.05743434209121714 0
1679929590791 0.0573243248117803 0
1679929627064 0.057229088340090176 0
1679929663649 0.05705592765579925 0
1679929700058 0.05685196919407386 0
1679929736734 0.05683221502617283 0
1679929837823 0.05783399433613344 0
1679929874669 0.05759991029768184 0
1679929911260 0.05726095150716961 0
1679929948222 0.0571279382655801 0
1679929984801 0.05717082671398159 0
1679930021270 0.057068946721165116 0
1679930057484 0.05677636060999297 0
1679930093931 0.05689045275511353 0
1679930130551 0.056855403358629174 0
1679930166042 0.05680058986555888 0
1679930268958 0.05999555626377095 0
1679930305800 0.059757553442249825 0
1679930341896 0.059524104845055326 0
1679930378517 0.05936590416202379 0
1679930414843 0.05946502674051074 0
1679930451277 0.05935821449587439 0
1679930487904 0.05946912269990517 0
1679930523578 0.05938450242169039 0
1679930559728 0.059340538568198244 0
1679930596110 0.05905250479159484 0
1679930700949 0.05730297999337402 0
1679930737412 0.05705963448772943 0
1679930774394 0.05707712099497575 0
1679930811112 0.05698165395513697 0
1679930848214 0.05685193571370355 0
1679930884406 0.05687399971472143 0
1679930920481 0.05680720991086821 0
1679930956580 0.05692220880747448 0
1679930993076 0.05684430882616272 0
1679931029643 0.0567920658964837 0
1679931136980 0.059054380870250944 0
1679931173359 0.05886043327708924 0
1679931209917 0.058858128519035706 0
1679931246825 0.05886699892255629 0
1679931283311 0.05887117963500841 0
1679931320441 0.058795287642021514 0
1679931357226 0.05872966902503787 0
1679931394170 0.05870649819587206 0
1679931431236 0.05870305158761005 0
1679931468214 0.0586679607337384 0
1679931578476 0.055124178962589525 0
1679931615602 0.05507431144580744 0
1679931652960 0.055019289108733424 0
1679931689624 0.05503426930898315 0
1679931726586 0.05500794257670424 0
1679931763016 0.054958199184751234 0
1679931800244 0.05503547369479439 0
1679931837125 0.05490211373007974 0
1679931873448 0.05501056950555618 0
1679931910220 0.054945197791468454 0
1679932022444 0.05581920204146161 0
1679932059714 0.05563419856433858 0
1679932096819 0.055627809791502655 0
1679932134493 0.05565125039401525 0
1679932171894 0.05559703781227588 0
1679932209067 0.05558589416054579 0
1679932245597 0.05558423260808078 0
1679932282321 0.05554181063231432 0
1679932318908 0.05554160764454411 0
1679932355674 0.055539548021291095 0
1679932470021 0.05651997872987515 0
1679932506173 0.056498165598906455 0
1679932542960 0.05637538181468736 0
1679932579882 0.05637120406700534 0
1679932616077 0.05631492917020595 0
1679932652315 0.05627662766578416 0
1679932688963 0.05630832981573095 0
1679932725269 0.05628522333121022 0
1679932761742 0.056280769391481536 0
1679932798113 0.056201523996813676 0
1679932915850 0.05464874817247408 0
1679932953082 0.05458204559981823 0
1679932990129 0.05455098313319942 0
1679933027053 0.054538708363754164 0
1679933064264 0.05450366033052189 0
1679933100881 0.05454511651364358 0
1679933137669 0.054516781780166904 0
1679933174198 0.05445864774502706 0
1679933210532 0.05450338245086048 0
1679933247091 0.05453961365248846 0
1679933366820 0.053413324848597135 0
1679933404002 0.05336679744555853 0
1679933441184 0.05331502553768629 0
1679933478849 0.053309126478230016 0
1679933515881 0.05326546409687157 0
1679933553061 0.053287060324882354 0
1679933589990 0.05323627492315461 0
1679933626909 0.05317188179943451 0
1679933664135 0.053271764412868856 0
1679933700598 0.05322009983992334 0
1679933822901 0.05608420124736385 0
1679933859582 0.05609427200819271 0
1679933896617 0.05604050381352072 0
1679933933449 0.056061754759023155 0
1679933970379 0.05603556000236152 0
1679934007205 0.056009738881518875 0
1679934044049 0.05597600236103155 0
1679934081184 0.05602269831882871 0
1679934117664 0.055972937972325346 0
1679934155203 0.055932261530255926 0
1679934280673 0.05283044876287813 0
1679934318083 0.05281190600084222 0
1679934355479 0.05282578904559647 0
1679934392721 0.05278904073858175 0
1679934429978 0.05283928944364838 0
1679934467351 0.05278719410408234 0
1679934504361 0.052744123183082844 0
1679934541355 0.05278349081459253 0
1679934578291 0.05274461663827516 0
1679934615508 0.05274091817546582 0
1679934743339 0.053839707234199494 0
1679934780412 0.05380577033088691 0
1679934817850 0.053745877081393334 0
1679934855355 0.05377202214862126 0
1679934892462 0.053716985346830406 0
1679934929705 0.05374388109514679 0
1679934966923 0.053762931495473 0
1679935003715 0.053741431322650635 0
1679935040852 0.05368833617995614 0
1679935077754 0.0537795443897662 0
1679935208437 0.05362163233584252 0
1679935245026 0.05352318140313677 0
1679935281577 0.0535649469419234 0
1679935318751 0.05357512432433989 0
1679935356218 0.05358108563915543 0
1679935393459 0.05353904392408288 0
1679935431352 0.0535811098859362 0
1679935468058 0.05349560602419618 0
1679935505107 0.053535955836591514 0
1679935541495 0.05355421145972998 0
1679935674217 0.05250969077027295 0
1679935711354 0.05247817643333313 0
1679935748451 0.05249788108563354 0
1679935785341 0.052444396892475875 0
1679935821379 0.05244452739134431 0
1679935858017 0.052435980990615694 0
1679935895040 0.05244809739984745 0
1679935932326 0.052406721066163724 0
1679935968813 0.05244668598048562 0
1679936006368 0.052383682360266186 0
1679936142218 0.05304997169407289 0
1679936179110 0.05304716108366847 0
1679936217139 0.0530846626847724 0
1679936254513 0.05304036859013786 0
1679936291831 0.053010598401070676 0
1679936329071 0.05304543210753385 0
1679936366676 0.0530117916998405 0
1679936404228 0.05301525351736759 0
1679936441975 0.05297065314680682 0
1679936479341 0.05293818168083712 0
1679936617937 0.05240542354143184 0
1679936655375 0.05232067783565625 0
1679936692611 0.05233555215856303 0
1679936730294 0.0523345697671175 0
1679936767295 0.05226806292607301 0
1679936804951 0.05230607134492501 0
1679936842069 0.05229115259388219 0
1679936879933 0.05225203530727953 0
1679936917617 0.052282440030704376 0
1679936954963 0.05224542696082937 0
