1679402933073 4.335408335085958 0
1679402937247 4.017310237977654 0
1679402941562 4.161781914066523 0
1679402945951 4.245428517926484 0
1679402950183 4.0605542350094765 0
1679402954342 4.015921771060675 0
1679402958455 3.960052113980055 0
1679402962760 4.145787140936591 0
1679402967170 4.25220543902833 0
1679402971425 4.09932740801014 0
1679402984358 4.0935976470354944 0
1679402988590 4.0816254609962925 0
1679402992570 3.8166984639829025 0
1679402996785 4.032718400005251 0
1679403000885 3.9514088010182604 0
1679403005217 4.157624250976369 0
1679403009469 4.0939255229895934 0
1679403014151 4.530099708936177 0
1679403018470 4.16212282795459 0
1679403022719 4.079345660051331 0
1679403038320 3.9324271839577705 0
1679403041928 3.4061349539551884 0
1679403046121 4.039972134050913 0
1679403050380 4.093684852938168 0
1679403054659 4.11916173400823 0
1679403058595 3.768928208039142 0
1679403062813 4.0690935079474 0
1679403067015 4.05182876100298 0
1679403071332 4.163428500993177 0
1679403075699 4.220637610997073 0
1679403091602 4.260859375935979 0
1679403096077 4.314089829917066 0
1679403100389 4.140455591958016 0
1679403104526 3.9783570029539987 0
1679403108293 3.5684127380372956 0
1679403112115 3.64874089602381 0
1679403116476 4.189624505932443 0
1679403120667 4.021572223980911 0
1679403124400 3.5714900461025536 0
1679403128764 4.164034670917317 0
1679403144747 3.789485235931352 0
1679403149125 4.223840264021419 0
1679403153620 4.333616646006703 0
1679403157865 4.085663759964518 0
1679403162154 4.141327827004716 0
1679403166346 4.038353004958481 0
1679403170722 4.104697505012155 0
1679403175074 4.194708218914457 0
1679403178288 3.013761740992777 0
1679403182804 4.339119920041412 0
1679403199257 4.076367213972844 0
1679403203792 4.374872746993788 0
1679403208048 4.096626348909922 0
1679403212273 4.0767388379899785 0
1679403216466 4.025505764991976 0
1679403221027 4.402071151998825 0
1679403225424 4.232273104018532 0
1679403229747 4.168932326021604 0
1679403234146 4.23004083998967 0
1679403238585 4.275530398008414 0
1679403255907 3.8914974499493837 0
1679403260246 4.174073930946179 0
1679403264686 4.2723928350023925 0
1679403269067 4.224537550006062 0
1679403273406 4.1593080459861085 0
1679403277659 4.08642178401351 0
1679403281928 4.094825114007108 0
1679403286205 4.098460049019195 0
1679403290474 4.10585082299076 0
1679403294693 4.043631404056214 0
1679403311671 4.206527131958865 0
1679403316103 4.2516755820252 0
1679403320661 4.387528458959423 0
1679403325027 4.203432043083012 0
1679403329520 4.3365610300097615 0
1679403333890 4.195488261990249 0
1679403338229 4.169611699995585 0
1679403342602 4.184408519999124 0
1679403346926 4.1590829429915175 0
1679403351205 4.126877075061202 0
1679403367916 4.002260876004584 0
1679403372152 4.051675822935067 0
1679403376359 4.0427312889369205 0
1679403380474 3.948058219975792 0
1679403384903 4.276198347099125 0
1679403389112 4.044047693023458 0
1679403393447 4.17691579204984 0
1679403397928 4.2855376889929175 0
1679403402393 4.307780834962614 0
1679403406790 4.227687795064412 0
1679403424353 4.219188470975496 0
1679403428492 3.9757891229819506 0
1679403433278 4.554350688005798 0
1679403437975 4.538104424951598 0
1679403442145 4.000324364984408 0
1679403446339 4.025582012953237 0
1679403450730 4.227186149917543 0
1679403455165 4.215321636991575 0
1679403459777 4.4357090359553695 0
1679403464207 4.270257878000848 0
1679403481672 4.1648867970798165 0
1679403485990 4.1446747709997 0
1679403490047 3.8399773569544777 0
1679403494607 4.367040812037885 0
1679403499276 4.446983860922046 0
1679403503404 3.9637949749594554 0
1679403507825 4.243587138946168 0
1679403512253 4.27048580092378 0
1679403516713 4.285586510901339 0
1679403521176 4.295745334937237 0
1679403538953 4.113669024081901 0
1679403543226 4.0984290019841865 0
1679403547656 4.2548860859824345 0
1679403551983 4.0704511270159855 0
1679403556652 4.459102898021229 0
1679403560985 4.144679733086377 0
1679403564951 3.7793179790023714 0
1679403569540 4.417729265987873 0
1679403574038 4.296599911991507 0
1679403578706 4.485199732007459 0
1679403596785 4.202309707994573 0
1679403601113 4.168026241008192 0
1679403605568 4.279114441946149 0
1679403609867 4.12831462896429 0
1679403614275 4.154174528084695 0
1679403619100 4.632247500005178 0
1679403623612 4.321278796996921 0
1679403627695 3.909610836999491 0
1679403632184 4.3040580310625955 0
1679403636742 4.366414834046736 0
1679403655330 4.18065462494269 0
1679403659802 4.298356052022427 0
1679403664104 4.121070205932483 0
1679403668496 4.216474578017369 0
1679403672779 4.116367768961936 0
1679403677275 4.2400611059274524 0
1679403682070 4.5970199999865144 0
1679403686485 4.237129555083811 0
1679403690693 4.027260963921435 0
1679403695235 4.351048102020286 0
1679403714033 4.358182847965509 0
1679403718734 4.51598548295442 0
1679403723289 4.369060170953162 0
1679403727974 4.496688273968175 0
1679403732354 4.212824987946078 0
1679403736707 4.183984774979763 0
1679403740430 3.4709370069904253 0
1679403745171 4.539009242900647 0
1679403749557 4.198739740997553 0
1679403753845 4.0989803140982985 0
1679403772826 4.119808641960844 0
1679403777117 4.122410936979577 0
1679403781559 4.262921149027534 0
1679403786167 4.419429264031351 0
1679403790830 4.477412748034112 0
1679403795289 4.289854148984887 0
1679403799719 4.231158607057296 0
1679403803421 3.4630813440307975 0
1679403808067 4.454326064907946 0
1679403812718 4.444417128106579 0
1679403832206 4.277288694051094 0
1679403836546 4.159861961030401 0
1679403841073 4.2900068069575354 0
1679403845678 4.426848105969839 0
1679403850361 4.505747899995185 0
1679403854961 4.39790856000036 0
1679403859450 4.287845417973585 0
1679403863917 4.275384320993908 0
1679403867773 3.6303601500112563 0
1679403872145 4.188473392976448 0
1679403891145 4.33045071689412 0
1679403895641 4.3135122859384865 0
1679403899980 4.161126750987023 0
1679403904448 4.26695723796729 0
1679403908716 4.088001370080747 0
1679403913382 4.4097955509787425 0
1679403918126 4.555017072940245 0
1679403922821 4.510453767958097 0
1679403927510 4.5080273089697585 0
1679403930966 3.2710667479550466 0
1679403951487 4.183933689957485 0
1679403955832 4.143618041067384 0
1679403960375 4.31074482598342 0
1679403964920 4.356279173051007 0
1679403969299 4.188539781025611 0
1679403973952 4.462865715962835 0
1679403978382 4.244711235980503 0
1679403983003 4.432939311955124 0
1679403987587 4.384517291095108 0
1679403991664 3.8256760380463675 0
1679404013473 4.436455785995349 0
1679404018028 4.355939759989269 0
1679404022659 4.44442492199596 0
1679404027403 4.541263706050813 0
1679404031992 4.399635617039166 0
1679404036515 4.325768279959448 0
1679404041028 4.322389721986838 0
1679404045407 4.19958823104389 0
1679404049908 4.292508370010182 0
1679404054444 4.2973787089576945 0
