1679858992035 0.977161472697187 0
1679859049078 0.9905715664644236 0
1679859106013 0.9938637617209046 0
1679859163567 0.9950703254274683 0
1679859221787 0.9958632101489244 0
1679859279625 0.9968629343629344 0
1679859337424 0.9973800330943188 0
1679859394173 0.9980522614451186 0
1679859451335 0.9975696359624932 0
1679859508965 0.9985004136789851 0
1679859531842 0.6608552631578948 0
1679859539310 0.9802631578947368 0
1679859546793 0.9947368421052631 0
1679859553968 0.9990131578947369 0
1679859561520 0.999671052631579 0
1679859568983 0.9993421052631579 0
1679859576868 0.9983552631578947 0
1679859584131 1.0 0
1679859591629 0.999671052631579 0
1679859598991 0.999671052631579 0
1679859622350 0.7519736842105263 0
1679859630008 0.9953947368421052 0
1679859637447 0.9973684210526316 0
1679859645136 0.9990131578947369 0
1679859652724 0.9967105263157895 0
1679859660273 0.999671052631579 0
1679859667758 1.0 0
1679859675270 1.0 0
1679859683096 1.0 0
1679859690714 0.9950657894736842 0
1679859714061 0.7042763157894737 0
1679859721698 0.9578947368421052 0
1679859729247 0.9825657894736842 0
1679859736933 0.99375 0
1679859744538 0.9970394736842105 0
1679859752252 0.9980263157894737 0
1679859759946 0.9990131578947369 0
1679859767414 0.9973684210526316 0
1679859774807 0.9990131578947369 0
1679859782384 0.9986842105263158 0
1679859806804 0.7881578947368421 0
1679859814617 0.9819078947368421 0
1679859822181 0.9878289473684211 0
1679859829494 0.9944078947368421 0
1679859837112 0.9957236842105263 0
1679859844736 0.9990131578947369 0
1679859852338 0.9986842105263158 0
1679859859975 0.9990131578947369 0
1679859867621 0.999671052631579 0
1679859875331 1.0 0
1679859901023 0.7078947368421052 0
1679859909185 0.9572368421052632 0
1679859917420 0.9848684210526316 0
1679859925664 0.9924342105263158 0
1679859932924 0.9957236842105263 0
1679859940670 0.9970394736842105 0
1679859948402 0.9990131578947369 0
1679859956202 0.9993421052631579 0
1679859963788 0.9990131578947369 0
1679859971439 1.0 0
1679859997142 0.6950657894736842 0
1679860004917 0.9476973684210527 0
1679860012568 0.9799342105263158 0
1679860020554 0.9855263157894737 0
1679860028142 0.9940789473684211 0
1679860036088 0.9953947368421052 0
1679860043836 0.9973684210526316 0
1679860051890 0.9970394736842105 0
1679860059444 0.9963815789473685 0
1679860067276 0.9973684210526316 0
1679860092963 0.7302631578947368 0
1679860100921 0.9555921052631579 0
1679860108773 0.9717105263157895 0
1679860116427 0.9917763157894737 0
1679860124203 0.9927631578947368 0
1679860131935 0.9950657894736842 0
1679860139659 0.9967105263157895 0
1679860147194 0.9986842105263158 0
1679860154965 0.9983552631578947 0
1679860162656 0.9957236842105263 0
1679860189808 0.6529605263157895 0
1679860197483 0.9368421052631579 0
1679860205319 0.9723684210526315 0
1679860213031 0.9878289473684211 0
1679860220539 0.9845394736842106 0
1679860228139 0.9865131578947368 0
1679860235799 0.9940789473684211 0
1679860243314 0.99375 0
1679860251211 0.9976973684210526 0
1679860258948 0.999671052631579 0
1679860286627 0.5450657894736842 0
1679860294643 0.8973684210526316 0
1679860302232 0.9667763157894737 0
1679860309903 0.9838815789473684 0
1679860317514 0.9884868421052632 0
1679860325623 0.9878289473684211 0
1679860333270 0.9914473684210526 0
1679860341148 0.9957236842105263 0
1679860348829 0.9947368421052631 0
1679860356665 0.9957236842105263 0
1679860384666 0.5789473684210527 0
1679860392347 0.8934210526315789 0
1679860399943 0.9532894736842106 0
1679860407796 0.9746710526315789 0
1679860415448 0.9891447368421052 0
1679860423338 0.9881578947368421 0
1679860430926 0.9930921052631579 0
1679860438707 0.9970394736842105 0
1679860446251 0.9950657894736842 0
1679860454194 0.9957236842105263 0
1679860483093 0.4911184210526316 0
1679860490970 0.8365131578947368 0
1679860498738 0.95 0
1679860506630 0.9799342105263158 0
1679860514433 0.9881578947368421 0
1679860522241 0.9940789473684211 0
1679860529881 0.9983552631578947 0
1679860537611 0.9927631578947368 0
1679860545163 0.9940789473684211 0
1679860552792 0.9957236842105263 0
1679860581380 0.8184210526315789 0
1679860589524 0.9842105263157894 0
1679860597357 0.9911184210526316 0
1679860605479 0.9950657894736842 0
1679860613833 0.9980263157894737 0
1679860621884 0.9993421052631579 0
1679860629632 0.999671052631579 0
1679860637346 0.9993421052631579 0
1679860645265 1.0 0
1679860653086 1.0 0
1679860683145 0.7493421052631579 0
1679860691192 0.9657894736842105 0
1679860698867 0.9802631578947368 0
1679860706735 0.9865131578947368 0
1679860714611 0.9832236842105263 0
1679860722815 0.9944078947368421 0
1679860730590 0.9983552631578947 0
1679860738627 0.9957236842105263 0
1679860746671 0.9917763157894737 0
1679860754482 0.9970394736842105 0
1679860784217 0.8299342105263158 0
1679860792137 0.9878289473684211 0
1679860800074 0.9944078947368421 0
1679860807769 0.9976973684210526 0
1679860815485 1.0 0
1679860823605 1.0 0
1679860831623 0.999671052631579 0
1679860839671 0.9983552631578947 0
1679860847650 0.9986842105263158 0
1679860855398 0.9960526315789474 0
1679860885748 0.6503289473684211 0
1679860893494 0.9513157894736842 0
1679860901587 0.9773026315789474 0
1679860909719 0.9878289473684211 0
1679860917711 0.993421052631579 0
1679860925703 0.9924342105263158 0
1679860933576 0.9930921052631579 0
1679860941664 0.9970394736842105 0
1679860949901 0.9950657894736842 0
1679860957599 0.9957236842105263 0
1679860988961 0.8101973684210526 0
1679860996910 0.9950657894736842 0
1679861004883 0.9980263157894737 0
1679861012842 0.9957236842105263 0
1679861020857 0.9983552631578947 0
1679861028703 0.9980263157894737 0
1679861036571 0.9970394736842105 0
1679861044505 0.9993421052631579 0
1679861052618 0.9993421052631579 0
1679861060889 1.0 0
1679861102048 0.6611842105263158 0
1679861109923 0.9493421052631579 0
1679861117834 0.9769736842105263 0
1679861125740 0.9865131578947368 0
1679861133802 0.9868421052631579 0
1679861141553 0.9917763157894737 0
1679861149245 0.99375 0
1679861157227 0.9967105263157895 0
1679861165092 0.9986842105263158 0
1679861173274 0.9990131578947369 0
1679861205400 0.7858552631578948 0
1679861213351 0.975328947368421 0
1679861221149 0.9832236842105263 0
1679861228924 0.9917763157894737 0
1679861236980 0.9967105263157895 0
1679861245098 0.9990131578947369 0
1679861252983 0.9983552631578947 0
1679861260916 0.9990131578947369 0
1679861268968 0.999671052631579 0
1679861277038 0.999671052631579 0
1679861310371 0.6486842105263158 0
1679861318271 0.9226973684210527 0
1679861326428 0.9756578947368421 0
1679861334498 0.9894736842105263 0
1679861342978 0.993421052631579 0
1679861351084 0.9940789473684211 0
1679861359343 0.99375 0
1679861367353 0.9967105263157895 0
1679861375487 0.9921052631578947 0
1679861383539 0.9861842105263158 0
