1679623371402 0.9790195959104186 0
1679623528728 0.9953748782862707 0
1679623683090 0.9972310126582279 0
1679623838608 0.9972766553067186 0
1679623992716 0.9975657254138267 0
1679624147283 0.997991723466407 0
1679624305425 0.9987676484907497 0
1679624463770 0.9981134371957157 0
1679624626886 0.9993610029211295 0
1679624783704 0.9987524342745862 0
1679624851522 0.92035 0
1679624900577 0.9943 0
1679624949439 0.99615 0
1679624997358 0.9987 0
1679625045471 0.99705 0
1679625094559 0.9987 0
1679625143315 0.9968 0
1679625191265 0.9981 0
1679625240535 0.9983 0
1679625289132 0.9993 0
1679625358023 0.9092 0
1679625407348 0.99 0
1679625456049 0.99285 0
1679625504059 0.99675 0
1679625553055 0.9978 0
1679625600885 0.9957 0
1679625649475 0.9985 0
1679625698338 0.9964 0
1679625746586 0.99895 0
1679625794729 0.99645 0
1679625865627 0.85735 0
1679625914314 0.9812 0
1679625963047 0.9909 0
1679626011177 0.9931 0
1679626059985 0.9931 0
1679626109064 0.9949 0
1679626157305 0.9948 0
1679626205441 0.99675 0
1679626253150 0.9946 0
1679626302117 0.9964 0
1679626374743 0.83245 0
1679626423361 0.97925 0
1679626472325 0.988 0
1679626520881 0.9914 0
1679626569874 0.9932 0
1679626618632 0.9927 0
1679626667228 0.99345 0
1679626715575 0.9951 0
1679626763986 0.9956 0
1679626812959 0.9934 0
1679626887628 0.81815 0
1679626935897 0.97615 0
1679626984317 0.98955 0
1679627032642 0.9901 0
1679627081763 0.9938 0
1679627130981 0.9912 0
1679627180115 0.99325 0
1679627228461 0.99355 0
1679627277775 0.99645 0
1679627326661 0.99445 0
1679627402528 0.8257 0
1679627451178 0.9823 0
1679627499412 0.991 0
1679627550316 0.99305 0
1679627598763 0.99325 0
1679627647585 0.994 0
1679627696651 0.99285 0
1679627746595 0.993 0
1679627795181 0.99485 0
1679627844644 0.997 0
1679627922369 0.80245 0
1679627970894 0.97465 0
1679628026210 0.9872 0
1679628075079 0.9886 0
1679628124539 0.99145 0
1679628172928 0.9917 0
1679628222056 0.9934 0
1679628270285 0.9933 0
1679628318686 0.9962 0
1679628368059 0.99365 0
1679628447414 0.8504 0
1679628496156 0.98045 0
1679628544386 0.9897 0
1679628593153 0.9906 0
1679628648718 0.99175 0
1679628698132 0.99365 0
1679628746967 0.99255 0
1679628796191 0.99395 0
1679628845399 0.99475 0
1679628894289 0.99645 0
1679628975024 0.79885 0
1679629024379 0.9626 0
1679629073305 0.9813 0
1679629121651 0.98715 0
1679629171089 0.99075 0
1679629219841 0.98845 0
1679629269209 0.99215 0
1679629317921 0.99245 0
1679629374132 0.99425 0
1679629423368 0.99155 0
1679629505922 0.82245 0
1679629555350 0.9724 0
1679629604937 0.98465 0
1679629653801 0.99065 0
1679629703132 0.99255 0
1679629751988 0.99205 0
1679629800476 0.9914 0
1679629849417 0.9926 0
1679629898351 0.99355 0
1679629947463 0.9932 0
1679630032511 0.76905 0
1679630082075 0.95585 0
1679630130855 0.97725 0
1679630179971 0.98485 0
1679630228694 0.98365 0
1679630283867 0.98895 0
1679630333227 0.98885 0
1679630382873 0.98875 0
1679630431563 0.99375 0
1679630480983 0.99055 0
1679630568201 0.82105 0
1679630617265 0.97565 0
1679630665945 0.98855 0
1679630715055 0.9912 0
1679630764504 0.992 0
1679630813302 0.99005 0
1679630862091 0.99395 0
1679630911407 0.9944 0
1679630960754 0.99265 0
1679631009106 0.9926 0
1679631098428 0.79925 0
1679631147711 0.9675 0
1679631197572 0.98625 0
1679631246734 0.9898 0
1679631302463 0.9906 0
1679631351711 0.99225 0
1679631401086 0.9922 0
1679631449417 0.99025 0
1679631498960 0.99315 0
1679631548204 0.99375 0
1679631638922 0.724 0
1679631688112 0.94365 0
1679631737599 0.9721 0
1679631786699 0.98085 0
1679631836683 0.98435 0
1679631885935 0.98575 0
1679631935601 0.98665 0
1679631985003 0.989 0
1679632034844 0.98865 0
1679632083484 0.9897 0
1679632176330 0.7025 0
1679632225314 0.93185 0
1679632274504 0.9671 0
1679632323994 0.97945 0
1679632373201 0.9832 0
1679632428901 0.9844 0
1679632478557 0.98595 0
1679632527897 0.98855 0
1679632577799 0.98605 0
1679632627330 0.98765 0
1679632722410 0.73225 0
1679632770815 0.94995 0
1679632818639 0.9765 0
1679632868024 0.98105 0
1679632917200 0.9847 0
1679632966222 0.98515 0
1679633015496 0.98845 0
1679633063948 0.9874 0
1679633112506 0.99125 0
1679633161571 0.98945 0
1679633258080 0.7334 0
1679633307762 0.9376 0
1679633356483 0.9697 0
1679633405325 0.98085 0
1679633454576 0.9848 0
1679633504030 0.9831 0
1679633552851 0.9854 0
1679633601699 0.98585 0
1679633651314 0.98755 0
1679633699988 0.991 0
1679633809338 0.71415 0
1679633858464 0.93965 0
1679633907724 0.97285 0
1679633956280 0.9811 0
1679634005347 0.9844 0
1679634054025 0.9845 0
1679634103210 0.9856 0
1679634152477 0.9852 0
1679634201738 0.9862 0
1679634251096 0.9877 0
1679634352795 0.66865 0
1679634401783 0.9057 0
1679634450810 0.9562 0
1679634500589 0.97615 0
1679634550563 0.9779 0
1679634599753 0.97585 0
1679634649017 0.9831 0
1679634698504 0.9854 0
1679634747184 0.9826 0
1679634796587 0.98535 0
