1679623371416 0.06182079374186328 0
1679623528744 0.015973975953908006 0
1679623683101 0.010570482803735412 0
1679623838613 0.012295841005022084 0
1679623992726 0.008810560626726558 0
1679624147294 0.00766133561688186 0
1679624305435 0.003917130814459142 0
1679624463786 0.007726087543630516 0
1679624626897 0.0024746106413989365 0
1679624783719 0.005246395638437268 0
1679624851533 0.542095499536395 0
1679624900587 0.027687551020085813 0
1679624949455 0.021835460703074933 0
1679624997370 0.0133772743165493 0
1679625045484 0.02018280971944332 0
1679625094570 0.014135512219369411 0
1679625143325 0.023383531981706618 0
1679625191275 0.018907678250968455 0
1679625240546 0.01573196862787008 0
1679625289143 0.011894325117766858 0
1679625358034 0.5944361391335726 0
1679625407360 0.04809171143621206 0
1679625456064 0.04050452463924885 0
1679625504069 0.026780394315719606 0
1679625553066 0.021658236695826054 0
1679625600899 0.03173905280679464 0
1679625649487 0.019430274339020254 0
1679625698353 0.030089846268296243 0
1679625746598 0.018013128873705864 0
1679625794740 0.028835488641262053 0
1679625865644 0.6991979885905981 0
1679625914322 0.07980978390872479 0
1679625963059 0.05043896743357182 0
1679626011188 0.04178156639039517 0
1679626060002 0.04456983884274959 0
1679626109075 0.03844148201942444 0
1679626157317 0.0409668579518795 0
1679626205454 0.030542497903108597 0
1679626253163 0.039980281588435175 0
1679626302128 0.03328110009431839 0
1679626374753 0.8396303164303303 0
1679626423372 0.08869870847463608 0
1679626472340 0.059750093829631805 0
1679626520891 0.050265744933485984 0
1679626569893 0.04432003121674061 0
1679626618643 0.04947383925318718 0
1679626667242 0.04736948994994163 0
1679626715590 0.03974213196635246 0
1679626764002 0.039466487088799476 0
1679626812966 0.04547898217439651 0
1679626887640 0.948853736308217 0
1679626935908 0.08942982800900937 0
1679626984332 0.054041818764805793 0
1679627032654 0.05258294181227684 0
1679627081774 0.04342057233154774 0
1679627130995 0.04952775640785694 0
1679627180131 0.04731095513999462 0
1679627228472 0.04582439189851284 0
1679627277786 0.03480432050526142 0
1679627326672 0.04387965334951877 0
1679627402539 0.9387162885546684 0
1679627451189 0.07677372821867466 0
1679627499424 0.05099757547676563 0
1679627550328 0.045034711623191837 0
1679627598774 0.0447214620411396 0
1679627647597 0.046752553096413615 0
1679627696671 0.05111080777347088 0
1679627746605 0.04920695769786835 0
1679627795192 0.045366092884540556 0
1679627844656 0.03957585496306419 0
1679627922382 1.0013397973775864 0
1679627970904 0.09954462619125844 0
1679628026221 0.06099115112423897 0
1679628075092 0.05576679648458958 0
1679628124553 0.05149946227669716 0
1679628172943 0.04899955072999001 0
1679628222079 0.04632044916152954 0
1679628270294 0.04765920439064503 0
1679628318697 0.039064905366301535 0
1679628368068 0.04963409381508827 0
1679628447429 0.8524633842587471 0
1679628496168 0.07767841030657291 0
1679628544404 0.05257425525188446 0
1679628593165 0.049023266112804414 0
1679628648733 0.04896299863159657 0
1679628698154 0.043795615583658215 0
1679628746979 0.045130062210559846 0
1679628796202 0.04787120356857777 0
1679628845411 0.042102410626411436 0
1679628894300 0.03698919234871864 0
1679628975036 1.0070901441454887 0
1679629024395 0.1301675372749567 0
1679629073318 0.0778708818167448 0
1679629121664 0.06307276074588299 0
1679629171107 0.05112765402793884 0
1679629219853 0.059273775178194044 0
1679629269223 0.051235122093558315 0
1679629317936 0.050709127998352053 0
1679629374143 0.04860511067211628 0
1679629423381 0.05293971922397613 0
1679629505935 0.9674602244764566 0
1679629555362 0.1022304826080799 0
1679629604953 0.06405197436213493 0
1679629653820 0.05207025001347065 0
1679629703151 0.046425095075368884 0
1679629752002 0.05249016703367233 0
1679629800488 0.05647779046297073 0
1679629849429 0.05146829291582108 0
1679629898363 0.04932770985066891 0
1679629947479 0.05139338822364807 0
1679630032531 1.0983853139519693 0
1679630082086 0.15992891433238984 0
1679630130873 0.09031434284746646 0
1679630179985 0.06842206597924233 0
1679630228707 0.07690246604681016 0
1679630283878 0.06142505006790161 0
1679630333238 0.06261190049648285 0
1679630382883 0.06391661917567253 0
1679630431583 0.05269450850486755 0
1679630481007 0.06424442046880723 0
1679630568213 1.024887655839324 0
1679630617280 0.09108512408137322 0
1679630665959 0.05838278266489506 0
1679630715071 0.05101052188873291 0
1679630764516 0.04913247043192387 0
1679630813314 0.053484123077988624 0
1679630862102 0.0460408325523138 0
1679630911419 0.04768943218588829 0
1679630960768 0.05329573986530304 0
1679631009117 0.05367776656150818 0
1679631098449 1.0250455478072167 0
1679631147722 0.1192349897146225 0
1679631197583 0.06515338262319564 0
1679631246746 0.0555205754429102 0
1679631302475 0.05519732179045677 0
1679631351723 0.05068329412341118 0
1679631401098 0.051182887333631515 0
1679631449428 0.05832595660090446 0
1679631498972 0.05353603218197823 0
1679631548216 0.05042687503695488 0
1679631638945 1.3291542076349259 0
1679631688124 0.18844779731631278 0
1679631737612 0.10619631527364254 0
1679631786707 0.08555075029134751 0
1679631836695 0.07751667000651359 0
1679631885946 0.07419081737995148 0
1679631935615 0.07746269750595093 0
1679631985015 0.06990383697748184 0
1679632034855 0.0747598426759243 0
1679632083495 0.07144848418831826 0
1679632176353 1.334053838264942 0
1679632225327 0.22681296543478965 0
1679632274516 0.12131257192492485 0
1679632324006 0.09210986304283142 0
1679632373216 0.08254298191070557 0
1679632428915 0.08370339587926864 0
1679632478577 0.08042492437958718 0
1679632527911 0.07574068031907082 0
1679632577812 0.08804437476396561 0
1679632627343 0.08403650278449058 0
1679632722420 1.3265910445570945 0
1679632770826 0.17454656275212765 0
1679632818651 0.09164727964997292 0
1679632868035 0.08302273454368114 0
1679632917215 0.07790986924767494 0
1679632966237 0.07765002689361572 0
1679633015509 0.07132087994217873 0
1679633063962 0.07689072594046592 0
1679633112527 0.06401289746165276 0
1679633161583 0.0732057157278061 0
1679633258092 1.242970635139942 0
1679633307775 0.20841934005916118 0
1679633356495 0.11292008878290653 0
1679633405338 0.08524207507371903 0
1679633454590 0.07770002179145813 0
1679633504043 0.08525978148579598 0
1679633552862 0.08099923597574234 0
1679633601712 0.08142943642735481 0
1679633651326 0.08071395802497863 0
1679633700007 0.07322473461031914 0
1679633809351 1.3502773676395416 0
1679633858478 0.19512923480868338 0
1679633907737 0.10391102758646012 0
1679633956299 0.08293963514268399 0
1679634005361 0.08210834797024727 0
1679634054037 0.08331297763586044 0
1679634103219 0.07915642687678337 0
1679634152497 0.0844606883764267 0
1679634201761 0.08332929377555848 0
1679634251110 0.08302461693286896 0
1679634352809 1.4176964812994004 0
1679634401793 0.30467734726667406 0
1679634450822 0.15300207849144937 0
1679634500601 0.1041254148900509 0
1679634550575 0.09588802575469017 0
1679634599766 0.10978186115026474 0
1679634649029 0.09449636135101318 0
1679634698514 0.08984118053913116 0
1679634747197 0.09919228858947754 0
1679634796598 0.09661096686124801 0
