1679623371427 153.56303258996923 0
1679623528753 156.95721462601796 0
1679623683107 153.9856346899178 0
1679623838617 155.14758836000692 0
1679623992732 153.75889882305637 0
1679624147299 154.21839824004564 0
1679624305443 157.78392287401948 0
1679624463798 157.96252061403356 0
1679624626904 162.73899625299964 0
1679624783730 156.42982876498718 0
1679624851542 48.25257664290257 0
1679624900592 48.77068572700955 0
1679624949466 48.59636506810784 0
1679624997377 47.609981772024184 0
1679625045492 47.826089082984254 0
1679625094577 48.762114244978875 0
1679625143330 48.463295013061725 0
1679625191282 47.649927527992986 0
1679625240552 48.9844445559429 0
1679625289148 48.323246432002634 0
1679625358048 47.72768449294381 0
1679625407367 49.03006192599423 0
1679625456077 48.41483203996904 0
1679625504076 47.72307385900058 0
1679625553073 48.71908007108141 0
1679625600909 47.554359304951504 0
1679625649500 48.289992938051 0
1679625698362 48.53972730401438 0
1679625746608 47.93609580595512 0
1679625794747 47.867835682001896 0
1679625865650 48.178775205044076 0
1679625914335 48.41006887704134 0
1679625963068 48.44406201608945 0
1679626011195 47.80810950801242 0
1679626060011 48.525449066073634 0
1679626109082 48.78949659294449 0
1679626157327 47.949639876023866 0
1679626205464 47.82956140395254 0
1679626253171 47.42092447599862 0
1679626302136 48.67683544405736 0
1679626374759 48.446628580917604 0
1679626423378 48.33978212100919 0
1679626472349 48.66151797201019 0
1679626520897 48.24540015403181 0
1679626569905 48.690863028983586 0
1679626618650 48.42353381495923 0
1679626667252 48.31447038403712 0
1679626715598 48.029980496969074 0
1679626764012 48.097233935957775 0
1679626812972 48.64677646709606 0
1679626887647 48.792830271995626 0
1679626935915 47.9919272250263 0
1679626984340 48.10690275207162 0
1679627032670 47.98720686195884 0
1679627081780 48.80758138000965 0
1679627131004 48.90903288300615 0
1679627180141 48.81318602792453 0
1679627228480 48.05177393602207 0
1679627277793 49.03679029492196 0
1679627326679 48.58857294509653 0
1679627402545 48.50427316001151 0
1679627451196 48.336288706050254 0
1679627499431 47.8970091160154 0
1679627550336 50.56369803508278 0
1679627598781 48.13226763694547 0
1679627647605 48.507938615977764 0
1679627696682 48.762723510037176 0
1679627746613 49.6193995710928 0
1679627795207 48.2758498149924 0
1679627844662 49.15100436494686 0
1679627922390 48.53842973196879 0
1679627970911 48.21945665299427 0
1679628026228 55.01535777607933 0
1679628075101 48.53934536292218 0
1679628124563 49.118023814982735 0
1679628172952 48.04818731104024 0
1679628222090 48.813439138932154 0
1679628270301 47.88165517197922 0
1679628318704 48.11813820700627 0
1679628368074 49.047946554026566 0
1679628447438 48.816371592110954 0
1679628496175 48.4251969079487 0
1679628544415 47.87420842901338 0
1679628593173 48.4369532399578 0
1679628648743 55.23248522193171 0
1679628698161 49.104632336995564 0
1679628746987 48.49653150094673 0
1679628796209 48.908227671985514 0
1679628845419 48.920440959976986 0
1679628894308 48.563540354021825 0
1679628975051 48.40575228596572 0
1679629024408 48.99314413499087 0
1679629073326 48.59049203898758 0
1679629121672 48.004321874002926 0
1679629171117 49.11778111802414 0
1679629219866 48.38026207406074 0
1679629269231 49.043171377968974 0
1679629317946 48.372119841049425 0
1679629374151 55.88695514306892 0
1679629423390 48.9083244309295 0
1679629505943 47.96443694306072 0
1679629555372 49.116878248983994 0
1679629604965 49.24485843500588 0
1679629653830 48.50399052898865 0
1679629703159 48.98485803196672 0
1679629752011 48.52785524702631 0
1679629800496 48.16259333502967 0
1679629849439 48.60974564496428 0
1679629898371 48.60535831807647 0
1679629947489 48.780094366986305 0
1679630032546 48.55761539505329 0
1679630082094 49.215403557987884 0
1679630130887 48.43373961199541 0
1679630179994 48.77551192906685 0
1679630228719 48.38278251700103 0
1679630283886 54.82204693497624 0
1679630333246 49.045888685039245 0
1679630382891 49.30535505898297 0
1679630431597 48.361109099001624 0
1679630481023 49.068378517986275 0
1679630568230 49.11793295200914 0
1679630617299 48.70875055203214 0
1679630665969 48.323347829980776 0
1679630715081 48.78324741893448 0
1679630764524 49.09239970496856 0
1679630813321 48.437354819034226 0
1679630862110 48.449041289044544 0
1679630911428 48.999126867973246 0
1679630960777 49.00038039404899 0
1679631009125 48.00401380693074 0
1679631098463 49.2249835729599 0
1679631147730 48.919888201053254 0
1679631197591 49.49051789601799 0
1679631246754 48.79280995903537 0
1679631302483 55.37014181900304 0
1679631351737 48.89614707301371 0
1679631401106 49.04863926093094 0
1679631449436 47.97915714397095 0
1679631498980 49.20013499399647 0
1679631548225 48.88978877593763 0
1679631638958 48.39593223994598 0
1679631688133 48.8091628580587 0
1679631737621 49.15844291506801 0
1679631786715 48.74080284207594 0
1679631836704 49.62437794404104 0
1679631885954 48.90054837195203 0
1679631935625 49.31375124002807 0
1679631985023 49.0618405820569 0
1679632034863 49.48668207402807 0
1679632083504 48.32156745402608 0
1679632176377 48.71090077399276 0
1679632225337 48.593650906928815 0
1679632274524 48.83538657100871 0
1679632324014 49.13666756893508 0
1679632373226 48.82288747606799 0
1679632428925 55.346004729974084 0
1679632478592 49.28266872907989 0
1679632527922 48.95093705295585 0
1679632577821 49.556079352041706 0
1679632627351 49.176353582995944 0
1679632722429 48.57237758603878 0
1679632770835 48.07796790800057 0
1679632818659 47.49090578290634 0
1679632868045 49.04099945805501 0
1679632917225 48.783816114999354 0
1679632966246 48.654701441992074 0
1679633015518 48.92357929900754 0
1679633063972 48.11216064100154 0
1679633112538 48.166567421052605 0
1679633161591 48.692824242054485 0
1679633258101 48.359150153934024 0
1679633307783 49.34722780005541 0
1679633356504 48.36758748802822 0
1679633405347 48.47912891302258 0
1679633454603 48.879712259047665 0
1679633504052 49.104771196027286 0
1679633552871 48.45868014602456 0
1679633601721 48.51366302801762 0
1679633651335 49.26006757293362 0
1679633700020 48.26827430096455 0
1679633809360 49.17103503108956 0
1679633858487 48.76341837691143 0
1679633907746 48.92163203191012 0
1679633956312 48.15434378001373 0
1679634005370 48.70168896403629 0
1679634054046 48.32382943900302 0
1679634103228 48.8030068250373 0
1679634152509 48.88041455298662 0
1679634201775 48.84289932704996 0
1679634251119 48.96408141194843 0
1679634352819 49.28780640999321 0
1679634401802 48.626051384955645 0
1679634450831 48.65515297988895 0
1679634500611 49.39785681304056 0
1679634550585 49.602421819930896 0
1679634599776 48.809109287918545 0
1679634649039 48.898088439018466 0
1679634698523 49.147306918981485 0
1679634747206 48.31980153999757 0
1679634796608 49.031299710972235 0
