1680197363717 11.454502515996865 0
1680197373012 9.062754824000876 0
1680197382470 9.176946977000625 0
1680197392474 9.784622581002623 0
1680197402035 9.314195437000308 0
1680197411268 8.99704035999821 0
1680197421612 10.108651629998349 0
1680197430819 8.980692888999329 0
1680197440370 9.300420274998032 0
1680197450385 9.777649956999085 0
1680197469693 18.649807088997477 0
1680197489128 19.18787547300235 0
1680197507314 17.94351105199894 0
1680197526930 19.403287608001847 0
1680197547457 20.27240108499973 0
1680197567644 19.947763150001265 0
1680197587931 20.06185941700096 0
1680197608120 19.950969607001753 0
1680197627278 18.939398115002405 0
1680197647539 20.00271834200248 0
1680197678377 29.511203113997908 0
1680197708546 29.90734863399848 0
1680197738071 29.337279104998743 0
1680197767549 29.230644350998773 0
1680197797597 29.816482416998042 0
1680197828165 30.33850027099834 0
1680197858024 29.672322995000286 0
1680197887016 28.743742444999953 0
1680197917399 30.127059834998363 0
1680197947681 30.044503601999168 0
1680197993647 44.491905189002864 0
1680198031442 37.56155060099991 0
1680198068974 37.28683746599927 0
1680198106916 37.7618865129989 0
1680198143638 36.50456826899972 0
1680198180908 37.050075743998605 0
1680198217736 36.58791401800045 0
1680198255394 37.412208542999 0
1680198292934 37.308226541001204 0
1680198329905 36.73205128799964 0
1680198377234 45.44132545800312 0
1680198422106 44.628810640002484 0
1680198466862 44.5067829039981 0
1680198512802 45.75472889299999 0
1680198557807 44.74921743000232 0
1680198602804 44.762199954002426 0
1680198647751 44.72848071000044 0
1680198693704 45.71040928200091 0
1680198739348 45.39199558499968 0
1680198784337 44.755579574000876 0
1680198844643 57.965114318001724 0
1680198901334 56.44872117700288 0
1680198958058 56.49334903699855 0
1680199014988 56.69502196100075 0
1680199070767 55.54499555799703 0
1680199127912 56.89421385300011 0
1680199184693 56.50655001799896 0
1680199241172 56.225721446000534 0
1680199298100 56.6748248240001 0
1680199354016 55.66632561499864 0
1680199420653 63.387002282997855 0
1680199485281 64.38733266400232 0
1680199549168 63.638104685000144 0
1680199612893 63.484816665000835 0
1680199676608 63.430327221998596 0
1680199740434 63.55728389599972 0
1680199804105 63.43055215599816 0
1680199867802 63.46323668200057 0
1680199931723 63.68568500300171 0
1680199994771 62.807891119002306 0
1680200065068 66.46077794499797 0
1680200131174 65.87657386199862 0
1680200198112 66.7071594629997 0
1680200264707 66.35722728499968 0
1680200331803 66.85242898900106 0
1680200399326 67.25873752500047 0
1680200469314 69.72694219799814 0
1680200537645 68.08664830799898 0
1680200604834 66.94471337799769 0
1680200671604 66.51869024299958 0
1680200749628 73.93230368999866 0
1680200824153 74.28331889499896 0
1680200905084 80.6737977169978 0
1680200984056 78.73448792599811 0
1680201064053 79.74101257599978 0
1680201144811 80.51808563499799 0
1680201224059 78.98987649400078 0
1680201308862 84.55759318699711 0
1680201385353 76.23910037399764 0
1680201460283 74.6697089119989 0
1680201543484 78.23026472399943 0
1680201620412 76.67859483699795 0
1680201697769 77.12143916900095 0
1680201774630 76.6057664660002 0
1680201851519 76.64166396299697 0
1680201928562 76.79308608900101 0
1680202005108 76.30269320499792 0
1680202082249 76.87105326399978 0
1680202159828 77.32488203100002 0
1680202236625 76.55242530399846 0
1680202320221 78.5347947850023 0
1680202400394 79.93170433900013 0
1680202479705 79.0637906669981 0
1680202561271 81.32084369599761 0
1680202640725 79.210021081999 0
1680202719758 78.83751734299949 0
1680202798408 78.40023819199996 0
1680202878689 80.04700888799925 0
1680202957389 78.43051602799824 0
1680203036160 78.52090618500006 0
1680203122508 80.82577607499843 0
1680203203690 80.94000963100189 0
1680203284810 80.87043452999933 0
1680203366071 80.99205212000015 0
1680203446413 80.07817522000187 0
1680203529341 82.6678955239986 0
1680203611578 81.99057372699826 0
1680203694676 82.91290684699925 0
1680203781248 86.34835014599958 0
1680203864730 83.23945507399912 0
1680203953248 82.9333564510016 0
1680204038317 84.80867167000179 0
1680204121507 82.92850763500246 0
1680204211641 89.86812674600151 0
1680204301403 89.49722514699897 0
1680204390735 89.01690691499971 0
1680204479422 88.44554016999973 0
1680204568630 88.98293697600093 0
1680204686887 118.06468702500206 0
1680204804399 117.32384813200042 0
