1680197363695 0.9959096858638743 0
1680197372993 1.0 0
1680197382452 1.0 0
1680197392454 1.0 0
1680197402016 1.0 0
1680197411246 0.9987729057591623 0
1680197421593 1.0 0
1680197430799 1.0 0
1680197440351 1.0 0
1680197450361 1.0 0
1680197469668 0.999733556638246 0
1680197489108 1.0 0
1680197507294 1.0 0
1680197526909 1.0 0
1680197547429 1.0 0
1680197567626 1.0 0
1680197587915 0.9997716199756395 0
1680197608100 1.0 0
1680197627258 0.9996193666260658 0
1680197647516 1.0 0
1680197678357 0.9997757177033493 0
1680197708523 1.0 0
1680197738047 1.0 0
1680197767529 1.0 0
1680197797577 1.0 0
1680197828147 0.999700956937799 0
1680197858001 0.9999501594896332 0
1680197886991 0.9998753987240829 0
1680197917378 1.0 0
1680197947659 1.0 0
1680197993624 0.9997769185008923 0
1680198031419 1.0 0
1680198068953 0.9998698691255206 0
1680198106900 1.0 0
1680198143621 1.0 0
1680198180891 1.0 0
1680198217712 0.9998512790005949 0
1680198255367 1.0 0
1680198292920 1.0 0
1680198329884 1.0 0
1680198377214 0.9999847857838364 0
1680198422081 1.0 0
1680198466840 1.0 0
1680198512778 0.999741358325219 0
1680198557785 1.0 0
1680198602785 0.9999239289191821 0
1680198647729 1.0 0
1680198693685 0.9999847857838364 0
1680198739326 1.0 0
1680198784320 1.0 0
1680198844620 0.9976128472222222 0
1680198901314 0.998975212191358 0
1680198958036 0.9993851273148148 0
1680199014969 0.9994574652777778 0
1680199070750 0.9995056905864198 0
1680199127890 0.9996744791666666 0
1680199184670 0.9997227044753086 0
1680199241147 0.9996865354938271 0
1680199298078 0.9998673804012346 0
1680199353994 0.9996624228395061 0
1680199420631 0.9994137960436562 0
1680199485261 0.9997335436562074 0
1680199549146 0.9997335436562074 0
1680199612872 0.999818809686221 0
1680199676587 0.999744201909959 0
1680199740411 0.9997974931787176 0
1680199804079 0.9998827592087313 0
1680199867778 0.999818809686221 0
1680199931699 0.9998614427012278 0
1680199994748 0.9998507844474761 0
1680200065050 0.9995176518883415 0
1680200131152 0.9997126436781609 0
1680200198087 0.9997844827586206 0
1680200264687 0.9998050082101806 0
1680200331782 0.9997742200328408 0
1680200399300 0.9998460591133005 0
1680200469281 0.9998255336617405 0
1680200537625 0.9998050082101806 0
1680200604815 0.9998563218390805 0
1680200671583 0.9998357963875205 0
1680200749606 0.998049143437863 0
1680200824129 0.9994918699186992 0
1680200905048 0.9996642711962834 0
1680200984030 0.9996642711962834 0
1680201064036 0.9998003774680604 0
1680201144788 0.9996914924506388 0
1680201224034 0.9997640824622532 0
1680201308834 0.9996642711962834 0
1680201385328 0.999637049941928 0
1680201460259 0.999682418699187 0
1680201543459 0.99963059386434 0
1680201620388 0.9996569800168872 0
1680201697745 0.9997361384745286 0
1680201774602 0.9997801153954404 0
1680201851492 0.9997273430903462 0
1680201928538 0.9997537292428933 0
1680202005081 0.9997273430903462 0
1680202082225 0.9997801153954404 0
1680202159806 0.9997273430903462 0
1680202236601 0.9998680692372642 0
1680202320189 0.999154250956807 0
1680202400369 0.999598482777474 0
1680202479679 0.999718083652269 0
1680202561251 0.9996924548933843 0
1680202640703 0.9997437124111537 0
1680202719738 0.9996497402952433 0
1680202798380 0.999718083652269 0
1680202878670 0.9997864270092947 0
1680202957362 0.9998035128485511 0
1680203036136 0.9997522553307818 0
1680203122481 0.9990283683231465 0
1680203203666 0.9996429045973957 0
1680203284791 0.9996262955089025 0
1680203366047 0.9996512091416423 0
1680203446388 0.9996179909646559 0
1680203529322 0.9998006909380813 0
1680203611550 0.9996844273186287 0
1680203694652 0.9997674727610949 0
1680203781229 0.9997425591283551 0
1680203864712 0.9997923863938347 0
1680203953228 0.999531411582213 0
1680204038288 0.999757626680455 0
1680204121487 0.999789943123061 0
1680204211616 0.9997010729058945 0
1680204301375 0.999789943123061 0
1680204390707 0.9996849146845915 0
1680204479395 0.9996202817993796 0
1680204568605 0.9997737849017581 0
1680204686856 0.9997818640124095 0
1680204804377 0.9997010729058945 0
