1680197363707 0.012540782861590133 0
1680197373005 3.6792148610209516e-05 0
1680197382462 7.590327856924001e-06 0
1680197392466 5.652056772729012e-06 0
1680197402027 4.405125964822861e-06 0
1680197411259 0.004581407275468305 0
1680197421604 2.6407720938130852e-05 0
1680197430811 8.002019189769293e-06 0
1680197440362 4.702314843694862e-06 0
1680197450374 1.0110325743424437e-05 0
1680197469682 0.0022743777389561495 0
1680197489119 5.073842705690564e-06 0
1680197507305 1.4184407035080813e-06 0
1680197526921 6.379815249105187e-07 0
1680197547445 7.139973360514091e-07 0
1680197567636 5.718934732418956e-07 0
1680197587923 0.001530673618450803 0
1680197608111 1.7390164146243823e-05 0
1680197627269 0.0023527443562189713 0
1680197647529 1.1260481148892158e-05 0
1680197678369 0.002649504861128611 0
1680197708535 1.0291113810885172e-05 0
1680197738058 2.340192675571247e-06 0
1680197767541 1.606729142101207e-06 0
1680197797589 1.2391933352915466e-06 0
1680197828158 0.0020135072334031843 0
1680197858013 0.00021611719692859595 0
1680197887004 0.000373241437287924 0
1680197917390 1.0679765413045603e-05 0
1680197947671 1.85050075883174e-06 0
1680197993638 0.001063205339885982 0
1680198031432 3.779219508277052e-06 0
1680198068965 0.0004536711241495101 0
1680198106909 7.5632375415923255e-06 0
1680198143631 2.4892412292034706e-06 0
1680198180902 7.155330245361344e-07 0
1680198217724 0.0009726498603606174 0
1680198255382 9.010466003358007e-07 0
1680198292928 1.018541756962778e-05 0
1680198329896 5.758946824079217e-07 0
1680198377226 7.34028491843161e-05 0
1680198422095 8.473453241732064e-07 0
1680198466852 6.854083171812116e-07 0
1680198512791 0.002305511964858256 0
1680198557798 1.247957824384224e-05 0
1680198602795 0.0002893355942942036 0
1680198647741 1.434667729170815e-06 0
1680198693697 4.3373343998114336e-05 0
1680198739338 4.098705744532526e-07 0
1680198784331 4.4125715267576496e-07 0
1680198844632 0.009980340105607584 0
1680198901326 0.003531842403628053 0
1680198958049 0.0019545026336089677 0
1680199014981 0.0022599196543168537 0
1680199070760 0.0014219988362505506 0
1680199127903 0.0009450437540471162 0
1680199184683 0.000975685892097574 0
1680199241162 0.000977522939332405 0
1680199298090 0.0004933198195776194 0
1680199354006 0.0011295570928685056 0
1680199420643 0.002374261389924267 0
1680199485273 0.001050622853391681 0
1680199549161 0.0010186402601902432 0
1680199612884 0.0006804899741732812 0
1680199676598 0.0009437878070985094 0
1680199740424 0.0005715074418918756 0
1680199804094 0.00036712560891063713 0
1680199867790 0.0007063971503326699 0
1680199931712 0.0005147012551799004 0
1680199994760 0.0005663131055943816 0
1680200065061 0.0018003005783531795 0
1680200131164 0.0009525185660431743 0
1680200198100 0.0009278734224104149 0
1680200264700 0.0006899319395021023 0
1680200331792 0.0007547011672906072 0
1680200399315 0.0005403457007816114 0
1680200469301 0.000791143759265945 0
1680200537637 0.0007089197693855688 0
1680200604826 0.0005849614950203088 0
1680200671596 0.000756651874289729 0
1680200749619 0.009187093561480014 0
1680200824142 0.0022475831659596705 0
1680200905071 0.0017204878271740085 0
1680200984043 0.001511633836677833 0
1680201064045 0.0009790701158664428 0
1680201144800 0.0015538437352187187 0
1680201224047 0.0014196868563178336 0
1680201308847 0.0015000507916564391 0
1680201385339 0.0016747052265016443 0
1680201460273 0.0013986838402246585 0
1680201543472 0.0027818971909177826 0
1680201620402 0.0014448536811773533 0
1680201697758 0.0013824953862815598 0
1680201774618 0.00109473655385975 0
1680201851508 0.001304418065060486 0
1680201928551 0.0014361427093646992 0
1680202005094 0.0012386805403980866 0
1680202082238 0.0012650986226251171 0
1680202159817 0.0014635660000381701 0
1680202236614 0.0009552911459062974 0
1680202320203 0.0042287271238276945 0
1680202400382 0.001729477431647577 0
1680202479693 0.0015105877994520205 0
1680202561263 0.0016991987502704294 0
1680202640714 0.0012883827299940587 0
1680202719749 0.001550761728435038 0
1680202798396 0.001409469865430648 0
1680202878681 0.0011391802030033624 0
1680202957378 0.0013474844708010786 0
1680203036148 0.0012639131183651978 0
1680203122496 0.004426375115203723 0
1680203203678 0.0018966139585200326 0
1680203284802 0.0014557468361365033 0
1680203366059 0.001671037095057472 0
1680203446401 0.0015991542145669714 0
1680203529333 0.0012607044847353934 0
1680203611566 0.0016954121271460319 0
1680203694667 0.0013321416730662887 0
1680203781240 0.00134759999271265 0
1680203864722 0.0012298356931048204 0
1680203953239 0.002221946088514205 0
1680204038303 0.0013616971145326512 0
1680204121498 0.0011606155601594289 0
1680204211629 0.0013032867157092656 0
1680204301388 0.0012423890978085655 0
1680204390721 0.0015543516874881875 0
1680204479410 0.0016276914934187008 0
1680204568618 0.001243984219487609 0
1680204686876 0.001232377928363329 0
1680204804387 0.001547470790654479 0
