1679277168862 3.5678884949884377 0
1679277172170 3.1454510380281135 0
1679277176181 3.8459198990021832 0
1679277179573 3.2187912709778175 0
1679277182915 3.2339736329740845 0
1679277186717 3.628314326982945 0
1679277190057 3.1675035590305924 0
1679277193981 3.8001584309968166 0
1679277197305 3.1568268800037913 0
1679277200571 3.1134450949612074 0
1679277216121 5.902411375020165 0
1679277221821 5.539345085970126 0
1679277227321 5.330581369984429 0
1679277233174 5.704997451975942 0
1679277238488 5.14142499800073 0
1679277244735 6.088155022996943 0
1679277250167 5.259515187004581 0
1679277256441 6.104882002982777 0
1679277262127 5.558422859001439 0
1679277269972 7.7029208749881946 0
1679277287449 6.1934007910313085 0
1679277292876 5.267015180957969 0
1679277299004 5.967032521031797 0
1679277304405 5.27572075399803 0
1679277310050 5.4595391700277105 0
1679277315972 5.7607131660333835 0
1679277321299 5.164430913049728 0
1679277327296 5.840996470011305 0
1679277332549 5.081323858001269 0
1679277338633 5.90797483199276 0
1679277355183 5.855431731033605 0
1679277360589 5.223789078008849 0
1679277366615 5.861440202977974 0
1679277371986 5.194807927007787 0
1679277379619 7.472900524968281 0
1679277386599 6.859199742961209 0
1679277392122 5.352231741999276 0
1679277398258 5.965270974964369 0
1679277403716 5.272311887994874 0
1679277409856 5.977172654995229 0
1679277424993 5.142361550009809 0
1679277430780 5.6132340769981965 0
1679277436727 5.771118109987583 0
1679277441982 5.080396183999255 0
1679277448017 5.873520121036563 0
1679277453285 5.0719939669943415 0
1679277459117 5.652144884981681 0
1679277465067 5.8098912220448256 0
1679277470417 5.17530884698499 0
1679277476510 5.902542158961296 0
1679277493148 7.132882980979048 0
1679277499114 5.7812336449860595 0
1679277504370 5.088077832013369 0
1679277510553 6.001589060004335 0
1679277516602 5.913462714990601 0
1679277521871 5.0870570670231245 0
1679277528231 6.183146288967691 0
1679277533590 5.172772231977433 0
1679277539530 5.7563460799865425 0
1679277545227 5.561289904988371 0
1679277559936 5.074794481974095 0
1679277566069 5.9522190489806235 0
1679277571538 5.29085083398968 0
1679277577833 6.119738176988903 0
1679277583152 5.158591255021747 0
1679277588847 5.497509940993041 0
1679277595171 6.165392305993009 0
1679277602926 7.605727643996943 0
1679277609309 6.207244536024518 0
1679277614707 5.205385753011797 0
1679277632259 5.855535818031058 0
1679277638430 5.980616918008309 0
1679277643919 5.291726702998858 0
1679277650119 6.009869456989691 0
1679277655578 5.283559162984602 0
1679277661456 5.689047112013213 0
1679277667577 5.932712413021363 0
1679277673045 5.279003242962062 0
1679277679547 6.303554656973574 0
1679277684968 5.199543275986798 0
1679277701116 5.482541228004266 0
1679277706914 5.635745845967904 0
1679277715036 7.972282393020578 0
1679277721937 6.713413977995515 0
1679277727353 5.238824917003512 0
1679277733511 5.96814751700731 0
1679277739006 5.265728921978734 0
1679277744802 5.601306931988802 0
1679277750952 5.944107749965042 0
1679277756630 5.491992637980729 0
1679277774248 5.56017829303164 0
1679277780839 6.405576637014747 0
1679277786393 5.349742360995151 0
1679277792695 6.102512886049226 0
1679277798240 5.385446691943798 0
1679277803762 5.319434933015145 0
1679277809909 5.964622479048558 0
1679277815438 5.339457919995766 0
1679277823055 7.439769682998303 0
1679277830544 7.298344901006203 0
1679277847121 5.348740176996216 0
1679277853229 5.909816498984583 0
1679277858778 5.364757933013607 0
1679277865142 6.161518453038298 0
1679277870784 5.488783168955706 0
1679277876878 5.888214931008406 0
1679277883081 6.0069227229687385 0
1679277888635 5.3637909249519 0
1679277894880 6.0403217589482665 0
1679277900819 5.792283577029593 0
1679277916663 5.307936325960327 0
1679277922855 5.988771504024044 0
1679277928341 5.273154443013482 0
1679277936316 7.803515648993198 0
1679277943489 6.991249417013023 0
1679277949498 5.790398602024652 0
1679277955710 6.055606421956327 0
1679277961095 5.173198489996139 0
1679277967292 5.982998569961637 0
1679277972682 5.206251100986265 0
1679277989623 5.169114291027654 0
1679277995807 5.972014108032454 0
1679278001824 5.8171808600309305 0
1679278008039 6.010838766000234 0
1679278013733 5.529279664973728 0
1679278019066 5.132230958959553 0
1679278025264 5.972782013996039 0
1679278030665 5.184725750994403 0
1679278036933 6.065030360012315 0
1679278042460 5.271173582004849 0
1679278064805 5.7866522499825805 0
1679278070963 5.934411401045509 0
1679278076574 5.402421289007179 0
1679278083022 6.247484342020471 0
1679278088645 5.477123931981623 0
1679278094473 5.6089727729558945 0
1679278100707 6.025506199977826 0
1679278106179 5.2783993310295045 0
1679278112471 6.068559020000976 0
1679278118262 5.6384723740047775 0
1679278134752 5.374297589005437 0
1679278141130 6.176520698994864 0
1679278146635 5.308350577019155 0
1679278152850 6.000431354972534 0
1679278158908 5.904087639995851 0
1679278166755 7.679332626052201 0
1679278173399 6.4462894659955055 0
1679278178814 5.228756106982473 0
1679278185127 6.110498945985455 0
1679278190528 5.181019562995061 0
1679278207614 5.311935396981426 0
1679278213671 5.8690387919778 0
1679278219129 5.246489270008169 0
1679278225550 6.223746253002901 0
1679278231126 5.4250361929880455 0
1679278236801 5.472286595031619 0
1679278243016 6.017869335017167 0
1679278248649 5.426389890955761 0
1679278255058 6.204074232955463 0
1679278260803 5.59012722998159 0
1679278280035 7.57031908002682 0
1679278286611 6.365204992995132 0
1679278292549 5.736609792977106 0
1679278298931 6.177783761988394 0
1679278305087 5.996574292017613 0
1679278310503 5.195689870044589 0
1679278316770 6.074818155029789 0
1679278322273 5.2825637990026735 0
1679278328709 6.213924320007209 0
1679278334866 5.987641945015639 0
1679278353372 5.497223398997448 0
1679278359282 5.702147450007033 0
1679278365634 6.123576384969056 0
1679278371219 5.350061172968708 0
1679278377584 6.141462558996864 0
1679278383105 5.316757973982021 0
1679278390752 7.46558755094884 0
1679278397959 7.015402581018861 0
1679278403872 5.7077450940269046 0
1679278409984 5.945430563995615 0
1679278428648 5.755830725014675 0
1679278434277 5.422766297997441 0
1679278440572 6.0899590739863925 0
1679278446013 5.222219824965578 0
1679278452536 6.295937430986669 0
1679278458673 5.968335681012832 0
1679278464079 5.200329219980631 0
1679278470501 6.190872437029611 0
1679278476282 5.57285985496128 0
1679278482401 5.893707034003455 0
1679278504127 7.913296637998428 0
1679278511753 7.427266558981501 0
1679278517905 5.930481209012214 0
1679278524240 6.163315250014421 0
1679278529912 5.438739052973688 0
1679278536219 6.093272807018366 0
1679278541733 5.29600016301265 0
1679278547885 5.928826774004847 0
1679278554073 6.027417808014434 0
1679278559603 5.291720676003024 0
