1679277168855 0.3665675573124021 0
1679277172164 0.12564302731634064 0
1679277176175 0.07526211248820319 0
1679277179566 0.05678771550575381 0
1679277182908 0.058839505187386426 0
1679277186711 0.015405771299258192 0
1679277190050 0.026922708212605714 0
1679277193974 0.033642545076658925 0
1679277197298 0.03910373452890781 0
1679277200561 0.03804220576007627 0
1679277216114 0.48651881309627903 0
1679277221810 0.10080424812108771 0
1679277227315 0.042181309491770305 0
1679277233162 0.026006056165308964 0
1679277238481 0.0188129498480931 0
1679277244728 0.01954763512085443 0
1679277250160 0.006865629102785355 0
1679277256434 0.0025775372316596025 0
1679277262121 0.02888059333325181 0
1679277269963 0.05072212897585796 0
1679277287441 1.1339313836731748 0
1679277292869 0.1749328898685966 0
1679277298997 0.08499552547822103 0
1679277304397 0.046913538501351416 0
1679277310043 0.03634372424544292 0
1679277315965 0.048591080373929195 0
1679277321292 0.027922535870411415 0
1679277327288 0.017425278292577395 0
1679277332539 0.011486478562195165 0
1679277338626 0.013284407475094115 0
1679277355177 1.5170496030181062 0
1679277360579 0.23244581762336047 0
1679277366607 0.10596177007491682 0
1679277371979 0.04399033988068136 0
1679277379614 0.05340136366202405 0
1679277386593 0.0390470285406884 0
1679277392114 0.03248238491805216 0
1679277398251 0.018617348139991472 0
1679277403708 0.01187901121382168 0
1679277409850 0.00656944205505116 0
1679277424984 1.5890693822327782 0
1679277430773 0.20958598107829982 0
1679277436719 0.0872864440339161 0
1679277441974 0.06942996266297996 0
1679277448009 0.047557688144711306 0
1679277453277 0.043819621599658264 0
1679277459109 0.035362720339417494 0
1679277465057 0.02168231343139447 0
1679277470409 0.0298233914646142 0
1679277476500 0.018190142186130305 0
1679277493138 1.6837948662977593 0
1679277499106 0.2765458923052339 0
1679277504362 0.10836828169504217 0
1679277510545 0.07648809656372987 0
1679277516593 0.0738671606705597 0
1679277521863 0.04638794092883758 0
1679277528224 0.029425862377084902 0
1679277533581 0.04531978684313157 0
1679277539520 0.012805921152832132 0
1679277545218 0.0049784822990391955 0
1679277559928 1.8142567494628477 0
1679277566060 0.22463332511046352 0
1679277571529 0.09978908968304157 0
1679277577822 0.0544230561799315 0
1679277583139 0.03132129706215232 0
1679277588840 0.025946628605928636 0
1679277595162 0.02857141685615038 0
1679277602920 0.01627191888909175 0
1679277609300 0.018633475594220263 0
1679277614700 0.019210876293072943 0
1679277632250 1.9783173983587938 0
1679277638421 0.3084596706663861 0
1679277643911 0.13217869755245892 0
1679277650110 0.06842471852524243 0
1679277655569 0.029741682302818505 0
1679277661447 0.019276350247559557 0
1679277667571 0.029327903394290592 0
1679277673036 0.047277040714534986 0
1679277679538 0.04499063114110636 0
1679277684962 0.022540812028797947 0
1679277701105 2.087056664275188 0
1679277706903 0.36060203107840877 0
1679277715030 0.11587093119491257 0
1679277721928 0.06261711941995457 0
1679277727345 0.061643995718993976 0
1679277733502 0.027981546653238328 0
1679277738996 0.021336927869603697 0
1679277744795 0.02408559653906873 0
1679277750946 0.02614761742948116 0
1679277756620 0.03072914188555396 0
1679277774239 2.0017960837074353 0
1679277780829 0.44640615772382886 0
1679277786380 0.17117235276336765 0
1679277792686 0.08364276358328175 0
1679277798233 0.03592091386877548 0
1679277803755 0.03888580568280874 0
1679277809899 0.0386827847322303 0
1679277815428 0.03742563173542365 0
1679277823039 0.05093918088024628 0
1679277830535 0.028232183415264657 0
1679277847112 1.9115693820457833 0
1679277853219 0.3512444541442628 0
1679277858768 0.12266221479969282 0
1679277865132 0.05523733548162615 0
1679277870775 0.0370346459094435 0
1679277876865 0.03652898369781563 0
1679277883071 0.05184655540221024 0
1679277888625 0.0518439861708412 0
1679277894870 0.025069940302237942 0
1679277900810 0.026744599174765193 0
1679277916650 2.0663862988060595 0
1679277922843 0.364206747535397 0
1679277928327 0.1661395048083482 0
1679277936307 0.07771420818936153 0
1679277943476 0.06257027430076371 0
1679277949488 0.05000354314688593 0
1679277955697 0.03167835688309781 0
1679277961083 0.018333909262140628 0
1679277967280 0.05229267935033468 0
1679277972674 0.024638066367319255 0
1679277989613 2.1038131757694134 0
1679277995792 0.3646790443682203 0
1679278001817 0.16106351817428483 0
1679278008028 0.075711484468889 0
1679278013720 0.050610236065717885 0
1679278019055 0.05485978783062641 0
1679278025253 0.056058244674133284 0
1679278030654 0.04693090913511411 0
1679278036923 0.03323754283380421 0
1679278042451 0.019699641953647026 0
1679278064798 2.1134468793284658 0
1679278070952 0.33660448941529963 0
1679278076560 0.13026370487961114 0
1679278083011 0.07403733027532843 0
1679278088631 0.053352626118188105 0
1679278094461 0.0575453652395392 0
1679278100696 0.02852869307731881 0
1679278106168 0.04087809540899744 0
1679278112464 0.010611558843212313 0
1679278118249 0.015370611464616149 0
1679278134739 2.3752553708413067 0
1679278141118 0.39976972714066505 0
1679278146627 0.12862648412256555 0
1679278152838 0.0612666813734298 0
1679278158900 0.09278645893951476 0
1679278166746 0.050438539405791634 0
1679278173387 0.01685718063655419 0
1679278178802 0.024431500032055648 0
1679278185115 0.0368965323147017 0
1679278190516 0.03850735518419385 0
1679278207603 2.288921724347507 0
1679278213662 0.42136822209930885 0
1679278219117 0.1570734214950718 0
1679278225536 0.06943695873533394 0
1679278231118 0.026660937809056658 0
1679278236786 0.02843188428589344 0
1679278243003 0.03424607461898168 0
1679278248636 0.05956317861815549 0
1679278255043 0.04698304177316673 0
1679278260785 0.021538015882149066 0
1679278280026 2.0577475644794165 0
1679278286601 0.37960814688281685 0
1679278292536 0.13764897492878578 0
1679278298918 0.08445890850214031 0
1679278305073 0.04857324025201082 0
1679278310493 0.04131741552184537 0
1679278316758 0.09746809824662027 0
1679278322261 0.05228044187442363 0
1679278328693 0.014362524352584253 0
1679278334857 0.01096754947702364 0
1679278353355 2.07243382638576 0
1679278359267 0.4226178317239471 0
1679278365621 0.14094584354875134 0
1679278371206 0.08105510614775852 0
1679278377562 0.04735574026491639 0
1679278383097 0.027637376313042993 0
1679278390741 0.035497797726694605 0
1679278397947 0.03021750589359013 0
1679278403858 0.03824497904889879 0
1679278409975 0.03008059158695259 0
1679278428639 2.117204351752412 0
1679278434265 0.29230904067848246 0
1679278440558 0.10627178481652164 0
1679278445997 0.03872384654138895 0
1679278452522 0.03255211436486456 0
1679278458661 0.035197591447321624 0
1679278464066 0.03812060665479615 0
1679278470492 0.038215185301013144 0
1679278476269 0.0403663846612771 0
1679278482388 0.02712715578701475 0
1679278504118 2.496302689407386 0
1679278511739 0.5693957810016239 0
1679278517891 0.21615882915462933 0
1679278524225 0.09771063932053306 0
1679278529898 0.054181415786254496 0
1679278536203 0.04043081778731635 0
1679278541718 0.04666362884089205 0
1679278547870 0.02571313265612915 0
1679278554063 0.03923078236117612 0
1679278559594 0.026199295844622505 0
