1679277168842 0.8725490196078431 0
1679277172153 0.9583333333333334 0
1679277176164 0.9748774509803921 0
1679277179555 0.9813112745098039 0
1679277182900 0.9828431372549019 0
1679277186700 0.9960171568627451 0
1679277190039 0.992953431372549 0
1679277193961 0.9911151960784313 0
1679277197287 0.9862132352941176 0
1679277200550 0.9889705882352942 0
1679277216100 0.9034926470588235 0
1679277221800 0.9754901960784313 0
1679277227303 0.9862132352941176 0
1679277233144 0.991421568627451 0
1679277238474 0.9960171568627451 0
1679277244717 0.9944852941176471 0
1679277250149 0.9972426470588235 0
1679277256423 0.9996936274509803 0
1679277262110 0.9926470588235294 0
1679277269951 0.9837622549019608 0
1679277287428 0.7545955882352942 0
1679277292857 0.9469975490196079 0
1679277298990 0.975796568627451 0
1679277304390 0.9868259803921569 0
1679277310032 0.9886642156862745 0
1679277315951 0.9856004901960784 0
1679277321285 0.992953431372549 0
1679277327277 0.9947916666666666 0
1679277332528 0.9960171568627451 0
1679277338613 0.9957107843137255 0
1679277355167 0.6623774509803921 0
1679277360566 0.9341299019607843 0
1679277366597 0.9678308823529411 0
1679277371968 0.9871323529411765 0
1679277379605 0.9834558823529411 0
1679277386582 0.9889705882352942 0
1679277392101 0.9898897058823529 0
1679277398239 0.9938725490196079 0
1679277403700 0.9966299019607843 0
1679277409842 0.9987745098039216 0
1679277424972 0.6537990196078431 0
1679277430761 0.9341299019607843 0
1679277436708 0.9751838235294118 0
1679277441966 0.9797794117647058 0
1679277448000 0.9840686274509803 0
1679277453266 0.9868259803921569 0
1679277459097 0.9883578431372549 0
1679277465042 0.9954044117647058 0
1679277470401 0.9901960784313726 0
1679277476489 0.9950980392156863 0
1679277493124 0.5848651960784313 0
1679277499095 0.9221813725490197 0
1679277504350 0.9669117647058824 0
1679277510533 0.9779411764705882 0
1679277516580 0.9767156862745098 0
1679277521855 0.9849877450980392 0
1679277528212 0.9911151960784313 0
1679277533573 0.9877450980392157 0
1679277539508 0.9963235294117647 0
1679277545206 0.9987745098039216 0
1679277559916 0.5983455882352942 0
1679277566050 0.9338235294117647 0
1679277571521 0.9708946078431373 0
1679277577809 0.9856004901960784 0
1679277583127 0.9911151960784313 0
1679277588829 0.9908088235294118 0
1679277595148 0.9923406862745098 0
1679277602909 0.9960171568627451 0
1679277609288 0.9960171568627451 0
1679277614691 0.9941789215686274 0
1679277632238 0.5683210784313726 0
1679277638409 0.9114583333333334 0
1679277643899 0.9598651960784313 0
1679277650098 0.9791666666666666 0
1679277655560 0.9911151960784313 0
1679277661435 0.9963235294117647 0
1679277667561 0.9923406862745098 0
1679277673024 0.9856004901960784 0
1679277679525 0.9856004901960784 0
1679277684954 0.9947916666666666 0
1679277701093 0.5333946078431373 0
1679277706892 0.8918504901960784 0
1679277715020 0.9650735294117647 0
1679277721916 0.9819240196078431 0
1679277727333 0.9794730392156863 0
1679277733490 0.9917279411764706 0
1679277738982 0.9935661764705882 0
1679277744784 0.9926470588235294 0
1679277750937 0.9923406862745098 0
1679277756606 0.9905024509803921 0
1679277774226 0.5039828431372549 0
1679277780816 0.8630514705882353 0
1679277786371 0.9466911764705882 0
1679277792674 0.9724264705882353 0
1679277798221 0.9877450980392157 0
1679277803745 0.9871323529411765 0
1679277809887 0.9877450980392157 0
1679277815413 0.9905024509803921 0
1679277823026 0.9828431372549019 0
1679277830525 0.9908088235294118 0
1679277847099 0.585171568627451 0
1679277853206 0.8900122549019608 0
1679277858758 0.9595588235294118 0
1679277865119 0.9831495098039216 0
1679277870760 0.9917279411764706 0
1679277876852 0.9871323529411765 0
1679277883059 0.9889705882352942 0
1679277888614 0.9825367647058824 0
1679277894857 0.9932598039215687 0
1679277900796 0.9923406862745098 0
1679277916636 0.5719975490196079 0
1679277922829 0.8900122549019608 0
1679277928317 0.9473039215686274 0
1679277936292 0.9745710784313726 0
1679277943464 0.9834558823529411 0
1679277949475 0.9852941176470589 0
1679277955678 0.9889705882352942 0
1679277961069 0.9950980392156863 0
1679277967256 0.9825367647058824 0
1679277972664 0.9932598039215687 0
1679277989600 0.5628063725490197 0
1679277995775 0.8832720588235294 0
1679278001807 0.946078431372549 0
1679278008017 0.975796568627451 0
1679278013704 0.9840686274509803 0
1679278019045 0.9819240196078431 0
1679278025240 0.9825367647058824 0
1679278030641 0.9868259803921569 0
1679278036910 0.9905024509803921 0
1679278042442 0.9954044117647058 0
1679278064788 0.5493259803921569 0
1679278070939 0.9010416666666666 0
1679278076547 0.9626225490196079 0
1679278082998 0.977328431372549 0
1679278088617 0.9849877450980392 0
1679278094447 0.9852941176470589 0
1679278100683 0.9923406862745098 0
1679278106156 0.9892769607843137 0
1679278112451 0.9981617647058824 0
1679278118238 0.9950980392156863 0
1679278134725 0.47457107843137253 0
1679278141104 0.8704044117647058 0
1679278146618 0.9589460784313726 0
1679278152822 0.9828431372549019 0
1679278158889 0.9730392156862745 0
1679278166733 0.9849877450980392 0
1679278173374 0.9963235294117647 0
1679278178791 0.9932598039215687 0
1679278185100 0.9889705882352942 0
1679278190504 0.9883578431372549 0
1679278207585 0.508578431372549 0
1679278213649 0.8655024509803921 0
1679278219105 0.9500612745098039 0
1679278225522 0.9770220588235294 0
1679278231107 0.9923406862745098 0
1679278236771 0.9920343137254902 0
1679278242989 0.9901960784313726 0
1679278248624 0.9794730392156863 0
1679278255030 0.9816176470588235 0
1679278260771 0.9932598039215687 0
1679278280013 0.5395220588235294 0
1679278286589 0.8866421568627451 0
1679278292523 0.9568014705882353 0
1679278298901 0.9748774509803921 0
1679278305061 0.984375 0
1679278310483 0.9859068627450981 0
1679278316744 0.9705882352941176 0
1679278322248 0.9840686274509803 0
1679278328675 0.9960171568627451 0
1679278334845 0.9969362745098039 0
1679278353330 0.5511642156862745 0
1679278359253 0.8716299019607843 0
1679278365607 0.9610906862745098 0
1679278371192 0.9770220588235294 0
1679278377544 0.9859068627450981 0
1679278383086 0.9920343137254902 0
1679278390726 0.9917279411764706 0
1679278397934 0.9898897058823529 0
1679278403842 0.9886642156862745 0
1679278409962 0.9905024509803921 0
1679278428625 0.5431985294117647 0
1679278434249 0.9240196078431373 0
1679278440543 0.9666053921568627 0
1679278445983 0.9889705882352942 0
1679278452508 0.9901960784313726 0
1679278458642 0.9880514705882353 0
1679278464052 0.9883578431372549 0
1679278470478 0.9883578431372549 0
1679278476254 0.9892769607843137 0
1679278482373 0.9905024509803921 0
1679278504104 0.4540441176470588 0
1679278511726 0.8213848039215687 0
1679278517874 0.9307598039215687 0
1679278524199 0.9678308823529411 0
1679278529884 0.9816176470588235 0
1679278536189 0.9886642156862745 0
1679278541702 0.9865196078431373 0
1679278547853 0.9920343137254902 0
1679278554050 0.9883578431372549 0
1679278559581 0.9920343137254902 0
