1679261722902 0.33088235294117646 0
1679261728230 0.5775122549019608 0
1679261733503 0.6274509803921569 0
1679261738541 0.6590073529411765 0
1679261743622 0.6786151960784313 0
1679261748900 0.6927083333333334 0
1679261754101 0.7055759803921569 0
1679261759452 0.7267156862745098 0
1679261764485 0.7392769607843137 0
1679261769571 0.7466299019607843 0
1679261812814 0.3025650289017341 0
1679261822332 0.30979046242774566 0
1679261831574 0.3070809248554913 0
1679261840924 0.30671965317919075 0
1679261850594 0.30834537572254334 0
1679261860248 0.30960982658959535 0
1679261869505 0.3087066473988439 0
1679261878839 0.3063583815028902 0
1679261887955 0.3087066473988439 0
1679261897676 0.3090679190751445 0
1679261940814 0.20382085020242915 0
1679261954053 0.20306174089068826 0
1679261966901 0.20508603238866396 0
1679261979928 0.20394736842105263 0
1679261992991 0.2020495951417004 0
1679262005979 0.20356781376518218 0
1679262018672 0.20268218623481782 0
1679262031807 0.2029352226720648 0
1679262044962 0.20382085020242915 0
1679262057744 0.2049595141700405 0
1679262093756 0.14659749034749034 0
1679262107253 0.1468388030888031 0
1679262120513 0.14647683397683398 0
1679262134064 0.14527027027027026 0
1679262147998 0.14732142857142858 0
1679262161479 0.14587355212355213 0
1679262175257 0.1468388030888031 0
1679262188625 0.14587355212355213 0
1679262201770 0.1476833976833977 0
1679262215267 0.14708011583011582 0
1679262250265 0.11046511627906977 0
1679262263923 0.11082848837209303 0
1679262277418 0.11143410852713179 0
1679262290838 0.1119186046511628 0
1679262304160 0.11094961240310078 0
1679262317445 0.11046511627906977 0
1679262331119 0.11082848837209303 0
1679262344228 0.11252422480620156 0
1679262357495 0.11143410852713179 0
1679262371338 0.10973837209302326 0
1679262406062 0.08914728682170543 0
1679262419566 0.0876937984496124 0
1679262433056 0.08963178294573644 0
1679262446445 0.08733042635658915 0
1679262459699 0.08817829457364341 0
1679262473279 0.08890503875968993 0
1679262486531 0.08817829457364341 0
1679262499702 0.08842054263565892 0
1679262512752 0.08757267441860465 0
1679262526152 0.08708817829457365 0
1679262560539 0.07427884615384615 0
1679262574051 0.0734375 0
1679262587603 0.07295673076923077 0
1679262600648 0.07283653846153847 0
1679262613904 0.07295673076923077 0
1679262627293 0.07427884615384615 0
1679262640875 0.07223557692307692 0
1679262654095 0.07307692307692308 0
1679262667797 0.07475961538461538 0
1679262681537 0.07259615384615385 0
1679262715734 0.06310096153846154 0
1679262729505 0.0640625 0
1679262743270 0.06370192307692307 0
1679262756933 0.06298076923076923 0
1679262770574 0.06262019230769231 0
1679262783671 0.06394230769230769 0
1679262797976 0.06286057692307692 0
1679262811408 0.06346153846153846 0
1679262824969 0.06322115384615384 0
1679262838762 0.061899038461538464 0
1679262872697 0.05456730769230769 0
1679262886528 0.056129807692307694 0
1679262899677 0.05456730769230769 0
1679262913345 0.05480769230769231 0
1679262926830 0.055288461538461536 0
1679262940153 0.05372596153846154 0
1679262953995 0.055408653846153844 0
1679262967673 0.055408653846153844 0
1679262981084 0.05432692307692308 0
1679262994577 0.05384615384615385 0
1679263028974 0.05 0
1679263043055 0.04819711538461539 0
1679263056669 0.048677884615384616 0
1679263070395 0.04735576923076923 0
1679263083627 0.048317307692307694 0
1679263097473 0.04795673076923077 0
1679263110699 0.047596153846153844 0
1679263124444 0.04879807692307692 0
1679263138103 0.04819711538461539 0
1679263151770 0.04795673076923077 0
1679263187140 0.04299903100775194 0
1679263200697 0.04348352713178295 0
1679263214394 0.04215116279069767 0
1679263227872 0.04299903100775194 0
1679263240985 0.04239341085271318 0
1679263254732 0.04408914728682171 0
1679263268391 0.04239341085271318 0
1679263281870 0.042756782945736434 0
1679263294992 0.04312015503875969 0
1679263308660 0.04312015503875969 0
1679263344376 0.03918269230769231 0
1679263357594 0.0390625 0
1679263371204 0.03918269230769231 0
1679263384610 0.038461538461538464 0
1679263397960 0.039663461538461536 0
1679263411531 0.039663461538461536 0
1679263425304 0.039783653846153844 0
1679263438929 0.038822115384615385 0
1679263452237 0.038822115384615385 0
1679263465551 0.039663461538461536 0
1679263501212 0.035576923076923075 0
1679263515100 0.036057692307692304 0
1679263528414 0.036057692307692304 0
1679263542015 0.0359375 0
1679263555565 0.0359375 0
1679263568478 0.03581730769230769 0
1679263581992 0.03665865384615385 0
1679263595629 0.03497596153846154 0
1679263609297 0.037259615384615384 0
1679263622881 0.035576923076923075 0
1679263658699 0.032567049808429116 0
1679263672431 0.032806513409961685 0
1679263686084 0.032567049808429116 0
1679263699499 0.03364463601532567 0
1679263713100 0.03316570881226054 0
1679263726808 0.0334051724137931 0
1679263740256 0.03316570881226054 0
1679263753792 0.033045977011494254 0
1679263767085 0.0334051724137931 0
1679263780622 0.033045977011494254 0
1679263817117 0.031009615384615385 0
1679263830424 0.03064903846153846 0
1679263844237 0.030528846153846153 0
1679263857910 0.030408653846153846 0
1679263871996 0.03016826923076923 0
1679263884825 0.030048076923076924 0
1679263898849 0.030889423076923078 0
1679263911762 0.030528846153846153 0
1679263925394 0.030889423076923078 0
1679263939218 0.030048076923076924 0
1679263975482 0.027418582375478926 0
1679263988962 0.02861590038314176 0
1679264002585 0.02789750957854406 0
1679264016240 0.02849616858237548 0
1679264029432 0.028735632183908046 0
1679264043287 0.028017241379310345 0
1679264057598 0.02789750957854406 0
1679264070993 0.02885536398467433 0
1679264084686 0.02849616858237548 0
1679264098389 0.02825670498084291 0
1679264136148 0.026240458015267174 0
1679264149556 0.026240458015267174 0
1679264163312 0.026956106870229007 0
1679264176905 0.02612118320610687 0
1679264190367 0.026598282442748093 0
1679264204154 0.025763358778625955 0
1679264217626 0.026001908396946567 0
1679264231242 0.026240458015267174 0
1679264244888 0.026479007633587785 0
1679264258116 0.026717557251908396 0
1679264295425 0.02442528735632184 0
1679264309021 0.024664750957854406 0
1679264322455 0.024664750957854406 0
1679264336353 0.02418582375478927 0
1679264350027 0.025263409961685825 0
1679264363633 0.02418582375478927 0
1679264377066 0.024305555555555556 0
1679264390746 0.023946360153256706 0
1679264404221 0.024664750957854406 0
1679264417991 0.02418582375478927 0
1679264456510 0.02247596153846154 0
1679264469913 0.023557692307692307 0
1679264483349 0.02235576923076923 0
1679264496932 0.02247596153846154 0
1679264510184 0.022716346153846153 0
1679264523540 0.022596153846153846 0
1679264537534 0.022596153846153846 0
1679264551331 0.02283653846153846 0
1679264564994 0.02235576923076923 0
1679264578141 0.02283653846153846 0
1679264616688 0.021708015267175574 0
1679264630769 0.021827290076335878 0
1679264644267 0.021350190839694656 0
1679264658024 0.021350190839694656 0
1679264672031 0.021469465648854963 0
1679264685631 0.02194656488549618 0
1679264699360 0.021469465648854963 0
1679264712957 0.021827290076335878 0
1679264726632 0.021708015267175574 0
1679264739960 0.021708015267175574 0
