1679978892206 0.7794062699521741 0
1679978896337 0.14960714099147626 0
1679978900360 0.05291029846956653 0
1679978904563 0.02160094807585401 0
1679978908674 0.015923137498658993 0
1679978912795 0.009172323681864767 0
1679978916989 0.006524609315449432 0
1679978921154 0.006058799808905009 0
1679978925242 0.0045954856999038205 0
1679978929300 0.005444813816387567 0
1679978956571 1.2111257761716843 0
1679978961110 0.3279438814328563 0
1679978965534 0.12185604068180246 0
1679978970122 0.046974135758054834 0
1679978974702 0.027583409603985566 0
1679978979336 0.019242971102827258 0
1679978983924 0.015066914341127079 0
1679978988578 0.01157056855698747 0
1679978993165 0.00694370508614567 0
1679978997702 0.005981461507373399 0
1679979024098 1.4865832492228477 0
1679979028769 0.5191951199404655 0
1679979033495 0.19375734133345465 0
1679979038169 0.09430061379868176 0
1679979042889 0.03503753348524051 0
1679979047728 0.020367306754774144 0
1679979052424 0.014453795227792955 0
1679979057110 0.011301912615195878 0
1679979061735 0.011034388861228381 0
1679979066488 0.008040854782466926 0
1679979094449 1.6961804887940806 0
1679979099263 0.5759740548749124 0
1679979104033 0.2068171216355216 0
1679979108772 0.08316180067917993 0
1679979113639 0.04193681053396675 0
1679979118451 0.024184334587546125 0
1679979123309 0.014427808811888099 0
1679979128152 0.0126308505648687 0
1679979133011 0.009774438740174857 0
1679979137871 0.00860296941978196 0
1679979167790 1.75335112502498 0
1679979172797 0.6140829267040375 0
1679979177749 0.2163474202877091 0
1679979182715 0.07898579399672247 0
1679979187694 0.03753858229385749 0
1679979192727 0.024746868834500352 0
1679979197809 0.01996391690937021 0
1679979202679 0.016052692339965893 0
1679979207718 0.011003174710147563 0
1679979212824 0.009721800643620231 0
1679979244473 1.8567355986564391 0
1679979249543 0.6633013126350218 0
1679979254587 0.23870465387740442 0
1679979259769 0.08115013490521139 0
1679979264957 0.045711048503196045 0
1679979270021 0.029916133010579694 0
1679979275075 0.01524149574669859 0
1679979280212 0.01382079550005015 0
1679979285326 0.009877574502400333 0
1679979290534 0.007587953098869372 0
1679979324130 1.902601606422855 0
1679979329390 0.6436818136322883 0
1679979334729 0.223144828191688 0
1679979340000 0.0823145714257994 0
1679979345134 0.039434361451816176 0
1679979350218 0.024079356335043427 0
1679979355484 0.018308279795512077 0
1679979360757 0.01392922232738666 0
1679979366051 0.011114179021528652 0
1679979371163 0.009392205039940534 0
1679979406516 1.962641344916436 0
1679979411883 0.6685888531707949 0
1679979417174 0.22270632715475175 0
1679979422415 0.08557596682540831 0
1679979427721 0.035939823295320236 0
1679979433173 0.02368260050312646 0
1679979438557 0.01968873800679801 0
1679979443928 0.01640146232450441 0
1679979449218 0.012148359005579786 0
1679979454512 0.008889246131143263 0
1679979491625 1.9581342551016039 0
1679979497102 0.6757939948189643 0
1679979502634 0.22736333394723554 0
1679979508135 0.07161987332567092 0
1679979513818 0.03151122035999452 0
1679979519292 0.026783004553327636 0
1679979524860 0.017964170457074238 0
1679979530210 0.014242524363761467 0
1679979535826 0.011446805956262735 0
1679979541424 0.009257970407845513 0
1679979580484 1.9924671515341728 0
1679979586082 0.6951938675295922 0
1679979591730 0.22860189503239048 0
1679979597351 0.08351112301311185 0
1679979602808 0.034456851681874644 0
1679979608464 0.02159095325717522 0
1679979613937 0.01657546749488721 0
1679979619657 0.013224190645550768 0
1679979625201 0.01032373930267509 0
1679979630873 0.00940719685862742 0
1679979672026 2.008088982874347 0
1679979677613 0.6664669018599295 0
1679979683412 0.22455381169434516 0
1679979689171 0.07970332979194579 0
1679979694821 0.040041463900237315 0
1679979700563 0.024750350343604243 0
1679979706274 0.015749241818764036 0
1679979712004 0.012793112846632157 0
1679979717689 0.009968724022919854 0
1679979723340 0.009826578579152064 0
1679979766681 2.0298756745553788 0
1679979772406 0.6881465440796267 0
1679979778210 0.2342736424217301 0
1679979784044 0.07726215123529395 0
1679979789868 0.034950584578778476 0
1679979795779 0.025638131394741998 0
1679979801841 0.018808143010603323 0
1679979807537 0.013604594800140589 0
1679979813097 0.0111610391402557 0
1679979818980 0.010417889446891364 0
1679979864341 2.017977520342796 0
1679979870318 0.6944055408239365 0
1679979876378 0.22728064728360023 0
1679979882358 0.08139489185545713 0
1679979888424 0.042379910832331065 0
1679979894458 0.02239629765972495 0
1679979900436 0.015817199600860476 0
1679979906367 0.012894458618135221 0
1679979912392 0.01035508041029736 0
1679979918339 0.00969027039489799 0
1679979965803 2.0392866288461993 0
1679979971955 0.6987177330640054 0
1679979978143 0.21836160003177582 0
1679979984315 0.084484031544097 0
1679979990445 0.0374223974893891 0
1679979996583 0.02325821187227003 0
1679980002606 0.022845385250665488 0
1679980008700 0.014376958922272729 0
1679980014810 0.012399807114214186 0
1679980020867 0.008540430151286625 0
1679980070600 2.0286316544778886 0
1679980076966 0.6775406233726009 0
1679980083243 0.21315257455552777 0
1679980089534 0.07929135150005741 0
1679980095614 0.04345600958913565 0
1679980101790 0.02710459908590682 0
1679980108086 0.01740497083313042 0
1679980114215 0.013268004907595535 0
1679980120477 0.012061234007799817 0
1679980126618 0.009176129824481905 0
1679980178620 2.0214496735603578 0
1679980184928 0.6447726440045142 0
1679980191434 0.2117181744787001 0
1679980197853 0.07466747452534976 0
1679980204229 0.03960971387043115 0
1679980210564 0.02316260983746859 0
1679980216969 0.017258114985100204 0
1679980223184 0.01353586782445951 0
1679980229483 0.010759768902414268 0
1679980235885 0.010193016079645003 0
