1679978892194 0.7484879032258065 0
1679978896317 0.9551411290322581 0
1679978900342 0.9914314516129032 0
1679978904551 0.9984879032258065 0
1679978908658 0.998991935483871 0
1679978912784 0.9994959677419355 0
1679978916977 1.0 0
1679978921149 0.9994959677419355 0
1679978925231 1.0 0
1679978929289 1.0 0
1679978956557 0.6048387096774194 0
1679978961099 0.8976814516129032 0
1679978965521 0.9778225806451613 0
1679978970109 0.9939516129032258 0
1679978974686 0.998991935483871 0
1679978979317 0.9984879032258065 0
1679978983904 0.9994959677419355 0
1679978988561 0.9994959677419355 0
1679978993151 0.9994959677419355 0
1679978997691 1.0 0
1679979024085 0.5231854838709677 0
1679979028757 0.8397177419354839 0
1679979033474 0.9556451612903226 0
1679979038158 0.9848790322580645 0
1679979042870 0.998991935483871 0
1679979047710 1.0 0
1679979052412 0.9994959677419355 0
1679979057099 1.0 0
1679979061722 0.998991935483871 0
1679979066475 1.0 0
1679979094438 0.4490927419354839 0
1679979099248 0.8361895161290323 0
1679979104017 0.9576612903225806 0
1679979108761 0.9899193548387096 0
1679979113628 0.9954637096774194 0
1679979118441 0.9994959677419355 0
1679979123297 1.0 0
1679979128140 1.0 0
1679979132999 0.9994959677419355 0
1679979137859 0.9994959677419355 0
1679979167775 0.4435483870967742 0
1679979172784 0.8240927419354839 0
1679979177732 0.9511088709677419 0
1679979182697 0.9914314516129032 0
1679979187681 0.9979838709677419 0
1679979192710 1.0 0
1679979197796 0.9979838709677419 0
1679979202659 0.9994959677419355 0
1679979207707 0.9994959677419355 0
1679979212815 0.9994959677419355 0
1679979244455 0.40826612903225806 0
1679979249530 0.8150201612903226 0
1679979254575 0.9546370967741935 0
1679979259759 0.9909274193548387 0
1679979264945 0.9969758064516129 0
1679979270006 0.9979838709677419 0
1679979275063 1.0 0
1679979280198 1.0 0
1679979285312 1.0 0
1679979290523 1.0 0
1679979324118 0.38205645161290325 0
1679979329378 0.8266129032258065 0
1679979334716 0.9561491935483871 0
1679979339983 0.9909274193548387 0
1679979345122 0.998991935483871 0
1679979350200 0.9984879032258065 0
1679979355470 1.0 0
1679979360746 0.9994959677419355 0
1679979366030 1.0 0
1679979371152 0.998991935483871 0
1679979406502 0.3704637096774194 0
1679979411871 0.8125 0
1679979417157 0.9586693548387096 0
1679979422401 0.9944556451612904 0
1679979427711 0.998991935483871 0
1679979433158 0.9994959677419355 0
1679979438545 0.9994959677419355 0
1679979443917 0.998991935483871 0
1679979449207 0.9994959677419355 0
1679979454498 1.0 0
1679979491613 0.37600806451612906 0
1679979497092 0.8210685483870968 0
1679979502622 0.9606854838709677 0
1679979508117 0.9949596774193549 0
1679979513806 0.998991935483871 0
1679979519277 1.0 0
1679979524849 0.998991935483871 0
1679979530198 1.0 0
1679979535814 1.0 0
1679979541412 1.0 0
1679979580470 0.34475806451612906 0
1679979586066 0.8205645161290323 0
1679979591716 0.9606854838709677 0
1679979597338 0.9889112903225806 0
1679979602798 0.9994959677419355 0
1679979608452 1.0 0
1679979613917 1.0 0
1679979619642 1.0 0
1679979625183 1.0 0
1679979630861 1.0 0
1679979672005 0.34627016129032256 0
1679979677605 0.827116935483871 0
1679979683400 0.9576612903225806 0
1679979689157 0.9909274193548387 0
1679979694805 0.9964717741935484 0
1679979700545 1.0 0
1679979706262 1.0 0
1679979711987 1.0 0
1679979717666 1.0 0
1679979723323 1.0 0
1679979766666 0.3432459677419355 0
1679979772394 0.8185483870967742 0
1679979778198 0.9556451612903226 0
1679979784033 0.9954637096774194 0
1679979789848 1.0 0
1679979795766 0.9994959677419355 0
1679979801815 0.9994959677419355 0
1679979807514 0.9994959677419355 0
1679979813084 1.0 0
1679979818968 1.0 0
1679979864329 0.34274193548387094 0
1679979870301 0.8175403225806451 0
1679979876366 0.9586693548387096 0
1679979882346 0.9939516129032258 0
1679979888409 0.9964717741935484 0
1679979894439 1.0 0
1679979900421 0.9994959677419355 0
1679979906343 1.0 0
1679979912369 1.0 0
1679979918313 1.0 0
1679979965787 0.3387096774193548 0
1679979971943 0.8175403225806451 0
1679979978130 0.967741935483871 0
1679979984293 0.9949596774193549 0
1679979990433 0.9994959677419355 0
1679979996563 0.9994959677419355 0
1679980002594 0.9979838709677419 0
1679980008673 0.9994959677419355 0
1679980014792 1.0 0
1679980020845 1.0 0
1679980070589 0.35080645161290325 0
1679980076941 0.8160282258064516 0
1679980083230 0.9682459677419355 0
1679980089521 0.9939516129032258 0
1679980095601 0.9964717741935484 0
1679980101781 0.9994959677419355 0
1679980108067 0.9994959677419355 0
1679980114203 1.0 0
1679980120465 1.0 0
1679980126602 1.0 0
1679980178601 0.3548387096774194 0
1679980184905 0.8341733870967742 0
1679980191420 0.9642137096774194 0
1679980197833 0.9949596774193549 0
1679980204216 0.9984879032258065 0
1679980210547 0.9994959677419355 0
1679980216952 1.0 0
1679980223171 0.9994959677419355 0
1679980229469 1.0 0
1679980235867 1.0 0
