1679978892217 3.976118305930868 0
1679978896353 3.83045514812693 0
1679978900372 3.7226193570531905 0
1679978904570 3.908203322906047 0
1679978908683 3.8050783779472113 0
1679978912803 3.840351198799908 0
1679978916998 3.915289938915521 0
1679978921159 3.8852176829241216 0
1679978925252 3.80092028202489 0
1679978929306 3.76574299717322 0
1679978956583 4.265483109978959 0
1679978961121 4.200782608008012 0
1679978965547 4.083181903930381 0
1679978970131 4.249352921964601 0
1679978974713 4.238466553855687 0
1679978979349 4.287871537031606 0
1679978983938 4.242770125856623 0
1679978988589 4.3090390369761735 0
1679978993178 4.24836238916032 0
1679978997707 4.205663502914831 0
1679979024108 4.323505381820723 0
1679979028777 4.306439409963787 0
1679979033507 4.358739025192335 0
1679979038176 4.318743031937629 0
1679979042906 4.356905844993889 0
1679979047739 4.458330621011555 0
1679979052431 4.335644365986809 0
1679979057121 4.333069380838424 0
1679979061743 4.252172898966819 0
1679979066500 4.400925362017006 0
1679979094456 4.345764545025304 0
1679979099278 4.428518105996773 0
1679979104045 4.375420753844082 0
1679979108779 4.355723044136539 0
1679979113645 4.482001711847261 0
1679979118457 4.430365909822285 0
1679979123317 4.475707805948332 0
1679979128170 4.460814245976508 0
1679979133021 4.45839268900454 0
1679979137878 4.4661316650453955 0
1679979167801 4.586368914926425 0
1679979172806 4.58536103204824 0
1679979177760 4.539365570060909 0
1679979182729 4.547341565135866 0
1679979187710 4.5361787809524685 0
1679979192738 4.588690171018243 0
1679979197817 4.658846580190584 0
1679979202690 4.442995958030224 0
1679979207725 4.618606830947101 0
1679979212830 4.68743563699536 0
1679979244492 4.603513511130586 0
1679979249553 4.608599704923108 0
1679979254599 4.60237977001816 0
1679979259776 4.730470285983756 0
1679979264963 4.753734374186024 0
1679979270034 4.628457410959527 0
1679979275083 4.607456889934838 0
1679979280231 4.697890595998615 0
1679979285338 4.658345318865031 0
1679979290541 4.75284232897684 0
1679979324146 4.694145881105214 0
1679979329409 4.778562606079504 0
1679979334744 4.850226225098595 0
1679979340013 4.788935298100114 0
1679979345142 4.655651282984763 0
1679979350228 4.593990314984694 0
1679979355493 4.775115541182458 0
1679979360763 4.805330390809104 0
1679979366063 4.821280651958659 0
1679979371170 4.6372069879435 0
1679979406532 4.969528687885031 0
1679979411898 4.8493719031102955 0
1679979417192 4.785658576991409 0
1679979422427 4.737671040929854 0
1679979427729 4.8049326098989695 0
1679979433185 4.956363501958549 0
1679979438565 4.873684643069282 0
1679979443935 4.877136589027941 0
1679979449226 4.791824232088402 0
1679979454525 4.79656645283103 0
1679979491632 4.914971465943381 0
1679979497110 4.956046987092122 0
1679979502643 5.012750030960888 0
1679979508145 4.969134150072932 0
1679979513830 5.1493578921072185 0
1679979519310 4.949926619185135 0
1679979524868 5.049560263985768 0
1679979530218 4.810455178143457 0
1679979535835 5.074007745832205 0
1679979541431 5.097267573000863 0
1679979580498 5.081168415024877 0
1679979586093 5.0320992399938405 0
1679979591749 5.0825680191628635 0
1679979597360 5.065699358005077 0
1679979602824 4.926686411025003 0
1679979608472 5.096760675078258 0
1679979613949 4.923719057114795 0
1679979619669 5.158365519950166 0
1679979625213 4.994418763089925 0
1679979630881 5.116391339106485 0
1679979672046 5.244779281085357 0
1679979677620 5.006305596092716 0
1679979683419 5.230488996952772 0
1679979689188 5.180851225974038 0
1679979694834 5.049298183992505 0
1679979700574 5.142672845162451 0
1679979706282 5.131882317131385 0
1679979712016 5.137328247074038 0
1679979717708 5.08545804489404 0
1679979723352 5.050840378040448 0
1679979766695 5.23463609488681 0
1679979772414 5.109142228029668 0
1679979778223 5.207063487963751 0
1679979784057 5.235820604022592 0
1679979789879 5.196660349844024 0
1679979795788 5.293120097136125 0
1679979801862 5.452341613126919 0
1679979807549 5.057620262959972 0
1679979813107 4.959242576966062 0
1679979818990 5.2756358159240335 0
1679979864349 5.468008849071339 0
1679979870329 5.353756257798523 0
1679979876386 5.4326735159847885 0
1679979882366 5.355218804907054 0
1679979888440 5.436674340860918 0
1679979894472 5.389487077016383 0
1679979900446 5.333636659896001 0
1679979906380 5.297018627868965 0
1679979912405 5.385255512082949 0
1679979918353 5.313899619039148 0
1679979965813 5.4745647211093456 0
1679979971963 5.499441341962665 0
1679979978163 5.5308262929320335 0
1679979984328 5.500385331921279 0
1679979990453 5.476841493975371 0
1679979996601 5.458742191083729 0
1679980002615 5.346928946906701 0
1679980008722 5.4121687260922045 0
1679980014820 5.4366481269244105 0
1679980020880 5.405520193045959 0
1679980070609 5.575491833966225 0
1679980076989 5.690682736923918 0
1679980083251 5.576288186013699 0
1679980089543 5.615444333991036 0
1679980095632 5.395971504040062 0
1679980101798 5.488538911798969 0
1679980108101 5.6019003740511835 0
1679980114223 5.458709324942902 0
1679980120486 5.579528509872034 0
1679980126627 5.45856639998965 0
1679980178640 5.691257819999009 0
1679980184939 5.583080315031111 0
1679980191453 5.791945094009861 0
1679980197873 5.701224762015045 0
1679980204238 5.6565210309345275 0
1679980210575 5.642616600962356 0
1679980216980 5.677732137963176 0
1679980223192 5.516499355901033 0
1679980229491 5.600779407192022 0
1679980235897 5.685859215911478 0
