1671568357546 0.5355719904466418 0
1671568363666 0.1838177463803554 0
1671568369856 0.09892389845055466 0
1671568376168 0.11822850707775194 0
1671568382388 0.07210026633967528 0
1671568469561 0.2503326410499918 0
1671568482003 0.0774387716453983 0
1671568494337 0.06927379943520656 0
1671568507323 0.041724226072941094 0
1671568520186 0.03931346738895129 0
1671568611062 0.1082369227477245 0
1671568629322 0.05339622427314966 0
1671568648159 0.027396165134601188 0
1671568666996 0.04259052813618608 0
1671568685938 0.012689986540076 0
1671568786009 0.06845266954025993 0
1671568811189 0.02920704913330088 0
1671568836046 0.0225839635122427 0
1671568860046 0.020411508564260293 0
1671568885194 0.010727931812460319 0
1671568988441 0.07013922176349467 0
1671569018586 0.03438865281277915 0
1671569048496 0.015405934923861818 0
1671569079665 0.012625115131120503 0
1671569111260 0.014649465042052607 0
1671569227625 0.057411573546763524 0
1671569264819 0.019846338825941823 0
1671569300672 0.01714385058939085 0
1671569338974 0.008440317790596254 0
1671569377656 0.012063890651781498 0
1671569498902 0.04221808801729814 0
1671569542090 0.016556892608242044 0
1671569586707 0.009178383178817143 0
1671569630034 0.00807502539673543 0
1671569674285 0.005529020034567726 0
1671569799212 0.03292090918790268 0
1671569848834 0.010202391064909949 0
1671569895980 0.006502974121750087 0
1671569946341 0.0100670411120433 0
1671569997548 0.005048696610574285 0
1671570138149 0.027179857724590698 0
1671570193330 0.00832016482276943 0
1671570251221 0.00824535293027791 0
1671570306794 0.005702453381643555 0
1671570363669 0.006701861392500344 0
1671570514108 0.0207729788753235 0
1671570577505 0.007225585238402522 0
1671570641755 0.00552495813134725 0
1671570705986 0.007387078190755042 0
1671570770560 0.005587176974389432 0
1671570921881 0.018634357147755676 0
1671570991562 0.007490409655674523 0
1671571063016 0.0032870147533136614 0
1671571131001 0.005735392207013211 0
1671571198605 0.0044093476791618345 0
1671571353565 0.01726055839513609 0
1671571431373 0.005831836007025455 0
1671571507362 0.005801563495953787 0
1671571583415 0.004575808262894441 0
1671571656961 0.003850314464390117 0
1671571821436 0.009782720295898379 0
1671571899938 0.005663416865542311 0
