1671568357530 0.8332317073170732 0
1671568363650 0.9432926829268292 0
1671568369852 0.9719512195121951 0
1671568376164 0.9646341463414634 0
1671568382371 0.975609756097561 0
1671568469545 0.9324087591240876 0
1671568481987 0.9785401459854015 0
1671568494321 0.9805839416058394 0
1671568507319 0.9875912408759124 0
1671568520170 0.9884671532846715 0
1671568611058 0.9742802303262956 0
1671568629318 0.986468330134357 0
1671568648142 0.9920345489443378 0
1671568666979 0.9877159309021113 0
1671568685922 0.996257197696737 0
1671568785992 0.986132952108649 0
1671568811172 0.9919942816297356 0
1671568836040 0.9947105075053609 0
1671568860029 0.9942101501072195 0
1671568885178 0.9975696926375983 0
1671568988436 0.9876423690205012 0
1671569018569 0.9928246013667426 0
1671569048479 0.9960136674259681 0
1671569079661 0.9972665148063782 0
1671569111244 0.9969817767653758 0
1671569227607 0.9882631329862754 0
1671569264802 0.9957879791765263 0
1671569300654 0.9960719356365357 0
1671569338958 0.997681022243256 0
1671569377639 0.9968291528632276 0
1671569498886 0.9922267206477733 0
1671569542073 0.9959919028340081 0
1671569586703 0.9974089068825911 0
1671569630016 0.9980161943319839 0
1671569674268 0.9989878542510121 0
1671569799195 0.992998585572843 0
1671569848817 0.9972772277227723 0
1671569895962 0.9984087694483734 0
1671569946324 0.9972772277227723 0
1671569997531 0.9986562942008487 0
1671570138143 0.9949136577708007 0
1671570193313 0.9978649921507065 0
1671570251216 0.9979591836734694 0
1671570306789 0.998524332810047 0
1671570363652 0.9982731554160126 0
1671570514091 0.9954263128176172 0
1671570577486 0.9981648785996612 0
1671570641738 0.9987012987012988 0
1671570705968 0.9979390175042349 0
1671570770543 0.9988424618859402 0
1671570921864 0.9963580405232111 0
1671570991545 0.9981020774557579 0
1671571062999 0.9988971531161837 0
1671571130995 0.9985380866888945 0
1671571198588 0.9988458579122852 0
1671571353548 0.9961936090225564 0
1671571431356 0.9982847744360902 0
1671571507356 0.9986607142857142 0
1671571583408 0.9988486842105263 0
1671571656943 0.9989896616541354 0
1671571821419 0.9978755690440061 0
1671571899921 0.9986559722523304 0
