1671568357552 6.31378697800028 0
1671568363669 5.979535181002575 0
1671568369860 6.048422546002257 0
1671568376171 6.17698277800082 0
1671568382392 6.077770697997039 0
1671568469565 12.346617118000722 0
1671568482007 12.27681113899962 0
1671568494341 12.17052055000022 0
1671568507327 12.832294990999799 0
1671568520190 12.699789420999878 0
1671568611066 18.873745197997778 0
1671568629326 18.075701568999648 0
1671568648163 18.636022098999092 0
1671568667000 18.65975229399919 0
1671568685942 18.770670556998084 0
1671568786013 22.349705813001492 0
1671568811193 24.992925276001188 0
1671568836052 24.68633943000168 0
1671568860050 23.817156178000005 0
1671568885198 24.96624901499672 0
1671568988445 30.614915559999645 0
1671569018592 29.939107709000382 0
1671569048501 29.72774441400179 0
1671569079670 30.997735421999096 0
1671569111265 31.403161852998892 0
1671569227631 37.531124146000366 0
1671569264824 37.01278943500074 0
1671569300677 35.659747726000205 0
1671569338979 38.10977936800191 0
1671569377661 38.488954938999086 0
1671569498907 42.971926785001415 0
1671569542095 42.99500144400008 0
1671569586713 44.44259626300118 0
1671569630038 43.140690675998485 0
1671569674290 44.04957662299785 0
1671569799217 46.983238958000584 0
1671569848840 49.430881700998725 0
1671569895985 46.92908847199942 0
1671569946345 50.16528568600188 0
1671569997556 51.0153217219995 0
1671570138155 57.86091000699889 0
1671570193335 54.97986117600158 0
1671570251226 57.695965470000374 0
1671570306800 55.385635548998835 0
1671570363675 56.675333553997916 0
1671570514114 65.23672046100182 0
1671570577511 63.1859935149987 0
1671570641760 64.05039660600232 0
1671570705992 64.01729188800164 0
1671570770566 64.35064276699995 0
1671570921887 70.34161194099943 0
1671570991568 69.46881187200051 0
1671571063022 71.24364427899854 0
1671571131008 67.79751095599931 0
1671571198611 67.39928358899851 0
1671571353572 74.09120384299968 0
1671571431379 77.60785573999965 0
1671571507368 75.79862474399852 0
1671571583421 75.85116477399788 0
1671571656967 73.34437971800071 0
1671571821442 82.26590699699955 0
1671571899944 78.2969440909983 0
