1678659219300 0.8725490196078431 0
1678659223670 0.9583333333333334 0
1678659227437 0.9748774509803921 0
1678659231762 0.9813112745098039 0
1678659236258 0.9828431372549019 0
1678659240743 0.9960171568627451 0
1678659245060 0.992953431372549 0
1678659249536 0.9911151960784313 0
1678659254117 0.9862132352941176 0
1678659258695 0.9889705882352942 0
1678659324206 0.9401169950738916 0
1678659331446 0.9883004926108374 0
1678659339137 0.9926108374384236 0
1678659346599 0.990301724137931 0
1678659354277 0.9941502463054187 0
1678659361907 0.999384236453202 0
1678659369337 0.999692118226601 0
1678659376707 1.0 0
1678659384565 0.999692118226601 0
1678659392165 0.9836822660098522 0
1678659455359 0.970703125 0
1678659465935 0.9955797697368421 0
1678659476877 0.9966077302631579 0
1678659488191 0.997327302631579 0
1678659499455 0.9982524671052632 0
1678659510358 0.9943462171052632 0
1678659521616 0.9938322368421053 0
1678659531689 0.9946546052631579 0
1678659542095 0.9994860197368421 0
1678659552651 0.9994860197368421 0
1678659619112 0.9488916256157636 0
1678659632948 0.9913023399014779 0
1678659646460 0.9947660098522167 0
1678659660156 0.9966902709359606 0
1678659673931 0.9958435960591133 0
1678659687755 0.9971520935960592 0
1678659701556 0.9982296798029556 0
1678659716212 0.9987684729064039 0
1678659730757 0.9937653940886699 0
1678659745161 0.9982296798029556 0
1678659814721 0.909146942800789 0
1678659831606 0.9842209072978304 0
1678659848334 0.9914940828402367 0
1678659865229 0.9932199211045365 0
1678659882165 0.9947608481262328 0
1678659898889 0.9957470414201184 0
1678659915434 0.9964250493096647 0
1678659932164 0.9956854043392505 0
1678659949927 0.997103057199211 0
1678659967865 0.9964866863905325 0
1678660041442 0.890625 0
1678660060979 0.9676706414473685 0
1678660080554 0.9842722039473685 0
1678660100255 0.9891036184210527 0
1678660119903 0.9933696546052632 0
1678660139836 0.9914165296052632 0
1678660159818 0.9959909539473685 0
1678660180419 0.9951171875 0
1678660200628 0.9956825657894737 0
1678660220800 0.9940892269736842 0
1678660297031 0.883638928067701 0
1678660319770 0.9486071932299013 0
1678660342840 0.9702485895627645 0
1678660365867 0.9835595909732017 0
1678660388882 0.9879672073342737 0
1678660412511 0.9920222143864598 0
1678660437200 0.9907880818053597 0
1678660460183 0.9914492242595204 0
1678660482747 0.9939615655853314 0
1678660505693 0.9948430888575458 0
1678660584575 0.896875 0
1678660610483 0.948533950617284 0
1678660636047 0.9707947530864197 0
1678660663456 0.9811342592592592 0
1678660691065 0.9861882716049383 0
1678660716647 0.9886574074074074 0
1678660742390 0.9892746913580247 0
1678660768712 0.9904320987654321 0
1678660794823 0.991087962962963 0
1678660820116 0.9920524691358025 0
1678660903905 0.8894942434210527 0
1678660933859 0.9363007127192983 0
1678660962696 0.9613829495614035 0
1678660991815 0.9751576206140351 0
1678661021523 0.9847519188596491 0
1678661050586 0.9886239035087719 0
1678661079120 0.9884868421052632 0
1678661108034 0.9891378837719298 0
1678661138455 0.9927014802631579 0
1678661169697 0.9914336622807017 0
1678661255027 0.8933859822309971 0
1678661286813 0.9442559230009872 0
1678661319006 0.9651098223099703 0
1678661351530 0.9759686574531096 0
1678661384781 0.9836192003948667 0
1678661417882 0.9877529615004936 0
1678661449471 0.9891720138203356 0
1678661481843 0.9902208785784797 0
1678661513952 0.9903751233958539 0
1678661546059 0.9908687068114511 0
1678661635927 0.8956743716337523 0
1678661671601 0.9350594703770198 0
1678661707267 0.9535177289048474 0
1678661742535 0.968721947935368 0
1678661777672 0.979185368043088 0
1678661812662 0.9830004488330341 0
1678661847794 0.9866191651705566 0
1678661883499 0.9901817773788151 0
1678661919620 0.9870960502692998 0
1678661954654 0.9901817773788151 0
1678662046632 0.8996399176954732 0
1678662084594 0.9438014403292181 0
1678662123113 0.9638631687242798 0
1678662164222 0.9745627572016461 0
1678662201492 0.9820987654320987 0
1678662239521 0.9843621399176955 0
1678662277649 0.985133744855967 0
1678662315785 0.9887860082304527 0
1678662354154 0.9880915637860083 0
1678662393027 0.9916409465020576 0
1678662491608 0.8981050531914894 0
1678662533115 0.9424392097264438 0
1678662573899 0.9602013677811551 0
1678662615490 0.9708159194528876 0
1678662658408 0.9784621960486323 0
1678662699821 0.9839475683890577 0
1678662741070 0.9852773556231003 0
1678662782318 0.9876044832826748 0
1678662823409 0.9867021276595744 0
1678662864551 0.987295782674772 0
1678662967094 0.8979196050775741 0
1678663011674 0.9385578279266573 0
1678663056327 0.953125 0
1678663100803 0.9663037729196051 0
1678663145075 0.9753173483779972 0
1678663190866 0.9784687940761636 0
1678663235564 0.9847276093088858 0
1678663279797 0.9840444287729196 0
1678663324019 0.9873721791255289 0
1678663368473 0.9856752468265162 0
1678663472725 0.9040075707702436 0
1678663519500 0.9417585582620145 0
1678663567533 0.9556657340355497 0
1678663614867 0.9644708689927584 0
1678663662633 0.9756830151415404 0
1678663710877 0.9784603357472021 0
1678663758915 0.9818754114549045 0
1678663806674 0.9832332126398947 0
1678663854267 0.9853316326530612 0
1678663901936 0.9856813693219223 0
1678664009089 0.9014467592592592 0
1678664059111 0.9382137345679012 0
1678664110374 0.9572723765432098 0
1678664160553 0.9680555555555556 0
1678664211410 0.9745177469135803 0
1678664261317 0.9775848765432099 0
1678664312248 0.9825810185185185 0
1678664364426 0.9846836419753087 0
1678664414963 0.9827160493827161 0
1678664464865 0.985011574074074 0
1678664575150 0.903362870424172 0
1678664629739 0.9372094712376525 0
1678664683143 0.9526256536897153 0
1678664736355 0.9614504648460197 0
1678664789961 0.9706929110981988 0
1678664844315 0.9765579604880883 0
1678664897552 0.9797356188262638 0
1678664951055 0.9830766995932597 0
1678665004232 0.9817330040674027 0
1678665060452 0.9822051133062173 0
1678665170276 0.9064215148188803 0
1678665227193 0.9327833424807903 0
1678665285763 0.9476879802414928 0
1678665342397 0.9575843852908892 0
1678665398765 0.9652339462129528 0
1678665453997 0.9732608397365532 0
1678665511286 0.9783548298572997 0
1678665568798 0.9782004665203073 0
1678665625423 0.9813048847420417 0
1678665681765 0.9823339736553238 0
1678665797701 0.9112552002080083 0
1678665857448 0.93790626625065 0
1678665916243 0.9481604264170567 0
1678665975641 0.9586745969838794 0
1678666036736 0.9654998699947998 0
1678666096960 0.9720163806552262 0
1678666156767 0.9749414976599063 0
1678666216538 0.9783541341653667 0
1678666278078 0.9799141965678627 0
1678666337768 0.9808892355694228 0
1678666454674 0.9154783950617283 0
1678666520718 0.9390277777777778 0
1678666582683 0.9495987654320988 0
1678666645050 0.9578703703703704 0
1678666707565 0.9649845679012345 0
1678666773098 0.9716820987654321 0
1678666835439 0.9743672839506173 0
1678666898354 0.9760648148148148 0
1678666961073 0.979645061728395 0
1678667025033 0.9793827160493828 0
