1678659219310 0.3665675573124021 0
1678659223681 0.12564302731634064 0
1678659227448 0.07526211248820319 0
1678659231776 0.05678771550575381 0
1678659236268 0.058839505187386426 0
1678659240753 0.015405771299258192 0
1678659245072 0.026922708212605714 0
1678659249547 0.033642545076658925 0
1678659254130 0.03910373452890781 0
1678659258707 0.03804220576007627 0
1678659324216 0.21478335529662154 0
1678659331452 0.036649104244098084 0
1678659339147 0.02739626835180639 0
1678659346610 0.034432638285301964 0
1678659354287 0.020823856400571914 0
1678659361921 0.0015433462369777583 0
1678659369351 0.0018903157343772943 0
1678659376717 0.00047630869376634704 0
1678659384576 0.0025705968590408715 0
1678659392176 0.0713984147769426 0
1678659455371 0.13618927364701736 0
1678659465946 0.01525552156238662 0
1678659476888 0.011580916070885761 0
1678659488203 0.0111197201350945 0
1678659499465 0.007513389215166387 0
1678659510369 0.016767388864022188 0
1678659521626 0.019797092580066226 0
1678659531695 0.017825332382583412 0
1678659542105 0.00267011123082477 0
1678659552660 0.001944623395729089 0
1678659619123 0.2741459083558161 0
1678659632958 0.028022127044131966 0
1678659646472 0.01705465425619353 0
1678659660166 0.01091767284444959 0
1678659673943 0.013877367932015968 0
1678659687766 0.010090229214238475 0
1678659701567 0.008508028638639614 0
1678659716223 0.003983177548133171 0
1678659730768 0.023812753948344735 0
1678659745173 0.007084888496803744 0
1678659814731 0.38636020821091194 0
1678659831618 0.045631769786476796 0
1678659848340 0.024597893841171437 0
1678659865243 0.01978219542579035 0
1678659882176 0.016518543425328068 0
1678659898902 0.014551999257619208 0
1678659915444 0.01219166726998488 0
1678659932183 0.016218413035718325 0
1678659949938 0.011353295461603435 0
1678659967876 0.013248960041719922 0
1678660041454 0.43852850897881007 0
1678660060990 0.09853234245163453 0
1678660080566 0.04814975074454627 0
1678660100270 0.033749367674581185 0
1678660119917 0.02416622747627547 0
1678660139848 0.027378627906093817 0
1678660159831 0.01575891569974362 0
1678660180432 0.01725372104267595 0
1678660200639 0.01573846785661197 0
1678660220814 0.018403839661724413 0
1678660297043 0.4831126573415439 0
1678660319781 0.15226649915505916 0
1678660342850 0.08785661202659194 0
1678660365879 0.04919572835442087 0
1678660388895 0.03859985928556981 0
1678660412525 0.025258155033401192 0
1678660437212 0.03081970186683639 0
1678660460194 0.02907043934280829 0
1678660482758 0.019091667242143298 0
1678660505705 0.016630620651562532 0
1678660584587 0.47274717793018084 0
1678660610497 0.1499958454642767 0
1678660636057 0.08784285056480942 0
1678660663469 0.05690614486461359 0
1678660691077 0.04245368227334607 0
1678660716659 0.0323967258104757 0
1678660742403 0.033521174923731044 0
1678660768723 0.02941604569049234 0
1678660794834 0.025260776086693505 0
1678660820128 0.025630434049452124 0
1678660903916 0.4927558539733454 0
1678660933870 0.19149773891950372 0
1678660962708 0.11934389964836443 0
1678660991829 0.07470210377071278 0
1678661021543 0.051039497229267955 0
1678661050597 0.03651047850757606 0
1678661079134 0.03504914615533587 0
1678661108044 0.03601529857676947 0
1678661138469 0.027309249684637046 0
1678661169711 0.02616815317797342 0
1678661255038 0.4797246400988592 0
1678661286826 0.16776333673124413 0
1678661319019 0.1059068099770488 0
1678661351552 0.07269740254931359 0
1678661384792 0.051290126490926576 0
1678661417895 0.041213356711347404 0
1678661449488 0.03463682477143213 0
1678661481863 0.030863220759191307 0
1678661513964 0.030675258936087194 0
1678661546075 0.029957943802784503 0
1678661635938 0.48360090867551025 0
1678661671611 0.19578832385896855 0
1678661707278 0.14068523729925683 0
1678661742546 0.09625039930607228 0
1678661777684 0.06622635424501044 0
1678661812674 0.05760947293589128 0
1678661847806 0.041886858718590284 0
1678661883510 0.03352274665881439 0
1678661919630 0.04263565993204331 0
1678661954670 0.032048656793341714 0
1678662046650 0.4687207721474623 0
1678662084601 0.17817166546769747 0
1678662123128 0.1138794529238939 0
1678662164245 0.07969131030949789 0
1678662201505 0.05741687383623509 0
1678662239533 0.0493131046313087 0
1678662277665 0.0475879130592769 0
1678662315797 0.037525788245726485 0
1678662354165 0.038888340982272666 0
1678662393038 0.02890799143693854 0
1678662491622 0.4766021281058651 0
1678662533131 0.1803321990420656 0
1678662573918 0.12440941340337248 0
1678662615507 0.09021309821934878 0
1678662658422 0.06924715067654859 0
1678662699834 0.0514422478441138 0
1678662741083 0.04773334188012031 0
1678662782332 0.041692386097951395 0
1678662823424 0.04452686211045761 0
1678662864563 0.04161810067949569 0
1678662967104 0.5061336000665382 0
1678663011688 0.19833215279919253 0
1678663056342 0.14474111910321918 0
1678663100810 0.10629821276289414 0
1678663145085 0.0800147519864492 0
1678663190878 0.06785744897397192 0
1678663235576 0.0539304553751852 0
1678663279811 0.051015547060588765 0
1678663324030 0.03992118376549544 0
1678663368484 0.047803390074484704 0
1678663472741 0.4945083042328357 0
1678663519511 0.19634339311822313 0
1678663567544 0.1426249969197076 0
1678663614879 0.11031381388386764 0
1678663662645 0.07731290616035594 0
1678663710889 0.06727570552318865 0
1678663758934 0.060393810723900966 0
1678663806694 0.05490152243589991 0
1678663854287 0.04558411324584113 0
1678663901948 0.04836476884889207 0
1678664009106 0.49141549407274543 0
1678664059124 0.20789360160440679 0
1678664110386 0.1389929165598005 0
1678664160568 0.10386724305423774 0
1678664211423 0.08189082997532189 0
1678664261330 0.07253253529290957 0
1678664312259 0.05664397467096281 0
1678664364436 0.052134007247253596 0
1678664414976 0.05388448038473503 0
1678664464877 0.04902590635781648 0
1678664575163 0.5165014951893024 0
1678664629750 0.21866633302199937 0
1678664683157 0.15303189090631938 0
1678664736366 0.11713065135083757 0
1678664789977 0.09349461476576126 0
1678664844327 0.07356003878472692 0
1678664897564 0.06615176057080586 0
1678664951066 0.0557079895373451 0
1678665004247 0.05824166848951299 0
1678665060464 0.05783911346317233 0
1678665170289 0.5125946768846529 0
1678665227211 0.23640201530346705 0
1678665285780 0.17036784903665658 0
1678665342406 0.1365894584537128 0
1678665398780 0.10873992035624382 0
1678665454012 0.08611137640716833 0
1678665511309 0.07071249424067065 0
1678665568812 0.07084433400781959 0
1678665625436 0.05906902920568728 0
1678665681786 0.055574150395358374 0
1678665797719 0.4991165505566218 0
1678665857462 0.23099151199433646 0
1678665916262 0.16965143178062717 0
1678665975655 0.13119435486300435 0
1678666036746 0.11260280921408453 0
1678666096973 0.08873678884276219 0
1678666156793 0.08035188309572526 0
1678666216550 0.07032502713487958 0
1678666278094 0.065417477552861 0
1678666337779 0.062466134214054274 0
1678666454686 0.4778765608149546 0
1678666520730 0.23222471730875563 0
1678666582693 0.16695645573439744 0
1678666645060 0.13516720984476033 0
1678666707577 0.11278932181296203 0
1678666773110 0.09327971389633603 0
1678666835456 0.08249541304284062 0
1678666898368 0.07676891872456677 0
1678666961087 0.06621890519317354 0
1678667025048 0.06620842256758615 0
