1678659219316 4.426040732767433 0
1678659223688 4.2416516318917274 0
1678659227455 3.6126736789010465 0
1678659231785 4.170288681983948 0
1678659236273 4.3497412679716945 0
1678659240760 4.3172525078989565 0
1678659245079 4.10996373090893 0
1678659249554 4.314276382792741 0
1678659254138 4.419919529929757 0
1678659258713 4.39897277392447 0
1678659324223 7.7884577182121575 0
1678659331458 7.034393624868244 0
1678659339154 7.517469889950007 0
1678659346615 7.325563727878034 0
1678659354295 7.464027044828981 0
1678659361930 7.455994948279113 0
1678659369361 7.236660676077008 0
1678659376722 7.195612195879221 0
1678659384581 7.722865168005228 0
1678659392184 7.445103260688484 0
1678659455378 10.592395729385316 0
1678659465954 10.395019076298922 0
1678659476895 10.751457728911191 0
1678659488209 11.162482412997633 0
1678659499470 11.09121273458004 0
1678659510375 10.741444796789438 0
1678659521632 11.079877469688654 0
1678659531702 9.909832573961467 0
1678659542114 10.243121344130486 0
1678659552666 10.413401420693845 0
1678659619128 13.357596099376678 0
1678659632963 13.694847563747317 0
1678659646481 13.341541169211268 0
1678659660172 13.517537797335535 0
1678659673950 13.635731420945376 0
1678659687775 13.656902702059597 0
1678659701573 13.610954044852406 0
1678659716231 14.46004124218598 0
1678659730776 14.358030812814832 0
1678659745184 14.216847798787057 0
1678659814736 16.548603421077132 0
1678659831623 16.71719165612012 0
1678659848353 16.547830677125603 0
1678659865253 16.74884020583704 0
1678659882182 16.78504915488884 0
1678659898909 16.56733494112268 0
1678659915452 16.381947631016374 0
1678659932192 16.518523667007685 0
1678659949943 17.589936275035143 0
1678659967883 17.742407337762415 0
1678660041461 19.696456358302385 0
1678660060997 19.369307646993548 0
1678660080577 19.406372179742903 0
1678660100280 19.535005489829928 0
1678660119929 19.478478783275932 0
1678660139856 19.77532730763778 0
1678660159837 19.814506751019508 0
1678660180442 20.40263347607106 0
1678660200644 20.043396356981248 0
1678660220822 20.0350342951715 0
1678660297050 22.801117485854775 0
1678660319786 22.591392599977553 0
1678660342857 22.910010013263673 0
1678660365893 22.853933982085437 0
1678660388903 22.85526885697618 0
1678660412534 23.43421517731622 0
1678660437219 24.5243626460433 0
1678660460200 22.819263954181224 0
1678660482764 22.42353355512023 0
1678660505713 22.771610490977764 0
1678660584596 25.45335313072428 0
1678660610505 25.71773715596646 0
1678660636064 25.417092700023204 0
1678660663481 27.21828752430156 0
1678660691085 27.415354546159506 0
1678660716666 25.4007817087695 0
1678660742417 25.5613677399233 0
1678660768730 26.15805212687701 0
1678660794840 25.955889977980405 0
1678660820134 25.14539291476831 0
1678660903924 30.579680306836963 0
1678660933876 29.815279671922326 0
1678660962715 28.67065286030993 0
1678660991839 28.95347538497299 0
1678661021554 29.52693629032001 0
1678661050610 28.87829367397353 0
1678661079143 28.356570876203477 0
1678661108052 28.758322303183377 0
1678661138477 30.250769081059843 0
1678661169720 31.071404945105314 0
1678661255045 31.962279923260212 0
1678661286836 31.622630388010293 0
1678661319028 32.0233917189762 0
1678661351564 32.34361692331731 0
1678661384799 33.077447389252484 0
1678661417903 32.90509292809293 0
1678661449499 31.40382200619206 0
1678661481878 32.1808763067238 0
1678661513981 31.918315429240465 0
1678661546088 31.92891987413168 0
1678661635945 35.884234932251275 0
1678661671618 35.527933730743825 0
1678661707286 35.4752083690837 0
1678661742553 35.09870647918433 0
1678661777693 34.96610748395324 0
1678661812681 34.82235384825617 0
1678661847813 34.980573169887066 0
1678661883516 35.52628787793219 0
1678661919636 35.95529185794294 0
1678661954680 34.88833965500817 0
1678662046660 38.31906744884327 0
1678662084609 37.78416977496818 0
1678662123136 38.31248712912202 0
1678662164257 40.898537647910416 0
1678662201513 37.07411610195413 0
1678662239541 37.84924153238535 0
1678662277681 37.95308364694938 0
1678662315805 37.975188532378525 0
1678662354173 38.20294334273785 0
1678662393044 38.6828662538901 0
1678662491631 41.835856615100056 0
1678662533140 41.353604812175035 0
1678662573931 40.580938051920384 0
1678662615516 41.39523823838681 0
1678662658435 42.70590613177046 0
1678662699848 41.224046958144754 0
1678662741090 41.08889223681763 0
1678662782340 41.06606710283086 0
1678662823435 40.89108841633424 0
1678662864579 40.97956156777218 0
1678662967111 44.41300006210804 0
1678663011698 44.345674036070704 0
1678663056352 44.49117021728307 0
1678663100822 44.31739299511537 0
1678663145092 44.10663965716958 0
1678663190884 45.60497022885829 0
1678663235584 44.519696542061865 0
1678663279822 44.04311451781541 0
1678663324038 44.03474813513458 0
1678663368498 44.308332161046565 0
1678663472752 49.77992031676695 0
1678663519519 46.594023859128356 0
1678663567552 47.867761948145926 0
1678663614896 47.16724798595533 0
1678663662653 47.60258904192597 0
1678663710897 48.0698620560579 0
1678663758946 47.860375080257654 0
1678663806708 47.57039362611249 0
1678663854301 47.40941385133192 0
1678663901956 47.479235582984984 0
1678664009117 52.9587231320329 0
1678664059139 49.85397373465821 0
1678664110395 51.070879701990634 0
1678664160575 50.00666728336364 0
1678664211432 50.676538549829274 0
1678664261339 49.713077762164176 0
1678664312266 50.72500922996551 0
1678664364450 52.01447995426133 0
1678664414985 50.36708737211302 0
1678664464886 49.72751284297556 0
1678664575179 54.61945798993111 0
1678664629758 54.39524396229535 0
1678664683166 53.230725763365626 0
1678664736374 53.02988641569391 0
1678664789987 53.411624293774366 0
1678664844335 54.17762909270823 0
1678664897572 53.06216095900163 0
1678664951074 53.31545862276107 0
1678665004261 53.014354636892676 0
1678665060472 56.013272249139845 0
1678665170304 55.70998556865379 0
1678665227221 56.723085820674896 0
1678665285790 58.37512117810547 0
1678665342414 56.423733510077 0
1678665398797 56.19051003828645 0
1678665454028 55.05760480556637 0
1678665511322 57.0828613601625 0
1678665568822 57.325269299559295 0
1678665625444 56.44593029329553 0
1678665681806 56.14353955257684 0
1678665797729 61.47414436098188 0
1678665857471 59.56010087579489 0
1678665916275 58.59551937133074 0
1678665975664 59.17542866431177 0
1678666036764 60.9333028960973 0
1678666096981 60.01777099678293 0
1678666156805 59.620012528728694 0
1678666216557 59.571974102407694 0
1678666278110 61.38565674284473 0
1678666337794 59.5203611087054 0
1678666454695 62.394536926876754 0
1678666520748 65.88010352896526 0
1678666582712 61.77637841226533 0
1678666645076 62.17712966678664 0
1678666707586 62.32879056269303 0
1678666773119 65.34065928589553 0
1678666835472 62.17531376006082 0
1678666898377 62.722264288924634 0
1678666961096 62.53231014125049 0
1678667025058 63.78132855007425 0
