1678813167389 0.3999721174146615 0
1678813171583 0.2685701569505766 0
1678813176435 0.24592073758443198 0
1678813180662 0.22919726649335787 0
1678813185479 0.21664384372678458 0
1678813189731 0.2040256293965321 0
1678813195012 0.1942003435071777 0
1678813199348 0.18575425723604128 0
1678813204355 0.17636177089868807 0
1678813208681 0.1684477951596765 0
1678813313677 0.2447779242863912 0
1678813321879 0.24085803793932864 0
1678813329895 0.2405675639827808 0
1678813337909 0.2400805228306148 0
1678813345554 0.24014155432849588 0
1678813353775 0.24006999663250175 0
1678813362020 0.24010346196368784 0
1678813370055 0.24035174172081633 0
1678813378111 0.23993690793742678 0
1678813386448 0.24005598151041363 0
1678813478787 0.24316616387809883 0
1678813490009 0.24169049308269838 0
1678813500673 0.24172902572507093 0
1678813511366 0.2414609865925986 0
1678813522072 0.24123546600593293 0
1678813532763 0.24129393747084252 0
1678813545146 0.24133114919129303 0
1678813558082 0.24141115333712052 0
1678813570868 0.24146314531187468 0
1678813584061 0.24160797271547438 0
1678813659523 0.2322973426909762 0
1678813671123 0.2313335867243518 0
1678813682964 0.2309190216927213 0
1678813694894 0.2310857242299425 0
1678813709078 0.23140544708136918 0
1678813723129 0.2309633776371581 0
1678813737341 0.23047906774955038 0
1678813750682 0.23086478691620585 0
1678813762333 0.23096531351252753 0
1678813774131 0.2307509055745277 0
1678813848213 0.22533464843429016 0
1678813861255 0.2247908892914479 0
1678813874946 0.2246729703148979 0
1678813888824 0.224330392503089 0
1678813903097 0.22493739321769907 0
1678813914308 0.22430708847852995 0
1678813926057 0.22433656686010991 0
1678813937926 0.22403773474090294 0
1678813949778 0.22422612357000432 0
1678813962178 0.22446565225662424 0
1678814045425 0.22079938319638545 0
1678814059779 0.22056986443727397 0
1678814071897 0.22059448672175871 0
1678814083741 0.2203259517942421 0
1678814095663 0.22024077391578065 0
1678814107285 0.220116421696277 0
1678814118981 0.2201407937920047 0
1678814130763 0.2201688055978211 0
1678814142399 0.21972372571318066 0
1678814154324 0.2199784212887055 0
1678814247712 0.2180414874424306 0
1678814259308 0.21794666436522506 0
1678814271019 0.21785129652928936 0
1678814282741 0.21757450613171556 0
1678814294402 0.21791814308064852 0
1678814306178 0.2177445898915446 0
1678814317882 0.21766266140133836 0
1678814332072 0.21761677292890327 0
1678814346427 0.2175002877795419 0
1678814360327 0.21770419584688291 0
1678814434214 0.21656718642212625 0
1678814445893 0.2166439756289009 0
1678814457431 0.2168402983698734 0
1678814469165 0.2164885855113813 0
1678814483078 0.21655043555322542 0
1678814497112 0.21640687106653703 0
1678814511256 0.21632576780032742 0
1678814525107 0.2161523365350657 0
1678814537070 0.21580514173175014 0
1678814548931 0.21605933827254198 0
1678814623998 0.2154018044356228 0
1678814636322 0.21532303707082143 0
1678814649876 0.21547832871361297 0
1678814662858 0.21526982317599216 0
1678814674685 0.21537264257438424 0
1678814686263 0.2154830660699874 0
1678814697986 0.21512690937334253 0
1678814709957 0.21523670164882674 0
1678814721660 0.21502206012491107 0
1678814733766 0.21519877842461416 0
1678814828259 0.21442607744026554 0
1678814840116 0.21416207015976424 0
1678814851737 0.21425256421861721 0
1678814863380 0.21412540874046873 0
1678814874801 0.21406976462796676 0
1678814886718 0.2140132348204768 0
1678814898427 0.21413154016400493 0
1678814910503 0.21423377217941506 0
1678814924658 0.21381287923616957 0
1678814938630 0.2140425014518952 0
1678815016742 0.213189703597169 0
1678815028586 0.21321074560226633 0
1678815040291 0.2132192323064062 0
1678815052082 0.213177829227095 0
1678815063983 0.21314759587267493 0
1678815078217 0.213083343399174 0
1678815092343 0.21294202084439273 0
1678815106634 0.21310081660515603 0
1678815118612 0.212841103107085 0
1678815130148 0.21304069152138114 0
1678815206240 0.21247686900227225 0
1678815218183 0.2124176489685493 0
1678815232655 0.21233419015370741 0
1678815246953 0.21243316222802092 0
1678815260948 0.21233355020924424 0
1678815273526 0.212293964325231 0
1678815285382 0.2122417665931709 0
1678815297746 0.21219438239644392 0
1678815309675 0.2122655531039109 0
1678815321376 0.21222860046795436 0
1678815403487 0.21171848834022994 0
1678815417700 0.21148526599240858 0
1678815429960 0.21168767077516215 0
1678815441758 0.21168910301932992 0
1678815453290 0.2116892218243244 0
1678815464888 0.211507084931052 0
1678815476382 0.21153110254180524 0
1678815488218 0.2116301388934601 0
1678815499530 0.21163498044245002 0
1678815511073 0.21145993823459905 0
1678815604563 0.21197315659302082 0
1678815616378 0.21175378630060027 0
1678815628310 0.21163252559868065 0
1678815640441 0.2116495783954974 0
1678815652134 0.211513953376921 0
1678815663965 0.21165594165159468 0
1678815677735 0.21162849204420583 0
1678815692203 0.2115018636448503 0
1678815706872 0.21162850884397058 0
1678815720700 0.21158704305477585 0
1678815799252 0.21223110786473104 0
1678815811236 0.21227893989908603 0
1678815822895 0.21228366414474886 0
1678815837263 0.21210367163253385 0
1678815851497 0.2122015033003896 0
1678815866153 0.21216568934131963 0
1678815879794 0.2121043660959532 0
1678815891685 0.21213339511738266 0
1678815903269 0.21218485824128455 0
1678815915428 0.212150275591732 0
1678815995727 0.2124505557692968 0
1678816010217 0.21231084735347674 0
1678816024882 0.2124070286177672 0
1678816038285 0.21237150539572422 0
1678816050199 0.21228877919224592 0
1678816062145 0.21227567253204493 0
1678816074104 0.21227601422713352 0
1678816086080 0.21212731003761293 0
1678816098533 0.21220806791232183 0
1678816110782 0.21222688469749232 0
1678816210374 0.21149200874726892 0
1678816222565 0.21157749870727802 0
1678816234587 0.21150193480467888 0
1678816246305 0.21143637831640427 0
1678816258367 0.21149486874255183 0
1678816270455 0.2114649605134438 0
1678816282719 0.21156252218388963 0
1678816296271 0.2114822093782754 0
1678816310495 0.2115019989767294 0
1678816324927 0.21137365287747875 0
1678816403289 0.21006359429313587 0
1678816415628 0.21007257499373877 0
1678816427439 0.2100696809589863 0
1678816439476 0.20994139273579304 0
1678816454312 0.20995554339427214 0
1678816468677 0.20991555578433552 0
1678816482848 0.21003599184063765 0
1678816496398 0.2098940511735586 0
1678816508201 0.20989506256121856 0
1678816520008 0.20979810947409042 0
1678816598887 0.20926707907933598 0
1678816613195 0.20919771573340246 0
1678816627195 0.20903587543456129 0
1678816641658 0.20908947444932405 0
1678816655063 0.20911397675211116 0
1678816666919 0.20905671840490297 0
1678816678658 0.20918334211952003 0
1678816691056 0.2090816209598105 0
1678816703131 0.20907779205446095 0
1678816714751 0.2090892089429752 0
1678816807481 0.20871180301653472 0
1678816819903 0.2087359431831316 0
1678816831872 0.20876903506531114 0
1678816843723 0.20866512258847555 0
1678816856422 0.2087117909700021 0
1678816868355 0.20875521997610727 0
1678816880377 0.2086514193436195 0
1678816892188 0.20870572088778705 0
1678816903876 0.20868566500957897 0
1678816918017 0.20853005041336192 0
