1678813167395 4.909158253001806 0
1678813171589 4.008963293999841 0
1678813176441 4.681198215002951 0
1678813180668 4.047948856998119 0
1678813185485 4.625072283000918 0
1678813189738 4.069015867000417 0
1678813195018 5.09218346399939 0
1678813199354 4.13743150099981 0
1678813204361 4.82216831900223 0
1678813208687 4.14367947899882 0
1678813313683 7.9153799199993955 0
1678813321886 7.989669751998008 0
1678813329902 7.804767843997979 0
1678813337916 7.860773749998771 0
1678813345563 7.447033284999634 0
1678813353782 8.005688198998541 0
1678813362030 8.018593898999825 0
1678813370061 7.81744500700006 0
1678813378118 7.846028051000758 0
1678813386455 8.168922631000896 0
1678813478794 10.500564531001146 0
1678813490020 11.05022708099932 0
1678813500680 10.424188624001545 0
1678813511372 10.466315449000831 0
1678813522078 10.497202041999117 0
1678813532770 10.480098587999237 0
1678813545153 12.222216651000053 0
1678813558089 12.74860838800305 0
1678813570875 12.607392986999912 0
1678813584067 13.032408447001217 0
1678813659530 11.405316232998302 0
1678813671129 11.398665652999625 0
1678813682974 11.625990066000668 0
1678813694901 11.756737070998497 0
1678813709083 14.02198915900226 0
1678813723135 13.8740093790002 0
1678813737349 14.034277083999768 0
1678813750691 13.108712100998673 0
1678813762341 11.421073379999143 0
1678813774138 11.582784534999519 0
1678813848221 11.775329736999993 0
1678813861266 12.852076530001796 0
1678813874957 13.512028416000248 0
1678813888833 13.692685362999327 0
1678813903103 14.100502379998943 0
1678813914316 10.989297804000671 0
1678813926064 11.529456602998835 0
1678813937933 11.638743955998507 0
1678813949786 11.609185569999681 0
1678813962185 12.197451648000424 0
1678814045432 13.88335876400015 0
1678814059790 14.161708690000523 0
1678814071905 11.896651279999787 0
1678814083748 11.60443660799865 0
1678814095671 11.706591089998255 0
1678814107293 11.399838088000251 0
1678814118989 11.455553422001685 0
1678814130771 11.55804102300317 0
1678814142410 11.389431845000217 0
1678814154330 11.672023551996972 0
1678814247720 11.415877659001126 0
1678814259315 11.42521897700135 0
1678814271026 11.503181849999237 0
1678814282749 11.503674105002574 0
1678814294410 11.419982406998315 0
1678814306188 11.605624961001013 0
1678814317889 11.517933498002094 0
1678814332085 14.007301539000764 0
1678814346439 14.169992792001722 0
1678814360336 13.728597371999058 0
1678814434223 11.430520917001559 0
1678814445904 11.442629099001351 0
1678814457440 11.298639210999681 0
1678814469173 11.494124937999004 0
1678814483086 13.737864852999337 0
1678814497127 13.849528012000519 0
1678814511263 13.95363737900334 0
1678814525114 13.683687775999715 0
1678814537082 11.733083437997266 0
1678814548940 11.612291399000242 0
1678814624007 11.482171173000097 0
1678814636334 12.149761827000475 0
1678814649890 13.381258613997488 0
1678814662867 12.734168710998347 0
1678814674695 11.584423705000518 0
1678814686272 11.412007734001236 0
1678814697995 11.48309751999841 0
1678814709966 11.75279560600029 0
1678814721669 11.466408138003317 0
1678814733780 11.92607488700014 0
1678814828267 11.785869838000508 0
1678814840126 11.629699835000793 0
1678814851747 11.37394465000034 0
1678814863393 11.449473171000136 0
1678814874810 11.190795451999293 0
1678814886725 11.689118689999304 0
1678814898436 11.47978145900197 0
1678814910510 11.890357154999947 0
1678814924671 13.97535703900212 0
1678814938638 13.78045207499963 0
1678815016754 11.40814028100067 0
1678815028595 11.61455284099793 0
1678815040302 11.468610615000216 0
1678815052088 11.614112190000014 0
1678815063993 11.725909786997363 0
1678815078224 14.050812343000871 0
1678815092350 13.945732356998633 0
1678815106641 14.114316681003402 0
1678815118621 11.751447628001188 0
1678815130154 11.370831735999673 0
1678815206250 11.48666639899966 0
1678815218198 11.757505711000704 0
1678815232664 14.288343832002283 0
1678815246962 14.10319990700009 0
1678815260957 13.816639592001593 0
1678815273537 12.344859694996558 0
1678815285391 11.62287588700201 0
1678815297756 12.135636325998348 0
1678815309686 11.700448292998772 0
1678815321386 11.453887789000873 0
1678815403495 13.959763554001256 0
1678815417710 14.02169284500269 0
1678815429970 12.009740289999172 0
1678815441768 11.570800710000185 0
1678815453301 11.273461590000807 0
1678815464902 11.375172907999513 0
1678815476392 11.245272372998443 0
1678815488232 11.632800928997312 0
1678815499537 11.098433971001214 0
1678815511090 11.32757824300279 0
1678815604574 11.743465353996726 0
1678815616390 11.57855926299817 0
1678815628320 11.686706232998404 0
1678815640454 11.903711202998238 0
1678815652145 11.46619659299904 0
1678815663975 11.599808316997951 0
1678815677742 13.571094547001849 0
1678815692212 14.292806446999748 0
1678815706884 14.49298780999743 0
1678815720710 13.592996094997943 0
1678815799264 11.782189542002016 0
1678815811245 11.739355891000741 0
1678815822906 11.432332303000294 0
1678815837273 14.181016825998086 0
1678815851511 14.030181902999175 0
1678815866162 14.46746028599955 0
1678815879806 13.404093901001033 0
1678815891696 11.66222842100251 0
1678815903277 11.332392209002137 0
1678815915439 11.916519423000864 0
1678815995735 14.048363231999247 0
1678816010230 14.302370763001818 0
1678816024890 14.471076025998627 0
1678816038297 13.162072131999594 0
1678816050210 11.686381835999782 0
1678816062167 11.751470621002227 0
1678816074116 11.704579672001273 0
1678816086093 11.744283935000567 0
1678816098544 12.199834581999312 0
1678816110793 12.013707556001464 0
1678816210385 11.509666702000686 0
1678816222577 11.949017566003022 0
1678816234599 11.769795983000222 0
1678816246318 11.476232729000913 0
1678816258380 11.756647289999819 0
1678816270467 11.845378639001865 0
1678816282732 12.017602383999474 0
1678816296279 13.351429005000682 0
1678816310506 14.020129087999521 0
1678816324935 14.247197613000026 0
1678816403301 11.680261010998947 0
1678816415637 12.088692708999588 0
1678816427454 11.570032142000855 0
1678816439488 11.792828193003515 0
1678816454320 14.643058608999127 0
1678816468694 14.157918476001214 0
1678816482856 13.988891376000538 0
1678816496410 13.32122011300089 0
1678816508214 11.562601962999906 0
1678816520017 11.53922277500169 0
1678816598899 11.56252734300142 0
1678816613204 14.117174214999977 0
1678816627216 13.806045045002975 0
1678816641667 14.257724225000857 0
1678816655079 13.175998431001062 0
1678816666927 11.629090804999578 0
1678816678670 11.497069304001343 0
1678816691066 12.14280850599971 0
1678816703144 11.816822509001213 0
1678816714766 11.353667893999955 0
1678816807490 13.79232521400263 0
1678816819915 12.186989149999135 0
1678816831886 11.778210086002218 0
1678816843736 11.588669495999056 0
1678816856431 12.460811950000789 0
1678816868369 11.65665681199971 0
1678816880386 11.763454192001518 0
1678816892202 11.578627370003232 0
1678816903887 11.454451588000666 0
1678816918031 13.935614156001975 0
