1680224091726 0.012540782861590133 0
1680224105898 3.6792148610209516e-05 0
1680224120119 7.590327856924001e-06 0
1680224134134 5.652056772729012e-06 0
1680224148293 4.405125964822861e-06 0
1680224162773 0.004581407275468305 0
1680224177173 2.6407720938130852e-05 0
1680224191431 8.002019189769293e-06 0
1680224205971 4.702314843694862e-06 0
1680224220047 1.0110325743424437e-05 0
1680224250034 0.00947350368742212 0
1680224279487 2.7541010525357678e-05 0
1680224308740 5.490786124320838e-07 0
1680224337481 5.106344067195237e-07 0
1680224366225 7.919822267965934e-07 0
1680224394859 6.485660460228408e-07 0
1680224423470 1.6749567060119092e-06 0
1680224452697 9.841823556825676e-07 0
1680224481783 2.389443057917875e-07 0
1680224510802 3.908124404919496e-07 0
1680224541157 0.007173081559470454 0
1680224569601 0.03331141059820808 0
1680224598314 4.490227135435583e-05 0
1680224626944 3.331075248012955e-05 0
1680224656158 2.4323014946070244e-05 0
1680224685311 1.8608864183542426e-05 0
1680224714224 7.718532211446227e-06 0
1680224742323 7.747342864946807e-06 0
1680224770868 4.89350450319138e-06 0
1680224799830 6.8202801278045985e-06 0
1680224828032 0.0012335205444650244 0
1680224857312 1.7765924022729534e-05 0
1680224886805 1.5401765517788615e-06 0
1680224915738 8.651142860319921e-07 0
1680224944806 7.659047622058072e-07 0
1680224973216 6.016838919377813e-07 0
1680225001929 2.86234458686523e-07 0
1680225030975 5.53251230855792e-07 0
1680225059714 3.392118120819673e-06 0
1680225087935 1.4499503923357767e-06 0
1680225114906 0.010507999143824607 0
1680225139955 0.00012597297584447147 0
1680225165444 2.109032341506302e-05 0
1680225190672 1.3081441081410729e-05 0
1680225216320 6.715617032641993e-06 0
1680225242104 6.020388982670706e-06 0
1680225267513 2.9139514386872726e-06 0
1680225292410 4.130485093726299e-06 0
1680225317474 4.060971571838572e-06 0
1680225342360 1.390784791944995e-06 0
1680225379793 0.06488482893083483 0
1680225415102 0.018219410104487316 0
1680225451354 0.018328630168844114 0
1680225486926 0.008941463566666252 0
1680225521828 0.016334300740490814 0
1680225557689 0.01008787470194438 0
1680225593083 0.010782231128697738 0
1680225628731 0.0037854241784231715 0
1680225663972 0.0015693768301171084 0
1680225699741 0.000164960778208409 0
1680225726157 0.014311944826297355 0
1680225749506 0.001494908501591711 0
1680225772312 0.0021383602716141576 0
1680225795138 0.002750511814289336 0
1680225818197 0.010386849064764628 0
1680225841113 0.002366158529149881 0
1680225864409 0.00011480612089536114 0
1680225887555 3.151802660296496e-05 0
1680225910800 2.3429714277140956e-05 0
1680225934217 1.3461420651934387e-05 0
1680225947633 0.10111080938984951 0
1680225957265 0.02691956968121416 0
1680225966519 0.006693047007614854 0
1680225976240 0.004987926586986719 0
1680225985553 0.025968057787878 0
1680225994856 0.0010908274580448951 0
1680226004117 0.000120163634695992 0
1680226013480 0.022820253256229717 0
1680226022869 0.0070372843294004206 0
1680226032307 0.0003863204344704969 0
1680226063025 0.05729842980729342 0
1680226089968 0.009266993449109168 0
1680226117184 0.0051398817842190124 0
1680226144893 0.005007309021332441 0
1680226171394 0.008575530581966223 0
1680226198046 0.0036176611308125794 0
1680226224843 0.00022230905113174049 0
1680226251884 0.00032096176305925644 0
1680226278643 0.001028322674799934 0
1680226305836 0.002126309291343957 0
1680226319228 0.15036172209197543 0
1680226328586 0.0007855316722571184 0
1680226337857 0.00017538444796352676 0
1680226346737 0.0004014949880819661 0
1680226356125 0.002016141936869519 0
1680226365362 0.002504463656729317 0
1680226374701 4.984025396051447e-05 0
1680226384105 8.830715742568819e-05 0
1680226393244 2.5046213582178982e-05 0
1680226402694 4.739494077818705e-05 0
1680226416648 0.08643042473718546 0
1680226425691 0.013676621738935725 0
1680226434811 0.001809596901344216 0
1680226443511 0.0008436738486483802 0
1680226452518 0.0001426937996860453 0
1680226461676 0.001372938951484151 0
1680226470669 0.010686896967748374 0
1680226479199 0.008280167680235505 0
1680226488374 0.0034804490255868794 0
1680226497372 0.00020932577821606804 0
1680226511288 0.09840140991638271 0
1680226520033 0.012544435345821862 0
1680226528914 0.005677703584944118 0
1680226538064 0.014675722159670212 0
1680226546963 0.008465242325865593 0
1680226556029 0.0008675543453128179 0
1680226564901 0.0017441823067109942 0
1680226573664 0.0004332210676566844 0
1680226582158 0.00019654993669385808 0
1680226591407 5.188984213497441e-05 0
1680226605017 0.021452101284249528 0
1680226613946 0.006680301547446605 0
1680226623015 0.0006441153760138063 0
1680226631780 0.0037378204689341252 0
1680226640676 0.0006805272585029575 0
1680226649332 0.00013960197910911631 0
1680226658360 0.00010087086348732941 0
1680226667279 1.873448367339082e-05 0
1680226676072 1.250545226852204e-05 0
1680226685133 7.872644258551002e-06 0
