1680224091736 15.65480443299748 0
1680224105907 13.853874893997272 0
1680224120127 13.907449840000481 0
1680224134142 13.705088230999536 0
1680224148300 13.854724621996866 0
1680224162781 14.167158500000369 0
1680224177181 14.070443491000333 0
1680224191437 13.95008974299708 0
1680224205979 14.222070593001263 0
1680224220056 13.749204146995908 0
1680224250040 28.802411861004657 0
1680224279498 29.130128099001013 0
1680224308750 28.91840423800022 0
1680224337489 28.426842082000803 0
1680224366236 28.40921995399549 0
1680224394873 28.311968982998224 0
1680224423478 28.2762701640022 0
1680224452705 28.904498351002985 0
1680224481791 28.769285803005914 0
1680224510815 28.698260097000457 0
1680224541165 28.702014658003463 0
1680224569609 28.115837399003794 0
1680224598320 28.39058541200211 0
1680224626955 28.30118811000284 0
1680224656165 28.90159721300006 0
1680224685323 28.818897516001016 0
1680224714230 28.578360964995227 0
1680224742334 27.774473252000462 0
1680224770877 28.23519618899445 0
1680224799837 28.65105129499716 0
1680224828044 26.203139377001207 0
1680224857322 28.9433136689986 0
1680224886814 29.15001399999892 0
1680224915752 28.60588952800026 0
1680224944814 28.743396281999594 0
1680224973232 28.09603352400154 0
1680225001939 28.312300931997015 0
1680225030984 28.735841099995014 0
1680225059729 28.40763444899494 0
1680225087948 27.907193047001783 0
1680225114922 24.745522205004818 0
1680225139963 24.704772721001063 0
1680225165453 25.167273343002307 0
1680225190681 24.916078766000282 0
1680225216331 25.327966846998606 0
1680225242111 25.470451731998764 0
1680225267527 25.101514875997964 0
1680225292420 24.580009025994514 0
1680225317486 24.754702190999524 0
1680225342366 24.583604366001964 0
1680225379806 34.85694425800466 0
1680225415112 34.959312361999764 0
1680225451360 35.89857548199507 0
1680225486933 35.24416100100643 0
1680225521835 34.546756884003116 0
1680225557701 35.51541430100042 0
1680225593092 35.041831604001345 0
1680225628739 35.30056965899712 0
1680225663986 34.881200736999745 0
1680225699748 35.41145240300102 0
1680225726170 23.177986071001214 0
1680225749517 23.030166889999236 0
1680225772322 22.49286689300061 0
1680225795145 22.509979938004108 0
1680225818204 22.760460800003784 0
1680225841122 22.614795692999905 0
1680225864416 22.993023187998915 0
1680225887564 22.822286364993488 0
1680225910808 22.940232517001277 0
1680225934226 23.09813495999697 0
1680225947648 9.489586292998865 0
1680225957272 9.359569309999642 0
1680225966527 8.950793775999045 0
1680225976251 9.46650850900187 0
1680225985563 9.035807444000966 0
1680225994864 9.043399857000622 0
1680226004125 8.99436405600136 0
1680226013491 9.086037506000139 0
1680226022877 9.106039750004129 0
1680226032314 9.181606266000017 0
1680226063035 26.580413554002007 0
1680226089975 26.617454090002866 0
1680226117192 26.889496051000606 0
1680226144912 27.38830488199892 0
1680226171402 26.170182575995568 0
1680226198054 26.335399487004906 0
1680226224851 26.493974450000678 0
1680226251891 26.738642222000635 0
1680226278651 26.455847797995375 0
1680226305845 26.879850641002122 0
1680226319236 8.971703839000838 0
1680226328594 9.090981442997872 0
1680226337865 8.997465774999 0
1680226346745 8.582122845000413 0
1680226356141 9.114456308001536 0
1680226365370 8.933759943000041 0
1680226374713 9.069709925999632 0
1680226384113 9.130729213997256 0
1680226393253 8.872846842001309 0
1680226402705 9.176168957004847 0
1680226416656 8.737806846002059 0
1680226425706 8.778155401996628 0
1680226434820 8.817373885998677 0
1680226443519 8.438724195002578 0
1680226452533 8.72998482499679 0
1680226461693 8.864675101001922 0
1680226470680 8.708071078996 0
1680226479206 8.259307656000601 0
1680226488386 8.917273753999325 0
1680226497382 8.721790843002964 0
1680226511295 8.989635842001007 0
1680226520041 8.482514645002084 0
1680226528922 8.605180494996603 0
1680226538072 8.84560765799688 0
1680226546972 8.633073520002654 0
1680226556042 8.797899484001391 0
1680226564910 8.585962268000003 0
1680226573673 8.487210462000803 0
1680226582166 8.232929571997374 0
1680226591425 8.958119214999897 0
1680226605030 8.715944420000596 0
1680226613956 8.630680915994162 0
1680226623023 8.789039285002218 0
1680226631788 8.499278672003129 0
1680226640690 8.630765279995103 0
1680226649340 8.384385388999362 0
1680226658373 8.724924714995723 0
1680226667289 8.645172414995614 0
1680226676087 8.504994265997084 0
1680226685146 8.777872551996552 0
