1680224091713 0.9959096858638743 0
1680224105887 1.0 0
1680224120112 1.0 0
1680224134123 1.0 0
1680224148281 1.0 0
1680224162761 0.9987729057591623 0
1680224177160 1.0 0
1680224191426 1.0 0
1680224205960 1.0 0
1680224220036 1.0 0
1680224250027 0.9992169703872438 0
1680224279472 1.0 0
1680224308728 1.0 0
1680224337469 1.0 0
1680224366215 1.0 0
1680224394844 1.0 0
1680224423457 1.0 0
1680224452686 1.0 0
1680224481771 1.0 0
1680224510791 1.0 0
1680224541145 0.9992061200923787 0
1680224569590 0.997257505773672 0
1680224598303 1.0 0
1680224626931 1.0 0
1680224656146 1.0 0
1680224685297 1.0 0
1680224714213 1.0 0
1680224742310 1.0 0
1680224770857 1.0 0
1680224799819 1.0 0
1680224828017 0.9992664319248826 0
1680224857299 1.0 0
1680224886792 1.0 0
1680224915723 1.0 0
1680224944793 1.0 0
1680224973204 1.0 0
1680225001918 1.0 0
1680225030964 1.0 0
1680225059697 1.0 0
1680225087924 1.0 0
1680225114893 0.9980730563002681 0
1680225139943 1.0 0
1680225165432 1.0 0
1680225190659 1.0 0
1680225216302 1.0 0
1680225242097 1.0 0
1680225267499 1.0 0
1680225292392 1.0 0
1680225317464 1.0 0
1680225342349 1.0 0
1680225379783 0.9836475791433892 0
1680225415087 0.9943552141527002 0
1680225451343 0.9945297951582868 0
1680225486913 0.9973812849162011 0
1680225521817 0.9962174115456238 0
1680225557677 0.99743947858473 0
1680225593070 0.9965083798882681 0
1680225628720 0.9986615456238361 0
1680225663957 0.9995926443202979 0
1680225699730 1.0 0
1680225726142 0.9964048672566371 0
1680225749495 0.9996312684365781 0
1680225772300 0.9990781710914455 0
1680225795127 0.9993547197640118 0
1680225818186 0.9982485250737463 0
1680225841099 0.9994469026548672 0
1680225864397 1.0 0
1680225887534 1.0 0
1680225910789 1.0 0
1680225934203 1.0 0
1680225947618 0.9787057522123894 0
1680225957254 0.9941924778761062 0
1680225966506 0.9986172566371682 0
1680225976226 0.9983407079646017 0
1680225985539 0.9941924778761062 0
1680225994845 1.0 0
1680226004104 1.0 0
1680226013468 0.9939159292035398 0
1680226022856 0.9980641592920354 0
1680226032296 1.0 0
1680226063011 0.9850407268170426 0
1680226089958 0.9976503759398496 0
1680226117173 0.9985902255639098 0
1680226144875 0.9989818295739349 0
1680226171384 0.9979636591478697 0
1680226198034 0.9988251879699248 0
1680226224833 0.999921679197995 0
1680226251872 0.999921679197995 0
1680226278631 0.9997650375939849 0
1680226305822 0.9994517543859649 0
1680226319217 0.9727637614678899 0
1680226328574 0.9997133027522935 0
1680226337846 1.0 0
1680226346726 0.9997133027522935 0
1680226356114 0.9991399082568807 0
1680226365351 0.9997133027522935 0
1680226374689 1.0 0
1680226384095 1.0 0
1680226393232 1.0 0
1680226402684 1.0 0
1680226416636 0.9813701923076923 0
1680226425677 0.9963942307692307 0
1680226434799 0.9990985576923077 0
1680226443500 0.9996995192307693 0
1680226452506 1.0 0
1680226461662 0.9996995192307693 0
1680226470653 0.9966947115384616 0
1680226479188 0.9972956730769231 0
1680226488359 0.9984975961538461 0
1680226497362 1.0 0
1680226511276 0.9705528846153846 0
1680226520022 0.9942908653846154 0
1680226528901 0.9981971153846154 0
1680226538053 0.99609375 0
1680226546949 0.9972956730769231 0
1680226556017 1.0 0
1680226564889 0.9990985576923077 0
1680226573651 1.0 0
1680226582146 1.0 0
1680226591391 1.0 0
1680226605004 0.9945913461538461 0
1680226613932 0.9978966346153846 0
1680226623003 0.9996995192307693 0
1680226631768 0.9987980769230769 0
1680226640659 0.9996995192307693 0
1680226649321 1.0 0
1680226658341 1.0 0
1680226667263 1.0 0
1680226676054 1.0 0
1680226685122 1.0 0
