1680182229869 0.008617628451653373 0
1680182243589 1.347611235319021e-05 0
1680182256815 7.314272186315056e-06 0
1680182270115 4.3729788935933075e-06 0
1680182283340 2.2004695023136034e-06 0
1680182296411 0.005528883714258486 0
1680182309782 2.3954804099260387e-05 0
1680182323312 9.567647766127852e-06 0
1680182336970 7.971618318122576e-06 0
1680182350404 2.865142170994528e-06 0
1680182366240 0.007842308646759001 0
1680182381325 8.072304601418698e-06 0
1680182396380 3.32087667254577e-06 0
1680182412039 1.904119777650014e-06 0
1680182427336 1.4567017087163504e-06 0
1680182442577 1.3757159483881396e-06 0
1680182457745 9.215944103954623e-07 0
1680182472805 6.199038556927532e-07 0
1680182488050 8.837308905659807e-07 0
1680182503245 7.138837655343776e-07 0
1680182519314 0.004291155413861411 0
1680182534393 2.145446843775578e-06 0
1680182549311 1.581112037638134e-06 0
1680182563997 7.639287718087367e-07 0
1680182578990 5.680645494219998e-07 0
1680182593438 6.994822589951984e-07 0
1680182608330 8.27270075746356e-07 0
1680182623296 3.024961710463942e-07 0
1680182638371 4.750819494944438e-07 0
1680182653428 1.5702691883786767e-06 0
1680182669148 0.002764014866265663 0
1680182684068 4.550678508181183e-06 0
1680182698636 2.1940915953905995e-06 0
1680182712888 1.3760800055829995e-06 0
1680182727930 7.280953844071243e-07 0
1680182742938 3.1980193385323714e-06 0
1680182757932 1.5299269143291817e-06 0
1680182772655 1.0932061587452677e-06 0
1680182787155 6.351098098138277e-07 0
1680182802319 2.5855720614244885e-07 0
1680182816634 0.006262583471489562 0
1680182829330 6.0146031862544155e-05 0
1680182842424 1.5181938593819532e-05 0
1680182855459 6.7972627735815665e-06 0
1680182868794 5.248565277445195e-06 0
1680182882032 4.170159708009496e-06 0
1680182895521 3.346788339854661e-06 0
1680182908813 1.7067604874313323e-06 0
1680182921871 2.438503789798429e-06 0
1680182934847 1.370073359052168e-06 0
1680182954621 0.09187054317821775 0
1680182972800 0.012342487758946226 0
1680182991155 0.007509238131339874 0
1680183009763 0.005430731605579062 0
1680183027905 0.004100292163506314 0
1680183045798 0.0025502644473752575 0
1680183064093 0.007225960205567617 0
1680183082373 0.0040298367637896125 0
1680183100265 0.005949371753816244 0
1680183118324 0.0036239830312053386 0
1680183133140 0.010580028387502886 0
1680183145197 0.0009303501209867397 0
1680183157097 0.00011191414062450671 0
1680183169265 1.557063920990967e-05 0
1680183181439 1.4264431868792106e-05 0
1680183193499 7.678887669977984e-06 0
1680183205509 3.196788777606456e-06 0
1680183217695 6.165286400831233e-06 0
1680183229853 2.005774072641063e-06 0
1680183241879 0.012391150761570132 0
1680183249865 0.2073260105587954 0
1680183254785 0.01821596206519217 0
1680183259939 0.021613075078024107 0
1680183265299 0.0036416248497202893 0
1680183270568 0.008168105802185055 0
1680183275753 0.0013029284378653031 0
1680183280921 0.015338065461520249 0
1680183286020 0.023425954372665342 0
1680183291311 0.013873028851655596 0
1680183296671 0.005637910668349276 0
1680183313832 0.05420154047022694 0
1680183327717 0.006868872657766877 0
1680183341538 0.0036603319565318244 0
1680183355283 0.0034172729786321058 0
1680183369869 0.00030661939185596846 0
1680183384096 0.0009664743758379618 0
1680183397962 0.0020399396823408905 0
1680183412133 0.0036441097975792465 0
1680183425991 0.0007475665136839358 0
1680183439985 0.005005299282163634 0
1680183448653 0.25330411512848916 0
1680183453599 0.0021100576586915616 0
1680183458645 0.0003878263745543645 0
1680183463759 0.02576202009185256 0
1680183468803 0.0012290675175782623 0
1680183473941 0.0004522951455720606 0
1680183477962 0.004870325598449616 0
1680183483011 0.00055023305855826 0
1680183488112 0.00011702482192082877 0
1680183493112 7.082998144384015e-05 0
1680183501869 0.04655037278854042 0
1680183506802 0.007426320329823983 0
1680183511768 0.003024153687901022 0
1680183516619 0.0009473136412951205 0
1680183521663 0.003931152485524063 0
1680183526489 0.00026157987442205084 0
1680183531559 0.00013297207356817336 0
1680183536225 0.00415004606986713 0
1680183541193 8.753811619918942e-05 0
1680183546070 3.8781859805462423e-05 0
1680183554808 0.14409209748891255 0
1680183559894 0.028277084779871915 0
1680183564644 0.014676498596460218 0
1680183569500 0.004608083698188308 0
1680183574486 0.005525524846269456 0
1680183579515 0.012688544080657057 0
1680183584336 0.006709535708296244 0
1680183589254 0.0010261199375218683 0
1680183594196 0.000375803150955807 0
1680183599214 0.00012012771191376277 0
1680183608633 0.013599052084058573 0
1680183613736 0.003547911695197679 0
1680183618946 0.006294475710037572 0
1680183623935 0.011745291610873428 0
1680183628706 0.005123661596467872 0
1680183633602 0.006117176134222946 0
1680183638683 0.0007783536231433284 0
1680183643625 0.00010661824401658748 0
1680183648514 0.005882011702870325 0
1680183653222 0.0005573272521738423 0
