1672518169768 0.2535286997999185 0
1672518173524 0.06398106795116193 0
1672518177395 0.05217207957575129 0
1672518181145 0.020241450049518925 0
1672518185191 0.03621482005389974 0
1672518295126 0.1655658102037718 0
1672518299710 0.037948074023145734 0
1672518303870 0.020729838015363863 0
1672518307773 0.010815919675903413 0
1672518311885 0.027683410578177213 0
1672518419346 0.1629836456753862 0
1672518423545 0.057993395194936806 0
1672518428217 0.025350925267742595 0
1672518432480 0.025682241321068593 0
1672518437242 0.028716465932063496 0
1672518552331 0.2839233311496044 0
1672518556684 0.05989622481598982 0
1672518560708 0.03756486367937047 0
1672518564747 0.014545604974981745 0
1672518568932 0.013307811691269994 0
1672518699606 0.3079722912110725 0
1672518703785 0.056935741809733084 0
1672518707979 0.024412023681077227 0
1672518711967 0.007412996948937131 0
1672518715952 0.010113720302658334 0
1672518846320 0.5125147160243282 0
1672518850500 0.09641254552629815 0
1672518855141 0.06132458049477959 0
1672518859827 0.033246333250219064 0
1672518863847 0.01551958208098412 0
