1672950923911 3.7047969899977033 0
1672950928115 4.040063952998025 0
1672950932286 4.014634760002082 0
1672950936346 3.911233576000086 0
1672950940506 4.010212145996775 0
1672951043922 4.1108656260003045 0
1672951048239 4.155565453998861 0
1672951052513 4.090978102998633 0
1672951056286 3.5880171780008823 0
1672951060187 3.7270941930000845 0
1672951162358 4.27963702100169 0
1672951166306 3.767973496000195 0
1672951170743 4.259023067999806 0
1672951175163 4.2330938300001435 0
1672951179470 4.131814066000516 0
1672951282587 4.266848226998263 0
1672951287032 4.270861787998001 0
1672951291409 4.207314177998342 0
1672951295803 4.215468842001428 0
1672951300247 4.25685119300033 0
1672951405842 4.218751036001777 0
1672951410273 4.254720283999632 0
1672951414654 4.207200239998201 0
1672951418992 4.174713637999957 0
1672951423366 4.194078775999515 0
1672951526974 4.251214315998368 0
1672951531381 4.238050698000734 0
1672951535813 4.254404561997944 0
1672951540161 4.1734050559971365 0
1672951544570 4.240814333999879 0
1672951649244 4.262580959999468 0
1672951653654 4.229583100001037 0
1672951658074 4.236722528999962 0
1672951661975 3.7297806099995796 0
1672951666298 4.1323242590005975 0
1672951771012 4.2632796819998475 0
1672951775392 4.20068253700083 0
1672951779827 4.250470426002721 0
1672951785215 5.206063808000181 0
1672951789649 4.268338390000281 0
1672951895494 4.276462235997315 0
1672951899911 4.241217951999715 0
1672951904335 4.2356018089994905 0
1672951908826 4.314924799000437 0
1672951913271 4.268613092001033 0
1672952012252 3.454242716998124 0
1672952016657 4.222784427998704 0
1672952020329 3.4836753380004666 0
1672952024744 4.234332927997457 0
1672952029187 4.260589601999527 0
