1672950923908 0.25235330678828777 0
1672950928112 0.1191920314182611 0
1672950932283 0.04225293805743348 0
1672950936342 0.04246188140526709 0
1672950940503 0.012903290192504562 0
1672951043918 0.07584739386343095 0
1672951048236 0.036716576013038474 0
1672951052509 0.006284002146400384 0
1672951056282 0.023352898090733824 0
1672951060183 0.051658879680053095 0
1672951162354 0.04475367263842504 0
1672951166302 0.020139330101504295 0
1672951170739 0.005082583362320889 0
1672951175159 0.0047469170041874315 0
1672951179466 0.057307097360903475 0
1672951282583 0.04435790199485998 0
1672951287028 0.016901783726467685 0
1672951291405 0.006758896005445034 0
1672951295799 0.013103476215844555 0
1672951300242 0.026187184497833783 0
1672951405837 0.0761066221642916 0
1672951410269 0.01890598122183998 0
1672951414650 0.010584377889871852 0
1672951418988 0.0055811700697055225 0
1672951423362 0.0025577295903274726 0
1672951526969 0.12007485844308735 0
1672951531376 0.03337707981618323 0
1672951535808 0.030579984110529514 0
1672951540157 0.02757234555939513 0
1672951544566 0.020027977654770497 0
1672951649239 0.1588236245660617 0
1672951653650 0.051516862528786456 0
1672951658069 0.02989958937948006 0
1672951661971 0.0361888896556622 0
1672951666293 0.03482202798779912 0
1672951771007 0.22524473750033777 0
1672951775387 0.09996718377975146 0
1672951779822 0.057284620457851744 0
1672951785205 0.03945201526692792 0
1672951789644 0.030715354611142102 0
1672951895489 0.3175350796902211 0
1672951899906 0.15921016371412067 0
1672951904329 0.10936502726620077 0
1672951908821 0.0932149235012539 0
1672951913265 0.07712613555119316 0
1672952012247 0.31902530670239615 0
1672952016651 0.19344505909637713 0
1672952020318 0.12241034220077866 0
1672952024739 0.08592338957206429 0
1672952029181 0.06272656951996027 0
