1672950923891 0.9112633181126332 0
1672950928095 0.9643835616438357 0
1672950932279 0.9866057838660578 0
1672950936326 0.9863013698630136 0
1672950940486 0.9955859969558599 0
1672951043902 0.9793177959561661 0
1672951048232 0.9902762772032722 0
1672951052493 0.9984565519370273 0
1672951056265 0.9939805525544065 0
1672951060166 0.9874980706899212 0
1672951162338 0.9884241395277049 0
1672951166285 0.9947522765858929 0
1672951170722 0.9986108967433246 0
1672951175143 0.9986108967433246 0
1672951179450 0.9859546226269486 0
1672951282566 0.9888871739465966 0
1672951287011 0.9950609661984874 0
1672951291388 0.9986108967433246 0
1672951295782 0.9981478623244328 0
1672951300226 0.9924371044914339 0
1672951405832 0.9822503472758142 0
1672951410252 0.993671862941812 0
1672951414633 0.9973761382929465 0
1672951418979 0.9978391727118382 0
1672951423357 0.9993826207748109 0
1672951526952 0.9623398672634665 0
1672951531359 0.9888871739465966 0
1672951535792 0.9910480012347584 0
1672951540140 0.9922827596851366 0
1672951544549 0.9941348973607038 0
1672951649234 0.9495292483407933 0
1672951653633 0.9817873128569223 0
1672951658052 0.9893502083654885 0
1672951661954 0.9905849668158666 0
1672951666276 0.9885784843340022 0
1672951770990 0.9276122858465813 0
1672951775370 0.967741935483871 0
1672951779806 0.9794721407624634 0
1672951785195 0.9874980706899212 0
1672951789639 0.9895045531717858 0
1672951895472 0.8936564284611823 0
1672951899889 0.9445902145392807 0
1672951904312 0.9631115912949529 0
1672951908804 0.9689766939342491 0
1672951913248 0.9753048309924371 0
1672952012230 0.8817718783762927 0
1672952016634 0.9283840098780676 0
1672952020300 0.952770489273036 0
1672952024722 0.9703657971909245 0
1672952029164 0.9779286926994907 0
