1680180794065 0.9949280104712042 0
1680180807947 0.9985274869109948 0
1680180821610 0.9995091623036649 0
1680180835288 1.0 0
1680180848605 1.0 0
1680180861950 1.0 0
1680180875182 1.0 0
1680180888529 1.0 0
1680180901679 1.0 0
1680180914781 1.0 0
1680180929504 0.9984339407744874 0
1680180944646 1.0 0
1680180959502 1.0 0
1680180974567 1.0 0
1680180989623 1.0 0
1680181004443 1.0 0
1680181019372 1.0 0
1680181034698 1.0 0
1680181049755 1.0 0
1680181064733 1.0 0
1680181080257 0.9996391454965358 0
1680181094948 1.0 0
1680181109785 1.0 0
1680181124728 1.0 0
1680181139600 1.0 0
1680181154189 1.0 0
1680181169449 1.0 0
1680181184382 1.0 0
1680181199298 1.0 0
1680181214262 1.0 0
1680181229939 0.9994865023474179 0
1680181244401 0.9996332159624414 0
1680181258697 1.0 0
1680181273373 1.0 0
1680181287737 1.0 0
1680181302486 1.0 0
1680181317167 1.0 0
1680181331607 1.0 0
1680181345895 1.0 0
1680181360425 1.0 0
1680181374253 0.999078418230563 0
1680181387216 0.9996648793565683 0
1680181400038 0.9999162198391421 0
1680181412806 1.0 0
1680181425954 1.0 0
1680181439010 1.0 0
1680181451725 1.0 0
1680181464355 1.0 0
1680181476964 1.0 0
1680181489952 1.0 0
1680181509104 0.9828328677839852 0
1680181526903 0.9938896648044693 0
1680181545015 0.9966247672253259 0
1680181563092 0.9962756052141527 0
1680181580860 0.9977304469273743 0
1680181598572 0.9990689013035382 0
1680181616766 0.997846834264432 0
1680181634365 0.9991852886405959 0
1680181652003 1.0 0
1680181669400 1.0 0
1680181683891 0.9959439528023599 0
1680181695788 0.998801622418879 0
1680181707881 0.9997234513274337 0
1680181719589 0.9989859882005899 0
1680181731615 0.9990781710914455 0
1680181743552 0.9998156342182891 0
1680181755416 1.0 0
1680181767335 1.0 0
1680181779052 1.0 0
1680181790683 1.0 0
1680181798649 0.9795353982300885 0
1680181803616 0.9936393805309734 0
1680181808545 0.9983407079646017 0
1680181813634 0.9980641592920354 0
1680181818881 0.9997234513274337 0
1680181823814 0.9997234513274337 0
1680181828841 0.9966814159292036 0
1680181833884 0.9980641592920354 0
1680181838689 1.0 0
1680181843654 0.9983407079646017 0
1680181860632 0.9850407268170426 0
1680181874305 0.9980419799498746 0
1680181888271 0.9990601503759399 0
1680181901951 0.9982769423558897 0
1680181915732 0.9991384711779449 0
1680181929438 0.9998433583959899 0
1680181942854 0.9978853383458647 0
1680181956617 0.999608395989975 0
1680181970251 0.9994517543859649 0
1680181983975 0.999921679197995 0
1680181992386 0.950401376146789 0
1680181997162 0.9954128440366973 0
1680182002059 0.9994266055045872 0
1680182006974 1.0 0
1680182011954 1.0 0
1680182016653 1.0 0
1680182021428 1.0 0
1680182026137 1.0 0
1680182030946 1.0 0
1680182035684 1.0 0
1680182044420 0.984375 0
1680182049169 0.9990985576923077 0
1680182053747 1.0 0
1680182058319 0.9990985576923077 0
1680182062914 0.9990985576923077 0
1680182067544 0.9966947115384616 0
1680182072429 0.9990985576923077 0
1680182077153 1.0 0
1680182082061 1.0 0
1680182086652 1.0 0
1680182095232 0.9633413461538461 0
1680182099949 0.9906850961538461 0
1680182104507 0.9963942307692307 0
1680182109076 0.9987980769230769 0
1680182113593 0.9966947115384616 0
1680182118222 0.9990985576923077 0
1680182122770 0.9954927884615384 0
1680182127497 0.9957932692307693 0
1680182132172 1.0 0
1680182136646 0.9996995192307693 0
1680182145465 0.9933894230769231 0
1680182150207 0.9972956730769231 0
1680182154681 0.9975961538461539 0
1680182159582 0.9993990384615384 0
1680182164305 1.0 0
1680182168779 1.0 0
1680182173298 1.0 0
1680182177954 1.0 0
1680182182593 1.0 0
1680182187362 1.0 0
