1680180794093 15.565182702999664 0
1680180807968 13.66129527999965 0
1680180821628 13.46340430500004 0
1680180835311 13.461850816000151 0
1680180848625 13.094093368000358 0
1680180861966 13.140360905999842 0
1680180875203 13.038645689999612 0
1680180888552 13.125938647999646 0
1680180901702 12.939385529999527 0
1680180914806 12.875373931000468 0
1680180929521 14.153510851000647 0
1680180944661 14.922931774999597 0
1680180959523 14.656871639999736 0
1680180974591 14.84708265900008 0
1680180989642 14.828900313000304 0
1680181004464 14.591993568999897 0
1680181019388 14.722645273000126 0
1680181034716 15.11693902099978 0
1680181049777 14.835552410999298 0
1680181064752 14.74960119700063 0
1680181080275 14.591843672999858 0
1680181094973 14.469006432999777 0
1680181109810 14.620542250999279 0
1680181124748 14.724847778999901 0
1680181139616 14.658088881000367 0
1680181154212 14.386345083000379 0
1680181169469 15.0379427150001 0
1680181184402 14.731102074000773 0
1680181199317 14.688134871999864 0
1680181214279 14.74584158000016 0
1680181229958 14.392212241999914 0
1680181244434 14.24368973699984 0
1680181258718 14.038202429000194 0
1680181273401 14.448822755000037 0
1680181287764 14.129268024999874 0
1680181302510 14.524041561000558 0
1680181317184 14.455797050999536 0
1680181331624 14.228111241000079 0
1680181345914 14.081400218999988 0
1680181360439 14.305386697999893 0
1680181374273 12.413026819000152 0
1680181387230 12.754398137999488 0
1680181400062 12.611341906999769 0
1680181412832 12.547870970999611 0
1680181425972 12.938198336999449 0
1680181439028 12.846672644000137 0
1680181451745 12.513467614000547 0
1680181464372 12.415550237000389 0
1680181476985 12.396261660000164 0
1680181489976 12.781996736999645 0
1680181509130 17.371066489999976 0
1680181526932 17.562418648999483 0
1680181545036 17.861443519000204 0
1680181563109 17.859970093999436 0
1680181580881 17.533262945000388 0
1680181598600 17.4730846020002 0
1680181616792 17.950043197000014 0
1680181634383 17.35718831200029 0
1680181652023 17.416432463999627 0
1680181669423 17.15797088399995 0
1680181683909 11.83761739000056 0
1680181695807 11.694407734999913 0
1680181707911 11.88012628999968 0
1680181719608 11.461209033999694 0
1680181731636 11.813379889999851 0
1680181743577 11.717195690000153 0
1680181755435 11.64591498899972 0
1680181767359 11.721004509999148 0
1680181779071 11.51194634300009 0
1680181790717 11.418469871000525 0
1680181798672 4.638809121999657 0
1680181803640 4.790945790000478 0
1680181808575 4.745849325000563 0
1680181813662 4.891594548000285 0
1680181818909 5.057383991999814 0
1680181823834 4.736806658000205 0
1680181828866 4.8433494130003965 0
1680181833905 4.857051744999808 0
1680181838704 4.624441056999785 0
1680181843693 4.777632917999654 0
1680181860652 13.612794790000407 0
1680181874322 13.45635278499958 0
1680181888291 13.736769712999376 0
1680181901973 13.453830202000063 0
1680181915754 13.565597638999861 0
1680181929459 13.486536282000088 0
1680181942872 13.199168053999529 0
1680181956656 13.552669589999823 0
1680181970280 13.397029989999282 0
1680181983992 13.496800101999725 0
1680181992431 4.713070359000085 0
1680181997183 4.543566354000177 0
1680182002081 4.704250554999817 0
1680182006994 4.730036143999314 0
1680182011977 4.791731457999958 0
1680182016686 4.525071128000491 0
1680182021454 4.587362878000022 0
1680182026162 4.507735850000245 0
1680182030972 4.6223563930007 0
1680182035705 4.547586722000233 0
1680182044448 4.432543369000086 0
1680182049189 4.570242882999992 0
1680182053765 4.3889296100005595 0
1680182058339 4.4011044480002965 0
1680182062950 4.409608439999829 0
1680182067567 4.422986821999984 0
1680182072447 4.695315339999979 0
1680182077172 4.544345766999868 0
1680182082080 4.720179951999853 0
1680182086681 4.392127828999946 0
1680182095257 4.252225475999694 0
1680182099968 4.527595441000813 0
1680182104527 4.37059234499975 0
1680182109096 4.392624701000386 0
1680182113612 4.3327999350003665 0
1680182118249 4.430615477000174 0
1680182122799 4.351202067000486 0
1680182127529 4.525528031999784 0
1680182132190 4.486153589999958 0
1680182136671 4.301840244999767 0
1680182145497 4.536778794999918 0
1680182150241 4.543639075000101 0
1680182154700 4.266277326000818 0
1680182159606 4.728032140999858 0
1680182164325 4.5405595000001995 0
1680182168807 4.291930827000215 0
1680182173317 4.324151470999823 0
1680182177975 4.463780685000529 0
1680182182613 4.4693018579991985 0
1680182187383 4.580776824000168 0
