1679429828216 4.611327197984792 0
1679429832536 4.190672874101438 0
1679429837152 4.4958432510029525 0
1679429841732 4.454259893973358 0
1679429846206 4.348920796997845 0
1679429850559 4.236107522970997 0
1679429855054 4.370400739018805 0
1679429859528 4.336062035057694 0
1679429864113 4.4615608300082386 0
1679429868593 4.350146110984497 0
1679429908141 7.801836136030033 0
1679429916057 7.775501464027911 0
1679429923772 7.576061538071372 0
1679429931730 7.81790716201067 0
1679429939915 8.026447369949892 0
1679429947731 7.669986260938458 0
1679429955610 7.735606706002727 0
1679429963668 7.902387310983613 0
1679429971527 7.703208219958469 0
1679429979159 7.479048950015567 0
1679430012112 8.762182284961455 0
1679430021315 9.044900477980264 0
1679430030310 8.846287928055972 0
1679430038835 8.365313933929428 0
1679430047513 8.51619601494167 0
1679430056227 8.561924407957122 0
1679430064865 8.489408745081164 0
1679430073149 8.123079449054785 0
1679430082236 8.925600889953785 0
1679430091243 8.857592678978108 0
1679430123168 9.168968865997158 0
1679430132430 9.105986481998116 0
1679430141739 9.15510979294777 0
1679430150894 8.995182972983457 0
1679430160086 9.041972113074735 0
1679430169469 9.213304775999859 0
1679430178647 9.006290701916441 0
1679430187649 8.847788206068799 0
1679430197072 9.261282311053947 0
1679430206046 8.826872862991877 0
1679430237227 9.189994368003681 0
1679430246652 9.274847698980011 0
1679430256012 9.197485212935135 0
1679430265278 9.117328076041304 0
1679430274612 9.172373790992424 0
1679430283995 9.220703943050466 0
1679430293331 9.177723256056197 0
1679430302510 9.03095491498243 0
1679430312063 9.384154326980934 0
1679430321395 9.179112571990117 0
1679430352950 9.428380549070425 0
1679430362426 9.29952675208915 0
1679430371978 9.387398684979416 0
1679430381431 9.272482614032924 0
1679430390972 9.32084831490647 0
1679430400573 9.435437829932198 0
1679430410207 9.48333349195309 0
1679430419397 9.029556712019257 0
1679430429081 9.51614562200848 0
1679430438956 9.718347212998196 0
1679430471360 9.668441656976938 0
1679430481043 9.514996447018348 0
1679430490761 9.552134183002636 0
1679430500096 9.174244877067395 0
1679430509453 9.18482572492212 0
1679430519207 9.597461625002325 0
1679430527981 8.604791205958463 0
1679430537515 9.387158246012405 0
1679430547395 9.700333183980547 0
1679430556951 9.385222078999504 0
1679430590255 9.918963149073534 0
1679430599828 9.395270421984605 0
1679430609768 9.76652290194761 0
1679430619481 9.528853544034064 0
1679430629231 9.576273935032077 0
1679430639193 9.787249149987474 0
1679430649179 9.825945984921418 0
1679430659092 9.7279671439901 0
1679430668986 9.729400888900273 0
1679430678679 9.518623118987307 0
1679430711755 9.804682684945874 0
1679430721882 9.959367878036574 0
1679430731756 9.718439479009248 0
1679430741873 9.94553634210024 0
1679430751848 9.815687551046722 0
1679430761828 9.803436146932654 0
1679430771832 9.83070782001596 0
1679430782085 10.07193392002955 0
1679430792351 10.090506938984618 0
1679430802371 9.857025120058097 0
1679430835897 10.291404486983083 0
1679430846293 10.22889389609918 0
1679430856468 10.000076107913628 0
1679430866633 9.983975052949972 0
1679430876624 9.807157285977155 0
1679430886909 10.119551216019318 0
1679430897453 10.373164831078611 0
1679430907694 10.077209180919454 0
1679430918023 10.150483901030384 0
1679430928510 10.303160784998909 0
1679430963230 10.266897620051168 0
1679430973585 10.182048227987252 0
1679430984048 10.289064073003829 0
1679430994246 10.014784140978009 0
1679431004436 9.96680551301688 0
1679431015104 10.473467229050584 0
1679431025883 10.604648942011409 0
1679431036565 10.499699137057178 0
1679431047275 10.52954718703404 0
1679431057568 10.119637464988045 0
1679431092370 10.464844267000444 0
1679431103043 10.504602084052749 0
1679431113458 10.241320358007215 0
1679431124237 10.603995200945064 0
1679431134896 10.461437867954373 0
1679431145675 10.584972772980109 0
1679431156278 10.421920132939704 0
1679431166909 10.461736386991106 0
1679431177673 10.579791147029027 0
1679431188522 10.681372208986431 0
1679431224231 10.65417711797636 0
1679431235033 10.626653244020417 0
1679431246033 10.814386405982077 0
1679431256629 10.413795311003923 0
1679431267278 10.462443011929281 0
1679431278156 10.703689333982766 0
1679431289125 10.787518191034906 0
1679431299826 10.523592507001013 0
1679431310692 10.690362656954676 0
1679431321417 10.546261330950074 0
1679431357990 10.863741457927972 0
1679431368973 10.797281223000027 0
1679431379828 10.665948602021672 0
1679431391083 11.052823859965429 0
1679431402271 11.010916942963377 0
1679431413124 10.677467031986453 0
1679431424090 10.7746641660342 0
1679431435054 10.782786026014946 0
1679431445881 10.636579027981497 0
1679431457006 10.939796625985764 0
1679431494088 10.723764060996473 0
1679431505225 10.946246294886805 0
1679431515067 9.644063037005253 0
1679431526430 11.185336619033478 0
1679431537574 10.952380215981975 0
1679431548878 11.109342087991536 0
1679431560216 11.141675857943483 0
1679431571658 11.230207815067843 0
1679431582943 11.113522590021603 0
1679431594334 11.200678375083953 0
1679431631765 10.869212253019214 0
1679431643169 11.218551543075591 0
1679431654533 11.179045842029154 0
1679431665677 10.942108979914337 0
1679431676773 10.91270909504965 0
1679431688533 11.57785529200919 0
1679431699719 10.993664659094065 0
1679431710802 10.892828493961133 0
1679431722004 11.006671373965219 0
1679431732961 10.783377437037416 0
1679431770835 11.160710482974537 0
1679431782553 11.533285213052295 0
1679431794305 11.570734683074988 0
1679431805426 10.923343605012633 0
1679431817206 11.583368645049632 0
1679431828817 11.39550013304688 0
1679431840379 11.366555674001575 0
1679431852160 11.565633919090033 0
1679431863654 11.311706466018222 0
1679431874843 11.002441699965857 0
1679431912972 11.507063174969517 0
1679431924800 11.637611603015102 0
1679431936117 11.135183803969994 0
1679431948231 11.906960775959305 0
1679431959974 11.536383813014254 0
1679431971701 11.526173218968324 0
1679431983586 11.700663166935556 0
1679431995012 11.226780408993363 0
1679432006265 11.0691467479337 0
1679432017820 11.343082995037548 0
1679432056096 11.54503868194297 0
1679432067732 11.45328629098367 0
1679432079430 11.508625616086647 0
1679432091209 11.594178346917033 0
1679432103102 11.693900570971891 0
1679432115127 11.823775605065748 0
1679432126997 11.672504379064776 0
1679432138795 11.604467755067162 0
1679432150778 11.780772958998568 0
1679432162667 11.604256113991141 0
1679432203544 11.989848589058965 0
1679432215900 12.10133562691044 0
1679432228343 12.243883967050351 0
1679432240447 11.904825139907189 0
1679432252507 11.85833963996265 0
1679432264681 11.958388824947178 0
1679432276681 11.797175602987409 0
1679432288669 11.799301148974337 0
1679432300804 11.929359035915695 0
1679432312578 11.586731371935457 0
