1679429828199 0.3815972222222222 0
1679429832513 0.6510416666666666 0
1679429837135 0.7486111111111111 0
1679429841716 0.8079861111111111 0
1679429846186 0.8395833333333333 0
1679429850544 0.8819444444444444 0
1679429855034 0.9010416666666666 0
1679429859509 0.9097222222222222 0
1679429864097 0.915625 0
1679429868572 0.9197916666666667 0
1679429908122 0.34746503496503495 0
1679429916039 0.3505244755244755 0
1679429923758 0.34615384615384615 0
1679429931715 0.3465909090909091 0
1679429939891 0.3459353146853147 0
1679429947716 0.3485576923076923 0
1679429955595 0.34768356643356646 0
1679429963648 0.3463723776223776 0
1679429971510 0.34396853146853146 0
1679429979138 0.3465909090909091 0
1679430012095 0.19898343373493976 0
1679430021294 0.20180722891566266 0
1679430030290 0.20105421686746988 0
1679430038816 0.2035015060240964 0
1679430047486 0.20256024096385541 0
1679430056206 0.20425451807228914 0
1679430064850 0.2035015060240964 0
1679430073130 0.20463102409638553 0
1679430082211 0.20406626506024098 0
1679430091229 0.2027484939759036 0
1679430123156 0.13216911764705883 0
1679430132412 0.13253676470588235 0
1679430141716 0.13308823529411765 0
1679430150875 0.13143382352941177 0
1679430160070 0.13529411764705881 0
1679430169442 0.13419117647058823 0
1679430178625 0.13308823529411765 0
1679430187629 0.13363970588235294 0
1679430197045 0.13216911764705883 0
1679430206029 0.13455882352941176 0
1679430237216 0.09754335260115607 0
1679430246634 0.09844653179190752 0
1679430255993 0.09826589595375723 0
1679430265262 0.09772398843930635 0
1679430274592 0.09736271676300579 0
1679430283973 0.09826589595375723 0
1679430293314 0.09808526011560693 0
1679430302493 0.0988078034682081 0
1679430312041 0.09916907514450866 0
1679430321375 0.09772398843930635 0
1679430352933 0.07715395480225988 0
1679430362399 0.07768361581920905 0
1679430371956 0.07768361581920905 0
1679430381399 0.07715395480225988 0
1679430390957 0.07680084745762712 0
1679430400545 0.07733050847457627 0
1679430410190 0.07556497175141243 0
1679430419376 0.07733050847457627 0
1679430429053 0.07662429378531073 0
1679430438939 0.07662429378531073 0
1679430471340 0.0625 0
1679430481020 0.06284722222222222 0
1679430490741 0.06354166666666666 0
1679430500077 0.06319444444444444 0
1679430509434 0.06319444444444444 0
1679430519191 0.06284722222222222 0
1679430527963 0.0642361111111111 0
1679430537496 0.06354166666666666 0
1679430547379 0.06336805555555555 0
1679430556933 0.06354166666666666 0
1679430590237 0.05396174863387978 0
1679430599805 0.053790983606557374 0
1679430609749 0.05396174863387978 0
1679430619458 0.05362021857923497 0
1679430629209 0.05362021857923497 0
1679430639173 0.05327868852459016 0
1679430649163 0.05396174863387978 0
1679430659059 0.05310792349726776 0
1679430668970 0.053449453551912565 0
1679430678660 0.053790983606557374 0
1679430711742 0.0456216577540107 0
1679430721861 0.045454545454545456 0
1679430731738 0.04512032085561497 0
1679430741853 0.0464572192513369 0
1679430751831 0.04578877005347594 0
1679430761810 0.046290106951871655 0
1679430771804 0.045287433155080214 0
1679430782054 0.046290106951871655 0
1679430792332 0.046122994652406414 0
1679430802353 0.046290106951871655 0
1679430835870 0.03930921052631579 0
1679430846277 0.03963815789473684 0
1679430856447 0.039967105263157894 0
1679430866615 0.039967105263157894 0
1679430876603 0.03930921052631579 0
1679430886888 0.039473684210526314 0
1679430897435 0.04013157894736842 0
1679430907669 0.03898026315789474 0
1679430918000 0.03980263157894737 0
1679430928480 0.039473684210526314 0
1679430963210 0.0351360103626943 0
1679430973561 0.03545984455958549 0
1679430984029 0.0351360103626943 0
1679430994215 0.0352979274611399 0
1679431004415 0.0351360103626943 0
1679431015084 0.034974093264248704 0
1679431025861 0.03416450777202073 0
1679431036537 0.03562176165803109 0
1679431047249 0.035783678756476686 0
1679431057547 0.03626943005181347 0
1679431092349 0.031725888324873094 0
1679431103026 0.031884517766497464 0
1679431113442 0.03125 0
1679431124212 0.031725888324873094 0
1679431134861 0.031884517766497464 0
1679431145645 0.032201776649746196 0
1679431156256 0.03156725888324873 0
1679431166889 0.031725888324873094 0
1679431177649 0.03140862944162436 0
1679431188502 0.031884517766497464 0
1679431224212 0.02859375 0
1679431235010 0.02890625 0
1679431246011 0.02875 0
1679431256610 0.02859375 0
1679431267257 0.0290625 0
1679431278139 0.028125 0
1679431289110 0.028125 0
1679431299808 0.0284375 0
1679431310669 0.02859375 0
1679431321398 0.02875 0
1679431357965 0.025554187192118227 0
1679431368955 0.026016009852216748 0
1679431379808 0.02586206896551724 0
1679431391042 0.025554187192118227 0
1679431402251 0.025554187192118227 0
1679431413108 0.025554187192118227 0
1679431424071 0.02586206896551724 0
1679431435034 0.02586206896551724 0
1679431445862 0.025708128078817734 0
1679431456981 0.026323891625615763 0
1679431494065 0.023968446601941747 0
1679431505197 0.023816747572815534 0
1679431515038 0.023513349514563107 0
1679431526416 0.023816747572815534 0
1679431537550 0.02320995145631068 0
1679431548858 0.023816747572815534 0
1679431560194 0.02366504854368932 0
1679431571615 0.023361650485436893 0
1679431582928 0.023816747572815534 0
1679431594311 0.02366504854368932 0
1679431631745 0.02177132701421801 0
1679431643147 0.021919431279620854 0
1679431654514 0.022067535545023696 0
1679431665650 0.02132701421800948 0
1679431676753 0.021623222748815167 0
1679431688504 0.021919431279620854 0
1679431699694 0.021623222748815167 0
1679431710776 0.022067535545023696 0
1679431721984 0.021919431279620854 0
1679431732945 0.021623222748815167 0
1679431770813 0.020246478873239437 0
1679431782527 0.02009976525821596 0
1679431794284 0.019806338028169015 0
1679431805404 0.020246478873239437 0
1679431817175 0.019512910798122066 0
1679431828781 0.01965962441314554 0
1679431840357 0.019806338028169015 0
1679431852127 0.019512910798122066 0
1679431863633 0.020246478873239437 0
1679431874822 0.01965962441314554 0
1679431912948 0.018229166666666668 0
1679431924779 0.01837384259259259 0
1679431936098 0.01837384259259259 0
1679431948209 0.018518518518518517 0
1679431959944 0.01880787037037037 0
1679431971681 0.018518518518518517 0
1679431983563 0.01880787037037037 0
1679431994983 0.018518518518518517 0
1679432006247 0.018518518518518517 0
1679432017791 0.018663194444444444 0
1679432056074 0.017123287671232876 0
1679432067711 0.017123287671232876 0
1679432079411 0.017408675799086757 0
1679432091189 0.016695205479452056 0
1679432103078 0.016980593607305937 0
1679432115109 0.016980593607305937 0
1679432126969 0.016980593607305937 0
1679432138776 0.016980593607305937 0
1679432150742 0.017408675799086757 0
1679432162635 0.017408675799086757 0
1679432203511 0.016183035714285716 0
1679432215880 0.016183035714285716 0
1679432228322 0.016183035714285716 0
1679432240420 0.016183035714285716 0
1679432252486 0.016183035714285716 0
1679432264647 0.016322544642857144 0
1679432276664 0.016322544642857144 0
1679432288648 0.016322544642857144 0
1679432300773 0.016322544642857144 0
1679432312551 0.016462053571428572 0
