1679429828210 0.308580752213796 0
1679429832526 0.20777524279223547 0
1679429837146 0.1727090448141098 0
1679429841727 0.1463992313378387 0
1679429846198 0.12698846517337692 0
1679429850554 0.10971688321895069 0
1679429855046 0.09735192619264126 0
1679429859520 0.08683089411093128 0
1679429864108 0.07982873233656089 0
1679429868584 0.07338233714302381 0
1679429908134 0.09145910608080718 0
1679429916050 0.08796827143409869 0
1679429923768 0.08697395980149716 0
1679429931726 0.08676838187070993 0
1679429939908 0.08667627190584903 0
1679429947726 0.08608009429140524 0
1679429955605 0.08632319832181597 0
1679429963660 0.0865038805283033 0
1679429971520 0.08646804120365556 0
1679429979151 0.0862032163862165 0
1679430012106 0.0731878308242703 0
1679430021304 0.07043570190309043 0
1679430030302 0.07049945373851133 0
1679430038828 0.06971164880297988 0
1679430047503 0.06961834888501339 0
1679430056218 0.06862044181809368 0
1679430064861 0.06974134980195976 0
1679430073142 0.06903665384883623 0
1679430082225 0.06875907539962287 0
1679430091235 0.06871368033609476 0
1679430123164 0.06451538408942083 0
1679430132423 0.06443721121724914 0
1679430141728 0.06429204360088882 0
1679430150887 0.06442391848301186 0
1679430160081 0.06309073749272262 0
1679430169459 0.06339992988197242 0
1679430178636 0.06370442266411641 0
1679430187641 0.06393115768099532 0
1679430197058 0.06373497883186621 0
1679430206039 0.06298027209499303 0
1679430237222 0.060809043769030215 0
1679430246645 0.06038159498072773 0
1679430256005 0.06031027989666586 0
1679430265272 0.06010464533646672 0
1679430274605 0.05992201002949924 0
1679430283986 0.060401902141081806 0
1679430293324 0.06002891535273177 0
1679430302503 0.059959348032757036 0
1679430312054 0.05996742960862342 0
1679430321387 0.05997313938044399 0
1679430352942 0.057791783690115825 0
1679430362410 0.0577500793177866 0
1679430371973 0.05684806802178507 0
1679430381417 0.05712480249546342 0
1679430390967 0.056744691973688914 0
1679430400562 0.056768747562237376 0
1679430410201 0.057369259728045116 0
1679430419389 0.05708922569950422 0
1679430429067 0.057285136190679785 0
1679430438949 0.0571422278881073 0
1679430471351 0.05816758631004228 0
1679430481034 0.057968259561392996 0
1679430490753 0.057617482211854726 0
1679430500089 0.05733066801395681 0
1679430509446 0.05779000071601735 0
1679430519202 0.05716464182155 0
1679430527974 0.05755579217026631 0
1679430537508 0.057555840123030874 0
1679430547390 0.057275501866307525 0
1679430556945 0.05729526043352154 0
1679430590248 0.055562351448614086 0
1679430599816 0.05498967470367098 0
1679430609761 0.05497500143660222 0
1679430619472 0.05518066349739585 0
1679430629223 0.05527530270603185 0
1679430639185 0.0552693885735801 0
1679430649173 0.0551406993566315 0
1679430659078 0.05492652624926932 0
1679430668980 0.05478592510106134 0
1679430678671 0.05487047695641309 0
1679430711748 0.055901093557875425 0
1679430721873 0.05547143674311154 0
1679430731749 0.05528455639985156 0
1679430741865 0.055748348886316475 0
1679430751841 0.055452671380125905 0
1679430761821 0.05565305606008851 0
1679430771820 0.055514533212159406 0
1679430782073 0.055393218057837715 0
1679430792343 0.05546498083494564 0
1679430802364 0.05547873653909739 0
1679430835886 0.05471106506884098 0
1679430846287 0.05433725465677287 0
1679430856458 0.05459679908266193 0
1679430866626 0.054827928797979104 0
1679430876615 0.05449199541226814 0
1679430886900 0.05461838457145189 0
1679430897446 0.05459341212714973 0
1679430907682 0.05442940251607644 0
1679430918014 0.05448955540594302 0
1679430928499 0.0543957329894367 0
1679430963223 0.055048259853390215 0
1679430973578 0.05497815622103647 0
1679430984041 0.054879884568520776 0
1679430994232 0.05479733904563083 0
1679431004428 0.05466885772084943 0
1679431015097 0.05484121204040211 0
1679431025874 0.055016527676211735 0
1679431036549 0.05481804237541757 0
1679431047261 0.05485121494670606 0
1679431057559 0.05482789470664578 0
1679431092362 0.05349461732403881 0
1679431103037 0.053307978634906904 0
1679431113451 0.05334782350789472 0
1679431124227 0.05345500852477732 0
1679431134880 0.053286691513007065 0
1679431145663 0.05321045314448739 0
1679431156269 0.053113649603981655 0
1679431166902 0.0531665579543501 0
1679431177664 0.053225846403292594 0
1679431188513 0.05330726309551805 0
1679431224224 0.05363868024200201 0
1679431235022 0.05376403369009495 0
1679431246027 0.05360644338652491 0
1679431256621 0.05359935799613595 0
1679431267270 0.053682867512106894 0
1679431278150 0.05369658997282386 0
1679431289119 0.05350655632093549 0
1679431299819 0.05357992952689528 0
1679431310683 0.053533640559762716 0
1679431321410 0.05365026097744703 0
1679431357979 0.05386605411033912 0
1679431368966 0.053744357850017216 0
1679431379819 0.05402941089765779 0
1679431391067 0.05385149011544406 0
1679431402263 0.05393501442714865 0
1679431413117 0.0538285463094124 0
1679431424082 0.05379070165415703 0
1679431435046 0.054095351618939434 0
1679431445874 0.05393733748514664 0
1679431456992 0.05391157223966909 0
1679431494076 0.0535904330210489 0
1679431505210 0.053489035754961875 0
1679431515055 0.053585896865256784 0
1679431526423 0.05344342042520208 0
1679431537565 0.053564651860195454 0
1679431548870 0.05351146408221097 0
1679431560208 0.053420466759685176 0
1679431571638 0.0534321432481113 0
1679431582936 0.05356622416779254 0
1679431594324 0.05337888816172637 0
1679431631757 0.05402449566111745 0
1679431643160 0.054044081825074426 0
1679431654525 0.05393556473661938 0
1679431665667 0.05399543710794494 0
1679431676765 0.05396111042931746 0
1679431688517 0.05400450236353829 0
1679431699709 0.0540638748927139 0
1679431710786 0.05393417202536529 0
1679431721996 0.05399312481496006 0
1679431732953 0.05393218418574446 0
1679431770827 0.054652852036863424 0
1679431782540 0.05460400711482679 0
1679431794295 0.05461010130498331 0
1679431805417 0.054703761276924556 0
1679431817193 0.054622622075634945 0
1679431828795 0.054613688304810455 0
1679431840370 0.054599168522397115 0
1679431852147 0.05464419288814348 0
1679431863646 0.05455901667895451 0
1679431874835 0.05461730745056985 0
1679431912962 0.05503423598215536 0
1679431924792 0.05498408812477633 0
1679431936110 0.0549754802034133 0
1679431948221 0.05497132555616123 0
1679431959960 0.05497269479005977 0
1679431971693 0.05503425471208714 0
1679431983576 0.0548090624657494 0
1679431994998 0.05498972988721949 0
1679432006257 0.05497606733330974 0
1679432017803 0.05498328463484844 0
1679432056087 0.055484788943099106 0
1679432067724 0.0555248755162165 0
1679432079422 0.05552759662814881 0
1679432091201 0.05547288279623201 0
1679432103092 0.0554537957015375 0
1679432115119 0.05564028349573209 0
1679432126986 0.05548413101260521 0
1679432138787 0.05546633684880113 0
1679432150766 0.05547289793553962 0
1679432162648 0.055459583935127954 0
1679432203527 0.05640472297091037 0
1679432215892 0.056373310375160406 0
1679432228334 0.05633970468105482 0
1679432240431 0.0562710342596152 0
1679432252499 0.05633970469768558 0
1679432264662 0.056302098191476295 0
1679432276673 0.05630909553396383 0
1679432288660 0.05627795476799032 0
1679432300792 0.05631506268400699 0
1679432312561 0.05634698243479112 0
