1678722994461 0.36888566118458804 0
1678722999048 0.14871791269978554 0
1678723003490 0.08907040006484232 0
1678723008059 0.0487409762946246 0
1678723012671 0.04980836519781424 0
1678723017284 0.026519436345326036 0
1678723021769 0.032269899306141984 0
1678723026349 0.05570062744864378 0
1678723030859 0.026684367912644173 0
1678723035468 0.020892612051282292 0
1678723104198 0.39073580299711763 0
1678723112422 0.034041298365242285 0
1678723120495 0.04536394556838193 0
1678723128621 0.06086560183016605 0
1678723136980 0.032789525410031425 0
1678723144722 0.00684110998396645 0
1678723152589 0.01794910264913904 0
1678723160576 0.008428140913427954 0
1678723168219 0.004838733795411606 0
1678723176275 0.00455408743242552 0
1678723244645 0.5968343622086845 0
1678723252523 0.052952755944960975 0
1678723260732 0.017132977629741947 0
1678723268738 0.03302495511061178 0
1678723276732 0.042663582521718695 0
1678723284644 0.014522723910034075 0
1678723292436 0.03684443071337303 0
1678723300445 0.023665683491269403 0
1678723308517 0.02280544602442153 0
1678723316782 0.05169930873056753 0
1678723386179 1.3897260244132708 0
1678723394273 0.15488491367969784 0
1678723402627 0.06252924749832497 0
1678723410281 0.026290091215975128 0
1678723418563 0.020549059599877288 0
1678723426874 0.041473061329535016 0
1678723434681 0.05525641594774713 0
1678723442834 0.03714604550366272 0
1678723451036 0.006968190103143436 0
1678723458818 0.003532319894426349 0
1678723527989 1.712706475842507 0
1678723535532 0.27015619638011806 0
1678723543506 0.12134362845563683 0
1678723551671 0.07619920598689313 0
1678723559724 0.04982762162730678 0
1678723567313 0.02025458356336799 0
1678723575327 0.06847451549251186 0
1678723583081 0.07733892168276763 0
1678723590523 0.014742678957470706 0
1678723598276 0.009430733833512622 0
1678723667569 2.243574868866954 0
1678723675177 0.4753267372957787 0
1678723683062 0.17238947763864165 0
1678723690978 0.10637583824276114 0
1678723698340 0.09164701311988842 0
1678723705638 0.08297308500789433 0
1678723713411 0.03294206364396695 0
1678723721496 0.06724502520728914 0
1678723729506 0.028548893715767507 0
1678723737302 0.04438599210561537 0
1678723807017 2.6079207798667423 0
1678723815065 0.6625093989272115 0
1678723822972 0.3215785953938188 0
1678723831247 0.13244301596123764 0
1678723839045 0.10062225405046275 0
1678723847124 0.043827097028565215 0
1678723855114 0.0503194929009109 0
1678723863084 0.07431480152172354 0
1678723870988 0.05862716584017131 0
1678723878655 0.03527424866907411 0
1678723948508 2.7585246913075228 0
1678723955699 0.8458239715580884 0
1678723963189 0.34221030114571793 0
1678723970994 0.19133595366622283 0
1678723978863 0.09185389204639907 0
1678723986699 0.06252173626124674 0
1678723994931 0.13909888076995758 0
1678724002515 0.0675922237552928 0
1678724010316 0.0531341357776749 0
1678724017846 0.031426464469207153 0
1678724087192 3.1816536088723177 0
1678724095307 1.0278532602965207 0
1678724102995 0.39315771382851983 0
1678724110834 0.21854259632642878 0
1678724118327 0.11420554342352365 0
1678724126698 0.09379966720395651 0
1678724134838 0.06575000294385831 0
1678724142516 0.0668685496131843 0
1678724150616 0.05724304456694064 0
1678724158137 0.044744376801851726 0
1678724228612 3.254963707452648 0
1678724236189 0.8969680981697897 0
1678724243990 0.38462685201365393 0
1678724251901 0.1852814336574836 0
1678724259809 0.13026390457094414 0
1678724267649 0.10310503321805069 0
1678724275266 0.06525795073366371 0
1678724282833 0.041017914460678574 0
1678724290380 0.04430324700790434 0
1678724297942 0.06353901614279125 0
1678724367931 2.9129580042110392 0
1678724375611 0.8490331563189708 0
1678724383398 0.3459432519019718 0
1678724391037 0.17350004262729807 0
1678724399008 0.12965518169201695 0
1678724407542 0.08586058792801386 0
1678724416068 0.08394719732532978 0
1678724423663 0.07578000285127157 0
1678724431309 0.09092675440284925 0
1678724439132 0.03138567289737887 0
1678724510011 3.2830141974202345 0
1678724518104 1.0852014014866707 0
1678724526346 0.4401625053171319 0
1678724533964 0.23471411277549808 0
1678724542221 0.12346013779438447 0
1678724550722 0.07463742572632448 0
1678724558717 0.09029981771448352 0
1678724566926 0.13187999014614393 0
1678724574412 0.08023243214776296 0
1678724582767 0.12287336101478231 0
1678724653032 3.0988039787055683 0
1678724660842 1.0792217231812928 0
1678724668345 0.5547660773296721 0
1678724676076 0.2920592034798187 0
1678724683852 0.21363630692961777 0
1678724691367 0.11513763966201042 0
1678724699453 0.08957999767971452 0
1678724707054 0.08181085433854668 0
1678724715271 0.11566619874151346 0
1678724722994 0.08349116474224359 0
1678724793793 2.76903917489043 0
1678724801597 0.7718803799027201 0
1678724809635 0.3722243114634014 0
1678724817473 0.2005410094396283 0
1678724824866 0.09885771579032625 0
1678724833139 0.11304929860769193 0
1678724840663 0.08937436251580679 0
1678724848372 0.04602957342264091 0
1678724856281 0.09163166222250557 0
1678724864062 0.08518759740103517 0
1678724934930 2.999661648177747 0
1678724942846 1.1447563191267205 0
1678724950596 0.5974059301147202 0
1678724958880 0.2550362962826746 0
1678724966442 0.13164924426605998 0
1678724974090 0.09354429448125832 0
1678724982311 0.10886048439515086 0
1678724990189 0.11500995857106122 0
1678724998328 0.04829564913411276 0
1678725005974 0.031109350386585917 0
1678725077454 2.985735324888483 0
1678725085448 0.7385981815917172 0
1678725093938 0.30857851720283325 0
1678725101547 0.1385568280033008 0
1678725109994 0.0865041055636615 0
1678725117912 0.07953052806027736 0
1678725125553 0.1009115527365 0
1678725133508 0.08962861690359619 0
1678725141795 0.032500418939658195 0
1678725149390 0.03411919262934386 0
1678725220149 2.437292936593386 0
1678725227937 0.3913133647649505 0
1678725235538 0.13680251028303603 0
1678725243450 0.11041765654985371 0
1678725251175 0.07309291123368256 0
1678725259563 0.030785842118134756 0
1678725267391 0.04650365078270693 0
1678725275093 0.03601640827811155 0
1678725282791 0.0735992427876218 0
1678725291056 0.024044038926339245 0
1678725362413 2.7291016022020687 0
1678725370259 0.6271835890281635 0
1678725378271 0.24463438903055787 0
1678725386329 0.12759697666004013 0
1678725394011 0.048431397310427636 0
1678725402168 0.037080697891307586 0
1678725409732 0.04452380327792025 0
1678725417629 0.07474130021961586 0
1678725425340 0.06722791541806106 0
1678725433358 0.028652194930830713 0
1678725504993 2.6169132452234947 0
1678725512814 0.4478414959842 0
1678725520329 0.1734634676857301 0
1678725528073 0.09771323991896858 0
1678725535974 0.04970443287836716 0
1678725543568 0.020034943497897924 0
1678725551559 0.07746803837611471 0
1678725559350 0.08368102110890123 0
1678725567206 0.06194434297133589 0
1678725574918 0.03435118664734853 0
1678725646810 2.57674347964093 0
1678725654615 0.45252616829604114 0
1678725662523 0.15105201881045247 0
1678725671125 0.07953285205927507 0
1678725679289 0.07733928286105192 0
1678725687401 0.03112830443812823 0
1678725695255 0.03655340189805658 0
1678725703439 0.059515111968082325 0
1678725711132 0.04292604317710291 0
1678725718982 0.08469151915750325 0
