1678717513279 4.531561974901706 0
1678717517792 4.3323465869762 0
1678717522327 4.367520066443831 0
1678717526805 4.327151868026704 0
1678717531436 4.4785009901970625 0
1678717536030 4.420920971781015 0
1678717540554 4.328432976733893 0
1678717545093 4.369174221064895 0
1678717549645 4.382730141747743 0
1678717554119 4.308410322293639 0
1678717623123 7.919176822993904 0
1678717631027 7.725684362929314 0
1678717638819 7.621908179949969 0
1678717647149 8.163383245933801 0
1678717655248 7.9431750029325485 0
1678717663244 7.810416574124247 0
1678717671646 8.241741735953838 0
1678717679823 8.007907753810287 0
1678717688075 8.08102425513789 0
1678717696579 8.326284604147077 0
1678717765797 8.073616550303996 0
1678717773880 7.889915962703526 0
1678717782100 8.060813276097178 0
1678717790217 7.940814625006169 0
1678717798255 7.862114530988038 0
1678717806451 8.015899491030723 0
1678717814456 7.844720779918134 0
1678717822661 8.021456359885633 0
1678717831004 8.158776365686208 0
1678717839158 7.976455858908594 0
1678717908725 8.008497231639922 0
1678717916706 7.79025823995471 0
1678717924667 7.787000806070864 0
1678717932202 7.382817959878594 0
1678717939992 7.619330073241144 0
1678717948064 7.888333191163838 0
1678717956074 7.819971797987819 0
1678717964395 8.155946728773415 0
1678717972326 7.747708459850401 0
1678717980011 7.528893449343741 0
1678718048759 7.549867051653564 0
1678718056838 7.887505987193435 0
1678718064853 7.85115139791742 0
1678718072761 7.742701275739819 0
1678718081076 8.149644083343446 0
1678718088867 7.6374321868643165 0
1678718097137 8.090683218091726 0
1678718104934 7.6308730454184115 0
1678718112457 7.359937348868698 0
1678718120573 7.924425495788455 0
1678718189528 7.653378143906593 0
1678718197099 7.396214745938778 0
1678718205335 8.040548296645284 0
1678718213434 7.924899604637176 0
1678718220879 7.2712537799961865 0
1678718228766 7.7201205883175135 0
1678718236727 7.7654414819553494 0
1678718244576 7.674202968832105 0
1678718252281 7.530196633189917 0
1678718260007 7.525628257077187 0
1678718329379 7.70777057018131 0
1678718336577 7.021756442263722 0
1678718344264 7.497656520921737 0
1678718351639 7.202694525010884 0
1678718359264 7.460626654326916 0
1678718366706 7.267926859203726 0
1678718374837 7.9531707861460745 0
1678718382115 7.112544232979417 0
1678718389442 7.148149081971496 0
1678718397498 7.8652224889956415 0
1678718466510 7.429369103629142 0
1678718474084 7.421513440087438 0
1678718481852 7.604721723590046 0
1678718489169 7.126555600669235 0
1678718496880 7.5300286379642785 0
1678718504851 7.779969897121191 0
1678718512248 7.22630344890058 0
1678718520036 7.61132027907297 0
1678718527486 7.2649229620583355 0
1678718535268 7.599182030651718 0
1678718604550 7.370069842785597 0
1678718612400 7.67909649014473 0
1678718620174 7.605998728889972 0
1678718627502 7.1519408747553825 0
1678718635262 7.594665977638215 0
1678718642953 7.503130361903459 0
1678718650799 7.647205435670912 0
1678718658676 7.687218541279435 0
1678718666590 7.749259093310684 0
1678718674043 7.2898802612908185 0
1678718743692 7.659615024924278 0
1678718751139 7.264928019139916 0
1678718759003 7.681630536913872 0
1678718766980 7.810517362784594 0
1678718774786 7.648904751054943 0
1678718782086 7.120149498339742 0
1678718789777 7.514736372977495 0
1678718797838 7.902308965101838 0
1678718805329 7.2934059128165245 0
1678718812775 7.268371413927525 0
1678718882588 7.62595846503973 0
1678718890240 7.458059330005199 0
1678718898495 8.066485275980085 0
1678718906080 7.407168997917324 0
1678718913731 7.4783422141335905 0
1678718921672 7.766422737389803 0
1678718929033 7.183096454013139 0
1678718936973 7.7950745220296085 0
1678718944644 7.478218170348555 0
1678718952464 7.643932201899588 0
1678719023778 8.27126288274303 0
1678719031570 7.651208496186882 0
1678719039421 7.676106379833072 0
1678719046880 7.2865641680546105 0
1678719054583 7.521578574087471 0
1678719061994 7.245512797031552 0
1678719069601 7.437116579618305 0
1678719077417 7.628010739106685 0
1678719085687 8.106052050832659 0
1678719093168 7.289422485046089 0
1678719163810 7.991535505279899 0
1678719171725 7.722678542137146 0
1678719179403 7.48921695491299 0
1678719187190 7.586634788662195 0
1678719195537 8.13687262777239 0
1678719204016 8.285344377160072 0
1678719211571 7.368475753813982 0
1678719219657 7.917501462157816 0
1678719227813 7.958556164987385 0
1678719235522 7.51325803482905 0
1678719306228 8.054643508978188 0
1678719314055 7.6516887890174985 0
1678719321641 7.402947971597314 0
1678719329773 7.966099210083485 0
1678719337545 7.595946588087827 0
1678719345547 7.810467899776995 0
1678719353497 7.756059892009944 0
1678719361243 7.564496575854719 0
1678719369551 8.103407452814281 0
1678719377485 7.761680178809911 0
1678719448069 7.772668913938105 0
1678719456511 8.285210197791457 0
1678719464172 7.4828369631432 0
1678719471742 7.382157986052334 0
1678719479356 7.44459504308179 0
1678719486796 7.279369303025305 0
1678719494436 7.467294696718454 0
1678719501825 7.209538947790861 0
1678719510310 8.315827773883939 0
1678719518031 7.541753377299756 0
1678719588595 7.488034710753709 0
1678719596146 7.361646275036037 0
1678719603605 7.280321154277772 0
1678719611016 7.218138032127172 0
1678719619209 7.999870328698307 0
1678719627068 7.682236731983721 0
1678719634789 7.523194591049105 0
1678719642870 7.882632042746991 0
1678719650584 7.523740546777844 0
1678719658341 7.573552864138037 0
1678719729598 8.268378579057753 0
1678719737209 7.427936170715839 0
1678719745080 7.683973921928555 0
1678719752956 7.689135793130845 0
1678719760678 7.515765924938023 0
1678719768439 7.5656608189456165 0
1678719776316 7.702243074774742 0
1678719783901 7.39815702708438 0
1678719791696 7.611490176990628 0
1678719799426 7.562018875032663 0
1678719869962 7.794311777222902 0
1678719877650 7.516213261988014 0
1678719885278 7.437369911931455 0
1678719893117 7.6320083392784 0
1678719900969 7.668866152875125 0
1678719908620 7.472396368160844 0
1678719916379 7.579356722068042 0
1678719923990 7.420323214028031 0
1678719931856 7.68478477280587 0
1678719940041 8.007346021011472 0
1678720011393 7.95025973720476 0
1678720019246 7.640703437384218 0
1678720027020 7.574878696352243 0
1678720034549 7.335557895246893 0
1678720042250 7.492442783899605 0
1678720050616 8.154642556793988 0
1678720058292 7.474941879976541 0
1678720066354 7.855460490100086 0
1678720074036 7.501035510096699 0
1678720081905 7.683452918194234 0
1678720154026 8.20879607880488 0
1678720161648 7.466134788934141 0
1678720169730 7.847973695956171 0
1678720177374 7.442181004211307 0
1678720185986 8.406636103056371 0
1678720193948 7.74693054985255 0
1678720201690 7.550339139066637 0
1678720209414 7.524675594642758 0
1678720217366 7.762380839791149 0
1678720225418 7.848798402119428 0
