1678717513272 0.33406826762974423 0
1678717517783 0.1252908313801802 0
1678717522321 0.0873575005776774 0
1678717526797 0.05312673977880869 0
1678717531427 0.03808975013689527 0
1678717536020 0.013356169098786763 0
1678717540544 0.043480025329481004 0
1678717545084 0.024746954415681165 0
1678717549633 0.028603800756669854 0
1678717554110 0.06531145734720424 0
1678717623113 0.4270105489550953 0
1678717631014 0.056895765256760225 0
1678717638812 0.05859368575772546 0
1678717647141 0.0433317114385633 0
1678717655240 0.007351905061226853 0
1678717663232 0.002972512925877808 0
1678717671640 0.0040266645176035894 0
1678717679814 0.03397832437458093 0
1678717688065 0.049809931344581324 0
1678717696568 0.00877258612696942 0
1678717765787 0.6302335435102353 0
1678717773871 0.04746163594107925 0
1678717782094 0.01920804509132585 0
1678717790210 0.02740454907374315 0
1678717798244 0.04587431348672734 0
1678717806442 0.018241432046436044 0
1678717814445 0.02748991401867229 0
1678717822651 0.05696495440992779 0
1678717830995 0.023960490431212327 0
1678717839145 0.004415579172018062 0
1678717908715 0.9450672017784307 0
1678717916696 0.09855869316471219 0
1678717924658 0.05013855193512096 0
1678717932192 0.032757827809622365 0
1678717939981 0.015559480303508438 0
1678717948054 0.023672858021441222 0
1678717956063 0.02464198593080154 0
1678717964389 0.062409307144138185 0
1678717972319 0.010027082612001123 0
1678717980004 0.005031172395705397 0
1678718048752 1.628688241869966 0
1678718056828 0.1889228308533098 0
1678718064847 0.07561402358321807 0
1678718072751 0.05477213705622391 0
1678718081067 0.06916157126603872 0
1678718088861 0.028415235574572928 0
1678718097127 0.026357704362244685 0
1678718104923 0.053353204181932096 0
1678718112449 0.018204969276747147 0
1678718120566 0.024468217102737107 0
1678718189519 2.2623079519642952 0
1678718197088 0.4080603459574986 0
1678718205325 0.14659209149056118 0
1678718213426 0.08772752995915145 0
1678718220871 0.06333181246829814 0
1678718228760 0.028014326689004384 0
1678718236717 0.0996274419101283 0
1678718244568 0.028291351375313287 0
1678718252274 0.040927313805751646 0
1678718259999 0.016713634369908668 0
1678718329369 2.5126044972948707 0
1678718336567 0.6548561407799629 0
1678718344257 0.297625340599569 0
1678718351630 0.11305867206740151 0
1678718359256 0.10310313647234418 0
1678718366692 0.07771297226245201 0
1678718374830 0.059044448989014925 0
1678718382104 0.05512432445362993 0
1678718389430 0.0807508878223483 0
1678718397488 0.04659188824686796 0
1678718466498 2.8256594140710765 0
1678718474070 0.5425209117716223 0
1678718481842 0.1973131547156788 0
1678718489158 0.10288459586279859 0
1678718496874 0.07137263435789874 0
1678718504838 0.046555734047961865 0
1678718512241 0.04731543128878578 0
1678718520027 0.053033536568127565 0
1678718527474 0.07697141011848982 0
1678718535261 0.07413833649107672 0
1678718604537 2.980902461007173 0
1678718612388 1.0799241959128283 0
1678718620159 0.4653878181418053 0
1678718627493 0.21409885996723704 0
1678718635255 0.1348481133966773 0
1678718642942 0.10968409673327498 0
1678718650785 0.1204964419788899 0
1678718658668 0.07060469206309819 0
1678718666583 0.07867559803956964 0
1678718674035 0.10591315663775741 0
1678718743685 3.0598504033038614 0
1678718751128 1.0732940404484343 0
1678718758992 0.48203213038895143 0
1678718766970 0.22038283365202804 0
1678718774780 0.1191200582682166 0
1678718782074 0.15528395253799077 0
1678718789768 0.05452697714899998 0
1678718797828 0.0604923200218894 0
1678718805320 0.1339366318516484 0
1678718812767 0.07586281568529872 0
1678718882572 2.765664347827692 0
1678718890230 0.6675675826134543 0
1678718898479 0.2846459819393956 0
1678718906071 0.16190746761605354 0
1678718913724 0.09966443280256258 0
1678718921663 0.06450516585585069 0
1678718929025 0.06832977052383388 0
1678718936964 0.05881326495703722 0
1678718944630 0.09216599993596407 0
1678718952456 0.10347726401988558 0
1678719023771 3.059893461272185 0
1678719031562 0.873136081303101 0
1678719039413 0.31047421329326286 0
1678719046868 0.16245953623640308 0
1678719054574 0.11558003354313713 0
1678719061985 0.04176054365698241 0
1678719069591 0.0352157693945327 0
1678719077408 0.03964753574021552 0
1678719085681 0.10137454978086242 0
1678719093156 0.04903938487710557 0
1678719163800 3.0632718900900846 0
1678719171718 0.9230963696367288 0
1678719179394 0.39396712561313424 0
1678719187173 0.18435030457706936 0
1678719195529 0.10519787544928781 0
1678719204001 0.10010494216540258 0
1678719211560 0.0891677187163201 0
1678719219650 0.08507052554741475 0
1678719227796 0.043508338331808054 0
1678719235510 0.04974098714244557 0
1678719306210 3.0497404127816052 0
1678719314039 0.7759091111890617 0
1678719321634 0.2528311802031745 0
1678719329766 0.1521683463330914 0
1678719337537 0.07146138539094848 0
1678719345540 0.06922047334671978 0
1678719353489 0.04274638054674978 0
1678719361234 0.05626100195092026 0
1678719369542 0.06441345569344584 0
1678719377477 0.027135522857796197 0
1678719448061 3.1906010947012473 0
1678719456503 0.8884574711285969 0
1678719464164 0.3456624738223174 0
1678719471734 0.1538476239132837 0
1678719479348 0.0897288460875824 0
1678719486788 0.04565210598322475 0
1678719494427 0.049405479116838166 0
1678719501813 0.025301595461808508 0
1678719510293 0.04794585320769525 0
1678719518020 0.05460157505753712 0
1678719588587 2.9441396693081825 0
1678719596132 0.7353158310064937 0
1678719603585 0.2694518080164136 0
1678719611004 0.1557116928735289 0
1678719619197 0.09540675095454493 0
1678719627058 0.06781109039561847 0
1678719634779 0.11429027230964905 0
1678719642851 0.046255883673888214 0
1678719650572 0.052310779067176294 0
1678719658329 0.024397237039412187 0
1678719729586 2.651156556466393 0
1678719737196 0.5603782589086564 0
1678719745071 0.21860595838091415 0
1678719752946 0.10370612648845529 0
1678719760668 0.07286551250967441 0
1678719768429 0.03844171805494799 0
1678719776308 0.07286431355524976 0
1678719783893 0.061719892766278345 0
1678719791689 0.022757643333292804 0
1678719799418 0.04764062343044477 0
1678719869953 2.4985588024691934 0
1678719877642 0.4393484161693863 0
1678719885270 0.17400085416158237 0
1678719893106 0.10441785379369882 0
1678719900956 0.06580634226008945 0
1678719908610 0.05418193671873059 0
1678719916357 0.0370550418400319 0
1678719923982 0.042141629966266955 0
1678719931848 0.0644141456541974 0
1678719940033 0.016395513481996065 0
1678720011383 2.5570596431493025 0
1678720019235 0.5545721727068443 0
1678720027011 0.2142113769326849 0
1678720034537 0.10399501542477346 0
1678720042237 0.05342481895324034 0
1678720050606 0.054737467667372086 0
1678720058274 0.03821658285034428 0
1678720066344 0.033087969595972516 0
1678720074024 0.0191793595734061 0
1678720081897 0.028298206381091918 0
1678720154018 2.888181049415843 0
1678720161639 0.555352631562871 0
1678720169709 0.19072237230694683 0
1678720177365 0.08950807913502769 0
1678720185975 0.08109529528575889 0
1678720193937 0.06925304093092699 0
1678720201681 0.05104295523760126 0
1678720209402 0.039133238331762785 0
1678720217352 0.038863218587911225 0
1678720225409 0.07156533766606935 0
