1678717513261 0.8848614072494669 0
1678717517770 0.9619250685348767 0
1678717522310 0.9753274444106 0
1678717526786 0.9841608285105087 0
1678717531414 0.9902528175449284 0
1678717536005 0.9966494060310691 0
1678717540528 0.9887298202863235 0
1678717545067 0.9926896131586963 0
1678717549616 0.9926896131586963 0
1678717554098 0.9835516296070667 0
1678717623099 0.9203211859172329 0
1678717630999 0.9836318715256331 0
1678717638799 0.9854848672019765 0
1678717647129 0.9857936998147004 0
1678717655229 0.9981470043236566 0
1678717663217 0.9993823347745522 0
1678717671628 0.9990735021618283 0
1678717679801 0.9907350216182829 0
1678717688051 0.9857936998147004 0
1678717696552 0.9978381717109327 0
1678717765770 0.8761581222977146 0
1678717773856 0.984249536751081 0
1678717782084 0.9944410129709698 0
1678717790198 0.9922791846819025 0
1678717798226 0.9876466954910439 0
1678717806432 0.9944410129709698 0
1678717814426 0.9925880172946263 0
1678717822637 0.9854848672019765 0
1678717830982 0.9925880172946263 0
1678717839132 0.9981470043236566 0
1678717908703 0.8023471278567017 0
1678717916685 0.9718962322421247 0
1678717924646 0.9845583693638048 0
1678717932179 0.9907350216182829 0
1678717939962 0.9947498455836936 0
1678717948040 0.9928968499073502 0
1678717956046 0.9919703520691785 0
1678717964378 0.9823965410747375 0
1678717972306 0.9975293390982087 0
1678717979992 0.9990735021618283 0
1678718048739 0.6676961087090797 0
1678718056810 0.9428659666460778 0
1678718064835 0.9752933909820877 0
1678718072733 0.9823965410747375 0
1678718081054 0.9814700432365658 0
1678718088849 0.9919703520691785 0
1678718097112 0.9913526868437307 0
1678718104904 0.984249536751081 0
1678718112436 0.9944410129709698 0
1678718120555 0.9916615194564546 0
1678718189505 0.5308832612723904 0
1678718197073 0.8625694873378629 0
1678718205307 0.9530574428659666 0
1678718213413 0.9765287214329833 0
1678718220859 0.9817788758492897 0
1678718228749 0.9913526868437307 0
1678718236702 0.9691167387276096 0
1678718244557 0.990117356392835 0
1678718252264 0.990426189005559 0
1678718259988 0.993514515132798 0
1678718329350 0.42865966646077824 0
1678718336550 0.7807288449660285 0
1678718344247 0.9101297096973441 0
1678718351617 0.964484249536751 0
1678718359242 0.9669549104385423 0
1678718366673 0.9740580605311921 0
1678718374820 0.980852378011118 0
1678718382085 0.9820877084620135 0
1678718389410 0.9783817171093268 0
1678718397476 0.9876466954910439 0
1678718466478 0.3468190240889438 0
1678718474058 0.8242742433600988 0
1678718481822 0.9385423100679432 0
1678718489147 0.9669549104385423 0
1678718496862 0.9756022235948116 0
1678718504820 0.9854848672019765 0
1678718512231 0.9864113650401483 0
1678718520012 0.983940704138357 0
1678718527462 0.9759110562075355 0
1678718535249 0.9771463866584311 0
1678718604519 0.26961087090796787 0
1678718612374 0.6306361951822113 0
1678718620139 0.8434218653489809 0
1678718627478 0.9357628165534281 0
1678718635240 0.9521309450277949 0
1678718642922 0.9654107473749228 0
1678718650770 0.9620135886349599 0
1678718658656 0.9734403953057443 0
1678718666571 0.9759110562075355 0
1678718674022 0.9684990735021618 0
1678718743673 0.25663990117356394 0
1678718751114 0.6275478690549722 0
1678718758976 0.836627547869055 0
1678718766955 0.9298949969116739 0
1678718774769 0.9589252625077208 0
1678718782054 0.9542927733168622 0
1678718789754 0.9823965410747375 0
1678718797814 0.9802347127856702 0
1678718805306 0.9592340951204448 0
1678718812755 0.9765287214329833 0
1678718882556 0.3582458307597282 0
1678718890213 0.7754786905497221 0
1678718898465 0.9048795552810377 0
1678718906057 0.9490426189005559 0
1678718913712 0.9675725756639901 0
1678718921649 0.9799258801729462 0
1678718929013 0.9799258801729462 0
1678718936951 0.9823965410747375 0
1678718944607 0.974366893143916 0
1678718952444 0.9651019147621989 0
1678719023759 0.2631253860407659 0
1678719031548 0.7075355157504633 0
1678719039401 0.8965410747374922 0
1678719046854 0.948733786287832 0
1678719054563 0.964484249536751 0
1678719061970 0.9882643607164917 0
1678719069577 0.9922791846819025 0
1678719077395 0.9876466954910439 0
1678719085670 0.9666460778258185 0
1678719093134 0.9861025324274243 0
1678719163785 0.2983323038912909 0
1678719171707 0.6874613959234095 0
1678719179381 0.8678196417541693 0
1678719187151 0.9416306361951822 0
1678719195517 0.967881408276714 0
1678719203984 0.964484249536751 0
1678719211538 0.974366893143916 0
1678719219638 0.9740580605311921 0
1678719227771 0.9876466954910439 0
1678719235489 0.9870290302655961 0
1678719306195 0.2835083384805435 0
1678719314025 0.7427424336009882 0
1678719321623 0.9187770228536133 0
1678719329753 0.9502779493514515 0
1678719337524 0.9793082149474984 0
1678719345528 0.9771463866584311 0
1678719353476 0.9857936998147004 0
1678719361221 0.9811612106238419 0
1678719369527 0.9833230389129092 0
1678719377464 0.9916615194564546 0
1678719448048 0.2798023471278567 0
1678719456489 0.6991970352069179 0
1678719464151 0.8841877702285361 0
1678719471722 0.9474984558369364 0
1678719479334 0.9725138974675726 0
1678719486778 0.9876466954910439 0
1678719494415 0.9854848672019765 0
1678719501791 0.993823347745522 0
1678719510280 0.983940704138357 0
1678719518006 0.9845583693638048 0
1678719588575 0.32396541074737495 0
1678719596109 0.7662137121680049 0
1678719603573 0.9181593576281656 0
1678719610983 0.9499691167387276 0
1678719619179 0.9694255713403336 0
1678719627043 0.9793082149474984 0
1678719634762 0.9660284126003706 0
1678719642835 0.9857936998147004 0
1678719650550 0.9854848672019765 0
1678719658308 0.9928968499073502 0
1678719729564 0.3687461395923409 0
1678719737178 0.8091414453366276 0
1678719745060 0.9339098208770846 0
1678719752929 0.9663372452130945 0
1678719760649 0.980852378011118 0
1678719768413 0.9885731933292156 0
1678719776295 0.9762198888202595 0
1678719783881 0.980852378011118 0
1678719791678 0.9941321803582458 0
1678719799405 0.9857936998147004 0
1678719869940 0.4437924644842495 0
1678719877631 0.8542310067943175 0
1678719885257 0.9450277949351451 0
1678719893089 0.9666460778258185 0
1678719900944 0.9796170475602224 0
1678719908592 0.9811612106238419 0
1678719916345 0.9898085237801112 0
1678719923971 0.9870290302655961 0
1678719931837 0.9783817171093268 0
1678719940021 0.9956763434218654 0
1678720011364 0.4119827053736875 0
1678720019215 0.829833230389129 0
1678720026997 0.9323656578134651 0
1678720034514 0.9700432365657814 0
1678720042214 0.984249536751081 0
1678720050587 0.9864113650401483 0
1678720058261 0.9867201976528721 0
1678720066330 0.9876466954910439 0
1678720074007 0.9953675108091414 0
1678720081886 0.9913526868437307 0
1678720154006 0.3912909203211859 0
1678720161624 0.8245830759728228 0
1678720169686 0.942557134033354 0
1678720177353 0.9756022235948116 0
1678720185959 0.9752933909820877 0
1678720193918 0.9783817171093268 0
1678720201669 0.9827053736874614 0
1678720209383 0.9898085237801112 0
1678720217341 0.9885731933292156 0
1678720225395 0.9759110562075355 0
