1679413336345 0.3690157063171597 0
1679413343199 0.127035648871383 0
1679413349522 0.07518427355539116 0
1679413356259 0.057675763884898874 0
1679413362917 0.041455786567803944 0
1679413369419 0.017556304997974847 0
1679413375914 0.007124810247393891 0
1679413382353 0.004535080098638051 0
1679413388842 0.00460126311875216 0
1679413395346 0.008352645647130619 0
1679413426181 0.268056224529935 0
1679413443232 0.017343416671752314 0
1679413460037 0.005974871024601315 0
1679413476614 0.003250444572752095 0
1679413493111 0.002401657537904501 0
1679413509996 0.0018275995516586143 0
1679413526392 0.0017651290357343142 0
1679413542961 0.0012187384761910428 0
1679413559284 0.0010124005119458422 0
1679413575740 0.0009741389453288899 0
1679413604929 0.3589472175467739 0
1679413621708 0.04646986222103012 0
1679413638777 0.02070622993549538 0
1679413655695 0.011112966861264544 0
1679413672489 0.006538676974641478 0
1679413689261 0.003988747282380763 0
1679413706203 0.0030376108835042243 0
1679413723413 0.0022300170145694745 0
1679413740401 0.0018582905821009534 0
1679413757116 0.001685875149261083 0
1679413786980 0.8366933702928585 0
1679413804222 0.09855795281203412 0
1679413821508 0.04067150987195911 0
1679413839101 0.021275344318890357 0
1679413856555 0.014134437916993333 0
1679413873615 0.006439661877281264 0
1679413890815 0.004176047572400421 0
1679413907835 0.0035354187440330377 0
1679413925129 0.0037608678515058894 0
1679413942718 0.0034309692894853396 0
1679413973092 0.8474052692068874 0
1679413990602 0.08512959150257855 0
1679414008346 0.03766910421909013 0
1679414025079 0.016440887310933218 0
1679414042573 0.008897847758389968 0
1679414060341 0.006554391285602662 0
1679414077807 0.004389579859864512 0
1679414095243 0.003871182074322679 0
1679414112997 0.0024883163207241473 0
1679414130431 0.002264538517759506 0
1679414160892 0.7199573395413589 0
1679414178436 0.062003409641779424 0
1679414196302 0.023758801626484038 0
1679414213777 0.011281513691962135 0
1679414231761 0.008131099642943899 0
1679414249414 0.004970387568522389 0
1679414266998 0.004463284279320142 0
1679414284730 0.003942644808220147 0
1679414302653 0.0023655001590548092 0
1679414319998 0.002222205279555779 0
1679414351010 0.7848086825350701 0
1679414368657 0.0676639694591871 0
1679414386786 0.02552351387711602 0
1679414404955 0.012977685630115686 0
1679414422812 0.008375208894336256 0
1679414440637 0.005431571316413931 0
1679414458527 0.004812420174435748 0
1679414476476 0.0038848939028218676 0
1679414494570 0.003477438365383259 0
1679414512525 0.003058457956777999 0
1679414544101 0.9137653718542987 0
1679414561741 0.10281637277536465 0
1679414579721 0.039877341576538036 0
1679414597890 0.022018107365641887 0
1679414616187 0.013598523151582283 0
1679414634202 0.008044696735213021 0
1679414652515 0.006061073203374328 0
1679414670590 0.004725917327366975 0
1679414688585 0.004479783159122386 0
1679414706747 0.0038973500295117684 0
1679414738493 1.010178866225053 0
1679414756860 0.11032562905624098 0
1679414775424 0.04444243344452582 0
1679414794037 0.019603984097908998 0
1679414812419 0.010860215184968273 0
1679414830997 0.006778740500954098 0
1679414849365 0.0056952103131157426 0
1679414867714 0.004262567536380575 0
1679414886073 0.003258997821429158 0
1679414904731 0.005625593458953216 0
1679414936570 0.9404287505586174 0
1679414955510 0.10201720439298953 0
1679414973980 0.03913471721838233 0
1679414992811 0.017552296348682796 0
1679415011495 0.015617411921973964 0
1679415030168 0.012304536714308601 0
1679415048146 0.006754420262096368 0
1679415066794 0.005427999322261476 0
1679415085654 0.00932838757701208 0
1679415104301 0.004234671159692427 0
1679415137284 0.9972169652931104 0
1679415156201 0.13692504845724252 0
1679415175076 0.054692029844948926 0
1679415193936 0.03124574532356751 0
1679415212954 0.014472964628810547 0
1679415231957 0.009095106688418132 0
1679415251017 0.007246873156586919 0
1679415269922 0.0060357747857397144 0
1679415288856 0.004274041347047417 0
1679415307616 0.0041702194722241966 0
1679415339200 0.977349694982912 0
1679415356064 0.11711418821131656 0
1679415372507 0.04560510782416889 0
1679415389367 0.026323861911383493 0
1679415405896 0.012635101110144462 0
1679415422561 0.009991080239054989 0
1679415439694 0.008017225389739303 0
1679415456632 0.0059489248047431015 0
1679415473862 0.005194556792922709 0
1679415490859 0.0051249416782366344 0
1679415523692 0.9330545137970816 0
1679415541074 0.12473701406270266 0
1679415558967 0.053108904487582036 0
1679415575654 0.023064298357155937 0
1679415592708 0.018722284058474252 0
1679415610513 0.009932624211519421 0
1679415627934 0.008825042065701226 0
1679415645662 0.006176234476682498 0
1679415662161 0.008593477283344598 0
1679415680437 0.006983214045279191 0
1679415712524 0.927548034312152 0
1679415730173 0.09764904987313965 0
1679415747384 0.04603089517862304 0
1679415764703 0.026243645576914536 0
1679415782599 0.017409086244782813 0
1679415800215 0.013011465463349955 0
1679415817809 0.008188772289428438 0
1679415835589 0.007104870132607979 0
1679415853356 0.006494579546813446 0
1679415870730 0.006786492628911098 0
1679415903860 0.9369954914574959 0
1679415923703 0.11477416005109062 0
1679415942870 0.05135873009872659 0
1679415961223 0.028841242306088793 0
1679415979046 0.015620033856795185 0
1679415996775 0.01129216807495638 0
1679416014757 0.008965105315521154 0
1679416033098 0.009928656357034361 0
1679416050738 0.005855079492340533 0
1679416068644 0.008516867836752073 0
1679416102216 0.9570574198762027 0
1679416120662 0.14430748598742715 0
1679416139500 0.060094869201642705 0
1679416157896 0.03299147822606012 0
1679416176350 0.02219993960580567 0
1679416194991 0.013793675336685773 0
1679416213934 0.011708938507993516 0
1679416231649 0.008924581563275163 0
1679416249729 0.006204371890168925 0
1679416267848 0.009140241794025741 0
1679416302266 1.0013582371998557 0
1679416320981 0.1574790020324084 0
1679416339506 0.06774595462670807 0
1679416357948 0.03768200042544355 0
1679416375701 0.020768106942070205 0
1679416394045 0.016089872236476788 0
1679416412358 0.01632191093306659 0
1679416431140 0.011141430858640998 0
1679416449721 0.009466385074572134 0
1679416468648 0.006786649497753287 0
1679416503510 1.0946501438294984 0
1679416522657 0.17144360532726866 0
1679416540514 0.07210569016800071 0
1679416559384 0.03897221711109192 0
1679416578269 0.02180689366699006 0
1679416597163 0.014678834466706158 0
1679416616308 0.012778877487112846 0
1679416635497 0.010158084135165552 0
1679416653928 0.006426083325673388 0
1679416672679 0.008057503561130391 0
1679416707618 0.9126953083548427 0
1679416726395 0.13309862633436426 0
1679416745363 0.060483480353443496 0
1679416764855 0.03819579793942979 0
1679416784007 0.028583273117929613 0
1679416803090 0.01728462770089857 0
1679416821922 0.011416424056823823 0
1679416840876 0.014362308843117927 0
1679416859892 0.006727965065285831 0
1679416879357 0.007521426167213023 0
1679416915844 0.8974254110735425 0
1679416935319 0.15925062045413815 0
1679416954616 0.07484626979953017 0
1679416974329 0.04482645484829805 0
1679416993113 0.03101582824926597 0
1679417011921 0.021969607372598423 0
1679417030906 0.015373865289109353 0
1679417050694 0.013696250146851767 0
1679417070520 0.008709540196697006 0
1679417089370 0.0069432416538455785 0
