1679405768292 0.3796827853322852 0
1679405774830 0.13390971482178268 0
1679405781595 0.07958417027308837 0
1679405788240 0.04893629415088091 0
1679405794908 0.05182658714992869 0
1679405801579 0.0377924368830619 0
1679405808341 0.024780402366504157 0
1679405814623 0.02576637178913816 0
1679405821183 0.011670915467165493 0
1679405827720 0.016286111430593674 0
1679405858864 0.27973008675639677 0
1679405875385 0.017880343488939826 0
1679405891706 0.007597978924689249 0
1679405908176 0.003573183965604258 0
1679405924702 0.0033194751040405432 0
1679405941137 0.0019245569965479258 0
1679405957905 0.0016247496577764433 0
1679405974648 0.0014980081915427694 0
1679405991081 0.0010374131714905874 0
1679406007746 0.001218927460667955 0
1679406037243 0.4307751435611541 0
1679406054185 0.049315718625214215 0
1679406071280 0.02299010663715227 0
1679406087900 0.010027791345775004 0
1679406104948 0.004769928663331007 0
1679406121784 0.004531733940763255 0
1679406138694 0.0024286427413555923 0
1679406155516 0.0021980249030947767 0
1679406172219 0.001982603953023781 0
1679406189410 0.001365575473755598 0
1679406219264 0.6891388902492122 0
1679406236486 0.0662096646737863 0
1679406253895 0.031078857540806436 0
1679406271242 0.016126307543079005 0
1679406288726 0.007966852472909824 0
1679406305822 0.005748768607366737 0
1679406323358 0.004045602318172173 0
1679406340290 0.0034534079985865467 0
1679406357570 0.0022933181748791076 0
1679406375040 0.0018672826830960182 0
1679406404931 0.7959980808033799 0
1679406422386 0.08885700129054858 0
1679406439914 0.04239600099937074 0
1679406457430 0.02303477620464127 0
1679406474940 0.012752812733624172 0
1679406492183 0.010001695580788224 0
1679406510042 0.012113840386428413 0
1679406527562 0.005546646328862931 0
1679406545256 0.003760009706573489 0
1679406562806 0.0023855398529986156 0
1679406593170 0.7274647589608286 0
1679406610840 0.09352848393256 0
1679406628737 0.03939506662006166 0
1679406646649 0.02222485865726141 0
1679406664098 0.012830190282721504 0
1679406682101 0.008054688888362697 0
1679406699980 0.0060268367845848075 0
1679406717543 0.004049128759523741 0
1679406735405 0.0032938478753492956 0
1679406752868 0.0026239608710333295 0
1679406783699 0.7586722043831704 0
1679406801588 0.07613556338628517 0
1679406819339 0.03502824098947175 0
1679406837184 0.023016409918881993 0
1679406855063 0.009019063404588882 0
1679406872934 0.0064295246130761105 0
1679406890479 0.004808535556584206 0
1679406908322 0.005787184015102941 0
1679406926174 0.003324109349413955 0
1679406944117 0.0038333231752393612 0
1679406975620 0.7331611708897418 0
1679406994010 0.08216944511578475 0
1679407012124 0.03255440227208834 0
1679407030410 0.019533491490835848 0
1679407048475 0.011114941919235337 0
1679407066700 0.006568684457326617 0
1679407085137 0.005318332285664008 0
1679407103087 0.0035568077693814257 0
1679407121237 0.0040482641326376745 0
1679407139142 0.002951698885678741 0
1679407170894 0.8900576132807613 0
1679407189279 0.09466737119779402 0
1679407208000 0.04070829562276849 0
1679407225914 0.018644394072606253 0
1679407244160 0.01434903033463624 0
1679407262847 0.008521966045099768 0
1679407281316 0.009064019584670683 0
1679407299787 0.003952059740276534 0
1679407318185 0.0033796337611319816 0
1679407336619 0.002728737709424407 0
1679407369516 0.835331008640936 0
1679407388506 0.10730698086239027 0
1679407407329 0.05257986910584594 0
1679407426124 0.021484436111612173 0
1679407445070 0.014196113331786239 0
1679407463892 0.011167994201265645 0
1679407482748 0.0073579417101688974 0
1679407501272 0.007421683486311784 0
1679407520247 0.004753861953703769 0
1679407538764 0.004189765723988167 0
1679407571994 0.9558162528465796 0
1679407590768 0.11478011915331593 0
1679407609746 0.045062901086858294 0
1679407628483 0.024052642256880787 0
1679407647292 0.015233039457829493 0
1679407666073 0.00948906540407578 0
1679407684753 0.007230013063517064 0
1679407703673 0.005174188871767619 0
1679407722583 0.004907699348147732 0
1679407741531 0.003163778521853772 0
1679407772852 1.0216439140353413 0
1679407789876 0.14680526935552035 0
1679407807307 0.05633879141902644 0
1679407823819 0.02613276470380511 0
1679407840640 0.018970387399927277 0
1679407857407 0.01645778688326869 0
1679407874468 0.010950269110343877 0
1679407891918 0.009158891131741237 0
1679407908912 0.006474592565052026 0
1679407926367 0.005098948226881455 0
1679407959238 1.033951152857002 0
1679407976872 0.13424537648853346 0
1679407994502 0.05833281552964482 0
1679408012224 0.028429580969447837 0
1679408029572 0.017288894432427062 0
1679408046680 0.02115917969199196 0
1679408063302 0.010612602907783502 0
1679408080519 0.00850315299335332 0
1679408097978 0.005415085626596286 0
1679408115628 0.004101773886362512 0
1679408148939 0.9071682934849961 0
1679408166971 0.11968817676607911 0
1679408184758 0.04725338553608452 0
1679408202691 0.02847650076406725 0
1679408220652 0.015969531500624565 0
1679408238102 0.012457291619113816 0
1679408255313 0.012914521880164866 0
1679408273143 0.0075302267166044955 0
1679408289906 0.005414941966873259 0
1679408307146 0.0059961219707655704 0
1679408339793 0.8552347943495485 0
1679408357454 0.1079823581723095 0
1679408375224 0.04459711462156384 0
1679408392909 0.02707276289551956 0
1679408410262 0.013350332282690681 0
1679408427867 0.008357423313125422 0
1679408445501 0.00940930352270351 0
1679408462993 0.006944284473998647 0
1679408481312 0.004194969371011357 0
1679408499779 0.004118479481828785 0
1679408533229 1.0731654171291636 0
1679408551456 0.1617913308208654 0
1679408569244 0.05947439685381579 0
1679408587268 0.033953194354676246 0
1679408605422 0.019436879943443966 0
1679408623781 0.021936027272681586 0
1679408642144 0.01218004914827758 0
1679408660710 0.007274216208516914 0
1679408679126 0.006994453576542643 0
1679408697376 0.006655073902043591 0
1679408731538 1.0012189408774534 0
1679408749424 0.12897892587545498 0
1679408767393 0.05368479988820728 0
1679408785398 0.03185295275520554 0
1679408803600 0.0252960648918936 0
1679408822175 0.016313175984673738 0
1679408840069 0.013618209698360969 0
1679408858650 0.00828122531735333 0
1679408877171 0.011451502800121574 0
1679408895812 0.005610002348365427 0
1679408931587 1.0133805253764212 0
1679408950950 0.13350359086996944 0
1679408969180 0.058609732115404545 0
1679408987654 0.03592037599024399 0
1679409005569 0.024903610575100335 0
1679409023895 0.01598639267970144 0
1679409042347 0.011434369717624286 0
1679409061969 0.010490916223645992 0
1679409080317 0.009722725120668933 0
1679409099562 0.006199157235305242 0
1679409134134 1.010638299310652 0
1679409153271 0.1294870862315373 0
1679409172892 0.07055211898700967 0
1679409192106 0.037413168645808625 0
1679409210850 0.022797655282691325 0
1679409229564 0.02152949034619706 0
1679409247947 0.01664893114161086 0
1679409267233 0.010155236108604181 0
1679409286426 0.009441693579374159 0
1679409305482 0.005884434952103476 0
1679409341941 1.0404209696497377 0
1679409361386 0.16143491505053492 0
1679409380993 0.07718556453293776 0
1679409400520 0.04561197367440189 0
1679409419259 0.023962884187538856 0
1679409438628 0.018628135843212764 0
1679409457484 0.014415211292840438 0
1679409476434 0.01521534010322857 0
1679409496013 0.009750349524312587 0
1679409515675 0.005712243970174816 0
