1679405768300 6.718318508006632 0
1679405774835 6.362004514900036 0
1679405781600 6.6008017810527235 0
1679405788247 6.471954685053788 0
1679405794916 6.494659536052495 0
1679405801585 6.475819741957821 0
1679405808349 6.584342355025001 0
1679405814629 6.12011012295261 0
1679405821190 6.391888192039914 0
1679405827729 6.349659895058721 0
1679405858870 16.582867005025037 0
1679405875394 16.31898956000805 0
1679405891715 16.114130672998726 0
1679405908183 16.28290606790688 0
1679405924709 16.327218565973453 0
1679405941142 16.25435045803897 0
1679405957910 16.600960373994894 0
1679405974658 16.55377536593005 0
1679405991087 16.2513112379238 0
1679406007753 16.45948015898466 0
1679406037250 17.15064682799857 0
1679406054190 16.75985259702429 0
1679406071287 16.8904113790486 0
1679406087910 16.397699786000885 0
1679406104954 16.837088817032054 0
1679406121788 16.606450129067525 0
1679406138702 16.716611796990037 0
1679406155525 16.62632731103804 0
1679406172226 16.51461873704102 0
1679406189418 17.001667797914706 0
1679406219271 17.428522030008025 0
1679406236494 17.00463805103209 0
1679406253902 17.214842171990313 0
1679406271250 17.15295705094468 0
1679406288731 17.304132407996804 0
1679406305828 16.834941325010732 0
1679406323364 17.32926193997264 0
1679406340299 16.725801761029288 0
1679406357577 17.08024477493018 0
1679406375046 17.284493164042942 0
1679406404937 17.29603898501955 0
1679406422398 17.24293678207323 0
1679406439920 17.33979191700928 0
1679406457436 17.331221740925685 0
1679406474947 17.325830406975 0
1679406492191 17.03516708605457 0
1679406510048 17.64982896996662 0
1679406527570 17.328799766022712 0
1679406545261 17.511183497030288 0
1679406562819 17.33999343996402 0
1679406593178 17.484808592009358 0
1679406610848 17.452729633892886 0
1679406628743 17.70835188298952 0
1679406646656 17.712023627012968 0
1679406664103 17.262698626960628 0
1679406682109 17.813856053049676 0
1679406699986 17.667779691983014 0
1679406717553 17.36240339593496 0
1679406735416 17.651090751984157 0
1679406752873 17.26033812901005 0
1679406783704 17.93290320399683 0
1679406801595 17.69960972701665 0
1679406819346 17.543615223024972 0
1679406837192 17.63939956203103 0
1679406855073 17.68375746696256 0
1679406872940 17.666586105013266 0
1679406890487 17.342442662105896 0
1679406908328 17.650158245000057 0
1679406926181 17.659868902992457 0
1679406944123 17.752967452979647 0
1679406975629 18.092031352920458 0
1679406994016 18.19960104499478 0
1679407012133 17.922428235062398 0
1679407030418 18.076921587926336 0
1679407048490 17.846808549948037 0
1679407066708 18.023950044997036 0
1679407085149 18.234342464013025 0
1679407103099 17.729067598003894 0
1679407121242 17.93847626890056 0
1679407139148 17.71352085203398 0
1679407170901 18.04269775399007 0
1679407189284 18.167211225023493 0
1679407208006 18.528027169057168 0
1679407225921 17.70543860597536 0
1679407244171 18.057476799935102 0
1679407262855 18.48097355698701 0
1679407281323 18.26662396697793 0
1679407299792 18.288978853961453 0
1679407318192 18.200155592989177 0
1679407336627 18.23651321604848 0
1679407369525 18.473565396969207 0
1679407388514 18.786754927015863 0
1679407407340 18.601849374943413 0
1679407426130 18.598359580966644 0
1679407445078 18.73567954497412 0
1679407463901 18.621653017937206 0
1679407482756 18.658112801029347 0
1679407501282 18.320806151023135 0
1679407520255 18.763358828029595 0
1679407538774 18.306528183049522 0
1679407572003 19.06477287900634 0
1679407590776 18.551865460933186 0
1679407609752 18.79034639208112 0
1679407628497 18.538999555050395 0
1679407647303 18.602034301962703 0
1679407666084 18.564112122054212 0
1679407684768 18.463003861019388 0
1679407703684 18.679732672055252 0
1679407722590 18.709065467934124 0
1679407741537 18.75350817409344 0
1679407772861 16.218552771024406 0
1679407789887 16.765641435049474 0
1679407807314 17.177334907930344 0
1679407823829 16.238471845979802 0
1679407840650 16.545044349040836 0
1679407857416 16.493547730031423 0
1679407874476 16.78103638801258 0
1679407891924 17.146993577014655 0
1679407908919 16.70833553292323 0
1679407926377 17.181072075036354 0
1679407959256 17.219364862074144 0
1679407976881 17.350802702945657 0
1679407994510 17.377593806013465 0
1679408012230 17.435248849913478 0
1679408029582 17.107771306997165 0
1679408046688 16.84169162902981 0
1679408063310 16.369016791926697 0
1679408080525 16.957414364092983 0
1679408097995 17.184628452989273 0
1679408115639 17.391868612961844 0
1679408148946 17.3006557560293 0
1679408166979 17.75002769101411 0
1679408184775 17.524178962921724 0
1679408202705 17.659724030992948 0
1679408220662 17.671732628019527 0
1679408238110 17.189036266994663 0
1679408255332 16.936048277071677 0
1679408273155 17.536677816999145 0
1679408289913 16.483542892965488 0
1679408307164 16.956574909971096 0
1679408339800 17.265443439944647 0
1679408357461 17.40700884303078 0
1679408375233 17.488113358034752 0
1679408392917 17.4401814120356 0
1679408410270 17.08399896498304 0
1679408427875 17.331440574955195 0
1679408445510 17.372935828985646 0
1679408463000 17.236641642986797 0
1679408481319 18.034979716991074 0
1679408499796 18.20998713292647 0
1679408533240 17.405827209935524 0
1679408551475 17.939616436022334 0
1679408569253 17.491312308004126 0
1679408587278 17.771351573057473 0
1679408605430 17.878945992910303 0
1679408623789 18.085555823985487 0
1679408642151 18.105984586989507 0
1679408660726 18.301154715009034 0
1679408679134 18.166234809090383 0
1679408697383 17.97638204996474 0
1679408731547 17.671511030057445 0
1679408749432 17.6143338578986 0
1679408767402 17.69628726504743 0
1679408785406 17.72440561593976 0
1679408803611 17.85612290701829 0
1679408822183 18.28660750295967 0
1679408840082 17.599618099979125 0
1679408858658 18.303820452070795 0
1679408877185 18.26893508899957 0
1679408895819 18.3558378709713 0
1679408931595 18.97692238097079 0
1679408950958 19.090618603047915 0
1679408969188 17.971410440048203 0
1679408987662 18.228526034974493 0
1679409005578 17.61992090102285 0
1679409023903 18.05184529197868 0
1679409042355 18.11413050594274 0
1679409061979 19.316602868959308 0
1679409080327 18.062582246027887 0
1679409099577 18.97460650408175 0
1679409134145 18.034459777059965 0
1679409153279 18.854244073969312 0
1679409172901 19.347561137983575 0
1679409192115 18.935610673041083 0
1679409210862 18.473902376019396 0
1679409229572 18.3953243290307 0
1679409247955 18.099882512004115 0
1679409267242 19.010662145912647 0
1679409286436 18.91223319596611 0
1679409305503 18.76439849298913 0
1679409341951 19.088482570950873 0
1679409361409 19.15953029098455 0
1679409381002 19.319585802033544 0
1679409400528 19.259831604082137 0
1679409419270 18.48006252804771 0
1679409438644 19.108319371007383 0
1679409457493 18.576096192002296 0
1679409476443 18.687708280980587 0
1679409496022 19.30344970198348 0
1679409515689 19.358669216977432 0
