1679434885608 4.8726760318968445 0
1679434890435 4.651178473024629 0
1679434895027 4.438217654940672 0
1679434899998 4.8243582780705765 0
1679434904992 4.841507782926783 0
1679434909793 4.662774316966534 0
1679434914773 4.838976348051801 0
1679434919778 4.839732166030444 0
1679434924651 4.7200133230071515 0
1679434929668 4.864313561003655 0
1679434971006 7.918802989996038 0
1679434978982 7.808353258064017 0
1679434987288 8.137263447977602 0
1679434995498 8.028732651029713 0
1679435003927 8.254921156098135 0
1679435011986 7.873794971033931 0
1679435020227 8.08247800101526 0
1679435028538 8.145959025016055 0
1679435036748 8.043200289015658 0
1679435045037 8.130605258978903 0
1679435078569 8.83061596704647 0
1679435087866 9.094196391990408 0
1679435097388 9.342454174999148 0
1679435106367 8.80639602302108 0
1679435115636 9.089855636004359 0
1679435124708 8.89502332592383 0
1679435133758 8.876248279004358 0
1679435142593 8.647595581947826 0
1679435151931 9.15793762402609 0
1679435161005 8.888468720018864 0
1679435193902 9.174789714976214 0
1679435203286 9.227659114054404 0
1679435212535 9.06570901593659 0
1679435221890 9.188453005044721 0
1679435230955 8.899077282985672 0
1679435239986 8.844817081000656 0
1679435249587 9.380379149923101 0
1679435259754 9.98166145500727 0
1679435268875 8.951195484958589 0
1679435277902 8.846752026001923 0
1679435309497 9.382699263980612 0
1679435318973 9.287905983044766 0
1679435328419 9.273067836998962 0
1679435338049 9.438517034053802 0
1679435347760 9.529919564025477 0
1679435357219 9.261361988028511 0
1679435366394 8.99252151104156 0
1679435375472 8.903988634003326 0
1679435385172 9.51718699990306 0
1679435394806 9.4572894400917 0
1679435427075 9.609302575001493 0
1679435436754 9.460608700988814 0
1679435446807 9.876378673012368 0
1679435456213 9.232549945008941 0
1679435465895 9.505764157045633 0
1679435475580 9.513901203987189 0
1679435485695 9.922098680981435 0
1679435495470 9.591587075963616 0
1679435505099 9.4319927879842 0
1679435514785 9.48804608604405 0
1679435548708 10.120857145055197 0
1679435558849 9.945962799014524 0
1679435568742 9.70844803203363 0
1679435578398 9.48295541096013 0
1679435588406 9.824015630991198 0
1679435598110 9.527324707014486 0
1679435607932 9.63547955499962 0
1679435617718 9.59399573202245 0
1679435627421 9.52267188904807 0
1679435637171 9.551209141965955 0
1679435671166 9.933808060013689 0
1679435680909 9.577928863931447 0
1679435690980 9.874738250975497 0
1679435700860 9.701063254033215 0
1679435711071 10.015350666013546 0
1679435720974 9.73060330899898 0
1679435731020 9.860541324946098 0
1679435741337 10.144883940927684 0
1679435751196 9.681947387056425 0
1679435761169 9.785129882977344 0
1679435793762 9.900738385040313 0
1679435803861 9.909269592957571 0
1679435813956 9.893560375086963 0
1679435824438 10.223864263971336 0
1679435834699 10.073503192979842 0
1679435844994 10.109938687994145 0
1679435855155 9.969840780948289 0
1679435865384 10.046863967902027 0
1679435875636 10.063194167916663 0
1679435885756 9.937184810056351 0
1679435918945 10.321138925966807 0
1679435929401 10.254178324947134 0
1679435939848 10.255569425062276 0
1679435950328 10.281670123920776 0
1679435960932 10.414979240042157 0
1679435971394 10.275264268973842 0
1679435981689 10.086300337919965 0
1679435992203 10.330719438032247 0
1679436002934 10.518591104075313 0
1679436013024 9.887023585033603 0
1679436049214 10.151220896979794 0
1679436060081 10.672316039912403 0
1679436070710 10.443798493011855 0
1679436081392 10.495980727020651 0
1679436092017 10.42278656794224 0
1679436102440 10.23424628493376 0
1679436113049 10.430358037934639 0
1679436123581 10.34919459791854 0
1679436133352 9.51851560396608 0
1679436144276 10.729472703998908 0
1679436180760 10.399049850995652 0
1679436191517 10.560775956022553 0
1679436202533 10.82435682695359 0
1679436213069 10.342906316975132 0
1679436223761 10.494284566957504 0
1679436234755 10.804591247928329 0
1679436245855 10.884761719033122 0
1679436256631 10.559043806046247 0
1679436267073 10.19147979200352 0
1679436278671 11.405425893957727 0
1679436315730 10.750624369946308 0
1679436326610 10.693726556026377 0
1679436337776 10.957106239977293 0
1679436348567 10.59247362089809 0
1679436359442 10.672918436001055 0
1679436370279 10.640450662001967 0
1679436381224 10.754544376046397 0
1679436392040 10.619044873979874 0
1679436402739 10.496819221996702 0
1679436413226 10.275355684920214 0
1679436448530 10.742061642929912 0
1679436459507 10.797420084942132 0
1679436470974 11.275013759033754 0
1679436481930 10.747331677004695 0
1679436492858 10.739025067072362 0
1679436503848 10.7996676430339 0
1679436514917 10.843904732028022 0
1679436525971 10.862920687068254 0
1679436536969 10.809327797964215 0
1679436547708 10.550195490941405 0
1679436586191 10.893178161000833 0
1679436597204 10.819944179034792 0
1679436608324 10.932661938946694 0
1679436619638 11.122112356009893 0
1679436630891 11.05152973800432 0
1679436642179 11.082532424014062 0
1679436653064 10.682415544055402 0
1679436664429 11.174018702004105 0
1679436675842 11.21431854099501 0
1679436687335 11.289299873984419 0
1679436726015 11.184115218929946 0
1679436737562 11.3219615399139 0
1679436749194 11.408279592986219 0
1679436760739 11.347287963028066 0
1679436772279 11.324290245887823 0
1679436784153 11.681821909034625 0
1679436795773 11.411020762985572 0
1679436807433 11.451715050963685 0
1679436818860 11.208651569089852 0
1679436830174 11.119501631008461 0
1679436869608 10.943417252972722 0
1679436881465 11.660834354930557 0
1679436893031 11.365637616021559 0
1679436904780 11.544293590006419 0
1679436916475 11.467787444009446 0
1679436928322 11.64928937505465 0
1679436940022 11.479696914902888 0
1679436951799 11.57466273906175 0
1679436963465 11.46197307005059 0
1679436974941 11.28098072798457 0
1679437014759 11.503797760000452 0
1679437026668 11.686644498957321 0
1679437037821 10.93992224894464 0
1679437050076 11.994444590993226 0
1679437062844 12.55611363297794 0
1679437075194 12.130840371944942 0
1679437087300 11.87893671891652 0
1679437099494 11.99364849505946 0
1679437111784 12.075466425041668 0
1679437123763 11.764667369890958 0
1679437163588 12.219947996083647 0
1679437175590 11.778900198056363 0
1679437187841 12.021549617988057 0
1679437199589 11.534754430060275 0
1679437211630 11.821075037005357 0
1679437224213 12.330780667020008 0
1679437235930 11.492148687015288 0
1679437247688 11.536272594006732 0
1679437259564 11.65310220606625 0
1679437271038 11.251944210962392 0
1679437312683 12.179787136963569 0
1679437325056 12.144219663925469 0
1679437336948 11.667124698054977 0
1679437349081 11.920162227004766 0
1679437360923 11.62155515793711 0
1679437373546 12.392795377061702 0
1679437385564 11.796237442060374 0
1679437397655 11.85739261598792 0
1679437409701 11.82631727505941 0
1679437421703 11.772444350994192 0
