1679434885593 0.4895833333333333 0
1679434890410 0.7159722222222222 0
1679434895010 0.7541666666666667 0
1679434899980 0.7986111111111112 0
1679434904978 0.821875 0
1679434909776 0.8430555555555556 0
1679434914764 0.8802083333333334 0
1679434919765 0.8958333333333334 0
1679434924624 0.9097222222222222 0
1679434929645 0.9274305555555555 0
1679434970987 0.3284527972027972 0
1679434978966 0.32954545454545453 0
1679434987269 0.3306381118881119 0
1679434995472 0.32954545454545453 0
1679435003908 0.33151223776223776 0
1679435011965 0.33326048951048953 0
1679435020213 0.3304195804195804 0
1679435028522 0.33631993006993005 0
1679435036729 0.333479020979021 0
1679435045021 0.33369755244755245 0
1679435078553 0.19182981927710843 0
1679435087850 0.18806475903614459 0
1679435097369 0.19088855421686746 0
1679435106350 0.19446536144578314 0
1679435115613 0.19465361445783133 0
1679435124685 0.19521837349397592 0
1679435133740 0.19597138554216867 0
1679435142567 0.1976656626506024 0
1679435151911 0.19634789156626506 0
1679435160989 0.19503012048192772 0
1679435193883 0.1255514705882353 0
1679435203270 0.12775735294117646 0
1679435212517 0.12794117647058822 0
1679435221875 0.12775735294117646 0
1679435230947 0.12830882352941175 0
1679435239962 0.12849264705882352 0
1679435249574 0.12794117647058822 0
1679435259733 0.1297794117647059 0
1679435268858 0.12867647058823528 0
1679435277883 0.1306985294117647 0
1679435309480 0.09483381502890173 0
1679435318958 0.09664017341040462 0
1679435328399 0.09645953757225434 0
1679435338027 0.0953757225433526 0
1679435347738 0.0968208092485549 0
1679435357195 0.09645953757225434 0
1679435366374 0.09519508670520231 0
1679435375456 0.09718208092485549 0
1679435385154 0.09772398843930635 0
1679435394789 0.09754335260115607 0
1679435427063 0.0759180790960452 0
1679435436735 0.07627118644067797 0
1679435446787 0.0759180790960452 0
1679435456198 0.07644774011299435 0
1679435465878 0.0759180790960452 0
1679435475562 0.07662429378531073 0
1679435485675 0.07733050847457627 0
1679435495452 0.07715395480225988 0
1679435505090 0.07627118644067797 0
1679435514764 0.07556497175141243 0
1679435548685 0.0625 0
1679435558834 0.06232638888888889 0
1679435568723 0.06284722222222222 0
1679435578378 0.06180555555555556 0
1679435588383 0.06232638888888889 0
1679435598090 0.06284722222222222 0
1679435607916 0.06232638888888889 0
1679435617701 0.06284722222222222 0
1679435627401 0.06336805555555555 0
1679435637157 0.06302083333333333 0
1679435671145 0.053449453551912565 0
1679435680894 0.05259562841530055 0
1679435690958 0.05327868852459016 0
1679435700843 0.052766393442622954 0
1679435711049 0.05362021857923497 0
1679435720957 0.05293715846994536 0
1679435731005 0.052766393442622954 0
1679435741322 0.05310792349726776 0
1679435751178 0.05293715846994536 0
1679435761150 0.05396174863387978 0
1679435793738 0.04712566844919786 0
1679435803842 0.04662433155080214 0
1679435813938 0.046290106951871655 0
1679435824426 0.04662433155080214 0
1679435834675 0.0464572192513369 0
1679435844975 0.04679144385026738 0
1679435855133 0.04695855614973262 0
1679435865364 0.04662433155080214 0
1679435875616 0.046290106951871655 0
1679435885739 0.0456216577540107 0
1679435918925 0.039967105263157894 0
1679435929387 0.040953947368421055 0
1679435939831 0.040625 0
1679435950307 0.04111842105263158 0
1679435960912 0.04128289473684211 0
1679435971375 0.04111842105263158 0
1679435981667 0.04078947368421053 0
1679435992183 0.040953947368421055 0
1679436002912 0.040460526315789475 0
1679436013006 0.04029605263157895 0
1679436049197 0.03626943005181347 0
1679436060063 0.03626943005181347 0
1679436070687 0.03562176165803109 0
1679436081370 0.03562176165803109 0
1679436092000 0.036431347150259065 0
1679436102417 0.03675518134715026 0
1679436113030 0.03659326424870466 0
1679436123560 0.03659326424870466 0
1679436133334 0.03659326424870466 0
1679436144254 0.03545984455958549 0
1679436180741 0.032201776649746196 0
1679436191496 0.032201776649746196 0
1679436202516 0.03267766497461929 0
1679436213051 0.03267766497461929 0
1679436223740 0.03267766497461929 0
1679436234736 0.03299492385786802 0
1679436245820 0.03299492385786802 0
1679436256607 0.03299492385786802 0
1679436267055 0.03251903553299492 0
1679436278654 0.03299492385786802 0
1679436315704 0.02921875 0
1679436326588 0.03015625 0
1679436337749 0.03015625 0
1679436348545 0.03 0
1679436359424 0.02984375 0
1679436370256 0.0296875 0
1679436381204 0.0296875 0
1679436392019 0.02921875 0
1679436402716 0.02984375 0
1679436413204 0.03 0
1679436448502 0.026323891625615763 0
1679436459489 0.026631773399014777 0
1679436470954 0.027093596059113302 0
1679436481904 0.026631773399014777 0
1679436492839 0.026785714285714284 0
1679436503822 0.026785714285714284 0
1679436514882 0.02647783251231527 0
1679436525952 0.02647783251231527 0
1679436536951 0.02647783251231527 0
1679436547690 0.027093596059113302 0
1679436586161 0.02412014563106796 0
1679436597183 0.024271844660194174 0
1679436608309 0.024271844660194174 0
1679436619616 0.02412014563106796 0
1679436630874 0.0245752427184466 0
1679436642150 0.024423543689320388 0
1679436653042 0.024423543689320388 0
1679436664408 0.024271844660194174 0
1679436675822 0.023816747572815534 0
1679436687314 0.02412014563106796 0
1679436725988 0.022363744075829382 0
1679436737536 0.022511848341232227 0
1679436749170 0.022808056872037914 0
1679436760714 0.02221563981042654 0
1679436772247 0.022511848341232227 0
1679436784133 0.02221563981042654 0
1679436795743 0.022659952606635073 0
1679436807415 0.022363744075829382 0
1679436818835 0.022363744075829382 0
1679436830157 0.022511848341232227 0
1679436869589 0.02039319248826291 0
1679436881444 0.02039319248826291 0
1679436893006 0.02039319248826291 0
1679436904759 0.02009976525821596 0
1679436916451 0.02068661971830986 0
1679436928301 0.02068661971830986 0
1679436939997 0.02068661971830986 0
1679436951778 0.020246478873239437 0
1679436963437 0.02009976525821596 0
1679436974921 0.020539906103286387 0
1679437014736 0.018952546296296297 0
1679437026648 0.018663194444444444 0
1679437037803 0.01880787037037037 0
1679437050053 0.01837384259259259 0
1679437062825 0.019386574074074073 0
1679437075169 0.018663194444444444 0
1679437087280 0.018663194444444444 0
1679437099474 0.018952546296296297 0
1679437111761 0.018952546296296297 0
1679437123734 0.01880787037037037 0
1679437163563 0.01797945205479452 0
1679437175562 0.017265981735159818 0
1679437187820 0.0175513698630137 0
1679437199567 0.017265981735159818 0
1679437211610 0.0175513698630137 0
1679437224196 0.0175513698630137 0
1679437235895 0.017123287671232876 0
1679437247667 0.017408675799086757 0
1679437259527 0.017123287671232876 0
1679437271014 0.016980593607305937 0
1679437312663 0.016741071428571428 0
1679437325032 0.016322544642857144 0
1679437336926 0.016880580357142856 0
1679437349060 0.016183035714285716 0
1679437360903 0.016741071428571428 0
1679437373525 0.016043526785714284 0
1679437385543 0.016741071428571428 0
1679437397629 0.016462053571428572 0
1679437409678 0.0166015625 0
1679437421662 0.0166015625 0
