1679434885604 0.3820976992448171 0
1679434890426 0.19238551970985202 0
1679434895017 0.15907208306921852 0
1679434899991 0.13440449502733018 0
1679434904988 0.11874740454885695 0
1679434909787 0.10647505099574725 0
1679434914769 0.0969334518743886 0
1679434919772 0.08845314590467347 0
1679434924640 0.08326713931229379 0
1679434929659 0.07669495960904492 0
1679434970999 0.0919164051334341 0
1679434978976 0.08826478534228319 0
1679434987281 0.08903339583348562 0
1679434995487 0.08832859940878995 0
1679435003920 0.08784244021960905 0
1679435011978 0.08782745637260117 0
1679435020223 0.08732162660860515 0
1679435028532 0.08790427753766933 0
1679435036740 0.08773696828972209 0
1679435045032 0.0876616589151896 0
1679435078564 0.08046724333102445 0
1679435087860 0.07957880997873214 0
1679435097380 0.07849854013198111 0
1679435106360 0.07738950586013765 0
1679435115628 0.07765918267688837 0
1679435124699 0.07739657441894691 0
1679435133752 0.07706187274980258 0
1679435142583 0.07835940740643496 0
1679435151923 0.07652263572237578 0
1679435160997 0.07689358491495431 0
1679435193895 0.07705913282492581 0
1679435203280 0.076585721575162 0
1679435212528 0.07671075577245039 0
1679435221885 0.07629249613074696 0
1679435230951 0.07609696971142993 0
1679435239977 0.07616223791504607 0
1679435249580 0.07635549848132274 0
1679435259746 0.07646056919851724 0
1679435268869 0.07622188612380448 0
1679435277894 0.07548996061086655 0
1679435309490 0.07581749750096674 0
1679435318968 0.07523383226008773 0
1679435328409 0.07585241664954692 0
1679435338041 0.07612313995557714 0
1679435347751 0.07573532696404209 0
1679435357206 0.07569513317046828 0
1679435366386 0.07518817714786943 0
1679435375467 0.07558057032999276 0
1679435385166 0.07522444480847072 0
1679435394800 0.07493229959741493 0
1679435427069 0.07436440184207285 0
1679435436747 0.07410951181825272 0
1679435446798 0.07364372765950564 0
1679435456208 0.07337752441312634 0
1679435465889 0.07443699461676306 0
1679435475572 0.07340992368378882 0
1679435485687 0.07403828818245796 0
1679435495462 0.07350025313385462 0
1679435505095 0.07333259233983896 0
1679435514777 0.07349018798877964 0
1679435548699 0.07232462376770046 0
1679435558842 0.07239078610307641 0
1679435568735 0.07257994767278433 0
1679435578390 0.07278521267904176 0
1679435588398 0.07236420944746998 0
1679435598102 0.07243891076909172 0
1679435607926 0.07234814953472879 0
1679435617712 0.07269535950488515 0
1679435627413 0.07261019591242075 0
1679435637164 0.07204189410226212 0
1679435671157 0.07200856846782679 0
1679435680904 0.07176944941200845 0
1679435690971 0.07164820297901096 0
1679435700854 0.07137847286674494 0
1679435711062 0.07154556915489703 0
1679435720968 0.07171320251591219 0
1679435731014 0.07144239040020385 0
1679435741331 0.0716022459250656 0
1679435751189 0.07153703107452783 0
1679435761161 0.07160899777962862 0
1679435793750 0.07211489780223306 0
1679435803853 0.07179880090416434 0
1679435813948 0.07166893660703445 0
1679435824433 0.07152893991871952 0
1679435834686 0.07131956043568524 0
1679435844987 0.07136469762672715 0
1679435855146 0.07145178602898822 0
1679435865376 0.0712071252976828 0
1679435875628 0.07145043093970115 0
1679435885750 0.0714733280281332 0
1679435918938 0.07083325768379789 0
1679435929395 0.07093501504706709 0
1679435939841 0.07090433326206709 0
1679435950320 0.07087106994892421 0
1679435960924 0.07120487064515289 0
1679435971386 0.07078503240880213 0
1679435981681 0.07080377091310526 0
1679435992194 0.07081810747714419 0
1679436002925 0.07076417823371134 0
1679436013016 0.07085840804012199 0
1679436049208 0.07109393474737598 0
1679436060074 0.07119553148206034 0
1679436070698 0.07092966743469856 0
1679436081383 0.07123251243885317 0
1679436092010 0.07077207219415378 0
1679436102431 0.07083328998613851 0
1679436113042 0.07097748821417903 0
1679436123571 0.0708891549992129 0
1679436133343 0.07096745154863812 0
1679436144267 0.07079538280250496 0
1679436180753 0.07095637686815359 0
1679436191509 0.07107130296263597 0
1679436202527 0.07092598466401173 0
1679436213059 0.07091977371630935 0
1679436223753 0.07090441653798074 0
1679436234748 0.07088674682424154 0
1679436245839 0.07076451428196757 0
1679436256622 0.07081283269648625 0
1679436267064 0.07073189753112454 0
1679436278665 0.07070914497078978 0
1679436315721 0.07316545950248837 0
1679436326598 0.07301776917651295 0
1679436337761 0.07314891282469034 0
1679436348559 0.07292912701144814 0
1679436359435 0.07294969087466598 0
1679436370268 0.07299845326691866 0
1679436381215 0.07301664147526025 0
1679436392032 0.0729594549909234 0
1679436402727 0.07293690966442228 0
1679436413217 0.0729515628144145 0
1679436448518 0.07298389765355974 0
1679436459500 0.07319455012091862 0
1679436470966 0.07307556743178462 0
1679436481920 0.07293345362608655 0
1679436492851 0.0730320895320089 0
1679436503838 0.07296785537905881 0
1679436514904 0.07302941666374653 0
1679436525964 0.07315724526573285 0
1679436536962 0.07303413517516234 0
1679436547701 0.07312024487503643 0
1679436586176 0.0747234551326453 0
1679436597195 0.07464374878525155 0
1679436608317 0.07474241845165062 0
1679436619630 0.0747318287533753 0
1679436630884 0.07463429146672337 0
1679436642164 0.07469411304636488 0
1679436653054 0.07479761448661679 0
1679436664421 0.07461426294978382 0
1679436675834 0.07484446715527368 0
1679436687327 0.07473458179715768 0
1679436726005 0.07539219891219907 0
1679436737552 0.0754353296170585 0
1679436749185 0.07533215222906728 0
1679436760728 0.0755667423396879 0
1679436772267 0.07530131951963168 0
1679436784145 0.07537397378570096 0
1679436795755 0.07536874932206072 0
1679436807426 0.07520721339007125 0
1679436818850 0.07537708721030945 0
1679436830167 0.07545407285904997 0
1679436869600 0.07780036067878696 0
1679436881456 0.0776843092286251 0
1679436893022 0.07773003842629178 0
1679436904772 0.07788136727373365 0
1679436916465 0.07767749672204675 0
1679436928314 0.07786857796736726 0
1679436940013 0.07772580960966612 0
1679436951791 0.0778630939202969 0
1679436963451 0.07765793992739888 0
1679436974933 0.07767274701189547 0
1679437014747 0.07681491424295085 0
1679437026659 0.07668580116566133 0
1679437037813 0.0767972415347618 0
1679437050065 0.0767593543148703 0
1679437062836 0.07675543775850976 0
1679437075184 0.07678139190775929 0
1679437087292 0.07663019924183134 0
1679437099486 0.07673717034911667 0
1679437111774 0.07670453596101315 0
1679437123748 0.07668460907276582 0
1679437163578 0.07543169579481425 0
1679437175574 0.07528204108550124 0
1679437187833 0.07531355178519471 0
1679437199580 0.07542343420661203 0
1679437211622 0.0753519066766789 0
1679437224204 0.07528930458508126 0
1679437235913 0.07527029371424897 0
1679437247679 0.07520376281923355 0
1679437259547 0.07530550020810677 0
1679437271030 0.07524628726314736 0
1679437312675 0.07386088406201452 0
1679437325044 0.07375954281139586 0
1679437336938 0.07378313949863825 0
1679437349072 0.0737566210030179 0
1679437360915 0.07377709536480584 0
1679437373537 0.07371816140533026 0
1679437385556 0.07377479072394115 0
1679437397644 0.0738171441646825 0
1679437409690 0.07375845106850777 0
1679437421684 0.07372769693444882 0
