1679811870581 58.08992005896289 0
1679811928567 57.47307885601185 0
1679811986316 57.229265802074224 0
1679812044073 57.23100588994566 0
1679812102464 57.86655329493806 0
1679812163483 60.47955721698236 0
1679812221353 57.34732452093158 0
1679812279232 57.34267667110544 0
1679812337006 57.257547524990514 0
1679812394883 57.35603331506718 0
1679812414917 4.806779589969665 0
1679812419871 4.7491525950608775 0
1679812424786 4.716401359066367 0
1679812429627 4.642647511092946 0
1679812434436 4.616244389908388 0
1679812439372 4.717534068971872 0
1679812444367 4.791616205009632 0
1679812449293 4.723867107066326 0
1679812454144 4.628544513019733 0
1679812459046 4.698563620913774 0
1679812479199 4.722018001019023 0
1679812484083 4.673423301894218 0
1679812488987 4.699450809974223 0
1679812493919 4.729804662056267 0
1679812498852 4.725763827911578 0
1679812503862 4.802805755985901 0
1679812508780 4.7191260600229725 0
1679812513840 4.85734439198859 0
1679812518791 4.746082169003785 0
1679812523772 4.7770789170172065 0
1679812544916 4.942704308894463 0
1679812549720 4.601760450052097 0
1679812554768 4.837899750098586 0
1679812559729 4.761503376066685 0
1679812564743 4.802169395959936 0
1679812569657 4.702212754986249 0
1679812574581 4.704311675974168 0
1679812579646 4.854408988030627 0
1679812584479 4.621472687926143 0
1679812589410 4.714401153032668 0
1679812610600 4.803336344077252 0
1679812615641 4.818987488979474 0
1679812620703 4.839838815038092 0
1679812625719 4.797405207995325 0
1679812630695 4.767873115953989 0
1679812635640 4.73246516904328 0
1679812640640 4.799528902978636 0
1679812645659 4.802320057991892 0
1679812650626 4.744977383990772 0
1679812655505 4.679860853939317 0
1679812677258 4.73851564002689 0
1679812682546 5.060264473897405 0
1679812687508 4.747388074989431 0
1679812692490 4.764883862924762 0
1679812697409 4.680181224015541 0
1679812702486 4.87712433503475 0
1679812707591 4.895193406031467 0
1679812712540 4.72292714798823 0
1679812717603 4.844992888043635 0
1679812722615 4.807163473917171 0
1679812744974 4.916714239981957 0
1679812749945 4.7590274239191785 0
1679812754941 4.7698124159360304 0
1679812759869 4.71559282601811 0
1679812764896 4.813646738999523 0
1679812769746 4.651942039025016 0
1679812774663 4.706581149948761 0
1679812779664 4.780362369026989 0
1679812784695 4.816857313970104 0
1679812789648 4.7146865910617635 0
1679812812367 4.979057669057511 0
1679812817370 4.784320687991567 0
1679812822389 4.806008995976299 0
1679812827319 4.723170617944561 0
1679812832431 4.9004695870680735 0
1679812837389 4.73787468590308 0
1679812842668 5.06031587603502 0
1679812847611 4.71448148204945 0
1679812852539 4.707089741015807 0
1679812857601 4.852793633937836 0
1679812880858 4.749471894931048 0
1679812885936 4.862348485039547 0
1679812890979 4.825075911008753 0
1679812895935 4.742955749039538 0
1679812900985 4.823958058957942 0
1679812906021 4.803517807042226 0
1679812911160 4.908915841020644 0
1679812916199 4.8014657070161775 0
1679812921346 4.906375615973957 0
1679812926400 4.818605943000875 0
1679812950446 4.7767387150088325 0
1679812955502 4.817340643028729 0
1679812960555 4.833904349943623 0
1679812965622 4.851311067002825 0
1679812970600 4.761928900028579 0
1679812975607 4.7976157979574054 0
1679812980704 4.867139567970298 0
1679812985873 4.932871405035257 0
1679812990954 4.849815886002034 0
1679812995932 4.749826755956747 0
1679813020440 4.656707006972283 0
1679813025499 4.845449871034361 0
1679813030501 4.769223952083848 0
1679813035572 4.8539191879099235 0
1679813040580 4.788081855047494 0
1679813045602 4.795784324989654 0
1679813050694 4.866790338070132 0
1679813055785 4.870001132949255 0
1679813060848 4.836243513040245 0
1679813066346 5.2691015909658745 0
1679813091203 4.945681008975953 0
1679813096316 4.8912352920742705 0
1679813101552 5.013936389004812 0
1679813106736 4.954869078937918 0
1679813111708 4.714729377068579 0
1679813116775 4.841282295994461 0
1679813121901 4.885199525975622 0
1679813127069 4.927589062950574 0
1679813132194 4.8975984290009364 0
1679813137236 4.809614886995405 0
1679813162630 4.995847793994471 0
1679813167742 4.881638253922574 0
1679813172779 4.8091755179921165 0
1679813177997 5.001158121973276 0
1679813182995 4.777642101980746 0
1679813188102 4.875168015016243 0
1679813193429 5.078099692007527 0
1679813198585 4.916551735950634 0
1679813203853 5.046180655946955 0
1679813208972 4.897343059070408 0
1679813235273 4.882761616958305 0
1679813240348 4.859225637977943 0
1679813245671 5.100499395979568 0
1679813250849 4.95505864196457 0
1679813255986 4.903217910090461 0
1679813261125 4.919682779000141 0
1679813266240 4.895143301924691 0
1679813271581 5.099186567007564 0
1679813276749 4.915531835984439 0
1679813281944 4.96555002592504 0
1679813309720 5.249436359037645 0
1679813314915 4.843399834004231 0
1679813320385 5.230386332958005 0
1679813325530 4.90657089499291 0
1679813330728 4.97553630603943 0
1679813335883 4.921898911008611 0
1679813341141 5.018192286952399 0
1679813346275 4.900842594099231 0
1679813351495 4.986220204969868 0
1679813356819 5.0513898390345275 0
1679813384114 4.914804819971323 0
1679813389303 4.935610375017859 0
1679813394583 5.051169197075069 0
1679813399892 5.054627322941087 0
1679813404664 4.54267146193888 0
1679813410052 5.108753446023911 0
1679813415498 5.187512148055248 0
1679813420674 4.934741667006165 0
1679813425875 4.968637665035203 0
1679813431121 5.003619999042712 0
1679813459276 4.940450281952508 0
1679813464482 4.956945259938948 0
1679813469761 5.0460836220299825 0
1679813474882 4.8738523030187935 0
1679813480319 5.18663233704865 0
1679813485550 5.006894064950757 0
1679813490674 4.903977783047594 0
1679813495695 4.787677114014514 0
1679813501033 5.088211192050949 0
1679813506390 5.1197157360147685 0
1679813535572 5.091714613954537 0
1679813540892 5.078298183972947 0
1679813546273 5.130731674958952 0
1679813551484 4.968011517077684 0
1679813556748 5.015157434972934 0
1679813561905 4.91468705504667 0
1679813566984 4.81569001392927 0
1679813572255 5.014004535973072 0
1679813577658 5.139530107961036 0
1679813582840 4.944819443044253 0
1679813611838 5.051949143991806 0
1679813617334 5.25280945294071 0
1679813622609 5.056000609067269 0
1679813627925 5.05369246006012 0
1679813633028 4.869600848061964 0
1679813638290 5.012584588024765 0
1679813643647 5.117510657059029 0
1679813649029 5.1385672490578145 0
1679813654229 4.956306617939845 0
1679813659530 5.051161813898943 0
1679813690327 5.265204364899546 0
1679813695616 5.028604279039428 0
1679813700856 4.995430200942792 0
1679813706179 5.075727903982624 0
1679813711535 5.088395458995365 0
1679813716787 5.003716257982887 0
1679813722076 5.032419416005723 0
1679813727402 5.08842577401083 0
1679813732677 4.994701932999305 0
1679813738028 5.090890460996889 0
