1680204607145 14.600765191997198 0
1680204620390 12.948153492998244 0
1680204633584 12.859741511998436 0
1680204647246 13.359332325999276 0
1680204660293 12.752284407000843 0
1680204673552 12.93762469700232 0
1680204686601 12.753335923000122 0
1680204699896 12.994014204999985 0
1680204712981 12.790994495000632 0
1680204726148 12.854382698998961 0
1680204757211 19.679611923002085 0
1680204776747 19.226858856000035 0
1680204796860 19.800493466998887 0
1680204813859 16.687397027999396 0
1680204833891 19.714777367997158 0
1680204853777 19.58066658700045 0
1680204874246 20.147260814999754 0
1680204894222 19.677275594000093 0
1680204914197 19.665766758000245 0
1680204934481 19.967613171000266 0
1680204970210 22.11821478699858 0
1680204993105 22.571632337003393 0
1680205015711 22.309561368001596 0
1680205038670 22.64229702800003 0
1680205061901 22.93311931900098 0
1680205084914 22.664948054996785 0
1680205107561 22.33560830799979 0
1680205130673 22.800930176999827 0
1680205154142 23.164618845003133 0
1680205177452 22.99862927399954 0
1680205215457 24.838935690000653 0
1680205240561 24.788233546998526 0
1680205265715 24.840464367000095 0
1680205291100 25.082776291998016 0
1680205316118 24.722337086001062 0
1680205341105 24.690170149999176 0
1680205366373 24.963326242999756 0
1680205391885 25.196662132999336 0
1680205417144 24.941213620997587 0
1680205442745 25.28870227599691 0
1680205480966 24.431673862000025 0
1680205506203 24.944490828002017 0
1680205530967 24.458286996003153 0
1680205555937 24.65816582199841 0
1680205580545 24.302096544997767 0
1680205605168 24.318870099999913 0
1680205628959 23.493560019000142 0
1680205653729 24.47193619099926 0
1680205678486 24.46299245299815 0
1680205702844 24.04660400300054 0
1680205752746 37.44610336400001 0
1680205790252 37.1856329000002 0
1680205828268 37.69953555900065 0
1680205866503 37.897985621999396 0
1680205904499 37.66847420200065 0
1680205942383 37.552182550996804 0
1680205980349 37.636235596000915 0
1680206017892 37.21222523800316 0
1680206056161 37.93723476000014 0
1680206094435 37.945182846000534 0
1680206138948 26.41051083899947 0
1680206165538 26.294756949999282 0
1680206192623 26.79053589599789 0
1680206218786 25.861196338999434 0
1680206245721 26.63864023499991 0
1680206272978 26.951364471002307 0
1680206299828 26.557561112000258 0
1680206326678 26.557396531999984 0
1680206353885 26.89617864700267 0
1680206381042 26.863406713997392 0
1680206404258 10.728096271002869 0
1680206415178 10.587708400002157 0
1680206425858 10.433601369000826 0
1680206436829 10.679551473000174 0
1680206448143 11.023360529001366 0
1680206459258 10.855712460001087 0
1680206470067 10.567374481997831 0
1680206481143 10.78634063500067 0
1680206492190 10.794092350999563 0
1680206503257 10.77251283700025 0
1680206546220 35.83390508899902 0
1680206581522 35.00208077899879 0
1680206617050 35.23061322399735 0
1680206652505 35.16694195200034 0
1680206688353 35.547236848000466 0
1680206724403 35.66735662800056 0
1680206759968 35.2489175740011 0
1680206795807 35.53604786299911 0
1680206831954 35.83451569099998 0
1680206867600 35.32864322200112 0
1680206894824 12.034763280000334 0
1680206907040 11.962491256999783 0
1680206919347 12.029389164003078 0
1680206932036 12.434072616000776 0
1680206943929 11.627099664001435 0
1680206955887 11.695500084999367 0
1680206967806 11.668270119997032 0
1680206979877 11.812989496000228 0
1680206992057 11.91489189099957 0
1680207003977 11.648869355998613 0
1680207023042 11.866023458002019 0
1680207035320 12.002224122999905 0
1680207047911 12.328987813001731 0
1680207060403 12.21700709200013 0
1680207072713 12.051804028000333 0
1680207085123 12.127561565001088 0
1680207097359 11.966325965000578 0
1680207109634 12.00965007600098 0
1680207122211 12.31913075799821 0
1680207134237 11.732068328998139 0
1680207154222 12.768989127001987 0
1680207167097 12.61200790500152 0
1680207179762 12.396784576001664 0
1680207192497 12.462833336001495 0
1680207205404 12.62890255000093 0
1680207218074 12.403730810001434 0
1680207230853 12.522181724998518 0
1680207243630 12.50866883800336 0
1680207256165 12.27807011799814 0
1680207269080 12.6369871349998 0
1680207290003 13.184369864000473 0
1680207303648 13.33849999299855 0
1680207316970 13.039200364000862 0
1680207330115 12.87326217500231 0
1680207343586 13.149680933998752 0
1680207357015 13.14760668099916 0
1680207370781 13.501111462999688 0
1680207384303 13.259173938000458 0
1680207398165 13.592971628000669 0
1680207412121 13.660159082999598 0
