1680204607139 0.02753405088669418 0
1680204620379 0.0013127810782228757 0
1680204633574 0.0011548798662518241 0
1680204647239 0.0006345451688431664 0
1680204660286 0.0003644814881998325 0
1680204673535 0.0003131019696111395 0
1680204686595 0.00032189116197743086 0
1680204699888 0.00020764594709771938 0
1680204712973 0.00015689136377685642 0
1680204726138 0.0002127282661648159 0
1680204757204 0.0010859993879282575 0
1680204776737 0.00015180906152061543 0
1680204796852 0.00012190259741308924 0
1680204813852 8.753855060468411e-05 0
1680204833876 6.357597544528122e-05 0
1680204853766 6.291227221806422e-05 0
1680204874234 2.4380317298164716e-05 0
1680204894217 2.828320711377955e-05 0
1680204914186 5.036498603830356e-05 0
1680204934470 3.873824645545571e-05 0
1680204970197 0.0013839546333236908 0
1680204993094 5.8141366944349944e-05 0
1680205015704 6.270902512197266e-05 0
1680205038661 9.726738985707035e-05 0
1680205061893 2.4694542455132758e-05 0
1680205084904 1.949850063010987e-05 0
1680205107554 3.609070423134303e-05 0
1680205130667 1.7266849316140383e-05 0
1680205154135 1.3095004700812279e-05 0
1680205177439 1.4738148101197357e-05 0
1680205215446 0.0036603318196766254 0
1680205240546 0.00018312539886100338 0
1680205265709 5.07278294054752e-05 0
1680205291091 0.0001287589784673659 0
1680205316110 5.6861668996724856e-05 0
1680205341096 0.00013952715394313447 0
1680205366366 5.3377814337093317e-05 0
1680205391876 5.114933285238149e-05 0
1680205417127 4.260758179820605e-05 0
1680205442736 0.00010178424675075615 0
1680205480956 0.0006499144962212959 0
1680205506196 4.539340128716889e-05 0
1680205530960 3.175429378521541e-05 0
1680205555930 3.7975639257326146e-05 0
1680205580535 2.688338695233125e-05 0
1680205605161 3.662410212268757e-05 0
1680205628949 1.3135418653968344e-05 0
1680205653721 1.4114219755754983e-05 0
1680205678478 1.1980861012612321e-05 0
1680205702829 2.412423097758807e-05 0
1680205752732 0.04172418686394143 0
1680205790243 0.006698106268370521 0
1680205828260 0.0018796396363449676 0
1680205866484 0.0014139730443831287 0
1680205904493 0.0006370684692936628 0
1680205942376 0.0008814767181279701 0
1680205980340 0.001122067504575323 0
1680206017885 0.0011688763938620208 0
1680206056153 0.0005509480269409212 0
1680206094425 0.0003233695358076266 0
1680206138941 0.012606350434604488 0
1680206165528 0.0014189497455483224 0
1680206192616 0.0003042317436389717 0
1680206218776 0.0009358972122896687 0
1680206245713 0.00032079225533712615 0
1680206272966 0.0007904110247300008 0
1680206299821 0.0006641479535345991 0
1680206326670 0.0002094874845253294 0
1680206353870 0.00018462507746992482 0
1680206381034 9.66769889587568e-05 0
1680206404246 0.18047688216479923 0
1680206415167 0.009047577739693224 0
1680206425851 0.009930278221196784 0
1680206436818 0.0032407199028741352 0
1680206448127 0.001738028727529521 0
1680206459251 0.0017714507776607174 0
1680206470061 0.0015408266828945566 0
1680206481132 0.0042789127628485865 0
1680206492183 0.0007455135122316568 0
1680206503239 0.0005734434637984887 0
1680206546212 0.03510462361576682 0
1680206581515 0.003431769905917937 0
1680206617042 0.006689293486055075 0
1680206652498 0.0014180227368515695 0
1680206688344 0.0014627428219436591 0
1680206724389 0.0013507591691194918 0
1680206759961 0.0007405683657847097 0
1680206795800 0.004503934874987395 0
1680206831938 0.0017575525401806679 0
1680206867586 0.001227112106238095 0
1680206894816 0.13042886673746237 0
1680206907029 0.003589816393604109 0
1680206919339 0.0023247805090809088 0
1680206932025 0.0020999074753356773 0
1680206943921 0.0019873951886430247 0
1680206955874 0.00181667282728803 0
1680206967799 0.0016717986169553132 0
1680206979867 0.002552220981286138 0
1680206992050 0.002064623596539738 0
1680207003968 0.0016903285836424985 0
1680207023033 0.03893538484743868 0
1680207035312 0.006051743324720659 0
1680207047901 0.003017105185650647 0
1680207060388 0.0023046505185238156 0
1680207072706 0.0020116239208548973 0
1680207085111 0.002071556929597416 0
1680207097343 0.002024849099913039 0
1680207109623 0.0018488318813839355 0
1680207122201 0.0018468865343423274 0
1680207134227 0.0017582466691517485 0
1680207154215 0.10942628312757453 0
1680207167089 0.014228445943444967 0
1680207179753 0.00529103099520748 0
1680207192485 0.005698226768380174 0
1680207205395 0.003162910172250122 0
1680207218065 0.0040538464784801295 0
1680207230844 0.0046792734356131405 0
1680207243613 0.003027645727762809 0
1680207256157 0.002864841035961245 0
1680207269070 0.005613859460796588 0
1680207289994 0.026430830646019716 0
1680207303627 0.003972331679855974 0
1680207316962 0.0039839570012051035 0
1680207330107 0.0029890010594569435 0
1680207343575 0.0028739981778646605 0
1680207357007 0.002659510800955244 0
1680207370768 0.002949837872830148 0
1680207384295 0.002556717285187915 0
1680207398156 0.0023731130708116465 0
1680207412110 0.002277470404246392 0
