1680204607128 0.9887107329842932 0
1680204620366 0.99967277486911 0
1680204633560 0.9995909685863874 0
1680204647228 0.9999181937172775 0
1680204660275 0.9999181937172775 0
1680204673524 0.9999181937172775 0
1680204686584 1.0 0
1680204699877 1.0 0
1680204712961 1.0 0
1680204726125 1.0 0
1680204757193 0.9997864464692483 0
1680204776726 1.0 0
1680204796840 1.0 0
1680204813841 1.0 0
1680204833864 1.0 0
1680204853753 1.0 0
1680204874223 1.0 0
1680204894206 1.0 0
1680204914174 1.0 0
1680204934456 1.0 0
1680204970185 0.999566974595843 0
1680204993081 1.0 0
1680205015692 1.0 0
1680205038650 1.0 0
1680205061879 1.0 0
1680205084891 1.0 0
1680205107543 1.0 0
1680205130656 1.0 0
1680205154124 1.0 0
1680205177427 1.0 0
1680205215431 0.9992664319248826 0
1680205240531 0.9999266431924883 0
1680205265697 1.0 0
1680205291078 1.0 0
1680205316098 1.0 0
1680205341083 0.9999266431924883 0
1680205366355 1.0 0
1680205391862 1.0 0
1680205417107 1.0 0
1680205442724 0.9999266431924883 0
1680205480941 0.9998324396782842 0
1680205506184 1.0 0
1680205530947 1.0 0
1680205555918 1.0 0
1680205580520 1.0 0
1680205605150 1.0 0
1680205628935 1.0 0
1680205653708 1.0 0
1680205678465 1.0 0
1680205702814 1.0 0
1680205752718 0.9878957169459963 0
1680205790231 0.99743947858473 0
1680205828248 0.999534450651769 0
1680205866467 0.9995926443202979 0
1680205904482 0.9998836126629422 0
1680205942364 0.9997090316573557 0
1680205980328 0.9997090316573557 0
1680206017874 0.9995926443202979 0
1680206056141 0.9998254189944135 0
1680206094409 0.9999418063314711 0
1680206138930 0.996773598820059 0
1680206165515 0.9997234513274337 0
1680206192606 1.0 0
1680206218759 0.9997234513274337 0
1680206245700 0.9999078171091446 0
1680206272950 0.9999078171091446 0
1680206299809 0.9998156342182891 0
1680206326659 1.0 0
1680206353855 1.0 0
1680206381023 1.0 0
1680206404236 0.974004424778761 0
1680206415155 0.9966814159292036 0
1680206425840 0.9972345132743363 0
1680206436799 0.9991703539823009 0
1680206448109 1.0 0
1680206459240 0.9994469026548672 0
1680206470054 0.9997234513274337 0
1680206481117 0.9994469026548672 0
1680206492172 1.0 0
1680206503218 1.0 0
1680206546200 0.9911497493734336 0
1680206581504 0.9995300751879699 0
1680206617031 0.9987468671679198 0
1680206652487 0.999921679197995 0
1680206688332 0.99968671679198 0
1680206724369 0.9997650375939849 0
1680206759952 0.999921679197995 0
1680206795791 0.9990601503759399 0
1680206831926 0.999608395989975 0
1680206867571 0.9997650375939849 0
1680206894805 0.9773509174311926 0
1680206907019 0.9994266055045872 0
1680206919328 1.0 0
1680206932010 1.0 0
1680206943910 1.0 0
1680206955860 1.0 0
1680206967787 1.0 0
1680206979857 0.9994266055045872 0
1680206992038 0.9997133027522935 0
1680207003956 1.0 0
1680207023020 0.9891826923076923 0
1680207035300 0.9990985576923077 0
1680207047886 0.9996995192307693 0
1680207060377 1.0 0
1680207072694 1.0 0
1680207085097 1.0 0
1680207097331 1.0 0
1680207109612 1.0 0
1680207122187 1.0 0
1680207134213 1.0 0
1680207154203 0.9720552884615384 0
1680207167075 0.9942908653846154 0
1680207179740 0.9990985576923077 0
1680207192461 0.9996995192307693 0
1680207205381 1.0 0
1680207218054 0.9996995192307693 0
1680207230830 0.9990985576923077 0
1680207243596 1.0 0
1680207256145 0.9996995192307693 0
1680207269051 0.9987980769230769 0
1680207289980 0.9927884615384616 0
1680207303609 0.9993990384615384 0
1680207316951 0.9996995192307693 0
1680207330095 1.0 0
1680207343558 1.0 0
1680207356998 1.0 0
1680207370752 1.0 0
1680207384287 1.0 0
1680207398144 1.0 0
1680207412094 1.0 0
