1678657377491 0.8108437404812672 0
1678657381269 0.975022844958879 0
1678657385183 0.9975632043862321 0
1678657388963 0.997867803837953 0
1678657392723 0.9990862016448371 0
1678657396461 1.0 0
1678657400348 0.9990862016448371 0
1678657404320 0.999390801096558 0
1678657408323 1.0 0
1678657412149 0.999695400548279 0
1678657476702 0.7770228536133416 0
1678657481217 0.8156269302038295 0
1678657485368 0.8394070413835701 0
1678657489817 0.8307597282273008 0
1678657494217 0.8323038912909203 0
1678657498615 0.8347745521927116 0
1678657503049 0.8282890673255096 0
1678657507477 0.8529956763434219 0
1678657512113 0.840024706609018 0
1678657516273 0.839715873996294 0
1678657578768 0.7387276096355775 0
1678657583102 0.836627547869055 0
1678657587343 0.8529956763434219 0
1678657591572 0.8644224830142063 0
1678657595974 0.8702903026559605 0
1678657600407 0.8810994441012971 0
1678657604760 0.8801729462631254 0
1678657609266 0.8829524397776405 0
1678657613713 0.8817171093267449 0
1678657617995 0.9008647313156269 0
1678657680885 0.628474366893144 0
1678657685405 0.8171710932674491 0
1678657689424 0.8449660284126004 0
1678657693697 0.8672019765287214 0
1678657698211 0.8690549722050649 0
1678657702799 0.8863495985176034 0
1678657707334 0.8922174181593576 0
1678657711702 0.8915997529339098 0
1678657715935 0.8949969116738727 0
1678657720480 0.9021000617665226 0
1678657782564 0.5549722050648549 0
1678657787172 0.7730080296479308 0
1678657791336 0.8063619518221125 0
1678657795950 0.8295243977764052 0
1678657800132 0.8341568869672638 0
1678657804652 0.8523780111179741 0
1678657809045 0.8705991352686844 0
1678657813567 0.8801729462631254 0
1678657818277 0.8730697961704756 0
1678657822714 0.8761581222977146 0
1678657885423 0.40086473131562694 0
1678657889738 0.6559604694255713 0
1678657893864 0.7007411982705374 0
1678657898388 0.7615812229771464 0
1678657902878 0.7717726991970352 0
1678657907385 0.7909203211859173 0
1678657912019 0.7853613341568869 0
1678657916695 0.8063619518221125 0
1678657921356 0.8134651019147622 0
1678657925887 0.8119209388511427 0
1678657988575 0.3307597282273008 0
1678657993182 0.5592958616429895 0
1678657997242 0.634651019147622 0
1678658001624 0.6664607782581841 0
1678658006119 0.6874613959234095 0
1678658010560 0.7059913526868438 0
1678658014848 0.71124150710315 0
1678658019247 0.7362569487337863 0
1678658023661 0.7291537986411365 0
1678658028126 0.7399629400864731 0
1678658090116 0.2933909820877085 0
1678658094741 0.49567634342186534 0
1678658099108 0.577208153180976 0
1678658103621 0.5951204447189623 0
1678658108184 0.6324891908585547 0
1678658112833 0.6454601605929586 0
1678658117417 0.6470043236565781 0
1678658121990 0.6667696108709079 0
1678658126511 0.6624459542927733 0
1678658131002 0.6655342804200124 0
1678658194611 0.2035206917850525 0
1678658199172 0.4663372452130945 0
1678658203305 0.5435453983940705 0
1678658207887 0.5815318097591106 0
1678658212406 0.5972822730080296 0
1678658216954 0.60284126003706 0
1678658221361 0.6256948733786288 0
1678658225896 0.6204447189623225 0
1678658230624 0.6318715256331069 0
1678658235178 0.6266213712168005 0
1678658298155 0.20444718962322422 0
1678658302815 0.4354539839407041 0
1678658307200 0.5071031500926498 0
1678658311826 0.551266213712168 0
1678658316410 0.55775169857937 0
1678658321103 0.5636195182211241 0
1678658325498 0.5759728227300803 0
1678658330191 0.5877084620135886 0
1678658334734 0.5744286596664607 0
1678658339438 0.5898702903026559 0
1678658402531 0.21340333539221742 0
1678658406953 0.46324891908585547 0
1678658411047 0.5438542310067943 0
1678658415375 0.5623841877702286 0
1678658419816 0.5873996294008648 0
1678658424534 0.5941939468807906 0
1678658429107 0.5985176034589252 0
1678658433553 0.5978999382334774 0
1678658438100 0.6046942557134033 0
1678658442721 0.6059295861642989 0
1678658504285 0.17418159357628166 0
1678658508818 0.4045707226683138 0
1678658512986 0.4928968499073502 0
1678658517477 0.5382952439777641 0
1678658521902 0.5596046942557134 0
1678658526490 0.5725756639901174 0
1678658530906 0.5691785052501545 0
1678658535572 0.5806053119209389 0
1678658540160 0.5858554663372452 0
1678658544932 0.58307597282273 0
1678658608535 0.1445336627547869 0
1678658613046 0.3885114268066708 0
1678658617144 0.4595429277331686 0
1678658621724 0.5101914762198888 0
1678658626272 0.5247066090179123 0
1678658630790 0.5469425571340334 0
1678658635182 0.5475602223594812 0
1678658639550 0.5592958616429895 0
1678658644093 0.5438542310067943 0
1678658648667 0.5762816553428042 0
1678658711989 0.1880790611488573 0
1678658716672 0.43390982087708463 0
1678658720961 0.49320568252007413 0
1678658725567 0.5049413218035824 0
1678658730119 0.5404570722668314 0
1678658734554 0.5460160592958616 0
1678658739140 0.5460160592958616 0
1678658743732 0.551575046324892 0
1678658748252 0.551575046324892 0
1678658752750 0.5552810376775787 0
1678658816602 0.19734403953057442 0
1678658821253 0.4397776405188388 0
1678658825260 0.49629400864731316 0
1678658829627 0.5302655960469426 0
1678658834088 0.5500308832612724 0
1678658838653 0.5500308832612724 0
1678658843034 0.5620753551575046 0
1678658847438 0.5660901791229154 0
1678658852077 0.5691785052501545 0
1678658856653 0.5796788140827671 0
1678658921111 0.2035206917850525 0
1678658925785 0.4098208770846201 0
1678658930132 0.49629400864731316 0
1678658934644 0.5240889437924645 0
1678658939297 0.5379864113650401 0
1678658943806 0.5543545398394071 0
1678658948467 0.5660901791229154 0
1678658953058 0.5682520074119827 0
1678658957539 0.5682520074119827 0
1678658962215 0.5719579987646696 0
1678659025700 0.230697961704756 0
1678659030378 0.4589252625077208 0
1678659034499 0.5172946263125386 0
1678659038973 0.5330450895614577 0
1678659043746 0.5305744286596664 0
1678659048273 0.5543545398394071 0
1678659052797 0.57041383570105 0
1678659057430 0.5617665225447808 0
1678659062077 0.5710315009264978 0
1678659066564 0.5809141445336627 0
1678659131700 0.2038295243977764 0
1678659136292 0.44224830142063004 0
1678659140370 0.5120444718962323 0
1678659144964 0.5435453983940705 0
1678659149537 0.5592958616429895 0
1678659154225 0.576899320568252 0
1678659158667 0.5904879555281037 0
1678659163266 0.6000617665225447 0
1678659167738 0.5932674490426189 0
1678659172371 0.5923409512044472 0
1678659231236 0.21803582458307597 0
1678659235987 0.4515132798023471 0
1678659240668 0.5364422483014206 0
1678659245118 0.5484867201976529 0
1678659249767 0.5676343421865349 0
1678659254263 0.5877084620135886 0
1678659258778 0.5941939468807906 0
1678659263403 0.6059295861642989 0
1678659268106 0.6009882643607165 0
1678659272844 0.6046942557134033 0
1678659336403 0.2118591723285979 0
1678659340974 0.40889437924644845 0
1678659345197 0.48641136504014826 0
1678659349803 0.5219271155033972 0
1678659354255 0.5404570722668314 0
1678659358948 0.5568252007411982 0
1678659363312 0.5626930203829524 0
1678659367883 0.5562075355157504 0
1678659372431 0.576899320568252 0
1678659376880 0.5756639901173564 0
