1679946482692 0.18423638402138853 0
1679946567225 0.07157181203728061 0
1679946649857 0.04443479930127752 0
1679946734002 0.03031359161336443 0
1679946816524 0.017607388537995584 0
1679946899647 0.010225034906381983 0
1679946982747 0.00725695783660739 0
1679947065018 0.005513342143253613 0
1679947148114 0.0045293674683490786 0
1679947230833 0.0038974857291452923 0
1679947339786 0.05871479628876047 0
1679947375387 0.04915179060894068 0
1679947411187 0.048036635995692044 0
1679947447598 0.04723609369546392 0
1679947483745 0.046151008299691536 0
1679947519891 0.046121504244542366 0
1679947555134 0.04558736428325613 0
1679947591715 0.04546699048259893 0
1679947627453 0.044932795525833506 0
1679947663945 0.044219591393199205 0
1679947761018 0.05130240929840347 0
1679947796310 0.04906740154002778 0
1679947832868 0.048264924791984506 0
1679947869213 0.04783842298086988 0
1679947905579 0.047347356151827384 0
1679947941612 0.04731220784264968 0
1679947977959 0.04674774894200732 0
1679948014224 0.0467844827065388 0
1679948050463 0.04681034790951179 0
1679948086955 0.04650049243431424 0
1679948185300 0.04880802439094631 0
1679948221485 0.04846930445823954 0
1679948257892 0.048271212081548255 0
1679948293744 0.04799431826772908 0
1679948330278 0.04810070781934643 0
1679948366979 0.04806492432377137 0
1679948403445 0.047767307132135485 0
1679948439906 0.047622860679091154 0
1679948476186 0.047782093443768166 0
1679948512557 0.047676624480792185 0
1679948612977 0.051240060359152816 0
1679948649635 0.05101636747302273 0
1679948686500 0.05086161731437304 0
1679948722700 0.05078504560989758 0
1679948759635 0.05069840090753296 0
1679948795869 0.05064520537527888 0
1679948832749 0.05066303031998951 0
1679948869300 0.05067798592898523 0
1679948906035 0.0504831601438564 0
1679948942987 0.050564591123504234 0
1679949045674 0.051711599867156496 0
1679949082505 0.05150049223172786 0
1679949119051 0.051426828699254225 0
1679949155904 0.05134858938240415 0
1679949192555 0.05144173877511656 0
1679949229109 0.05124234577865927 0
1679949265210 0.05133326291452329 0
1679949300887 0.051257973875758256 0
1679949336467 0.05123899583169293 0
1679949372468 0.05118473624645189 0
1679949477576 0.05283180917180035 0
1679949514629 0.05272907581786777 0
1679949551355 0.05270049595923791 0
1679949588661 0.05258111046020721 0
1679949624907 0.05258502825813065 0
1679949661326 0.052563719245670146 0
1679949697765 0.05252930185172793 0
1679949733687 0.052523259420034496 0
1679949769962 0.05247186280267183 0
1679949806429 0.05255135691313203 0
1679949914159 0.05316593132501598 0
1679949950515 0.05323666346064487 0
1679949987574 0.05314536838315774 0
1679950024788 0.053063496200064585 0
1679950061557 0.05306313962805583 0
1679950098274 0.05308318643310909 0
1679950134565 0.05292990801011234 0
1679950170535 0.05293592825250397 0
1679950206858 0.05298771973439427 0
1679950242133 0.05292035375050334 0
1679950351749 0.0512368327069057 0
1679950388901 0.05119333330547272 0
1679950425405 0.051236145615881364 0
1679950462243 0.05119887551799785 0
1679950498213 0.05119911465235326 0
1679950534528 0.051164231359351324 0
1679950570740 0.0511019845727663 0
1679950606999 0.0511181285114094 0
1679950643333 0.05100708977580938 0
1679950679818 0.05117644268742815 0
1679950791810 0.05391520536430342 0
1679950828097 0.053771887288167966 0
1679950865305 0.053779262660073955 0
1679950901835 0.05374240173981221 0
1679950938910 0.05372219612748945 0
1679950975575 0.05369640266352451 0
1679951012620 0.05368280968749125 0
1679951048855 0.053625756233973844 0
1679951085298 0.05361896402409357 0
1679951121937 0.05360968747812882 0
1679951236678 0.05255028935694278 0
1679951273338 0.05246138934376805 0
1679951310406 0.05248976723335716 0
1679951347400 0.05245389522553531 0
1679951384169 0.05240262696164317 0
1679951421060 0.0523691769347701 0
1679951457813 0.05239724044130879 0
1679951494698 0.052421591102296085 0
1679951531158 0.05233212034428137 0
1679951567918 0.05234276833557666 0
1679951685579 0.050508722652127774 0
1679951722483 0.050355892120928 0
1679951759283 0.05030200096468131 0
1679951795714 0.05028697052511616 0
1679951832110 0.05035973928220894 0
1679951868936 0.05031805710624094 0
1679951905621 0.05033009981439597 0
1679951942259 0.050249761067654775 0
1679951978928 0.050284677565745686 0
1679952016115 0.05019663457313309 0
1679952135938 0.05291718833126821 0
1679952172597 0.05282154357125766 0
1679952209320 0.052841048709355125 0
1679952246014 0.052825215862804024 0
1679952282560 0.052791600651649194 0
1679952318951 0.05270618212755856 0
1679952355560 0.05278428174490326 0
1679952392182 0.05276795393830642 0
1679952428565 0.052775680320337415 0
1679952465149 0.05276145920330702 0
1679952587415 0.05177629303888998 0
1679952623946 0.051676667254904045 0
1679952660546 0.05166937119826891 0
1679952697176 0.05162316918157149 0
1679952734115 0.05160291783943556 0
1679952770689 0.05162041369771612 0
1679952807482 0.05158507225738056 0
1679952844685 0.051570091877078665 0
1679952882278 0.05169394991320112 0
1679952919335 0.05163033831918585 0
1679953043624 0.05019998112558455 0
1679953080705 0.05020871510108312 0
1679953117334 0.05014437756676605 0
1679953154325 0.050155578021877915 0
1679953191751 0.05007818924344104 0
1679953228973 0.05016299838173217 0
1679953265735 0.05009969031249267 0
1679953302941 0.050120163239214734 0
1679953340039 0.050082547390374585 0
1679953377603 0.05011919271470844 0
1679953504929 0.05142851083174996 0
1679953541993 0.05147393389024596 0
1679953578330 0.05144007925106132 0
1679953615151 0.05145784700694291 0
1679953652159 0.05140731035583261 0
1679953689103 0.05137446745690228 0
1679953726502 0.051465765338229094 0
1679953763774 0.05139173267652159 0
1679953800578 0.051417481003032214 0
1679953838188 0.051393297822147174 0
1679953968763 0.050838812813162805 0
1679954005780 0.050741588545666225 0
1679954043283 0.05073269643969294 0
1679954080910 0.05073675438221814 0
1679954118337 0.0507430219185957 0
1679954154893 0.05071290472819322 0
1679954191201 0.05071397233700407 0
1679954227995 0.050700449554816535 0
1679954265035 0.05068686393939931 0
1679954302062 0.05062083787676217 0
1679954435204 0.04996604103659994 0
1679954472758 0.049893755411599267 0
1679954510478 0.04989947368889008 0
1679954547492 0.04999550438464381 0
1679954585228 0.04992095361528701 0
1679954622723 0.04989235569874561 0
1679954660165 0.04990877118503112 0
1679954696801 0.04987917384565916 0
1679954734251 0.049836037415188064 0
1679954771132 0.049868507944264034 0
1679954907215 0.0520610065290952 0
1679954943856 0.051964343121716744 0
1679954980963 0.051965415004016344 0
1679955017944 0.05199295119247857 0
1679955055309 0.05203360393428044 0
1679955092407 0.051920644131440645 0
1679955130080 0.05200574679483223 0
1679955167164 0.051965553082008925 0
1679955204183 0.051969822318524636 0
1679955241656 0.051944142713539865 0
1679955379900 0.052380878381107165 0
1679955417509 0.0523853224688682 0
1679955455200 0.05231456640513911 0
1679955492578 0.05237369818639928 0
1679955529563 0.05228896901767323 0
1679955567024 0.0523181580061066 0
1679955604241 0.05229723404391089 0
1679955641467 0.052382926275764685 0
1679955678800 0.052264982586105665 0
1679955715909 0.05232225705100142 0
