1679946482680 0.7019535053554041 0
1679946567213 0.8964368305744888 0
1679946649839 0.935856864654333 0
1679946733986 0.9609298928919182 0
1679946816511 0.9849531402142162 0
1679946899636 0.9934731012658228 0
1679946982735 0.995511806231743 0
1679947065005 0.9966985150925024 0
1679947148096 0.9973222979552093 0
1679947230821 0.9977330817916261 0
1679947339768 0.09143013100436681 0
1679947375377 0.09120269286754003 0
1679947411175 0.09115720524017468 0
1679947447590 0.09143013100436681 0
1679947483734 0.0910207423580786 0
1679947519872 0.09129366812227074 0
1679947555123 0.09115720524017468 0
1679947591702 0.09111171761280931 0
1679947627443 0.09143013100436681 0
1679947663926 0.09129366812227074 0
1679947761005 0.04526018922852984 0
1679947796292 0.04526018922852984 0
1679947832855 0.045351164483260556 0
1679947869197 0.04539665211062591 0
1679947905569 0.04539665211062591 0
1679947941605 0.045442139737991265 0
1679947977948 0.04548762736535662 0
1679948014212 0.04539665211062591 0
1679948050444 0.045351164483260556 0
1679948086950 0.045442139737991265 0
1679948185281 0.030385735080058224 0
1679948221475 0.030476710334788937 0
1679948257877 0.030476710334788937 0
1679948293725 0.03056768558951965 0
1679948330266 0.030340247452692867 0
1679948366965 0.030476710334788937 0
1679948403425 0.030476710334788937 0
1679948439895 0.030476710334788937 0
1679948476174 0.030658660844250365 0
1679948512544 0.030522197962154295 0
1679948612965 0.02260735080058224 0
1679948649615 0.02278930131004367 0
1679948686489 0.022834788937409024 0
1679948722684 0.02278930131004367 0
1679948759624 0.02278930131004367 0
1679948795856 0.02278930131004367 0
1679948832728 0.02288027656477438 0
1679948869288 0.022834788937409024 0
1679948906015 0.02274381368267831 0
1679948942967 0.02278930131004367 0
1679949045663 0.018195050946142648 0
1679949082491 0.018104075691411935 0
1679949119039 0.018104075691411935 0
1679949155890 0.018149563318777293 0
1679949192535 0.018286026200873363 0
1679949229098 0.018286026200873363 0
1679949265199 0.018286026200873363 0
1679949300874 0.018195050946142648 0
1679949336455 0.018331513828238718 0
1679949372455 0.018240538573508006 0
1679949477556 0.015488735465116279 0
1679949514608 0.015488735465116279 0
1679949551346 0.015397892441860465 0
1679949588641 0.015534156976744186 0
1679949624895 0.01530704941860465 0
1679949661316 0.015488735465116279 0
1679949697757 0.015488735465116279 0
1679949733675 0.015534156976744186 0
1679949769949 0.015397892441860465 0
1679949806407 0.015443313953488372 0
1679949914147 0.013172238372093024 0
1679949950504 0.01321765988372093 0
1679949987561 0.013399345930232558 0
1679950024775 0.01321765988372093 0
1679950061534 0.013308502906976744 0
1679950098263 0.013263081395348836 0
1679950134558 0.01321765988372093 0
1679950170519 0.01321765988372093 0
1679950206847 0.01321765988372093 0
1679950242121 0.01321765988372093 0
1679950351734 0.011371906841339156 0
1679950388878 0.011371906841339156 0
1679950425390 0.01146288209606987 0
1679950462225 0.011553857350800582 0
1679950498200 0.011508369723435226 0
1679950534508 0.011508369723435226 0
1679950570727 0.01146288209606987 0
1679950606988 0.011508369723435226 0
1679950643318 0.01146288209606987 0
1679950679805 0.011508369723435226 0
1679950791798 0.01043178519593614 0
1679950828090 0.010477140783744556 0
1679950865293 0.010567851959361394 0
1679950901816 0.010522496371552975 0
1679950938897 0.010522496371552975 0
1679950975559 0.01061320754716981 0
1679951012608 0.010567851959361394 0
1679951048842 0.01061320754716981 0
1679951085287 0.010567851959361394 0
1679951121925 0.010567851959361394 0
1679951236670 0.009279475982532752 0
1679951273326 0.009233988355167394 0
1679951310394 0.009279475982532752 0
1679951347376 0.009143013100436682 0
1679951384157 0.009143013100436682 0
1679951421045 0.009233988355167394 0
1679951457802 0.009143013100436682 0
1679951494687 0.009324963609898108 0
1679951531137 0.009143013100436682 0
1679951567907 0.009279475982532752 0
1679951685556 0.008650362318840579 0
1679951722465 0.008650362318840579 0
1679951759270 0.008650362318840579 0
1679951795690 0.008605072463768116 0
1679951832101 0.008695652173913044 0
1679951868913 0.008514492753623188 0
1679951905610 0.008786231884057971 0
1679951942252 0.00842391304347826 0
1679951978916 0.00842391304347826 0
1679952016104 0.008740942028985507 0
1679952135922 0.007312863372093023 0
1679952172587 0.007176598837209302 0
1679952209300 0.007176598837209302 0
1679952246003 0.006994912790697675 0
1679952282544 0.007222020348837209 0
1679952318942 0.006994912790697675 0
1679952355549 0.007131177325581395 0
1679952392170 0.0068586482558139535 0
1679952428539 0.006904069767441861 0
1679952465130 0.007131177325581395 0
1679952587392 0.006295289855072464 0
1679952623933 0.005842391304347826 0
1679952660526 0.0062047101449275366 0
1679952697162 0.006159420289855073 0
1679952734090 0.005797101449275362 0
1679952770674 0.006023550724637681 0
1679952807470 0.006114130434782609 0
1679952844670 0.005978260869565218 0
1679952882266 0.00588768115942029 0
1679952919325 0.006068840579710145 0
1679953043607 0.005570652173913043 0
1679953080693 0.00552536231884058 0
1679953117320 0.005389492753623188 0
1679953154298 0.005389492753623188 0
1679953191739 0.005434782608695652 0
1679953228950 0.005570652173913043 0
1679953265723 0.005344202898550724 0
1679953302927 0.00552536231884058 0
1679953340020 0.005570652173913043 0
1679953377592 0.005344202898550724 0
1679953504917 0.004981884057971014 0
1679953541979 0.004936594202898551 0
1679953578318 0.004981884057971014 0
1679953615137 0.005027173913043478 0
1679953652136 0.005072463768115942 0
1679953689091 0.004891304347826087 0
1679953726490 0.004936594202898551 0
1679953763762 0.0048460144927536235 0
1679953800564 0.004981884057971014 0
1679953838171 0.00480072463768116 0
1679953968750 0.004483695652173913 0
1679954005769 0.004574275362318841 0
1679954043271 0.004528985507246377 0
1679954080899 0.004302536231884058 0
1679954118321 0.004483695652173913 0
1679954154880 0.004483695652173913 0
1679954191190 0.004438405797101449 0
1679954227985 0.004574275362318841 0
1679954265022 0.004438405797101449 0
1679954302050 0.004483695652173913 0
1679954435179 0.004133357558139535 0
1679954472737 0.003997093023255814 0
1679954510458 0.004087936046511628 0
1679954547477 0.004087936046511628 0
1679954585208 0.004042514534883721 0
1679954622710 0.004133357558139535 0
1679954660153 0.004087936046511628 0
1679954696791 0.004042514534883721 0
1679954734228 0.004087936046511628 0
1679954771120 0.004042514534883721 0
1679954907198 0.004154624277456647 0
1679954943843 0.003973988439306358 0
1679954980954 0.004064306358381503 0
1679955017933 0.004019147398843931 0
1679955055288 0.004019147398843931 0
1679955092395 0.004064306358381503 0
1679955130069 0.004064306358381503 0
1679955167150 0.003973988439306358 0
1679955204172 0.003973988439306358 0
1679955241646 0.004109465317919075 0
1679955379887 0.0036684782608695653 0
1679955417496 0.003759057971014493 0
1679955455187 0.003759057971014493 0
1679955492569 0.0036231884057971015 0
1679955529535 0.003713768115942029 0
1679955567012 0.0036684782608695653 0
1679955604229 0.0038496376811594205 0
1679955641456 0.003759057971014493 0
1679955678784 0.0036684782608695653 0
1679955715896 0.0036684782608695653 0
