1679946482698 82.8751445079688 0
1679946567234 84.17821556795388 0
1679946649867 82.27379316999577 0
1679946734017 83.77647817600518 0
1679946816540 82.156521077035 0
1679946899653 82.7629488829989 0
1679946982756 82.75018606195226 0
1679947065026 81.91367089189589 0
1679947148128 82.73347737081349 0
1679947230842 82.36274748411961 0
1679947339796 36.235292551107705 0
1679947375393 35.33034854196012 0
1679947411197 35.5368662730325 0
1679947447603 36.14389010402374 0
1679947483755 35.882748872973025 0
1679947519907 35.86547603807412 0
1679947555141 34.971669130027294 0
1679947591724 36.32929151598364 0
1679947627459 35.49481421383098 0
1679947663958 36.217253315029666 0
1679947761028 36.50896190991625 0
1679947796321 35.01704947790131 0
1679947832880 36.28180709807202 0
1679947869221 36.05874504218809 0
1679947905586 36.10550825484097 0
1679947941619 35.7744322149083 0
1679947977966 36.085927239153534 0
1679948014234 35.992179848020896 0
1679948050473 35.95087065408006 0
1679948086961 36.22408338799141 0
1679948185311 36.11689780186862 0
1679948221494 35.91039985488169 0
1679948257903 36.13315352797508 0
1679948293756 35.57397067314014 0
1679948330288 36.25474211201072 0
1679948366989 36.43280427600257 0
1679948403460 36.19157618400641 0
1679948439914 36.18032529903576 0
1679948476198 36.000604070024565 0
1679948512564 36.088092300109565 0
1679948612987 36.311965449946 0
1679948649647 36.36683999095112 0
1679948686507 36.585776657098904 0
1679948722710 35.90993152395822 0
1679948759644 36.6572706180159 0
1679948795878 35.95532600698061 0
1679948832762 36.59308810788207 0
1679948869307 36.27268927777186 0
1679948906052 36.44964535301551 0
1679948943000 36.65248115104623 0
1679949045681 36.31300312792882 0
1679949082523 36.55337498500012 0
1679949119062 36.24955944810063 0
1679949155918 36.57229444384575 0
1679949192566 36.342222499195486 0
1679949229116 36.268990634940565 0
1679949265217 35.836808905005455 0
1679949300901 35.397042918019 0
1679949336474 35.301898918813094 0
1679949372476 35.72141082608141 0
1679949477588 36.46650278894231 0
1679949514646 36.75269782496616 0
1679949551369 36.4506293060258 0
1679949588673 37.0072767729871 0
1679949624918 35.960291715105996 0
1679949661333 36.14726158999838 0
1679949697771 36.178115488030016 0
1679949733694 35.64586921199225 0
1679949769969 35.987383811036125 0
1679949806446 36.17239915090613 0
1679949914169 36.58442332199775 0
1679949950521 36.058967829914764 0
1679949987582 36.78216504002921 0
1679950024797 36.946753019001335 0
1679950061575 36.46458036103286 0
1679950098281 36.412989906035364 0
1679950134572 35.99506528512575 0
1679950170548 35.67544749402441 0
1679950206875 36.02740400400944 0
1679950242140 34.977354291127995 0
1679950351758 36.38003757596016 0
1679950388916 36.84932206897065 0
1679950425414 36.21132420189679 0
1679950462258 36.539776026969776 0
1679950498222 35.66885412414558 0
1679950534544 36.00385135295801 0
1679950570747 35.92456635879353 0
1679950607006 35.97045800695196 0
1679950643346 36.044715370982885 0
1679950679830 36.18532121088356 0
1679950791819 36.49134013708681 0
1679950828105 35.997322601033375 0
1679950865313 36.90534403407946 0
1679950901852 36.22906138096005 0
1679950938917 36.770592994987965 0
1679950975584 36.37908013886772 0
1679951012634 36.76651873392984 0
1679951048863 35.93006769102067 0
1679951085305 36.15822793007828 0
1679951121944 36.34993370505981 0
1679951236685 36.832976872101426 0
1679951273347 36.361495008924976 0
1679951310414 36.77284648595378 0
1679951347413 36.679516796022654 0
1679951384176 36.46516887191683 0
1679951421080 36.594904450001195 0
1679951457829 36.415027937153354 0
1679951494716 36.57813348900527 0
1679951531170 36.12984140380286 0
1679951567925 36.47378894407302 0
1679951685591 36.891996226040646 0
1679951722497 36.59411972784437 0
1679951759297 36.49595313100144 0
1679951795727 36.10838871705346 0
1679951832117 36.10209568403661 0
1679951868956 36.50704718916677 0
1679951905628 36.38915943587199 0
1679951942267 36.35071786493063 0
1679951978944 36.36533716507256 0
1679952016122 36.881580534158275 0
1679952135948 36.8409413411282 0
1679952172605 36.353372915880755 0
1679952209334 36.404096168931574 0
1679952246022 36.37129775597714 0
1679952282580 36.23116383003071 0
1679952318959 36.07999820983969 0
1679952355567 36.301877475809306 0
1679952392190 36.322341012069955 0
1679952428579 36.06759517197497 0
1679952465161 36.251277673989534 0
1679952587427 36.59483006806113 0
1679952623954 36.2178970919922 0
1679952660559 36.28560450184159 0
1679952697185 36.32006748300046 0
1679952734140 36.61104872706346 0
1679952770703 36.255890088155866 0
1679952807490 36.486445978982374 0
1679952844700 36.896305999020115 0
1679952882298 37.26844684011303 0
1679952919343 36.73830158612691 0
1679953043634 36.392972867935896 0
1679953080725 36.77367911487818 0
1679953117346 36.32253115088679 0
1679953154339 36.65657084598206 0
1679953191759 37.10497207916342 0
1679953228988 36.89438294596039 0
1679953265753 36.452068486018106 0
1679953302950 36.87606378993951 0
1679953340050 36.79722159309313 0
1679953377611 37.24470590497367 0
1679953504941 36.5685346100945 0
1679953542001 36.733934447867796 0
1679953578339 36.02538826409727 0
1679953615173 36.50979148200713 0
1679953652171 36.667066236026585 0
1679953689112 36.628190707881004 0
1679953726522 37.093827753094956 0
1679953763783 36.948884639889 0
1679953800588 36.47450241399929 0
1679953838199 37.28441019100137 0
1679953968772 37.16222846810706 0
1679954005796 36.70831332798116 0
1679954043295 37.17857570713386 0
1679954080919 37.30418507615104 0
1679954118350 37.11651302408427 0
1679954154902 36.21288947202265 0
1679954191209 35.99329302110709 0
1679954228003 36.501112618949264 0
1679954265044 36.71013914397918 0
1679954302071 36.707703093998134 0
1679954435216 36.83391613513231 0
1679954472769 37.21714124199934 0
1679954510491 37.383284758077934 0
1679954547511 36.697163386968896 0
1679954585240 37.39344144007191 0
1679954622732 37.17984625999816 0
1679954660174 37.146072054049 0
1679954696810 36.32149955094792 0
1679954734263 37.11415406805463 0
1679954771141 36.569445996079594 0
1679954907229 37.29149201908149 0
1679954943865 36.31825534510426 0
1679954980972 36.77389938314445 0
1679955017954 36.65672694891691 0
1679955055321 37.00943911005743 0
1679955092417 36.7960485231597 0
1679955130098 37.338546394137666 0
1679955167192 36.73945058998652 0
1679955204192 36.66005935310386 0
1679955241665 37.148537440923974 0
1679955379910 36.81534303398803 0
1679955417518 37.26994984713383 0
1679955455210 37.35060263797641 0
1679955492595 37.041254156967625 0
1679955529578 36.63863246003166 0
1679955567034 37.12270287098363 0
1679955604250 36.896670683985576 0
1679955641486 36.89919182797894 0
1679955678818 36.99737548897974 0
1679955715919 36.77165173296817 0
