1679825097404 138.44707545591518 0
1679825236867 138.90423286601435 0
1679825383612 146.2098062869627 0
1679825523097 138.92832132102922 0
1679825663250 139.6034974299837 0
1679825803885 140.10905381699558 0
1679825943237 138.8186259670183 0
1679826083438 139.6603904350195 0
1679826222569 138.5907880750019 0
1679826361977 138.86965716595296 0
1679826386610 9.024726707022637 0
1679826395882 8.976391431991942 0
1679826405197 8.983871596981771 0
1679826414839 9.334379478939809 0
1679826424438 9.292005158029497 0
1679826433759 9.035109860007651 0
1679826443585 9.514614281943068 0
1679826453412 9.52592122904025 0
1679826463054 9.330228476086631 0
1679826472656 9.314278618083335 0
1679826498005 9.186667700996622 0
1679826507629 9.299926388892345 0
1679826516964 9.039660591981374 0
1679826526217 8.938887221971527 0
1679826535770 9.22554510307964 0
1679826545451 9.347074056975543 0
1679826554992 9.214365663938224 0
1679826564387 9.082062843022868 0
1679826574032 9.367385682999156 0
1679826583652 9.342043319018558 0
1679826611387 11.286916307057254 0
1679826621476 9.678441892960109 0
1679826631298 9.540368055109866 0
1679826640810 9.220749505097046 0
1679826650092 8.977533965022303 0
1679826659423 9.04972811206244 0
1679826669088 9.346525846980512 0
1679826678395 8.993528588092886 0
1679826687805 9.092025578953326 0
1679826697261 9.160242672078311 0
1679826723503 9.159210131969303 0
1679826732904 9.08179555600509 0
1679826742505 9.300569550017826 0
1679826752211 9.401943864999339 0
1679826761815 9.269771317020059 0
1679826771304 9.136121946037747 0
1679826780817 9.210655031958595 0
1679826790207 9.097051760996692 0
1679826799553 9.013151111081243 0
1679826809005 9.150777696981095 0
1679826835782 9.089465175988153 0
1679826845314 9.213249588967301 0
1679826854681 9.026218205923215 0
1679826864183 9.171709522954188 0
1679826873494 9.028917621006258 0
1679826883412 9.610563340014778 0
1679826892675 8.947470780927688 0
1679826901966 8.974431541981176 0
1679826911291 9.008305814000778 0
1679826921062 9.460523660061881 0
1679826947933 9.370261615957133 0
1679826957378 9.12328998092562 0
1679826966885 9.140873680007644 0
1679826976366 9.162855503032915 0
1679826985871 9.219601268065162 0
1679826995214 9.040781259071082 0
1679827004425 8.93161825009156 0
1679827014351 9.602595580043271 0
1679827023720 9.03956276900135 0
1679827033498 9.439859750913456 0
1679827060734 9.172132347943261 0
1679827070450 9.433106633019634 0
1679827079932 9.147838918026537 0
1679827089261 8.996708719991148 0
1679827098696 9.096695518004708 0
1679827108346 9.31774087692611 0
1679827117738 9.070243238005787 0
1679827127327 9.245727119967341 0
1679827137082 9.43764487397857 0
1679827146600 9.19780661794357 0
1679827174831 9.277060727006756 0
1679827184442 9.289611215004697 0
1679827194048 9.292755850940011 0
1679827203479 9.075821296079084 0
1679827212988 9.204828646965325 0
1679827222557 9.223789655952714 0
1679827231999 9.113537591998465 0
1679827241509 9.17475711402949 0
1679827250788 8.927966361050494 0
1679827260370 9.24170353601221 0
1679827289253 9.275306343915872 0
1679827298864 9.264345178031363 0
1679827308303 9.118716794066131 0
1679827317789 9.155145801021717 0
1679827327271 9.145632607978769 0
1679827336586 8.98425600794144 0
1679827346319 9.404765501036309 0
1679827355662 9.035948220989667 0
1679827365295 9.293670705985278 0
1679827374696 9.08522364392411 0
1679827404906 9.136252865078859 0
1679827414399 9.151079701958224 0
1679827424007 9.277746845968068 0
1679827433673 9.311217395006679 0
1679827443134 9.133517598034814 0
1679827452806 9.349259887938388 0
1679827461977 8.857219630037434 0
1679827471308 9.00501634401735 0
1679827480723 9.082085957983509 0
1679827490292 9.225850607035682 0
1679827520507 9.630054298904724 0
1679827530260 9.421721827005967 0
1679827539677 9.054375745006837 0
1679827549079 9.064337685937062 0
1679827558801 9.39595197502058 0
1679827568367 9.219146461924538 0
1679827577847 9.137101625092328 0
1679827587358 9.184391692979261 0
1679827596995 9.290215059067123 0
1679827607029 9.664936123066582 0
1679827637901 9.217606756952591 0
1679827647568 9.322153612039983 0
1679827657691 9.78961915592663 0
1679827667643 9.612279342021793 0
1679827677300 9.31174697401002 0
1679827687188 9.562651170999743 0
1679827696741 9.232176556019112 0
1679827706473 9.358636825112626 0
1679827716020 9.17762908700388 0
1679827725752 9.396169092971832 0
1679827757124 9.302096462924965 0
1679827767062 9.590567267034203 0
1679827777068 9.645415724022314 0
1679827786951 9.557111869915389 0
1679827796542 9.252579943044111 0
1679827806079 9.222704099025577 0
1679827815929 9.498516166000627 0
1679827825477 9.189158155000769 0
1679827835114 9.32259655103553 0
1679827844857 9.402199057047255 0
1679827877032 9.249629916041158 0
1679827886506 9.131383488071151 0
1679827896235 9.356661632074974 0
1679827906361 9.808753801044077 0
1679827916163 9.477150763967074 0
1679827926261 9.74213171901647 0
1679827940641 14.046823827084154 0
1679827951288 10.28582072199788 0
1679827961456 9.768925764947198 0
1679827971484 9.691527884919196 0
1679828003684 9.29083845403511 0
1679828013271 9.256800120114349 0
1679828023045 9.394269670010544 0
1679828033184 9.764925446012057 0
1679828042802 9.26610738702584 0
1679828052601 9.447753945947625 0
1679828062234 9.284030503011309 0
1679828071891 9.30419009597972 0
1679828081457 9.239368217997253 0
1679828091294 9.504625216010027 0
1679828124626 9.742682248936035 0
1679828134173 9.219892665976658 0
1679828143843 9.329844151972793 0
1679828153267 9.081374629982747 0
1679828162799 9.16099777200725 0
1679828172280 9.160419089021161 0
1679828181818 9.191892881994136 0
1679828191336 9.187096695997752 0
1679828201130 9.464894091011956 0
1679828210892 9.38133065297734 0
1679828244362 9.127209273981862 0
1679828253909 9.226309401914477 0
1679828263762 9.469645316014066 0
1679828273568 9.445856721024029 0
1679828283085 9.179704547044821 0
1679828292453 9.016920216032304 0
1679828301875 9.081239435006864 0
1679828311615 9.359178377897479 0
1679828321149 9.187225962989032 0
1679828330804 9.314360740943812 0
1679828364694 9.215204693027772 0
1679828374342 9.306293513043784 0
1679828384164 9.441226044902578 0
1679828393988 9.48084428999573 0
1679828403882 9.524755561957136 0
1679828413468 9.244341025943868 0
1679828423212 9.376756871934049 0
1679828433219 9.657192836981267 0
1679828443176 9.627976136980578 0
1679828452585 9.095946011017077 0
1679828487485 9.374182825093158 0
1679828497360 9.536736884969287 0
1679828506949 9.241961292922497 0
1679828516393 9.127672013011761 0
1679828526087 9.325247977976687 0
1679828536364 9.9207659419626 0
1679828546196 9.512409916962497 0
1679828555827 9.249201284023002 0
1679828565606 9.426788817043416 0
1679828575200 9.254822683986276 0
