1679825097399 0.07968303457621544 0
1679825236853 0.03013055896407068 0
1679825383606 0.021683687330389004 0
1679825523089 0.01899048634344299 0
1679825663243 0.016236180236333136 0
1679825803881 0.011056819949741057 0
1679825943227 0.011505061247776286 0
1679826083432 0.009445576841691384 0
1679826222560 0.008775985421193289 0
1679826361970 0.008203501496860171 0
1679826386602 1.8411588456285628 0
1679826395877 0.08414709039620663 0
1679826405190 0.036506369739378756 0
1679826414832 0.015341947737493013 0
1679826424434 0.011544528623160563 0
1679826433752 0.009880836469758498 0
1679826443578 0.011525136085325165 0
1679826453405 0.007167870365083218 0
1679826463043 0.017666235071067748 0
1679826472648 0.009366134583557907 0
1679826497998 3.32879456971821 0
1679826507623 0.44484740276085705 0
1679826516955 0.16027734158070464 0
1679826526208 0.06624788998773223 0
1679826535763 0.04707144897823271 0
1679826545440 0.029963725217078862 0
1679826554986 0.023402508220782405 0
1679826564381 0.01633582156347601 0
1679826574027 0.023939160394825434 0
1679826583646 0.013427574648276756 0
1679826611372 2.0485464655451087 0
1679826621471 0.09958004720116917 0
1679826631291 0.04486401746245591 0
1679826640805 0.025352762021908636 0
1679826650083 0.02229653246406662 0
1679826659418 0.02544231272645687 0
1679826669078 0.020689145225639406 0
1679826678388 0.011873122843864718 0
1679826687797 0.015025761032378987 0
1679826697256 0.008677641787615261 0
1679826723496 1.7473577478214315 0
1679826732895 0.2463983263624342 0
1679826742499 0.12155605034020386 0
1679826752200 0.07755125853184022 0
1679826761807 0.05124229029997399 0
1679826771292 0.03254875407407158 0
1679826780812 0.03409548601821849 0
1679826790200 0.07545021777286341 0
1679826799542 0.024561255876170963 0
1679826808997 0.014407644352238428 0
1679826835771 1.4410171643683785 0
1679826845306 0.2509673491512474 0
1679826854670 0.146076258703282 0
1679826864177 0.0812360140838121 0
1679826873487 0.06106865921204812 0
1679826883404 0.04519909315889603 0
1679826892666 0.04424651209264994 0
1679826901960 0.03161183116271308 0
1679826911282 0.02986429398389239 0
1679826921056 0.026023080376418012 0
1679826947928 0.7055543413973953 0
1679826957369 0.04016617158623902 0
1679826966877 0.019925568899826 0
1679826976360 0.011834804904892256 0
1679826985865 0.022876484608767848 0
1679826995208 0.02385610179779561 0
1679827004420 0.008117450322759779 0
1679827014346 0.005634705923301609 0
1679827023707 0.005670727809008799 0
1679827033486 0.005951839656029877 0
1679827060726 1.085558277603827 0
1679827070444 0.1615936992591933 0
1679827079922 0.07309282907333813 0
1679827089252 0.06354493515958128 0
1679827098689 0.031077939188598018 0
1679827108339 0.03621241365020213 0
1679827117727 0.029142792807205727 0
1679827127321 0.03341250542159143 0
1679827137075 0.013112301604920312 0
1679827146587 0.02230736310348699 0
1679827174817 0.8936135935155969 0
1679827184435 0.06402984149263878 0
1679827194039 0.0440406972934541 0
1679827203471 0.026217066006440866 0
1679827212982 0.030777729425187174 0
1679827222551 0.02735102918783301 0
1679827231991 0.030753183908956615 0
1679827241493 0.02342043953800672 0
1679827250781 0.018862360843310232 0
1679827260362 0.013853722080392273 0
1679827289246 0.8755614708913 0
1679827298851 0.075620375137384 0
1679827308294 0.0451761018239746 0
1679827317781 0.03710030174176944 0
1679827327265 0.019011412016851338 0
1679827336578 0.025810129930706402 0
1679827346313 0.023981368007432474 0
1679827355652 0.01588517528419432 0
1679827365286 0.01425945557359802 0
1679827374686 0.014516838316462543 0
1679827404899 0.7986719914957097 0
1679827414390 0.06814765904196783 0
1679827423998 0.03178059323445747 0
1679827433665 0.020476357408456113 0
1679827443127 0.030338349384500793 0
1679827452797 0.01588440867336957 0
1679827461970 0.010451456345617772 0
1679827471298 0.007949271067780884 0
1679827480710 0.0170979750636769 0
1679827490285 0.03068718698463942 0
1679827520496 1.1233112061494275 0
1679827530252 0.1547348645074587 0
1679827539668 0.07407574740875708 0
1679827549072 0.05004868088780265 0
1679827558794 0.03334909316250368 0
1679827568361 0.027642413478736815 0
1679827577840 0.022113498922829565 0
1679827587350 0.03077585078089645 0
1679827596979 0.03105638193848886 0
1679827607021 0.034614553567218154 0
1679827637893 1.3810494613490607 0
1679827647558 0.11261619652964566 0
1679827657684 0.05707280071648328 0
1679827667636 0.04387327143922448 0
1679827677291 0.026575769018381833 0
1679827687181 0.02295560828459106 0
1679827696734 0.020385153174988534 0
1679827706463 0.03095929201104139 0
1679827716007 0.02034545988824807 0
1679827725734 0.01345409491638604 0
1679827757117 0.5800864556069044 0
1679827767051 0.018496578551926896 0
1679827777058 0.007899751732321946 0
1679827786943 0.007113031158223748 0
1679827796536 0.007946883009648636 0
1679827806072 0.004904409358277917 0
1679827815921 0.003133422131405065 0
1679827825468 0.002745701529477772 0
1679827835106 0.0026902382262051104 0
1679827844849 0.002744348379048078 0
1679827877024 0.5366338907201823 0
1679827886499 0.05571908141045194 0
1679827896225 0.02351086404860804 0
1679827906349 0.0200685977984808 0
1679827916156 0.01997923210851456 0
1679827926252 0.008138379822240064 0
1679827940634 0.020856893033181365 0
1679827951269 0.024689216911792756 0
1679827961445 0.011174169349435128 0
1679827971475 0.012779453602668486 0
1679828003674 0.8265959401860049 0
1679828013263 0.09087827835035951 0
1679828023031 0.057039077560368336 0
1679828033165 0.030623094198343002 0
1679828042795 0.019987976565761 0
1679828052588 0.017971079120118368 0
1679828062226 0.016779146559144323 0
1679828071881 0.014804656681065497 0
1679828081449 0.010681283547493972 0
1679828091286 0.011315002248279358 0
1679828124612 0.9662419353660784 0
1679828134162 0.09539837711735775 0
1679828143835 0.04893729591644124 0
1679828153258 0.03340664300577421 0
1679828162789 0.027846214616377103 0
1679828172272 0.02248460452905611 0
1679828181810 0.015656938800882352 0
1679828191327 0.014399386045375938 0
1679828201122 0.007755382280600698 0
1679828210878 0.011129162190972191 0
1679828244353 0.8119195015414765 0
1679828253899 0.11156656939144197 0
1679828263752 0.06457039195259935 0
1679828273558 0.04662218286998962 0
1679828283077 0.02860309283592199 0
1679828292442 0.03387147242595491 0
1679828301866 0.039367354911212855 0
1679828311602 0.020479919045771424 0
1679828321131 0.01699537077526513 0
1679828330796 0.012257396395465261 0
1679828364684 0.8623114149429296 0
1679828374331 0.0738041293366175 0
1679828384156 0.03979348090330237 0
1679828393980 0.028188581068656945 0
1679828403871 0.020085264340435203 0
1679828413460 0.027088319451401107 0
1679828423203 0.026765215784115226 0
1679828433211 0.017723260736583094 0
1679828443167 0.017696787220867056 0
1679828452577 0.010838718408424604 0
1679828487476 0.5346177850408773 0
1679828497343 0.01777176083996892 0
1679828506940 0.013897184819277179 0
1679828516383 0.01039526982870149 0
1679828526073 0.006067393119692018 0
1679828536355 0.008326089987531305 0
1679828546178 0.030998679953872375 0
1679828555811 0.020470541347994618 0
1679828565597 0.019052536393466747 0
1679828575191 0.010288960310189348 0
