1680224861835 0.019700410933603092 0
1680224885240 0.0012829615820770766 0
1680224908763 0.0024390142528513924 0
1680224932753 0.0005688189014033505 0
1680224956054 0.0005101543966639797 0
1680224979078 0.00030008324065148 0
1680225002054 0.00019834376042620561 0
1680225025324 0.0007523070909614429 0
1680225048486 0.0001934148655319285 0
1680225071823 0.0005647576648631827 0
1680225146761 5.500578226471213e-05 0
1680225222493 1.7073362351534493e-05 0
1680225296891 1.1004674187354115e-05 0
1680225370848 9.2265047852194e-06 0
1680225445858 1.4009929642403393e-05 0
1680225520994 6.1463037987419555e-06 0
1680225596641 4.709610576949168e-06 0
1680225671798 4.853140380199967e-06 0
1680225747303 5.203210128121592e-06 0
1680225822658 4.549412603077106e-06 0
1680225899201 0.0004376918992295106 0
1680225974281 0.00023852602493836303 0
1680226049842 2.1988288983057895e-05 0
1680226125260 7.535587630527002e-06 0
1680226201115 7.878782811413883e-06 0
1680226276569 5.760205468623277e-06 0
1680226351773 4.734548801622138e-06 0
1680226427032 3.686756514774278e-06 0
1680226502302 5.6052004778723136e-06 0
1680226578269 2.9722501019724735e-06 0
1680226654251 0.0002478469707544001 0
1680226729406 0.00016165223739420955 0
1680226804563 3.5725012827798564e-05 0
1680226879266 1.9903703317332165e-05 0
1680226953949 1.3758417585362867e-05 0
1680227029279 1.3445522687990735e-05 0
1680227104556 5.16397126398749e-05 0
1680227179599 9.352704775427406e-06 0
1680227255424 7.348239025954355e-06 0
1680227330873 9.98854280672435e-06 0
1680227398716 0.0002747116406379693 0
1680227466099 1.2275910529398754e-05 0
1680227534016 1.0017661780939785e-05 0
1680227601095 6.210636127274121e-06 0
1680227668415 7.646153299397422e-06 0
1680227735375 5.923156189810288e-06 0
1680227803192 5.6839427119822e-06 0
1680227870744 4.116601533987443e-06 0
1680227938402 4.370230363139834e-06 0
1680228005429 3.6971031596047822e-06 0
1680228104702 0.021080309004702813 0
1680228202012 0.0032100444698110993 0
1680228299732 0.002768205753591881 0
1680228397768 0.0007465699738394357 0
1680228494753 0.0009217608211502222 0
1680228591806 0.0006470067853185123 0
1680228690247 0.0004541935403369999 0
1680228788428 0.00019043190192099055 0
1680228886138 0.00010889412886642678 0
1680228983444 6.297849806499069e-05 0
1680229049198 0.008929196734755649 0
1680229111709 0.0008573228162336397 0
1680229174409 0.0003721279419424894 0
1680229236750 0.00033107693777065364 0
1680229300076 0.00010330071048693299 0
1680229363370 0.00033648397759066364 0
1680229426407 0.000828502545334502 0
1680229488705 0.00016393028458328672 0
1680229551384 0.00012680626406909616 0
1680229613963 0.00011122003474766163 0
1680229639261 0.023787582937984553 0
1680229661641 0.003007796453444238 0
1680229683767 0.0005949797364448097 0
1680229705597 0.0002560557838802374 0
1680229727661 0.00010175323882623941 0
1680229749768 5.131055213969295e-05 0
1680229772075 0.0006159322476626795 0
1680229794044 0.0001399486408479434 0
1680229816321 8.303355125322135e-05 0
1680229838638 0.00010749257115846771 0
1680229917349 0.04031373339092029 0
1680229993108 0.0009877843339584668 0
1680230068461 0.0009192465048343087 0
1680230143654 0.0008567832171980685 0
1680230219341 0.00031615447904131174 0
1680230295062 0.0005747764066187497 0
1680230370755 0.0008062186505895353 0
1680230446365 0.0003385078544529609 0
1680230522394 0.0002108073632993089 0
1680230598030 0.00026712583974024273 0
1680230623950 0.037271944518554374 0
1680230646457 0.0056923918313710065 0
1680230669110 0.0012153012598024996 0
1680230691206 0.0019102625596250109 0
1680230713650 0.0013276421013536518 0
1680230736065 0.0005535464604715819 0
1680230758681 0.0003769912638907862 0
1680230781086 0.0009293025081531412 0
1680230803629 0.0004250196671472864 0
1680230825795 0.0008260464208646177 0
1680230851364 0.04171873261700827 0
1680230873541 0.007890293231401337 0
1680230895797 0.0022895231735648204 0
1680230917827 0.0003912862336650044 0
1680230939746 0.00028655823496844744 0
1680230962262 0.00018788113452740762 0
1680230983780 0.00011850982903407215 0
1680231005576 0.00022952150194915097 0
1680231027405 8.901131229396324e-05 0
1680231049305 0.0010896585211817161 0
1680231072714 0.050439012731136094 0
1680231092530 0.009428430572483559 0
1680231111484 0.0008550188362991947 0
1680231130889 0.009669761991206446 0
1680231150960 0.0010701068693892552 0
1680231170783 0.0003909758020874166 0
1680231190730 0.00021056168554171097 0
1680231210726 0.0001983413995300285 0
1680231230391 0.00020427622014300035 0
1680231250519 0.00015856047369950603 0
1680231275010 0.018390852161447722 0
1680231294474 0.004278325952200773 0
1680231314445 0.0017703734654682753 0
1680231333771 0.0022590930984471504 0
1680231353304 0.0009135490026958101 0
1680231372963 0.0002873395841465236 0
1680231392679 0.00011662438977457266 0
1680231412091 0.00035118081993346095 0
1680231431255 5.73057612204873e-05 0
1680231451120 0.006199927090346609 0
