1680224861822 0.9928010471204188 0
1680224885229 0.9998363874345549 0
1680224908750 0.9992637434554974 0
1680224932742 0.9999181937172775 0
1680224956043 0.9998363874345549 0
1680224979066 1.0 0
1680225002041 0.9999181937172775 0
1680225025309 0.9997545811518325 0
1680225048475 1.0 0
1680225071811 0.9998363874345549 0
1680225146752 1.0 0
1680225222481 1.0 0
1680225296876 1.0 0
1680225370835 1.0 0
1680225445846 1.0 0
1680225520982 1.0 0
1680225596627 1.0 0
1680225671785 1.0 0
1680225747291 1.0 0
1680225822643 1.0 0
1680225899189 0.9998195727482679 0
1680225974270 0.9999639145496536 0
1680226049830 1.0 0
1680226125249 1.0 0
1680226201098 1.0 0
1680226276560 1.0 0
1680226351760 1.0 0
1680226427016 1.0 0
1680226502291 1.0 0
1680226578255 1.0 0
1680226654240 0.9999266431924883 0
1680226729392 0.9999633215962441 0
1680226804551 1.0 0
1680226879256 1.0 0
1680226953936 1.0 0
1680227029268 1.0 0
1680227104540 0.9999633215962441 0
1680227179585 1.0 0
1680227255413 1.0 0
1680227330863 1.0 0
1680227398700 0.9999162198391421 0
1680227466087 1.0 0
1680227534008 1.0 0
1680227601077 1.0 0
1680227668403 1.0 0
1680227735360 1.0 0
1680227803181 1.0 0
1680227870732 1.0 0
1680227938390 1.0 0
1680228005417 1.0 0
1680228104684 0.9944767441860465 0
1680228202002 0.998953488372093 0
1680228299721 0.9991860465116279 0
1680228397761 0.9998255813953488 0
1680228494738 0.9997383720930233 0
1680228591791 0.9998255813953488 0
1680228690236 0.9999127906976745 0
1680228788414 0.9999709302325581 0
1680228886126 1.0 0
1680228983430 1.0 0
1680229049181 0.9977448453608248 0
1680229111697 0.9996778350515464 0
1680229174397 0.9999539764359352 0
1680229236736 0.9999079528718704 0
1680229300060 1.0 0
1680229363359 0.9999539764359352 0
1680229426394 0.9998619293078056 0
1680229488686 0.9999539764359352 0
1680229551369 1.0 0
1680229613950 1.0 0
1680229639243 0.9930862831858407 0
1680229661631 0.9988938053097345 0
1680229683756 0.9997234513274337 0
1680229705581 1.0 0
1680229727649 1.0 0
1680229749751 1.0 0
1680229772059 0.9997234513274337 0
1680229794032 1.0 0
1680229816310 1.0 0
1680229838626 1.0 0
1680229917337 0.990562343358396 0
1680229993096 0.9998825187969925 0
1680230068446 0.9998433583959899 0
1680230143632 0.9997650375939849 0
1680230219329 0.999921679197995 0
1680230295052 0.9997650375939849 0
1680230370742 0.9998433583959899 0
1680230446350 0.9999608395989975 0
1680230522380 0.9999608395989975 0
1680230598018 0.9999608395989975 0
1680230623934 0.9915424311926605 0
1680230646440 0.9987098623853211 0
1680230669098 0.9998566513761468 0
1680230691195 0.9994266055045872 0
1680230713640 0.9995699541284404 0
1680230736053 0.9998566513761468 0
1680230758665 0.9998566513761468 0
1680230781074 0.9997133027522935 0
1680230803618 0.9998566513761468 0
1680230825784 0.9998566513761468 0
1680230851352 0.9908791866028708 0
1680230873528 0.9982057416267942 0
1680230895782 0.9992523923444976 0
1680230917820 1.0 0
1680230939732 1.0 0
1680230962249 1.0 0
1680230983767 1.0 0
1680231005567 1.0 0
1680231027390 1.0 0
1680231049293 0.999700956937799 0
1680231072696 0.986244019138756 0
1680231092513 0.9973086124401914 0
1680231111474 1.0 0
1680231130877 0.9977571770334929 0
1680231150946 1.0 0
1680231170771 1.0 0
1680231190718 1.0 0
1680231210704 1.0 0
1680231230373 1.0 0
1680231250504 1.0 0
1680231274995 0.9957932692307693 0
1680231294463 0.9987980769230769 0
1680231314424 0.9996995192307693 0
1680231333759 0.9995492788461539 0
1680231353283 0.9996995192307693 0
1680231372953 1.0 0
1680231392664 1.0 0
1680231412077 0.9998497596153846 0
1680231431243 1.0 0
1680231451109 0.998046875 0
