1680224861845 24.949015762998897 0
1680224885247 23.11135867900157 0
1680224908771 23.259177142004773 0
1680224932759 23.71868630999961 0
1680224956063 23.053064198997163 0
1680224979094 22.75724748299399 0
1680225002068 22.666918540999177 0
1680225025336 22.99538147400017 0
1680225048496 22.889195566996932 0
1680225071831 23.080094265998923 0
1680225146769 74.3026626810024 0
1680225222501 75.46921896700223 0
1680225296903 74.12430015300197 0
1680225370856 73.69874859099946 0
1680225445866 74.75180632100091 0
1680225521003 74.87228595799388 0
1680225596650 75.3432146050036 0
1680225671805 74.89269291899836 0
1680225747310 75.24500977199932 0
1680225822667 75.08846890299901 0
1680225899208 75.59808473099838 0
1680225974290 74.81158157399477 0
1680226049851 75.2904056970001 0
1680226125271 75.15182650399947 0
1680226201124 75.57994274800149 0
1680226276580 75.19215509299829 0
1680226351783 74.93039063299511 0
1680226427043 74.97533994299738 0
1680226502308 75.00529743400693 0
1680226578278 75.68863743099791 0
1680226654258 74.77628493499651 0
1680226729419 74.88305168300576 0
1680226804572 74.88252336699952 0
1680226879274 74.43500081499951 0
1680226953961 74.43024739000248 0
1680227029286 75.06421525699989 0
1680227104562 75.0136151129991 0
1680227179606 74.78953126000124 0
1680227255430 75.56833071199799 0
1680227330880 75.19107441399683 0
1680227398730 66.26185909099877 0
1680227466108 67.10674248499708 0
1680227534023 67.67572791400016 0
1680227601104 66.8233034119985 0
1680227668423 67.06463616999827 0
1680227735384 66.68885760799458 0
1680227803200 67.55321157899743 0
1680227870757 67.29671193700051 0
1680227938410 67.39585160800198 0
1680228005438 66.76968327799841 0
1680228104712 97.40425559399591 0
1680228202021 97.02728970299358 0
1680228299752 97.4178613940021 0
1680228397775 97.75188232400251 0
1680228494762 96.69300902200484 0
1680228591813 96.77327573300136 0
1680228690259 98.16655923899816 0
1680228788449 97.90382461500121 0
1680228886146 97.39739609800017 0
1680228983457 97.01737450999644 0
1680229049210 62.947413409994624 0
1680229111717 62.24813830600033 0
1680229174417 62.44682997500058 0
1680229236760 62.09090346499579 0
1680229300087 63.06284677099757 0
1680229363378 63.04997777799872 0
1680229426417 62.78781539599731 0
1680229488717 62.01774321200355 0
1680229551394 62.413377032004064 0
1680229613977 62.320571345000644 0
1680229639277 21.98806558799697 0
1680229661648 22.138781295005174 0
1680229683774 21.8902063179994 0
1680229705609 21.59667175699724 0
1680229727669 21.832120762999693 0
1680229749778 21.858661801998096 0
1680229772091 22.074826251999184 0
1680229794051 21.734150690004753 0
1680229816332 22.076034092002374 0
1680229838647 22.086542693999945 0
1680229917358 75.48625714299851 0
1680229993125 75.49631592300284 0
1680230068472 75.07032452199928 0
1680230143668 74.91649404799682 0
1680230219348 75.42444175400306 0
1680230295069 75.45090204199369 0
1680230370763 75.4261637249947 0
1680230446385 75.33175165799912 0
1680230522405 75.7457275429988 0
1680230598038 75.36253396500251 0
1680230623962 21.88555031699798 0
1680230646467 22.26519830700272 0
1680230669118 22.42106401699857 0
1680230691214 21.861748679999437 0
1680230713657 22.229970135995245 0
1680230736073 22.163000738997653 0
1680230758690 22.386863476000144 0
1680230781101 22.15690882600029 0
1680230803637 22.306656649001525 0
1680230825803 21.946200690996193 0
1680230851372 21.437799914994685 0
1680230873548 21.937604232000012 0
1680230895813 22.011129623999295 0
1680230917835 21.785267439001473 0
1680230939762 21.690066470000602 0
1680230962274 22.261573479998333 0
1680230983789 21.284287487003894 0
1680231005584 21.567567395999504 0
1680231027416 21.59675535900169 0
1680231049321 21.623958117997972 0
1680231072726 18.872258242001408 0
1680231092540 19.51543699499598 0
1680231111493 18.671639443004096 0
1680231130897 19.12864657799946 0
1680231150970 19.789991394005483 0
1680231170792 19.537247761996696 0
1680231190738 19.67179313499946 0
1680231210738 19.695866297995963 0
1680231230401 19.369515366000996 0
1680231250529 19.834300041999086 0
1680231275020 19.9140546560011 0
1680231294482 19.15874908099795 0
1680231314459 19.66828497399547 0
1680231333780 19.037608772996464 0
1680231353316 19.229367149004247 0
1680231372986 19.379667116001656 0
1680231392688 19.40644387800421 0
1680231412100 19.113560837999103 0
1680231431264 18.879185706995486 0
1680231451128 19.579922663004254 0
