1679404083054 0.32814451863782274 0
1679404087253 0.12604406304243537 0
1679404091268 0.10068188379259987 0
1679404095171 0.06358735980660034 0
1679404099237 0.07260291665895946 0
1679404103242 0.09213454525581458 0
1679404107271 0.07598991270384027 0
1679404111257 0.040978213732402465 0
1679404115215 0.01811955882294569 0
1679404119428 0.022642003849452724 0
1679404133655 0.4607036760646022 0
1679404137561 0.0766692234060934 0
1679404141584 0.026421901654814266 0
1679404145500 0.02266300669834891 0
1679404149691 0.027895945449644285 0
1679404153964 0.013882493088587782 0
1679404157935 0.019678097031525493 0
1679404161871 0.006779673787968931 0
1679404165930 0.004438503583019661 0
1679404170080 0.01940428223307309 0
1679404185308 0.5930053816694353 0
1679404188303 0.059606314330206564 0
1679404192535 0.042871854193799665 0
1679404196713 0.03256017620992174 0
1679404200697 0.015182650756550073 0
1679404204775 0.014582472756026416 0
1679404208934 0.008527106748078949 0
1679404212946 0.012374262758385157 0
1679404216916 0.0013042517422137381 0
1679404221279 0.0003799121957652258 0
1679404236962 0.6715871331075 0
1679404241054 0.09344453243021336 0
1679404245194 0.07879580898119862 0
1679404249067 0.05128882918539198 0
1679404253069 0.0331874252849957 0
1679404256087 0.04260983532326969 0
1679404260213 0.021511121338719224 0
1679404264369 0.029642627306263117 0
1679404268249 0.024479529450076774 0
1679404272578 0.013377847433649651 0
1679404288275 0.9042371745531758 0
1679404292409 0.08752778962047564 0
1679404296603 0.07184098247930201 0
1679404300712 0.03669103493221984 0
1679404304824 0.03435489816377715 0
1679404308942 0.02418568903635282 0
1679404313266 0.01291953121659996 0
1679404317310 0.0143746964027135 0
1679404321023 0.013554221886079177 0
1679404324498 0.008150582898815628 0
1679404342003 0.8971136028154029 0
1679404346214 0.15034388187858794 0
1679404350251 0.11394624985081868 0
1679404354367 0.07199856094472731 0
1679404358573 0.07571144523357766 0
1679404362781 0.05296650355901673 0
1679404367060 0.04712154684045042 0
1679404371143 0.014839351721780582 0
1679404375389 0.011934427699048279 0
1679404379410 0.017568213076770513 0
1679404396193 0.8580204967228282 0
1679404400443 0.04376528159716852 0
1679404404438 0.027223964110776756 0
1679404408435 0.021699465219151334 0
1679404412541 0.017650739112387882 0
1679404416541 0.012246529612214847 0
1679404420622 0.016132731363904897 0
1679404425113 0.015433710038066945 0
1679404429271 0.005369370454597326 0
1679404433385 0.0026047437476235144 0
1679404450018 0.6775753440542354 0
1679404454144 0.10512100794714772 0
1679404457718 0.06045057936442188 0
1679404461062 0.04704518892750558 0
1679404465271 0.0352197335893935 0
1679404469411 0.03346709201691232 0
1679404473686 0.04668972186692473 0
1679404477756 0.03210714101894862 0
1679404481187 0.02261342923156917 0
1679404485358 0.020957417104444983 0
1679404502453 0.8375913838959402 0
1679404506663 0.15337145278851191 0
1679404510702 0.11069584844323496 0
1679404514864 0.08264538081776765 0
1679404519013 0.07026754707460188 0
1679404523101 0.04678172182434032 0
1679404527490 0.0442990237358673 0
1679404531631 0.0529826369550493 0
1679404535743 0.027832426334821827 0
1679404539944 0.02203300294139707 0
1679404557020 0.9625006103681193 0
1679404561105 0.1065301021742117 0
1679404565261 0.058488050320496164 0
1679404569353 0.04461960853659548 0
1679404573343 0.033628016085519144 0
1679404577579 0.03640754318290015 0
1679404581692 0.03725961312645975 0
1679404585632 0.01708108004814777 0
1679404589754 0.02730379751818772 0
1679404594106 0.00838310242567483 0
1679404610954 0.7046566998586059 0
1679404615278 0.09430977787512045 0
1679404619601 0.06702682682015519 0
1679404623803 0.05406255539387025 0
1679404627852 0.0531991785046153 0
1679404632106 0.03585165145519164 0
1679404636045 0.04018593075015815 0
1679404640073 0.023290039682534472 0
1679404644393 0.03249401616048999 0
1679404648586 0.023365800329176838 0
1679404666296 0.6463864219788876 0
1679404670654 0.146539291087538 0
1679404674936 0.06921078609043939 0
1679404679394 0.04655256995594957 0
1679404683593 0.04274355289073557 0
1679404687737 0.02953623302681889 0
1679404691797 0.02742122735427175 0
1679404696069 0.01077702623491253 0
1679404700395 0.023354888220880336 0
1679404704806 0.015136642018155221 0
1679404724497 0.8032998248727785 0
1679404728501 0.08563192404366823 0
1679404732672 0.048273882473909506 0
1679404737096 0.03653640269217754 0
1679404741555 0.014980216793143578 0
1679404745919 0.043922703062384646 0
1679404750090 0.015284722767602135 0
1679404754287 0.01915328316220742 0
1679404758397 0.011429772912298278 0
1679404762591 0.005523856410743772 0
1679404779925 1.0474078360944987 0
1679404784217 0.07300863632958175 0
1679404788631 0.05270594670227082 0
1679404793082 0.04069958224022735 0
1679404797284 0.015383453244834932 0
1679404801472 0.024945494467990808 0
1679404805490 0.016504426607086013 0
1679404809528 0.001948616014508136 0
1679404813841 0.0035741484570785864 0
1679404818106 0.0024983433830331908 0
1679404836630 0.5927443527720041 0
1679404840997 0.054670786091850866 0
1679404845492 0.03789921171749787 0
1679404849765 0.021321128781952817 0
1679404853982 0.013683051287403537 0
1679404858003 0.015406650291778432 0
1679404862139 0.0055175962366774915 0
1679404866418 0.006961597453684792 0
1679404870876 0.015134849593636722 0
1679404875008 0.019264150285218624 0
1679404893612 0.6629947037254977 0
1679404898137 0.0698368592472333 0
1679404902440 0.040380070493039155 0
1679404906615 0.027829948427905846 0
1679404910630 0.016005824330123788 0
1679404914919 0.00914168386023246 0
1679404919279 0.012404966640800315 0
1679404923850 0.006487049226860917 0
1679404928311 0.0040325800199449684 0
1679404932586 0.001712082673616856 0
1679404951539 0.774973818897787 0
1679404955327 0.12896222249578893 0
1679404959966 0.07160317274133882 0
1679404964376 0.05859028475275004 0
1679404968272 0.03345830549660604 0
1679404972539 0.020429211450229762 0
1679404976838 0.017404539073241822 0
1679404981218 0.006536039473758137 0
1679404985346 0.013412856531977014 0
1679404989610 0.010509937703267901 0
1679405008536 0.8743603269841211 0
1679405012668 0.05534136464250171 0
1679405016957 0.04099611536657903 0
1679405021423 0.030685662589934912 0
1679405025863 0.020560755198190842 0
1679405029922 0.0132422404090903 0
1679405034419 0.012100927981777608 0
1679405038748 0.016911814373209686 0
1679405042946 0.025598350649064135 0
1679405047229 0.01004289371723846 0
1679405066892 0.857359028317862 0
1679405071085 0.07036806027042783 0
1679405075201 0.04132840753494141 0
1679405079535 0.024439322283594973 0
1679405083637 0.017701416837775874 0
1679405088085 0.016937916240325042 0
1679405092455 0.018035753550793742 0
1679405096594 0.007238932702542418 0
1679405100786 0.004057565544189856 0
1679405104875 0.0032356807222943948 0
1679405125263 0.5998718086009224 0
1679405129363 0.11415837364426504 0
1679405133697 0.0806251842295751 0
1679405138054 0.04638024803943053 0
1679405142482 0.04202038515068125 0
1679405145861 0.024152396122291166 0
1679405150173 0.013670161654914005 0
1679405154578 0.01882998106270356 0
1679405158444 0.0197521396441314 0
1679405162760 0.006908712598306011 0
