1679404083043 0.9041666666666667 0
1679404087243 0.9645833333333333 0
1679404091256 0.9694444444444444 0
1679404095161 0.9822916666666667 0
1679404099232 0.9770833333333333 0
1679404103229 0.9711805555555556 0
1679404107260 0.9774305555555556 0
1679404111247 0.9871527777777778 0
1679404115205 0.9940972222222222 0
1679404119422 0.9920138888888889 0
1679404133643 0.9059027777777777 0
1679404137549 0.9774305555555556 0
1679404141573 0.9913194444444444 0
1679404145490 0.9920138888888889 0
1679404149679 0.990625 0
1679404153951 0.9958333333333333 0
1679404157925 0.9923611111111111 0
1679404161860 0.9979166666666667 0
1679404165926 0.9982638888888888 0
1679404170068 0.9930555555555556 0
1679404185295 0.8885416666666667 0
1679404188297 0.9819444444444444 0
1679404192528 0.9854166666666667 0
1679404196701 0.9895833333333334 0
1679404200691 0.99375 0
1679404204763 0.9954861111111111 0
1679404208922 0.9972222222222222 0
1679404212933 0.9961805555555555 0
1679404216905 0.9996527777777777 0
1679404221266 1.0 0
1679404236951 0.8635416666666667 0
1679404241041 0.971875 0
1679404245183 0.9736111111111111 0
1679404249056 0.9875 0
1679404253061 0.9868055555555556 0
1679404256076 0.9875 0
1679404260203 0.9916666666666667 0
1679404264357 0.9899305555555555 0
1679404268242 0.9895833333333334 0
1679404272571 0.9958333333333333 0
1679404288268 0.8149305555555556 0
1679404292394 0.9725694444444445 0
1679404296591 0.9736111111111111 0
1679404300701 0.9868055555555556 0
1679404304814 0.9857638888888889 0
1679404308932 0.9934027777777777 0
1679404313255 0.9951388888888889 0
1679404317299 0.996875 0
1679404321016 0.9947916666666666 0
1679404324486 0.9961805555555555 0
1679404341992 0.8170138888888889 0
1679404346201 0.95 0
1679404350241 0.9583333333333334 0
1679404354356 0.9736111111111111 0
1679404358563 0.9763888888888889 0
1679404362774 0.98125 0
1679404367049 0.9847222222222223 0
1679404371131 0.9958333333333333 0
1679404375374 0.996875 0
1679404379400 0.99375 0
1679404396182 0.8489583333333334 0
1679404400432 0.9836805555555556 0
1679404404433 0.9902777777777778 0
1679404408423 0.99375 0
1679404412530 0.9944444444444445 0
1679404416528 0.996875 0
1679404420614 0.9947916666666666 0
1679404425103 0.9954861111111111 0
1679404429261 0.9975694444444444 0
1679404433374 0.9993055555555556 0
1679404450012 0.8774305555555556 0
1679404454127 0.9649305555555555 0
1679404457710 0.9784722222222222 0
1679404461048 0.9833333333333333 0
1679404465261 0.9871527777777778 0
1679404469400 0.9875 0
1679404473675 0.9826388888888888 0
1679404477744 0.990625 0
1679404481175 0.9927083333333333 0
1679404485347 0.9930555555555556 0
1679404502437 0.7819444444444444 0
1679404506653 0.9541666666666667 0
1679404510689 0.9618055555555556 0
1679404514845 0.9690972222222223 0
1679404519001 0.9732638888888889 0
1679404523089 0.9822916666666667 0
1679404527479 0.9861111111111112 0
1679404531616 0.98125 0
1679404535733 0.9909722222222223 0
1679404539935 0.9920138888888889 0
1679404557012 0.8479166666666667 0
1679404561091 0.9684027777777777 0
1679404565248 0.9788194444444445 0
1679404569339 0.9836805555555556 0
1679404573330 0.9875 0
1679404577568 0.9875 0
1679404581679 0.9864583333333333 0
1679404585615 0.9944444444444445 0
1679404589743 0.9913194444444444 0
1679404594091 0.9979166666666667 0
1679404610943 0.8642361111111111 0
1679404615267 0.96875 0
1679404619589 0.9760416666666667 0
1679404623792 0.9809027777777778 0
1679404627838 0.9815972222222222 0
1679404632092 0.9885416666666667 0
1679404636033 0.9857638888888889 0
1679404640060 0.9909722222222223 0
1679404644381 0.9895833333333334 0
1679404648576 0.9909722222222223 0
1679404666282 0.8857638888888889 0
1679404670640 0.9614583333333333 0
1679404674925 0.9791666666666666 0
1679404679380 0.984375 0
1679404683573 0.9829861111111111 0
1679404687727 0.9909722222222223 0
1679404691787 0.990625 0
1679404696058 0.9965277777777778 0
1679404700385 0.99375 0
1679404704794 0.9951388888888889 0
1679404724486 0.8673611111111111 0
1679404728485 0.9694444444444444 0
1679404732660 0.9840277777777777 0
1679404737085 0.9861111111111112 0
1679404741537 0.9965277777777778 0
1679404745904 0.9854166666666667 0
1679404750075 0.9954861111111111 0
1679404754276 0.9944444444444445 0
1679404758386 0.9958333333333333 0
1679404762584 0.9986111111111111 0
1679404779914 0.8555555555555555 0
1679404784206 0.971875 0
1679404788620 0.9788194444444445 0
1679404793063 0.9833333333333333 0
1679404797272 0.9947916666666666 0
1679404801461 0.990625 0
1679404805479 0.9927083333333333 0
1679404809516 1.0 0
1679404813830 0.9986111111111111 0
1679404818093 0.9993055555555556 0
1679404836614 0.8857638888888889 0
1679404840986 0.9822916666666667 0
1679404845481 0.9850694444444444 0
1679404849754 0.990625 0
1679404853971 0.9951388888888889 0
1679404857988 0.9947916666666666 0
1679404862131 0.9993055555555556 0
1679404866403 0.9982638888888888 0
1679404870861 0.9951388888888889 0
1679404874996 0.9947916666666666 0
1679404893594 0.8822916666666667 0
1679404898123 0.978125 0
1679404902428 0.9875 0
1679404906602 0.9913194444444444 0
1679404910619 0.99375 0
1679404914906 0.9975694444444444 0
1679404919265 0.9965277777777778 0
1679404923837 0.9979166666666667 0
1679404928298 0.9989583333333333 0
1679404932574 1.0 0
1679404951525 0.8583333333333333 0
1679404955316 0.9614583333333333 0
1679404959958 0.9756944444444444 0
1679404964365 0.9850694444444444 0
1679404968257 0.9895833333333334 0
1679404972530 0.9951388888888889 0
1679404976824 0.9947916666666666 0
1679404981207 0.9982638888888888 0
1679404985334 0.9958333333333333 0
1679404989597 0.9979166666666667 0
1679405008524 0.8791666666666667 0
1679405012657 0.9788194444444445 0
1679405016944 0.9854166666666667 0
1679405021401 0.9875 0
1679405025851 0.9916666666666667 0
1679405029912 0.9951388888888889 0
1679405034408 0.9965277777777778 0
1679405038737 0.99375 0
1679405042932 0.9909722222222223 0
1679405047210 0.996875 0
1679405066880 0.8465277777777778 0
1679405071074 0.9760416666666667 0
1679405075187 0.9840277777777777 0
1679405079523 0.9920138888888889 0
1679405083619 0.9954861111111111 0
1679405088072 0.9954861111111111 0
1679405092443 0.9947916666666666 0
1679405096583 0.9975694444444444 0
1679405100775 0.9986111111111111 0
1679405104864 0.9989583333333333 0
1679405125250 0.8663194444444444 0
1679405129350 0.9663194444444444 0
1679405133686 0.9715277777777778 0
1679405138042 0.984375 0
1679405142471 0.9861111111111112 0
1679405145849 0.9930555555555556 0
1679405150158 0.996875 0
1679405154564 0.9930555555555556 0
1679405158425 0.9913194444444444 0
1679405162746 0.9975694444444444 0
