1679449584367 4.2036595629760996 0
1679449588927 4.4033418169710785 0
1679449593480 4.371061337995343 0
1679449597960 4.306232487899251 0
1679449602379 4.258603689959273 0
1679449606887 4.351538570015691 0
1679449611398 4.331830061972141 0
1679449615784 4.2267754330532625 0
1679449620151 4.207099154009484 0
1679449624726 4.416087144985795 0
1679449643876 7.220416184980422 0
1679449650745 6.7079213639954105 0
1679449658023 6.993742633028887 0
1679449665076 6.890813764999621 0
1679449672011 6.767850784934126 0
1679449679290 7.121525642927736 0
1679449686355 6.905616904958151 0
1679449693569 7.034119614982046 0
1679449700328 6.5421381059568375 0
1679449707943 7.43845243297983 0
1679449726946 6.92282149894163 0
1679449734032 6.922046561026946 0
1679449741076 6.815230487962253 0
1679449748147 6.907268682960421 0
1679449755380 6.977191934012808 0
1679449762684 7.047889075009152 0
1679449768781 5.925854547997005 0
1679449775989 7.042304317001253 0
1679449782473 6.323126852978021 0
1679449789494 6.857833121088333 0
1679449809027 7.215809555957094 0
1679449815973 6.779296830995008 0
1679449823128 6.96802701195702 0
1679449830717 7.430899785016663 0
1679449837023 6.099097704980522 0
1679449844485 7.296290215104818 0
1679449851185 6.3911927989684045 0
1679449858170 6.81589005398564 0
1679449865116 6.7811386690009385 0
1679449872242 6.96271202492062 0
1679449891742 7.171242084004916 0
1679449898632 6.716300294967368 0
1679449905889 6.988162736990489 0
1679449912923 6.842472026939504 0
1679449920378 7.264247538056225 0
1679449927497 6.94966508098878 0
1679449934823 7.082834920962341 0
1679449941805 6.800379561027512 0
1679449948886 6.899513568961993 0
1679449956371 7.310984721989371 0
1679449976303 7.043022945988923 0
1679449982103 5.558691020007245 0
1679449989246 6.976931715966202 0
1679449995991 6.5842116250423715 0
1679450003403 7.249419023981318 0
1679450010585 7.00670767610427 0
1679450017591 6.849825517041609 0
1679450024904 7.060763449990191 0
1679450032064 6.9929088690551 0
1679450039292 7.057076426921412 0
1679450057989 5.654008626006544 0
1679450065284 7.0998151620151475 0
1679450071865 6.4267959439894184 0
1679450078764 6.7214927159948274 0
1679450085784 6.8370875070104375 0
1679450092611 6.646072944975458 0
1679450099880 6.962867625057697 0
1679450107139 7.085558185935952 0
1679450114470 7.168318661977537 0
1679450121577 6.934022250003181 0
1679450140595 7.173111564014107 0
1679450147105 6.319311112980358 0
1679450154433 7.134623485966586 0
1679450161351 6.742989800986834 0
1679450168155 6.625230002915487 0
1679450175663 7.266358030959964 0
1679450183468 7.646646774956025 0
1679450190738 7.071052107959986 0
1679450197924 7.008169848006219 0
1679450204993 6.897547938046046 0
1679450223464 6.315317276981659 0
1679450230851 7.203889675904065 0
1679450238151 7.129080972983502 0
1679450244910 6.591588741983287 0
1679450252072 7.005645602941513 0
1679450258937 6.686921493965201 0
1679450266463 7.3362683840096 0
1679450273622 6.979430521954782 0
1679450280628 6.834600528003648 0
1679450287591 6.714973303023726 0
1679450311415 7.61094939801842 0
1679450318854 7.260392157011665 0
1679450326256 7.152826595003717 0
1679450333586 7.165055164019577 0
1679450340551 6.793682525050826 0
1679450347619 6.897914204047993 0
1679450354704 6.877769669983536 0
1679450361991 7.105568822007626 0
1679450369287 7.06484131293837 0
1679450375247 5.761665694997646 0
1679450396526 7.03312348597683 0
1679450403640 6.929918576963246 0
1679450410870 7.046759254066274 0
1679450418395 7.335965125006624 0
1679450425753 7.2057255449471995 0
1679450432995 7.053997875889763 0
1679450440427 7.255255864933133 0
1679450447770 7.148978346027434 0
1679450454662 6.6573669370263815 0
1679450461658 6.797401990974322 0
1679450482207 6.997710676048882 0
1679450489262 6.874113354017027 0
1679450496675 7.23315977898892 0
1679450504163 7.312823481974192 0
1679450511875 7.3476566430181265 0
1679450519486 7.418711878941394 0
1679450526662 6.998342095990665 0
1679450533645 6.8152763759717345 0
1679450539719 5.81978220702149 0
1679450547139 7.241801605094224 0
1679450568712 7.457637210027315 0
1679450576113 7.196669894969091 0
1679450583334 7.032405570964329 0
1679450590609 7.087161464965902 0
1679450597660 6.816517899977043 0
1679450605373 7.540274990024045 0
1679450612150 6.592862862977199 0
1679450619465 7.09974359406624 0
1679450626832 7.18975145497825 0
1679450634086 7.037118255044334 0
1679450656256 7.052324098069221 0
1679450663397 6.96467718295753 0
1679450670448 6.857571481959894 0
1679450677820 7.168095994973555 0
1679450685412 7.398385444888845 0
1679450692840 7.194020212977193 0
1679450700024 6.9893760610139 0
1679450707273 7.062324952101335 0
1679450714589 7.14076548803132 0
1679450721390 6.602022220031358 0
1679450744441 7.346027118037455 0
1679450751536 6.921871069003828 0
1679450758876 7.139776739990339 0
1679450766024 6.942876337096095 0
1679450773426 7.186993830022402 0
1679450780580 6.958493761019781 0
1679450788033 7.247721479041502 0
1679450795014 6.7821292439475656 0
1679450802282 7.0781350049655885 0
1679450809413 6.934082261053845 0
1679450832307 7.292773572029546 0
1679450839611 7.118104221997783 0
1679450846849 7.049841364962049 0
1679450854270 7.203745567938313 0
1679450861752 7.2746356930583715 0
1679450868832 6.893924639909528 0
1679450875998 6.978787483996712 0
1679450883203 6.9389001849340275 0
1679450890470 7.065623703063466 0
1679450897295 6.60566994198598 0
1679450920593 7.229013132979162 0
1679450927970 7.1348359630210325 0
1679450935489 7.33073050098028 0
1679450942716 6.992232881020755 0
1679450950094 7.167465230915695 0
1679450956866 6.571413288009353 0
1679450964472 7.402015003026463 0
1679450971843 7.053048979025334 0
1679450979157 7.124474887968972 0
1679450986689 7.299720759969205 0
1679451009676 6.259020098019391 0
1679451016995 7.133302176953293 0
1679451024061 6.859422512003221 0
1679451031769 7.448713597026654 0
1679451039085 7.1142409819876775 0
1679451046834 7.564503310015425 0
1679451054292 7.236150296055712 0
1679451061713 7.231415854999796 0
1679451069248 7.332911091973074 0
1679451075582 6.140728240949102 0
1679451099559 7.327763980953023 0
1679451107072 7.309259784058668 0
1679451114053 6.7803907099878415 0
1679451121781 7.386569126043469 0
1679451128954 6.981157897040248 0
1679451136280 7.011847238056362 0
1679451143833 7.302785109030083 0
1679451150977 6.906447640969418 0
1679451158307 7.129157860996202 0
1679451165759 7.264714397024363 0
1679451190498 7.439430641941726 0
1679451197995 7.304154849960469 0
1679451205399 7.173672612989321 0
1679451212562 6.955199919990264 0
1679451220098 7.273838527034968 0
1679451227363 7.0734217329882085 0
1679451234836 7.267402086989023 0
1679451241901 6.866578340996057 0
1679451249305 7.201603456051089 0
1679451256965 7.47056894400157 0
