1679449584362 0.32814451863782274 0
1679449588921 0.12604406304243537 0
1679449593468 0.10068188379259987 0
1679449597955 0.06358735980660034 0
1679449602373 0.07260291665895946 0
1679449606880 0.09213454525581458 0
1679449611388 0.07598991270384027 0
1679449615776 0.040978213732402465 0
1679449620145 0.01811955882294569 0
1679449624720 0.022642003849452724 0
1679449643872 0.4459150951200475 0
1679449650738 0.037401572095566535 0
1679449658017 0.014669691213930492 0
1679449665069 0.026706569049727274 0
1679449672005 0.007688840443006484 0
1679449679282 0.032163921788984834 0
1679449686347 0.04249259524496867 0
1679449693561 0.004240736016739296 0
1679449700318 0.03575567142458264 0
1679449707937 0.007974255720829307 0
1679449726937 0.8273117664787505 0
1679449734026 0.06795497322390373 0
1679449741069 0.04061884819513782 0
1679449748142 0.026031299884198233 0
1679449755373 0.016104775222063633 0
1679449762677 0.012337166292369754 0
1679449768774 0.01535403157633684 0
1679449775983 0.01943565935414679 0
1679449782463 0.007787869063839834 0
1679449789488 0.009815012377718329 0
1679449809018 0.8691379205478976 0
1679449815968 0.13662910928897973 0
1679449823122 0.04355881750557779 0
1679449830712 0.030385497170694484 0
1679449837017 0.030004045800241227 0
1679449844478 0.012009375553397048 0
1679449851176 0.008776293262942797 0
1679449858162 0.006581669132861457 0
1679449865110 0.0028342141663718697 0
1679449872236 0.010736855332005588 0
1679449891734 0.972211955073807 0
1679449898624 0.1420364311378863 0
1679449905882 0.06336211023735813 0
1679449912916 0.04233881177367746 0
1679449920369 0.03509294175374736 0
1679449927485 0.02285705610766955 0
1679449934816 0.02420331731813753 0
1679449941794 0.01283103899040725 0
1679449948878 0.01033328307716551 0
1679449956365 0.008708781891295479 0
1679449976297 0.6308244592199723 0
1679449982095 0.08911977499180163 0
1679449989241 0.06403914338120052 0
1679449995986 0.03011884897779156 0
1679450003394 0.03109448185294039 0
1679450010576 0.009605669392840355 0
1679450017584 0.015849826454521262 0
1679450024897 0.015830669858163067 0
1679450032058 0.012731193765891173 0
1679450039283 0.007567821025521779 0
1679450057983 0.5731886982264567 0
1679450065274 0.06594168138754967 0
1679450071857 0.018251058960514557 0
1679450078758 0.03487431960270947 0
1679450085775 0.015393501293672469 0
1679450092604 0.003744043898283659 0
1679450099872 0.0012267603798439572 0
1679450107130 0.0007858556274893797 0
1679450114464 0.0011822520318067594 0
1679450121569 0.0008163518689090981 0
1679450140586 0.6505774116764466 0
1679450147095 0.08800208519678562 0
1679450154425 0.054197153078469756 0
1679450161344 0.025882289679187428 0
1679450168147 0.023550577659948935 0
1679450175654 0.01734466726322555 0
1679450183460 0.004583114733153101 0
1679450190729 0.012966912162301013 0
1679450197913 0.0138857773703219 0
1679450204985 0.007277944751513133 0
1679450223452 1.015863607575496 0
1679450230843 0.15664525364215176 0
1679450238146 0.08199567439086321 0
1679450244903 0.058872862299904224 0
1679450252059 0.053389869554666805 0
1679450258924 0.032902987074178075 0
1679450266454 0.023682708271371665 0
1679450273614 0.05082685273405837 0
1679450280621 0.020993382186942553 0
1679450287582 0.02078767906997301 0
1679450311409 0.5617498139695575 0
1679450318842 0.04864443519941738 0
1679450326247 0.030102153959968646 0
1679450333578 0.021277428874196227 0
1679450340539 0.012508097665947087 0
1679450347612 0.01606043953878624 0
1679450354698 0.003945284286459759 0
1679450361985 0.012377449109691144 0
1679450369275 0.022043619980468065 0
1679450375241 0.019634083637356525 0
1679450396520 0.9720817258167598 0
1679450403632 0.11229617944401171 0
1679450410860 0.0816616363150792 0
1679450418386 0.050236732023768126 0
1679450425747 0.04586391699202876 0
1679450432983 0.02317350652851423 0
1679450440419 0.018861017273674306 0
1679450447757 0.013764881660123744 0
1679450454653 0.00940341494173885 0
1679450461649 0.003692630631000308 0
1679450482197 0.811860850163632 0
1679450489251 0.03653644869142833 0
1679450496669 0.02053124847006984 0
1679450504157 0.013746574289204243 0
1679450511867 0.005661889560158468 0
1679450519478 0.0015047634776743104 0
1679450526655 0.0006197513987798529 0
1679450533638 0.000381699778598785 0
1679450539707 0.0003158382299463685 0
1679450547133 0.00020302062138297415 0
1679450568698 0.8833229354686207 0
1679450576098 0.0914884773393472 0
1679450583327 0.03481421134072459 0
1679450590601 0.015596232108590711 0
1679450597651 0.02539174841885041 0
1679450605367 0.026797804924070887 0
1679450612142 0.007795298890656947 0
1679450619456 0.005116851899139066 0
1679450626824 0.0020405954139682257 0
1679450634079 0.0013294665828450687 0
1679450656246 0.6097955222108996 0
1679450663389 0.04859694976799397 0
1679450670433 0.027571162918724842 0
1679450677806 0.027264408025237368 0
1679450685404 0.011898569254198164 0
1679450692833 0.0070964333248816226 0
1679450700017 0.00755738570658448 0
1679450707264 0.0026264917332607892 0
1679450714580 0.00047751718157087455 0
1679450721379 0.0009391589329526243 0
1679450744433 0.9241196836862299 0
1679450751529 0.15080476644345456 0
1679450758865 0.06100591458897624 0
1679450766013 0.06476500419796341 0
1679450773417 0.040368967318338236 0
1679450780573 0.014686427043569792 0
1679450788018 0.011949816375272348 0
1679450795005 0.043066288049643235 0
1679450802266 0.0049189149430377355 0
1679450809402 0.00236532702054117 0
1679450832291 0.6829127032633147 0
1679450839600 0.04678337508359821 0
1679450846842 0.0358276750271519 0
1679450854258 0.009147673184957562 0
1679450861742 0.001545464617973064 0
1679450868820 0.00260107943637801 0
1679450875990 0.0008267836538127288 0
1679450883192 0.004924649267518867 0
1679450890462 0.006242208674262252 0
1679450897275 0.0041408649064679694 0
1679450920585 0.9223066678477658 0
1679450927961 0.2077717031041781 0
1679450935475 0.09764013593343811 0
1679450942704 0.062454243051534936 0
1679450950079 0.04814943930315268 0
1679450956857 0.023757508256110466 0
1679450964455 0.024213598394675906 0
1679450971835 0.011581240759470448 0
1679450979149 0.01176064330744945 0
1679450986678 0.05229091591932552 0
1679451009666 0.9670577080092496 0
1679451016987 0.14236896770695845 0
1679451024053 0.06282261603951661 0
1679451031760 0.04066584049594692 0
1679451039076 0.016100857954653394 0
1679451046815 0.01154797836239191 0
1679451054270 0.006346301378248932 0
1679451061696 0.017525823079631665 0
1679451069237 0.014063648454207902 0
1679451075574 0.006866516131655468 0
1679451099546 0.8740579304492309 0
1679451107063 0.08408666341306849 0
1679451114043 0.06594249654056815 0
1679451121765 0.04460217385203578 0
1679451128946 0.025527962187172508 0
1679451136271 0.011244616527821764 0
1679451143824 0.007314505560659907 0
1679451150964 0.008142925099754292 0
1679451158296 0.003690609723990848 0
1679451165751 0.00501296677195771 0
1679451190490 1.0978072957860099 0
1679451197986 0.20755586760739486 0
1679451205390 0.10811113313927005 0
1679451212553 0.05886732718014779 0
1679451220085 0.04732326606495513 0
1679451227347 0.035627952016269164 0
1679451234826 0.01719933954219515 0
1679451241891 0.00648214366810862 0
1679451249288 0.004461644801550493 0
1679451256951 0.010047613756695582 0
