1679449584356 0.9041666666666667 0
1679449588911 0.9645833333333333 0
1679449593455 0.9694444444444444 0
1679449597944 0.9822916666666667 0
1679449602361 0.9770833333333333 0
1679449606868 0.9711805555555556 0
1679449611375 0.9774305555555556 0
1679449615765 0.9871527777777778 0
1679449620133 0.9940972222222222 0
1679449624710 0.9920138888888889 0
1679449643861 0.9104166666666667 0
1679449650725 0.9871527777777778 0
1679449658006 0.9965277777777778 0
1679449665058 0.9909722222222223 0
1679449671991 0.9972222222222222 0
1679449679270 0.9916666666666667 0
1679449686336 0.9861111111111112 0
1679449693550 0.9979166666666667 0
1679449700305 0.9902777777777778 0
1679449707925 0.9972222222222222 0
1679449726926 0.8246527777777778 0
1679449734015 0.9795138888888889 0
1679449741056 0.9885416666666667 0
1679449748132 0.9916666666666667 0
1679449755365 0.9951388888888889 0
1679449762666 0.9961805555555555 0
1679449768762 0.9958333333333333 0
1679449775972 0.9934027777777777 0
1679449782451 0.9989583333333333 0
1679449789478 0.9975694444444444 0
1679449809008 0.8211805555555556 0
1679449815957 0.9642361111111111 0
1679449823110 0.9857638888888889 0
1679449830702 0.990625 0
1679449837010 0.990625 0
1679449844467 0.9961805555555555 0
1679449851163 0.9972222222222222 0
1679449858151 0.996875 0
1679449865100 0.9996527777777777 0
1679449872226 0.996875 0
1679449891723 0.7996527777777778 0
1679449898612 0.9548611111111112 0
1679449905874 0.98125 0
1679449912902 0.9861111111111112 0
1679449920355 0.9888888888888889 0
1679449927471 0.9916666666666667 0
1679449934804 0.9923611111111111 0
1679449941780 0.9961805555555555 0
1679449948872 0.9975694444444444 0
1679449956354 0.9975694444444444 0
1679449976279 0.8875 0
1679449982082 0.9715277777777778 0
1679449989230 0.978125 0
1679449995981 0.9899305555555555 0
1679450003380 0.9916666666666667 0
1679450010564 0.9986111111111111 0
1679450017573 0.9965277777777778 0
1679450024886 0.9947916666666666 0
1679450032046 0.9965277777777778 0
1679450039270 0.996875 0
1679450057973 0.9006944444444445 0
1679450065255 0.9798611111111111 0
1679450071846 0.9947916666666666 0
1679450078748 0.9888888888888889 0
1679450085763 0.9954861111111111 0
1679450092592 0.9996527777777777 0
1679450099860 0.9996527777777777 0
1679450107118 1.0 0
1679450114451 0.9996527777777777 0
1679450121556 1.0 0
1679450140572 0.8826388888888889 0
1679450147076 0.9725694444444445 0
1679450154413 0.9815972222222222 0
1679450161332 0.9923611111111111 0
1679450168136 0.9927083333333333 0
1679450175642 0.9944444444444445 0
1679450183449 0.9986111111111111 0
1679450190717 0.9954861111111111 0
1679450197898 0.9954861111111111 0
1679450204973 0.9972222222222222 0
1679450223439 0.8065972222222222 0
1679450230832 0.9503472222222222 0
1679450238135 0.9715277777777778 0
1679450244891 0.9795138888888889 0
1679450252047 0.9802083333333333 0
1679450258909 0.9892361111111111 0
1679450266442 0.9930555555555556 0
1679450273601 0.9840277777777777 0
1679450280609 0.9944444444444445 0
1679450287570 0.9930555555555556 0
1679450311398 0.8923611111111112 0
1679450318831 0.9868055555555556 0
1679450326233 0.9916666666666667 0
1679450333565 0.99375 0
1679450340527 0.9961805555555555 0
1679450347601 0.9934027777777777 0
1679450354689 0.9986111111111111 0
1679450361975 0.9975694444444444 0
1679450369262 0.9951388888888889 0
1679450375230 0.9947916666666666 0
1679450396508 0.8413194444444444 0
1679450403620 0.9684027777777777 0
1679450410851 0.9746527777777778 0
1679450418373 0.9840277777777777 0
1679450425741 0.9847222222222223 0
1679450432972 0.9902777777777778 0
1679450440408 0.9940972222222222 0
1679450447746 0.9965277777777778 0
1679450454641 0.9972222222222222 0
1679450461634 0.9993055555555556 0
1679450482181 0.8684027777777777 0
1679450489236 0.9899305555555555 0
1679450496658 0.9947916666666666 0
1679450504146 0.9965277777777778 0
1679450511854 0.9993055555555556 0
1679450519467 1.0 0
1679450526645 1.0 0
1679450533631 1.0 0
1679450539686 1.0 0
1679450547123 1.0 0
1679450568686 0.8444444444444444 0
1679450576084 0.9715277777777778 0
1679450583315 0.990625 0
1679450590590 0.9958333333333333 0
1679450597639 0.9940972222222222 0
1679450605356 0.9944444444444445 0
1679450612129 0.9972222222222222 0
1679450619444 0.9986111111111111 0
1679450626809 0.9996527777777777 0
1679450634067 1.0 0
1679450656235 0.8875 0
1679450663378 0.9850694444444444 0
1679450670420 0.9895833333333334 0
1679450677792 0.9902777777777778 0
1679450685392 0.996875 0
1679450692823 0.9975694444444444 0
1679450700005 0.9979166666666667 0
1679450707250 0.9996527777777777 0
1679450714568 1.0 0
1679450721368 1.0 0
1679450744421 0.8284722222222223 0
1679450751519 0.9579861111111111 0
1679450758853 0.9847222222222223 0
1679450765997 0.9822916666666667 0
1679450773406 0.9888888888888889 0
1679450780565 0.996875 0
1679450788000 0.9972222222222222 0
1679450794993 0.9878472222222222 0
1679450802253 0.9989583333333333 0
1679450809390 0.9996527777777777 0
1679450832274 0.8791666666666667 0
1679450839585 0.984375 0
1679450846830 0.9892361111111111 0
1679450854242 0.996875 0
1679450861725 1.0 0
1679450868809 0.9993055555555556 0
1679450875978 1.0 0
1679450883181 0.9982638888888888 0
1679450890449 0.9979166666666667 0
1679450897261 0.9986111111111111 0
1679450920573 0.8159722222222222 0
1679450927945 0.9416666666666667 0
1679450935462 0.9697916666666667 0
1679450942691 0.9784722222222222 0
1679450950068 0.9836805555555556 0
1679450956845 0.9927083333333333 0
1679450964443 0.9923611111111111 0
1679450971823 0.9975694444444444 0
1679450979137 0.9954861111111111 0
1679450986665 0.9864583333333333 0
1679451009655 0.8388888888888889 0
1679451016974 0.959375 0
1679451024040 0.9805555555555555 0
1679451031748 0.9871527777777778 0
1679451039062 0.9961805555555555 0
1679451046802 0.996875 0
1679451054254 0.9975694444444444 0
1679451061680 0.9951388888888889 0
1679451069219 0.9951388888888889 0
1679451075562 0.9982638888888888 0
1679451099526 0.8430555555555556 0
1679451107054 0.9736111111111111 0
1679451114033 0.9798611111111111 0
1679451121749 0.9875 0
1679451128935 0.9916666666666667 0
1679451136259 0.996875 0
1679451143809 0.996875 0
1679451150952 0.9979166666666667 0
1679451158282 0.9989583333333333 0
1679451165740 0.9986111111111111 0
1679451190479 0.7743055555555556 0
1679451197975 0.9409722222222222 0
1679451205377 0.9677083333333333 0
1679451212541 0.98125 0
1679451220073 0.9857638888888889 0
1679451227336 0.9881944444444445 0
1679451234812 0.9961805555555555 0
1679451241877 0.9986111111111111 0
1679451249276 0.9982638888888888 0
1679451256938 0.996875 0
