1679285540277 0.3665675573124021 0
1679285545070 0.12564302731634064 0
1679285549641 0.07526211248820319 0
1679285554093 0.05678771550575381 0
1679285558792 0.058839505187386426 0
1679285563460 0.015405771299258192 0
1679285567420 0.026922708212605714 0
1679285571949 0.033642545076658925 0
1679285576532 0.03910373452890781 0
1679285581023 0.03804220576007627 0
1679285599702 0.3009109193101149 0
1679285606539 0.053438102126353006 0
1679285613388 0.061626397281206585 0
1679285620251 0.014652853033514174 0
1679285627413 0.032533821674919666 0
1679285634249 0.01542157908173081 0
1679285641161 0.02843852194065544 0
1679285647676 0.024184292383455683 0
1679285654533 0.012839335477248543 0
1679285661342 0.0031922112178371822 0
1679285682477 0.41134453759264805 0
1679285690951 0.06859452160846406 0
1679285699642 0.04567268356540548 0
1679285708050 0.04008578723533767 0
1679285716677 0.017968643636148245 0
1679285724603 0.023923121444708314 0
1679285733241 0.027374131996397096 0
1679285741396 0.02084379923098246 0
1679285749705 0.01923768950580604 0
1679285758151 0.020321821765340576 0
1679285778956 0.6173012647388667 0
1679285787247 0.1377998307750372 0
1679285796349 0.054645849189830925 0
1679285804445 0.03077467453969462 0
1679285812939 0.030228268005702427 0
1679285821484 0.0410335159277083 0
1679285829889 0.05648221202074803 0
1679285838293 0.010500449251665605 0
1679285846709 0.009904546668746168 0
1679285854936 0.02143445581435827 0
1679285876391 0.7860184865168841 0
1679285884320 0.21038001047594168 0
1679285893036 0.06927906722909771 0
1679285901551 0.03744000497902741 0
1679285910149 0.05479779981828252 0
1679285919109 0.03075507463875865 0
1679285927540 0.04183194723828492 0
1679285936003 0.03880863092240649 0
1679285944739 0.01623148337057391 0
1679285953528 0.020222726775488226 0
1679285973657 0.7556478500394995 0
1679285982256 0.2146119253133556 0
1679285990827 0.09755393373484804 0
1679285999418 0.03946430419487257 0
1679286008086 0.040387174283016795 0
1679286016670 0.042519159219652186 0
1679286025461 0.03849702604287264 0
1679286034060 0.025174558207158373 0
1679286042151 0.02757733927970633 0
1679286050225 0.029691492298170006 0
1679286072219 0.7590480961095393 0
1679286080700 0.2121552866910005 0
1679286089232 0.07929227964442222 0
1679286097752 0.04771584502735434 0
1679286106224 0.037775852308199104 0
1679286114869 0.04411202212434603 0
1679286122800 0.02911537131008947 0
1679286131268 0.04102359914023831 0
1679286139795 0.03653808798478567 0
1679286148442 0.0370857188478787 0
1679286169816 0.8903925043202702 0
1679286178014 0.30275014946892875 0
1679286186425 0.09663435337798935 0
1679286194907 0.05254233173950436 0
1679286203334 0.04682884082425772 0
1679286211932 0.04410140940850015 0
1679286220276 0.03841875873911168 0
1679286228922 0.04208587467984893 0
1679286237349 0.05394239899088424 0
1679286245892 0.02861798361140383 0
1679286268139 0.9195391425443965 0
1679286276192 0.33744506209236 0
1679286284545 0.1174863374177117 0
1679286293211 0.06311790397444468 0
1679286301777 0.06023526510809997 0
1679286310232 0.04536319071048971 0
1679286318683 0.02551847466829947 0
1679286327400 0.033634598124725086 0
1679286336172 0.053788850221121336 0
1679286344621 0.0500220366926005 0
1679286367314 0.9450566092819717 0
1679286375857 0.3533669275689108 0
1679286384633 0.12535913549786634 0
1679286393087 0.05902884257532068 0
1679286401536 0.04088350994421084 0
1679286410247 0.044273513201853666 0
1679286418847 0.03919419420621596 0
1679286427345 0.039872160662477736 0
1679286435878 0.03685005758220735 0
1679286443963 0.024679754686990303 0
1679286466206 0.9695211946064761 0
1679286474434 0.36392726393968144 0
1679286482987 0.12122967373658447 0
1679286491524 0.06783274938328232 0
1679286500197 0.04393556744101312 0
1679286508723 0.05031991429419157 0
1679286517706 0.0305028917914661 0
1679286525977 0.04262262553174049 0
1679286534835 0.033311691410275346 0
1679286543503 0.04424452264676844 0
1679286565645 1.021847767689903 0
1679286574266 0.37908449307780806 0
1679286582782 0.1424877668375466 0
1679286591275 0.055656281951488584 0
1679286599568 0.02343987873737955 0
1679286608421 0.03509979596424754 0
1679286616921 0.07524058771347479 0
1679286625204 0.06331693411068746 0
1679286633694 0.044815686257408456 0
1679286642234 0.022912658987751584 0
1679286665556 1.0781891536856707 0
1679286674549 0.3916628222775243 0
1679286682454 0.14541430015578372 0
1679286690869 0.0631223491032318 0
1679286699350 0.03814929588188578 0
1679286707704 0.03808678038958516 0
1679286716293 0.05112979141967174 0
1679286724872 0.03480550696966421 0
1679286733656 0.03334586203987415 0
1679286742039 0.04928025569800524 0
1679286764286 1.074495879040744 0
1679286773133 0.3997965433914496 0
1679286781732 0.12987422082809524 0
1679286790292 0.05866961975292136 0
1679286798758 0.04677280351294492 0
1679286807446 0.038476172644206046 0
1679286816063 0.04355527717451314 0
1679286824493 0.05956198430831158 0
1679286833183 0.0394879296899202 0
1679286841943 0.039814534617919936 0
1679286866902 1.2064174754854822 0
1679286875664 0.5538264828133649 0
1679286884606 0.22209836445976436 0
1679286893301 0.09974383025760453 0
1679286901927 0.05864286087493853 0
1679286910742 0.04563822599694487 0
1679286919372 0.0373593510090657 0
1679286927971 0.05031179545080369 0
1679286936630 0.053582150823337824 0
1679286945306 0.04765065447892375 0
1679286970071 1.155816586906422 0
1679286978660 0.5061344802379608 0
1679286987374 0.16633721228439644 0
1679286995920 0.06349719949759675 0
1679287004509 0.03587799325025537 0
1679287013229 0.033272184203616245 0
1679287021982 0.04949720627528137 0
1679287030643 0.050665346601261055 0
1679287039182 0.0471895492961259 0
1679287047865 0.05776297643442741 0
1679287072849 1.3162375780750977 0
1679287081521 0.5377353028156246 0
1679287090043 0.20842433406327066 0
1679287098631 0.09095297287440553 0
1679287107379 0.04716155468021995 0
1679287116070 0.041756759039224815 0
1679287124723 0.03908016666314168 0
1679287133336 0.054245944241697694 0
1679287141842 0.07629150115291157 0
1679287150533 0.08011503430201568 0
1679287175726 1.2294634795969142 0
1679287184360 0.4914503918150718 0
1679287193073 0.17582509535592097 0
1679287201730 0.07193099058307091 0
1679287210291 0.04071197998893857 0
1679287219002 0.041569084471817924 0
1679287227700 0.06182009828746024 0
1679287236405 0.07739788695867098 0
1679287244942 0.06680038071473343 0
1679287253543 0.04825351994483314 0
1679287279305 1.3349295377097001 0
1679287287900 0.619068477509575 0
1679287296502 0.2653195013920937 0
1679287305177 0.13518387375496105 0
1679287313723 0.07873118700871143 0
1679287322510 0.05605501913850635 0
1679287331146 0.06147163952023335 0
1679287340023 0.054975770624265057 0
1679287348806 0.060690110156258296 0
1679287357428 0.0627281400206689 0
1679287383214 1.4253562299237734 0
1679287391905 0.6401147757751354 0
1679287400607 0.2564811233161152 0
1679287409318 0.10114839590258068 0
1679287417970 0.04709588100116898 0
1679287426652 0.02883853649513589 0
1679287435428 0.02549442390749312 0
1679287444173 0.04527174403333074 0
1679287452913 0.0869560594983165 0
1679287461564 0.09248427204553776 0
