1679285540263 0.8725490196078431 0
1679285545058 0.9583333333333334 0
1679285549629 0.9748774509803921 0
1679285554081 0.9813112745098039 0
1679285558780 0.9828431372549019 0
1679285563449 0.9960171568627451 0
1679285567416 0.992953431372549 0
1679285571942 0.9911151960784313 0
1679285576521 0.9862132352941176 0
1679285581011 0.9889705882352942 0
1679285599691 0.9319220225403594 0
1679285606528 0.9833993298812063 0
1679285613377 0.9805056350898569 0
1679285620239 0.9955833079500457 0
1679285627398 0.9890344197380445 0
1679285634238 0.9954310082241852 0
1679285641150 0.9916235150776729 0
1679285647664 0.9929942126104173 0
1679285654522 0.9971063052086506 0
1679285661330 0.9987816021931161 0
1679285682465 0.9102982011348545 0
1679285690941 0.9808040565012677 0
1679285699632 0.9867197875166003 0
1679285708045 0.9875648919473621 0
1679285716666 0.9950501026198237 0
1679285724591 0.9938428105758783 0
1679285733230 0.9917904141011711 0
1679285741388 0.9945671858022456 0
1679285749694 0.9955330194374019 0
1679285758140 0.9946879150066401 0
1679285778950 0.8649921507064364 0
1679285787236 0.9578553314817051 0
1679285796344 0.9838183794227751 0
1679285804434 0.9909431228112546 0
1679285812927 0.9897355391860886 0
1679285821473 0.9871996135732399 0
1679285829878 0.9840598961478082 0
1679285838287 0.9969810409370848 0
1679285846699 0.9971017992996015 0
1679285854923 0.9943243569617196 0
1679285876376 0.834359531570687 0
1679285884308 0.9389110225763613 0
1679285893025 0.9800796812749004 0
1679285901540 0.9898587468308584 0
1679285910138 0.984425932633104 0
1679285919098 0.9914282264879875 0
1679285927530 0.9865990583122057 0
1679285935997 0.9879270795605457 0
1679285944728 0.9950501026198237 0
1679285953517 0.994446456597851 0
1679285973646 0.8490884945068212 0
1679285982246 0.9358927924664976 0
1679285990815 0.9721115537848606 0
1679285999407 0.9887721839913075 0
1679286008080 0.9882892671737293 0
1679286016658 0.9872027043341784 0
1679286025450 0.9890136424000966 0
1679286034048 0.9919111433055656 0
1679286042140 0.9910660388748038 0
1679286050215 0.9910660388748038 0
1679286072208 0.8405989614780823 0
1679286080689 0.9397415771042145 0
1679286089221 0.9775389445719116 0
1679286097738 0.9859920299480739 0
1679286106213 0.9882864388358894 0
1679286114858 0.987803405385823 0
1679286122789 0.9926337398864872 0
1679286131256 0.9892525057360222 0
1679286139784 0.9880449221108561 0
1679286148434 0.9891317473735056 0
1679286169805 0.8154812220746287 0
1679286178003 0.9147445960632774 0
1679286186414 0.9719840598961478 0
1679286194898 0.9863543050356237 0
1679286203322 0.9881656804733728 0
1679286211921 0.9887694722859558 0
1679286220263 0.9900978142736384 0
1679286228911 0.987803405385823 0
1679286237338 0.9852674797729742 0
1679286245880 0.9911846395362879 0
1679286268128 0.8001931667270312 0
1679286276181 0.9013642400096583 0
1679286284534 0.9657129059519498 0
1679286293200 0.9827357237715804 0
1679286301766 0.9824942653627913 0
1679286310222 0.9876856211517566 0
1679286318671 0.992876976940722 0
1679286327382 0.9916696848967765 0
1679286336161 0.9850295786550767 0
1679286344610 0.9849088494506821 0
1679286367303 0.7913747281952163 0
1679286375845 0.8942981396472578 0
1679286384619 0.963155351534187 0
1679286393079 0.9822420874607393 0
1679286401525 0.9891278086494323 0
1679286410235 0.9868325682532012 0
1679286418835 0.9892486107755496 0
1679286427334 0.9885237980188452 0
1679286435869 0.98876540227108 0
1679286443952 0.9931142788113071 0
1679286466195 0.7986236870699022 0
1679286474422 0.8933961125196185 0
1679286482978 0.9657129059519498 0
1679286491512 0.9806833272968731 0
1679286500183 0.9865990583122057 0
1679286508716 0.984667391041893 0
1679286517696 0.9911867680791984 0
1679286525968 0.9880478087649402 0
1679286534823 0.988892913195702 0
1679286543492 0.9857539538814439 0
1679286565633 0.7845837863960372 0
1679286574254 0.8896943336957835 0
1679286582770 0.9591639482904434 0
1679286591261 0.9847770931496919 0
1679286599557 0.9951673311586323 0
1679286608408 0.9908179292014014 0
1679286616910 0.977890540050743 0
1679286625194 0.9815150416817687 0
1679286633682 0.986710160686239 0
1679286642222 0.9939591639482904 0
1679286665542 0.7759516616314199 0
1679286674537 0.8792749244712991 0
1679286682442 0.9590332326283988 0
1679286690860 0.9811480362537764 0
1679286699333 0.9909365558912386 0
1679286707694 0.9887613293051359 0
1679286716280 0.9856193353474321 0
1679286724862 0.9906948640483384 0
1679286733646 0.9910574018126889 0
1679286742022 0.9836858006042296 0
1679286764274 0.7638670694864048 0
1679286773109 0.8780664652567975 0
1679286781716 0.962416918429003 0
1679286790285 0.9822356495468278 0
1679286798746 0.9848942598187311 0
1679286807431 0.9873111782477342 0
1679286816054 0.9857401812688822 0
1679286824481 0.9828398791540786 0
1679286833176 0.9876737160120846 0
1679286841931 0.9883987915407855 0
1679286866888 0.7332447772008212 0
1679286875652 0.8338364931771525 0
1679286884590 0.9318922835406351 0
1679286893278 0.972829368433764 0
1679286901915 0.9839391377852916 0
1679286910719 0.9874411302982732 0
1679286919358 0.9891317473735056 0
1679286927959 0.9851467214104577 0
1679286936613 0.9841806545103249 0
1679286945289 0.9856297548605241 0
1679286970059 0.7493355883063542 0
1679286978648 0.8410244020294757 0
1679286987356 0.9530079729403238 0
1679286995908 0.9824836917129741 0
1679287004493 0.9900942256583716 0
1679287013216 0.9908190384150761 0
1679287021963 0.9867117661270839 0
1679287030631 0.9852621406136748 0
1679287039159 0.9865909640009665 0
1679287047843 0.9813964725779174 0
1679287072836 0.7221752265861027 0
1679287081499 0.8354078549848942 0
1679287090030 0.9401812688821752 0
1679287098619 0.9769184290030212 0
1679287107363 0.9874320241691843 0
1679287116048 0.9886404833836858 0
1679287124711 0.9879154078549849 0
1679287133324 0.98392749244713 0
1679287141821 0.9760725075528701 0
1679287150521 0.9766767371601208 0
1679287175704 0.7235841081994928 0
1679287184348 0.848327496679145 0
1679287193054 0.9486776959304432 0
1679287201717 0.9812824538099263 0
1679287210273 0.9910638811737713 0
1679287218989 0.9875618886607898 0
1679287227678 0.9806786619973433 0
1679287236393 0.9766936360342954 0
1679287244927 0.9799541118222437 0
1679287253529 0.9852674797729742 0
1679287279287 0.727899383238602 0
1679287287883 0.8104970371266175 0
1679287296484 0.9235699600919095 0
1679287305165 0.9610593784012577 0
1679287313710 0.9793203531261337 0
1679287322494 0.9848832990688112 0
1679287331129 0.9824646269198211 0
1679287340006 0.982222759704922 0
1679287348787 0.9833111621719676 0
1679287357410 0.9808924900229774 0
1679287383205 0.6838164251207729 0
1679287391887 0.8006038647342996 0
1679287400595 0.9264492753623188 0
1679287409305 0.972463768115942 0
1679287417949 0.9898550724637681 0
1679287426640 0.9951690821256038 0
1679287435416 0.995048309178744 0
1679287444160 0.9871980676328502 0
1679287452899 0.9729468599033816 0
1679287461542 0.9699275362318841 0
