1680269117023 19.927240580000216 0
1680269135075 17.674909669003682 0
1680269154019 18.61589947200264 0
1680269171970 17.589322735002497 0
1680269190371 18.047586813001544 0
1680269208509 17.777935366000747 0
1680269227167 18.31350050200126 0
1680269245336 17.818746297998587 0
1680269263457 17.774907080005505 0
1680269281928 18.123560168998665 0
1680269320723 26.633518550996087 0
1680269347764 26.683094811989577 0
1680269374840 26.707733078001183 0
1680269401752 26.557657384997583 0
1680269428696 26.599919357991894 0
1680269455188 26.12414478699793 0
1680269481986 26.444630954996683 0
1680269508894 26.54600106300495 0
1680269535565 26.3232171760028 0
1680269562383 26.450469679009984 0
1680269598876 27.641853530993103 0
1680269626571 27.36738741399313 0
1680269654440 27.523652969000977 0
1680269682219 27.43487776000984 0
1680269709499 26.92977627000073 0
1680269737322 27.4627435200091 0
1680269764988 27.330344853005954 0
1680269792978 27.62763644599181 0
1680269820751 27.410994833000586 0
1680269848581 27.47319433100347 0
1680269882901 27.421334044993273 0
1680269910625 27.358613052012515 0
1680269938005 27.0470425139938 0
1680269965071 26.72102120699128 0
1680269992294 26.877994967988343 0
1680270019892 27.23798967699986 0
1680270046941 26.71494947199244 0
1680270074220 26.90016922299401 0
1680270100401 25.839273431003676 0
1680270127359 26.610123539998312 0
1680270158135 24.536917853998602 0
1680270182715 24.233428781008115 0
1680270207442 24.378096860004007 0
1680270232583 24.7983846529969 0
1680270257530 24.5898210729938 0
1680270282403 24.523730856002658 0
1680270307106 24.35703715600539 0
1680270332103 24.66694184600783 0
1680270357038 24.58188971799973 0
1680270381565 24.196625458003837 0
1680270420271 32.827285970997764 0
1680270453163 32.50508782299585 0
1680270486250 32.715081764996285 0
1680270519566 32.951116446987726 0
1680270552908 32.951341591004166 0
1680270586171 32.87464216200169 0
1680270619646 33.07355711700802 0
1680270652817 32.79280352099158 0
1680270685939 32.731503893999616 0
1680270719126 32.81085711000196 0
1680270749711 22.77777614099614 0
1680270773112 23.05763218201173 0
1680270796030 22.539511028997367 0
1680270818945 22.569001958006993 0
1680270841900 22.608175225002924 0
1680270864817 22.573455605990603 0
1680270887491 22.33939004498825 0
1680270910234 22.395293129011407 0
1680270933465 22.877558102001785 0
1680270956335 22.530887826011167 0
1680270974838 11.468310465003015 0
1680270986396 11.268786442000419 0
1680270997995 11.24324556699139 0
1680271009671 11.355240909993881 0
1680271021365 11.363048104001791 0
1680271033216 11.526010041008703 0
1680271044948 11.408177977995365 0
1680271056642 11.376623133997782 0
1680271068166 11.21955278799578 0
1680271079760 11.287972264006385 0
1680271111129 25.56025290999969 0
1680271137015 25.515346140004112 0
1680271162945 25.564406086006784 0
1680271189336 26.05812823100132 0
1680271215604 25.920607179999934 0
1680271241792 25.813176379990182 0
1680271267556 25.397912387008546 0
1680271293858 25.943627703993116 0
1680271319996 25.766271532993414 0
1680271346123 25.76663138299773 0
1680271365791 11.208065917002386 0
1680271377084 10.967665188989486 0
1680271388338 10.948732435004786 0
1680271399814 11.170572802002425 0
1680271411197 11.055681365993223 0
1680271422726 11.244067742998595 0
1680271433930 10.868222156001139 0
1680271445360 11.125482118004584 0
1680271456777 11.108784110998386 0
1680271468177 11.08276563299296 0
1680271485661 10.780222052999306 0
1680271496813 10.819830456006457 0
1680271508065 10.942167796994909 0
1680271519390 10.999192422998021 0
1680271530775 11.04776043300808 0
1680271541758 10.673477164003998 0
1680271552736 10.66349440299382 0
1680271563700 10.64657776200329 0
1680271574797 10.775467945000855 0
1680271585805 10.706800440995721 0
1680271603721 11.02085508700111 0
1680271615035 10.98458714899607 0
1680271626467 11.117258430007496 0
1680271637591 10.822926972003188 0
1680271648885 10.975041349011008 0
1680271660170 10.977411402011057 0
1680271671315 10.812169854005333 0
1680271682687 11.066777157000615 0
1680271693784 10.762551110994536 0
1680271704768 10.688603645990952 0
1680271722438 10.548837228998309 0
1680271733579 10.841129450011067 0
1680271744891 10.986032849003095 0
1680271756181 10.979825557005825 0
1680271767425 10.932606311005657 0
1680271778786 11.024180913009332 0
1680271790122 11.01488345200778 0
1680271801412 10.973591517991736 0
1680271812614 10.881947155998205 0
1680271823511 10.58591140700446 0
