1680269117012 0.18207866699600603 0
1680269135069 0.017923085891497832 0
1680269154011 0.007765730524634338 0
1680269171957 0.005573353212596776 0
1680269190361 0.004081782450166858 0
1680269208497 0.0025171926185666676 0
1680269227156 0.0029204004687297946 0
1680269245327 0.0016239570214989698 0
1680269263447 0.0013823044265855679 0
1680269281920 0.001043072904770827 0
1680269320717 0.1657146754208952 0
1680269347755 0.14385727973033985 0
1680269374825 0.14056540771077078 0
1680269401745 0.13916572458886853 0
1680269428688 0.13761971378698945 0
1680269455177 0.1367738851190855 0
1680269481977 0.1359730596654117 0
1680269508886 0.13530354931329688 0
1680269535559 0.13521369951001058 0
1680269562371 0.13441815252105396 0
1680269598869 0.11290475597435778 0
1680269626565 0.11016934573499844 0
1680269654434 0.10930227830705017 0
1680269682211 0.10884078088583368 0
1680269709482 0.10827639592115325 0
1680269737312 0.10834595640048836 0
1680269764980 0.10819524357264693 0
1680269792967 0.10812842033126137 0
1680269820738 0.10813126941822997 0
1680269848574 0.10781272127471789 0
1680269882888 0.12235159107835078 0
1680269910612 0.12026860984805667 0
1680269937999 0.11970958807582005 0
1680269965059 0.1195569301985937 0
1680269992288 0.11998576828904572 0
1680270019877 0.11916105814858294 0
1680270046935 0.1189286035913058 0
1680270074202 0.11882201988311088 0
1680270100389 0.11839291537333219 0
1680270127346 0.11845035321979983 0
1680270158121 0.23370316991175727 0
1680270182706 0.22606180402739295 0
1680270207434 0.22479343763713178 0
1680270232573 0.22436882945997963 0
1680270257515 0.22403328120708466 0
1680270282390 0.22350132222148195 0
1680270307091 0.22355398309641872 0
1680270332096 0.22317144007518375 0
1680270357028 0.2231140495374285 0
1680270381558 0.2228998367813812 0
1680270420264 0.5376000895102819 0
1680270453151 0.5207446543375651 0
1680270486242 0.5170746047298114 0
1680270519559 0.5148119712869327 0
1680270552889 0.5134774446487427 0
1680270586162 0.5114488878846168 0
1680270619636 0.5108377736310165 0
1680270652809 0.5096623768905798 0
1680270685929 0.5085910206536451 0
1680270719117 0.5085538099706173 0
1680270749699 0.5315081380789553 0
1680270773103 0.5309242996855161 0
1680270796011 0.5310691955374248 0
1680270818938 0.5301818879534356 0
1680270841892 0.529906169617947 0
1680270864807 0.5303394188780096 0
1680270887484 0.529557126300845 0
1680270910227 0.5297840603103685 0
1680270933456 0.5293431292422375 0
1680270956327 0.5293988134730515 0
1680270974827 0.44354681873863394 0
1680270986388 0.44235917790369556 0
1680270997983 0.4412273776463487 0
1680271009660 0.44061928445642645 0
1680271021355 0.4406743296845393 0
1680271033197 0.44018965112892067 0
1680271044937 0.439541821283373 0
1680271056630 0.440180770883506 0
1680271068158 0.43996715850450774 0
1680271079752 0.43961281126195734 0
1680271111120 0.37805810144045865 0
1680271136997 0.3766754956798802 0
1680271162937 0.37654492355996255 0
1680271189329 0.37631179589511515 0
1680271215596 0.3761003912788151 0
1680271241773 0.37600120940849735 0
1680271267548 0.3760058727931563 0
1680271293843 0.3759236187712489 0
1680271319984 0.37586065493281645 0
1680271346112 0.3758902805746248 0
1680271365784 0.44627625027368234 0
1680271377076 0.44493130767761274 0
1680271388330 0.4450155579766562 0
1680271399805 0.44423152575659197 0
1680271411189 0.444519265446552 0
1680271422718 0.4448269576180813 0
1680271433922 0.4436463490128517 0
1680271445349 0.44364802331425424 0
1680271456762 0.44394369873889655 0
1680271468170 0.44390497304672416 0
1680271485641 0.44725391893329736 0
1680271496806 0.4471191810276694 0
1680271508057 0.44679579888275284 0
1680271519376 0.4470079021896431 0
1680271530765 0.4468364765544138 0
1680271541748 0.4467946497979992 0
1680271552729 0.4467943992443427 0
1680271563688 0.4465990248554481 0
1680271574778 0.44767783269910755 0
1680271585797 0.446903575144842 0
1680271603713 0.4547734381909856 0
1680271615022 0.454543147972244 0
1680271626456 0.45463927741536125 0
1680271637583 0.45474415392932777 0
1680271648876 0.45466153903635675 0
1680271660162 0.4550331054690355 0
1680271671295 0.4544340370301001 0
1680271682679 0.4545176072035007 0
1680271693771 0.4548377801558215 0
1680271704759 0.4549861396858078 0
1680271722426 0.4741622291639179 0
1680271733571 0.47450770428794586 0
1680271744881 0.47461794932445367 0
1680271756166 0.47417687370391665 0
1680271767407 0.47473908255914016 0
1680271778763 0.4744114786564947 0
1680271790102 0.47386302276999653 0
1680271801403 0.4743979905179875 0
1680271812599 0.4749163988821521 0
1680271823496 0.4741537874330304 0
