1680269116994 0.9323462041884817 0
1680269135058 0.9963187172774869 0
1680269154000 0.9987729057591623 0
1680269171939 0.9992637434554974 0
1680269190346 0.9995091623036649 0
1680269208479 0.9997545811518325 0
1680269227138 0.99967277486911 0
1680269245313 0.9998363874345549 0
1680269263435 0.9998363874345549 0
1680269281908 0.9998363874345549 0
1680269320706 0.9846354166666667 0
1680269347740 0.9870442708333333 0
1680269374805 0.9869140625 0
1680269401734 0.9858723958333333 0
1680269428675 0.9860677083333333 0
1680269455163 0.9872395833333333 0
1680269481965 0.9863932291666667 0
1680269508874 0.986328125 0
1680269535548 0.9863932291666667 0
1680269562351 0.9852213541666667 0
1680269598857 0.9619318181818182 0
1680269626558 0.9621212121212122 0
1680269654426 0.9618686868686869 0
1680269682198 0.9618686868686869 0
1680269709471 0.9616161616161616 0
1680269737301 0.9621212121212122 0
1680269764968 0.9627525252525253 0
1680269792949 0.9621212121212122 0
1680269820724 0.9624368686868687 0
1680269848562 0.9614267676767677 0
1680269882868 0.9227715163934426 0
1680269910593 0.923155737704918 0
1680269937992 0.9232197745901639 0
1680269965046 0.9228995901639344 0
1680269992280 0.9232197745901639 0
1680270019866 0.9236039959016393 0
1680270046928 0.9227715163934426 0
1680270074185 0.9225794057377049 0
1680270100372 0.921875 0
1680270127327 0.9235399590163934 0
1680270158107 0.5367097701149425 0
1680270182694 0.5372126436781609 0
1680270207422 0.5371408045977012 0
1680270232556 0.5373563218390804 0
1680270257504 0.5372126436781609 0
1680270282368 0.5375 0
1680270307079 0.5375718390804598 0
1680270332090 0.5372126436781609 0
1680270357012 0.5374281609195403 0
1680270381550 0.5372126436781609 0
1680270420253 0.7575520833333333 0
1680270453130 0.7536979166666666 0
1680270486231 0.7520833333333333 0
1680270519547 0.7538020833333333 0
1680270552875 0.7496354166666667 0
1680270586146 0.7477083333333333 0
1680270619622 0.7488541666666667 0
1680270652802 0.75 0
1680270685912 0.7447916666666666 0
1680270719105 0.7461979166666667 0
1680270749688 0.5744713930348259 0
1680270773089 0.5690298507462687 0
1680270795991 0.5708955223880597 0
1680270818928 0.5732276119402985 0
1680270841880 0.5738495024875622 0
1680270864793 0.5730721393034826 0
1680270887473 0.5736940298507462 0
1680270910215 0.5714396766169154 0
1680270933443 0.5708955223880597 0
1680270956315 0.5720615671641791 0
1680270974816 0.5161576704545454 0
1680270986379 0.5182883522727273 0
1680270997965 0.5147372159090909 0
1680271009643 0.5154474431818182 0
1680271021339 0.5174005681818182 0
1680271033176 0.5163352272727273 0
1680271044916 0.5133167613636364 0
1680271056609 0.5122514204545454 0
1680271068146 0.5087002840909091 0
1680271079738 0.5149147727272727 0
1680271111106 0.8274132321041214 0
1680271136974 0.8266675704989154 0
1680271162925 0.8262608459869848 0
1680271189318 0.8264642082429501 0
1680271215585 0.8270065075921909 0
1680271241760 0.8276843817787418 0
1680271267536 0.8278877440347071 0
1680271293830 0.8277521691973969 0
1680271319962 0.8264642082429501 0
1680271346099 0.8264642082429501 0
1680271365772 0.5270712209302325 0
1680271377064 0.5308866279069767 0
1680271388314 0.5225290697674418 0
1680271399795 0.5288880813953488 0
1680271411177 0.5287063953488372 0
1680271422706 0.5250726744186046 0
1680271433910 0.5316133720930233 0
1680271445336 0.5250726744186046 0
1680271456752 0.5261627906976745 0
1680271468158 0.5299781976744186 0
1680271485618 0.5108532934131736 0
1680271496798 0.5138473053892215 0
1680271508048 0.5089820359281437 0
1680271519358 0.5099176646706587 0
1680271530752 0.5104790419161677 0
1680271541734 0.5134730538922155 0
1680271552717 0.5093562874251497 0
1680271563667 0.5091691616766467 0
1680271574766 0.5101047904191617 0
1680271585785 0.5087949101796407 0
1680271603701 0.499438622754491 0
1680271615001 0.49906437125748504 0
1680271626435 0.49850299401197606 0
1680271637571 0.4979416167664671 0
1680271648863 0.4979416167664671 0
1680271660150 0.49738023952095806 0
1680271671269 0.4962574850299401 0
1680271682667 0.5048652694610778 0
1680271693746 0.500374251497006 0
1680271704747 0.4981287425149701 0
1680271722411 0.49869011976047906 0
1680271733558 0.49869011976047906 0
1680271744864 0.49569610778443113 0
1680271756154 0.4981287425149701 0
1680271767394 0.49532185628742514 0
1680271778741 0.4979416167664671 0
1680271790086 0.49906437125748504 0
1680271801388 0.4966317365269461 0
1680271812588 0.4981287425149701 0
1680271823487 0.49850299401197606 0
