1678817728262 0.35504097305238247 0
1678817737579 0.1206049151563396 0
1678817746722 0.08607307754173948 0
1678817756294 0.06675598969998058 0
1678817767802 0.04029802013389474 0
1678817782467 0.02541175329550991 0
1678817796356 0.03053523055731442 0
1678817805771 0.013569036629276382 0
1678817815227 0.010463135019973362 0
1678817825013 0.006744822069313337 0
1678817885023 0.4207335073676071 0
1678817894287 0.03720168156162052 0
1678817903589 0.043198527763643774 0
1678817912832 0.03979483863919752 0
1678817921788 0.055629042090184176 0
1678817931257 0.012184156745782878 0
1678817940548 0.02291701545726766 0
1678817949606 0.03453445074950705 0
1678817963790 0.029802130044225862 0
1678817978698 0.021840354653610155 0
1678818045270 0.6471733534063148 0
1678818054685 0.07822844938439603 0
1678818063771 0.05195460935575095 0
1678818073129 0.023199226631146697 0
1678818082434 0.024386869572877588 0
1678818091582 0.06181953372525992 0
1678818100651 0.029290885650691125 0
1678818109653 0.014067916549963526 0
1678818118784 0.009842497255136766 0
1678818128151 0.030584968852414057 0
1678818195259 1.3086413746275525 0
1678818204420 0.1536009456999231 0
1678818213842 0.05959291140650316 0
1678818223389 0.03293931709215193 0
1678818232685 0.014311642750249346 0
1678818241952 0.016450459022296242 0
1678818251363 0.03689003131343144 0
1678818260583 0.024418300142198212 0
1678818269863 0.02498514106091444 0
1678818279292 0.01559996727558941 0
1678818338693 1.883949211033264 0
1678818347973 0.24125591613868674 0
1678818362121 0.10788780509835423 0
1678818376902 0.0610486110856775 0
1678818387990 0.04650704832378738 0
1678818397422 0.04805680073908355 0
1678818406685 0.06487725150430261 0
1678818415909 0.029512364126852538 0
1678818425433 0.03514072099829664 0
1678818434923 0.018470073040427252 0
1678818494123 2.196352035692423 0
1678818503221 0.37610578223472774 0
1678818512133 0.14060215410398375 0
1678818521448 0.09255093976043828 0
1678818530670 0.07195249352014006 0
1678818540672 0.05272735993719042 0
1678818555311 0.05220463551986631 0
1678818569975 0.05138047076392882 0
1678818579686 0.05000460775808828 0
1678818589156 0.04986348035422587 0
1678818649555 2.5793821203826677 0
1678818658571 0.7222138430812571 0
1678818667559 0.2946923611187699 0
1678818676902 0.16346234800570672 0
1678818686323 0.11353528907172161 0
1678818695532 0.09463244226604405 0
1678818704588 0.056266795714745424 0
1678818713677 0.07259892984892767 0
1678818722993 0.06416863290648354 0
1678818733344 0.05486413031484526 0
1678818801078 3.073738707174169 0
1678818810625 0.908236051550006 0
1678818819623 0.35844297832486655 0
1678818828853 0.19545066072651657 0
1678818838228 0.11853995318017384 0
1678818847731 0.09450024113722957 0
1678818856989 0.065152587747146 0
1678818866214 0.06129034869557265 0
1678818875232 0.06320973793690157 0
1678818884560 0.07116058060327674 0
1678818948975 3.0349969120308904 0
1678818963719 0.9116876343689343 0
1678818976122 0.3689801936397458 0
1678818985765 0.18279515273205124 0
1678818995037 0.1349532846545819 0
1678819004548 0.09204859766039518 0
1678819013680 0.06744546398963078 0
1678819022796 0.0939033440692295 0
1678819032112 0.09450267452635977 0
1678819041353 0.07990420210442625 0
1678819102937 3.068347705472814 0
1678819112020 0.8464716528311814 0
1678819121220 0.30481728151588156 0
1678819130624 0.11405155691548739 0
1678819144810 0.08168430963881534 0
1678819159609 0.07556857259040421 0
1678819170773 0.10465489598083319 0
1678819180137 0.08448279510704007 0
1678819189734 0.06198945399004929 0
1678819198989 0.04341284256649784 0
1678819260800 3.193046727983078 0
1678819269831 0.9215596784459482 0
1678819278909 0.3274678616314241 0
1678819288543 0.15577008184229973 0
1678819297754 0.12052603549148777 0
1678819306711 0.061066782913438165 0
1678819316024 0.0658978929946033 0
1678819325432 0.06344707544413533 0
1678819340056 0.04609002036475899 0
1678819354863 0.058449529341910736 0
1678819422941 2.935249936462629 0
1678819432359 0.6044914346225191 0
1678819441752 0.21447941196141856 0
1678819450832 0.08878083901461398 0
1678819460205 0.105644380599998 0
1678819469525 0.06597918486868096 0
1678819478645 0.07439027476760715 0
1678819488067 0.060727461130533476 0
1678819497275 0.07351523135226257 0
1678819506717 0.048757560495840443 0
1678819573906 2.7285088631186154 0
1678819583130 0.6984845367398592 0
1678819592530 0.23570187710741958 0
1678819601774 0.11483981272224153 0
1678819611406 0.08688650840874945 0
1678819621087 0.053101780566174796 0
1678819630341 0.055078905629049435 0
1678819639618 0.05487245577618037 0
1678819648723 0.0750335620550236 0
1678819658189 0.06534811720657761 0
1678819721175 2.9515352432090456 0
1678819730485 0.7008223163314385 0
1678819745145 0.22577992030004462 0
1678819759811 0.11767392542840231 0
1678819770268 0.09284340573640742 0
1678819779742 0.06112148490098148 0
1678819788915 0.04996603187911286 0
1678819798463 0.04176272181701837 0
1678819807817 0.053248084887935976 0
1678819816879 0.06045661321702865 0
1678819879386 3.011808371779942 0
1678819888591 0.6784733414354891 0
1678819897946 0.21755284034084565 0
1678819907243 0.11086707964244455 0
1678819916425 0.0714227152010887 0
1678819925845 0.08261399002432233 0
1678819940646 0.038390543191961134 0
1678819955207 0.06574812075953082 0
1678819965527 0.052472406564888975 0
1678819974963 0.05835363586977272 0
1678820037268 2.5949881519421494 0
1678820046475 0.4078593210566162 0
1678820055684 0.13107607963651713 0
1678820064895 0.0709049434465642 0
1678820074155 0.050309079385703746 0
1678820083455 0.05084652879671885 0
1678820092415 0.05441249204375366 0
1678820101460 0.05062279714695593 0
1678820110881 0.04437200783170981 0
1678820120289 0.05537004738419068 0
1678820188231 2.711037585050753 0
1678820197662 0.8073905355269366 0
1678820207108 0.2893035925998546 0
1678820216296 0.1273551413438993 0
1678820225613 0.08432461022593007 0
1678820234721 0.06314856488958444 0
1678820244013 0.05990748677292083 0
1678820253332 0.04164029071384137 0
1678820262354 0.041580277725611584 0
1678820271599 0.06531847111585706 0
1678820334082 2.803442384346877 0
1678820348881 0.5109162565210078 0
1678820363887 0.16837805387849855 0
1678820373154 0.1011249342250942 0
1678820382466 0.049206473929162074 0
1678820392067 0.04180071703020004 0
1678820401570 0.041902737433810046 0
1678820411121 0.06154090652039441 0
1678820420442 0.04689277963030456 0
1678820429738 0.04966924014953104 0
1678820492906 2.673361377550824 0
1678820502295 0.3357229886373671 0
1678820511479 0.11838794538363961 0
1678820520968 0.05413822948674459 0
1678820532079 0.043478265266386 0
1678820546896 0.04171437452003212 0
1678820561207 0.03041565454205369 0
1678820570578 0.02605819569365813 0
1678820580073 0.03744160597867305 0
1678820589756 0.06802834657085415 0
1678820653116 2.648567941814366 0
1678820662450 0.4442825423608912 0
1678820671794 0.10993174223764109 0
1678820681087 0.0463240550056395 0
1678820690353 0.03503141878633806 0
1678820699542 0.06284089804175172 0
1678820708744 0.07177877044397415 0
1678820718069 0.06970627052654134 0
1678820727570 0.07529749053687153 0
1678820737396 0.04267486937270306 0
