1678817728268 9.342806215001474 0
1678817737588 9.106989938998595 0
1678817746728 8.94245637000131 0
1678817756298 9.364603455996985 0
1678817767808 11.313734436000232 0
1678817782471 14.448420142998657 0
1678817796362 13.699768186001165 0
1678817805775 9.20128846499938 0
1678817815234 9.260640700002114 0
1678817825019 9.586726345998613 0
1678817885030 8.913690517001669 0
1678817894295 9.062839701000485 0
1678817903594 9.089869460000045 0
1678817912836 9.029514222002035 0
1678817921792 8.748952545000066 0
1678817931262 9.264373666999745 0
1678817940554 9.090825975999905 0
1678817949610 8.847932902001048 0
1678817963795 13.972066378999443 0
1678817978709 14.710747658999026 0
1678818045277 8.756903323999722 0
1678818054689 9.202069732000382 0
1678818063779 8.890015122997283 0
1678818073136 9.143586643000162 0
1678818082441 9.108381415000622 0
1678818091590 8.933937904999766 0
1678818100656 8.849285371001315 0
1678818109660 8.807086450000497 0
1678818118792 8.905583607000153 0
1678818128156 9.14699186299913 0
1678818195266 12.198470029998134 0
1678818204427 8.934365494998929 0
1678818213850 9.196982712997851 0
1678818223393 9.334720227998332 0
1678818232690 9.077369326001644 0
1678818241958 9.043230538001808 0
1678818251371 9.187213484001404 0
1678818260589 9.013178025001253 0
1678818269870 9.054066294000222 0
1678818279298 9.200423263999255 0
1678818338698 8.680194517997734 0
1678818347978 9.069665098999394 0
1678818362126 13.944736361998366 0
1678818376911 14.54725167200013 0
1678818387995 10.872561076997954 0
1678818397429 9.243236050002452 0
1678818406691 9.039215116001287 0
1678818415914 9.012709053000435 0
1678818425438 9.313855502998194 0
1678818434929 9.285458152000501 0
1678818494129 8.899714303999644 0
1678818503226 8.883125330001349 0
1678818512140 8.694122236000112 0
1678818521455 9.103788874999736 0
1678818530676 9.011882005997904 0
1678818540677 9.78511792900099 0
1678818555318 14.441459200999816 0
1678818569982 14.448245059000328 0
1678818579694 9.488948361999064 0
1678818589162 9.256080221002776 0
1678818649561 8.863581655998132 0
1678818658577 8.809689254001569 0
1678818667566 8.673292555002263 0
1678818676908 9.126299660001678 0
1678818686329 9.195203293002123 0
1678818695540 8.993669036000938 0
1678818704597 8.800057787000696 0
1678818713682 8.874542123001447 0
1678818722999 9.109381139998732 0
1678818733350 10.138378911997279 0
1678818801083 8.705004759998701 0
1678818810637 9.310592984998948 0
1678818819629 8.779966055000841 0
1678818828859 9.015677380000852 0
1678818838234 9.153814361001423 0
1678818847737 9.28426641599799 0
1678818856997 9.044144761999632 0
1678818866220 9.012427007000952 0
1678818875237 8.801990530002513 0
1678818884566 9.10395749700183 0
1678818948981 12.554945275001955 0
1678818963726 14.525016928000696 0
1678818976129 12.196954268998525 0
1678818985774 9.427488887002255 0
1678818995043 9.063617248997616 0
1678819004554 9.288023285000236 0
1678819013686 8.916675163996842 0
1678819022802 8.90606022999782 0
1678819032118 9.08932972600087 0
1678819041362 9.005867357998795 0
1678819102943 9.06552970499979 0
1678819112027 8.882798129998264 0
1678819121231 8.96096966100231 0
1678819130630 9.192164937998314 0
1678819144817 13.985369083999103 0
1678819159616 14.581830548999278 0
1678819170780 10.927725622997968 0
1678819180143 9.152539520000573 0
1678819189741 9.386417656001868 0
1678819199000 9.018605327000841 0
1678819260807 9.206425468997622 0
1678819269838 8.82380529999864 0
1678819278915 8.867759659999138 0
1678819288550 9.40672932599773 0
1678819297761 8.999736368998128 0
1678819306717 8.736935127999459 0
1678819316031 9.096117962999415 0
1678819325448 9.145341483002994 0
1678819340066 14.391522670000995 0
1678819354870 14.583818932998838 0
1678819422949 9.005901451000682 0
1678819432366 9.191441508002754 0
1678819441760 9.174720382001397 0
1678819450840 8.848405715001718 0
1678819460212 9.161716266997246 0
1678819469540 9.082695755001623 0
1678819478653 8.889484555998934 0
1678819488073 9.2016091459991 0
1678819497282 8.993173799000942 0
1678819506724 9.215414027999941 0
1678819573913 11.004214829001285 0
1678819583136 9.00777464100247 0
1678819592538 9.175399693001964 0
1678819601786 9.020617096000933 0
1678819611414 9.396172335000301 0
1678819621097 9.447102787999029 0
1678819630350 9.046987601999717 0
1678819639625 9.055311586002063 0
1678819648730 8.88900197899784 0
1678819658197 9.240171140001621 0
1678819721182 9.223782704997575 0
1678819730492 9.092830555000546 0
1678819745152 14.448825165000017 0
1678819759818 14.432526599000994 0
1678819770277 10.251408391999576 0
1678819779751 9.267658880002273 0
1678819788923 8.94877172500128 0
1678819798472 9.3204818109989 0
1678819807825 9.13750157100003 0
1678819816893 8.817244130998006 0
1678819879394 9.075104327999725 0
1678819888599 8.985590841002704 0
1678819897953 9.139442620999034 0
1678819907250 9.078294864000782 0
1678819916432 8.95865989000231 0
1678819925852 9.20116483899983 0
1678819940655 14.55513368100219 0
1678819955214 14.342255490999378 0
1678819965534 10.098163059999933 0
1678819974971 9.196852304001368 0
1678820037275 9.166570788998797 0
1678820046484 8.989730820998375 0
1678820055700 8.960943948000931 0
1678820064903 8.974030410998239 0
1678820074163 9.03299338099896 0
1678820083464 9.052060037000047 0
1678820092423 8.725421716997516 0
1678820101467 8.816402485001163 0
1678820110888 9.204156982999848 0
1678820120296 9.196685406001052 0
1678820188239 9.206248806000076 0
1678820197671 9.12814021200029 0
1678820207117 9.219904025001597 0
1678820216304 8.956435460000648 0
1678820225623 9.073658278000948 0
1678820234729 8.894413079000515 0
1678820244029 9.051379087999521 0
1678820253340 9.080718720000732 0
1678820262362 8.807213938998757 0
1678820271607 9.013500077999197 0
1678820334091 10.025547122000717 0
1678820348889 14.577662445000897 0
1678820363895 14.765897918001428 0
1678820373166 9.025774510999327 0
1678820382474 9.0953474070011 0
1678820392076 9.325449400999787 0
1678820401585 9.271799714002555 0
1678820411129 9.302555693000613 0
1678820420451 9.09966493200045 0
1678820429746 9.078439798002364 0
1678820492914 9.3321684620023 0
1678820502303 9.15447024000241 0
1678820511487 8.958992243999091 0
1678820520976 9.268164531000366 0
1678820532090 10.869960610001726 0
1678820546905 14.598611494999204 0
1678820561216 14.093243396997423 0
1678820570587 9.130061126001237 0
1678820580082 9.272240491001867 0
1678820589764 9.4522545860018 0
1678820653125 9.332228497001779 0
1678820662458 9.112616274000175 0
1678820671802 9.111587483999756 0
1678820681096 9.05536321299951 0
1678820690362 9.026537597001152 0
1678820699551 8.961516152001423 0
1678820708753 8.970574724000471 0
1678820718078 9.113935015000607 0
1678820727579 9.274495133002347 0
1678820737405 9.608893407999858 0
