1678817728252 0.8777573529411765 0
1678817737563 0.9546568627450981 0
1678817746711 0.9708946078431373 0
1678817756283 0.9782475490196079 0
1678817767797 0.9889705882352942 0
1678817782457 0.9920343137254902 0
1678817796345 0.9892769607843137 0
1678817805762 0.9957107843137255 0
1678817815217 0.9957107843137255 0
1678817825002 0.9981617647058824 0
1678817885012 0.9139851485148515 0
1678817894274 0.9916460396039604 0
1678817903579 0.9873143564356436 0
1678817912823 0.9891707920792079 0
1678817921774 0.9836014851485149 0
1678817931245 0.9972153465346535 0
1678817940537 0.9941212871287128 0
1678817949596 0.9907178217821783 0
1678817963781 0.9907178217821783 0
1678817978680 0.9953589108910891 0
1678818045260 0.8870668316831684 0
1678818054675 0.9771039603960396 0
1678818063759 0.9832920792079208 0
1678818073117 0.994430693069307 0
1678818082423 0.9931930693069307 0
1678818091571 0.9829826732673267 0
1678818100642 0.9935024752475248 0
1678818109642 0.9962871287128713 0
1678818118771 0.9978341584158416 0
1678818128141 0.9907178217821783 0
1678818195248 0.749690594059406 0
1678818204409 0.9532797029702971 0
1678818213831 0.9811262376237624 0
1678818223378 0.9928836633663366 0
1678818232677 0.9972153465346535 0
1678818241942 0.9953589108910891 0
1678818251352 0.9897896039603961 0
1678818260572 0.9941212871287128 0
1678818269854 0.9916460396039604 0
1678818279280 0.9978341584158416 0
1678818338683 0.6147896039603961 0
1678818347963 0.9260519801980198 0
1678818362114 0.9678217821782178 0
1678818376891 0.9845297029702971 0
1678818387985 0.9873143564356436 0
1678818397411 0.9873143564356436 0
1678818406674 0.9817450495049505 0
1678818415899 0.9922648514851485 0
1678818425423 0.9888613861386139 0
1678818434912 0.9969059405940595 0
1678818494111 0.510519801980198 0
1678818503211 0.8830445544554455 0
1678818512121 0.9566831683168316 0
1678818521437 0.9712252475247525 0
1678818530659 0.9761757425742574 0
1678818540661 0.9820544554455446 0
1678818555299 0.9851485148514851 0
1678818569966 0.9866955445544554 0
1678818579675 0.9879331683168316 0
1678818589146 0.9888613861386139 0
1678818649546 0.3604579207920792 0
1678818658558 0.7648514851485149 0
1678818667550 0.9022277227722773 0
1678818676893 0.9520420792079208 0
1678818686312 0.9641089108910891 0
1678818695522 0.9712252475247525 0
1678818704576 0.9842202970297029 0
1678818713667 0.9832920792079208 0
1678818722981 0.9820544554455446 0
1678818733334 0.9891707920792079 0
1678818801068 0.2728960396039604 0
1678818810605 0.6918316831683168 0
1678818819609 0.8849009900990099 0
1678818828844 0.9421410891089109 0
1678818838222 0.9668935643564357 0
1678818847721 0.9693688118811881 0
1678818856977 0.9842202970297029 0
1678818866204 0.9848391089108911 0
1678818875222 0.9845297029702971 0
1678818884549 0.9786509900990099 0
1678818948964 0.28620049504950495 0
1678818963708 0.6893564356435643 0
1678818976110 0.8830445544554455 0
1678818985753 0.9489480198019802 0
1678818995024 0.9597772277227723 0
1678819004538 0.9733910891089109 0
1678819013669 0.9817450495049505 0
1678819022785 0.9721534653465347 0
1678819032099 0.9718440594059405 0
1678819041341 0.9767945544554455 0
1678819102930 0.2756806930693069 0
1678819112008 0.7141089108910891 0
1678819121198 0.8994430693069307 0
1678819130611 0.968440594059406 0
1678819144797 0.9767945544554455 0
1678819159598 0.9801980198019802 0
1678819170761 0.974009900990099 0
1678819180125 0.974009900990099 0
1678819189723 0.9839108910891089 0
1678819198976 0.9919554455445545 0
1678819260791 0.2301980198019802 0
1678819269820 0.692450495049505 0
1678819278896 0.8972772277227723 0
1678819288532 0.9557549504950495 0
1678819297743 0.9656559405940595 0
1678819306701 0.9845297029702971 0
1678819316013 0.9823638613861386 0
1678819325420 0.9829826732673267 0
1678819340040 0.9904084158415841 0
1678819354851 0.9842202970297029 0
1678819422929 0.32054455445544555 0
1678819432346 0.7991955445544554 0
1678819441739 0.9359529702970297 0
1678819450821 0.9780321782178217 0
1678819460193 0.9712252475247525 0
1678819469513 0.9823638613861386 0
1678819478633 0.9783415841584159 0
1678819488057 0.9851485148514851 0
1678819497266 0.9801980198019802 0
1678819506705 0.9882425742574258 0
1678819573895 0.3029084158415842 0
1678819583120 0.7694925742574258 0
1678819592517 0.9263613861386139 0
1678819601765 0.9681311881188119 0
1678819611395 0.974009900990099 0
1678819621073 0.9866955445544554 0
1678819630329 0.9848391089108911 0
1678819639608 0.9848391089108911 0
1678819648716 0.9777227722772277 0
1678819658178 0.9836014851485149 0
1678819721167 0.2688737623762376 0
1678819730475 0.7645420792079208 0
1678819745135 0.9288366336633663 0
1678819759801 0.963799504950495 0
1678819770255 0.9746287128712872 0
1678819779728 0.9839108910891089 0
1678819788904 0.9891707920792079 0
1678819798450 0.9922648514851485 0
1678819807808 0.9870049504950495 0
1678819816861 0.9863861386138614 0
1678819879376 0.29764851485148514 0
1678819888578 0.7834158415841584 0
1678819897937 0.9365717821782178 0
1678819907233 0.9718440594059405 0
1678819916414 0.9817450495049505 0
1678819925837 0.9764851485148515 0
1678819940635 0.9907178217821783 0
1678819955197 0.9832920792079208 0
1678819965519 0.9879331683168316 0
1678819974952 0.9885519801980198 0
1678820037259 0.4084158415841584 0
1678820046465 0.8691212871287128 0
1678820055669 0.9619430693069307 0
1678820064882 0.9842202970297029 0
1678820074144 0.9876237623762376 0
1678820083444 0.9879331683168316 0
1678820092402 0.9848391089108911 0
1678820101448 0.9848391089108911 0
1678820110871 0.989480198019802 0
1678820120278 0.9860767326732673 0
1678820188221 0.23422029702970298 0
1678820197649 0.7311262376237624 0
1678820207096 0.9081064356435643 0
1678820216284 0.963799504950495 0
1678820225597 0.9777227722772277 0
1678820234708 0.9866955445544554 0
1678820243999 0.9826732673267327 0
1678820253318 0.9904084158415841 0
1678820262343 0.9904084158415841 0
1678820271587 0.9836014851485149 0
1678820334071 0.3573638613861386 0
1678820348870 0.8338490099009901 0
1678820363875 0.9489480198019802 0
1678820373129 0.9699876237623762 0
1678820382453 0.9904084158415841 0
1678820392057 0.989480198019802 0
1678820401556 0.9900990099009901 0
1678820411111 0.9826732673267327 0
1678820420430 0.9885519801980198 0
1678820429727 0.9876237623762376 0
1678820492897 0.43595297029702973 0
1678820502283 0.8932549504950495 0
1678820511467 0.9653465346534653 0
1678820520959 0.9888613861386139 0
1678820532063 0.989480198019802 0
1678820546886 0.9882425742574258 0
1678820561197 0.9928836633663366 0
1678820570567 0.9938118811881188 0
1678820580061 0.9925742574257426 0
1678820589744 0.9808168316831684 0
1678820653107 0.3573638613861386 0
1678820662439 0.8545792079207921 0
1678820671781 0.9727722772277227 0
1678820681075 0.9925742574257426 0
1678820690342 0.9938118811881188 0
1678820699530 0.9836014851485149 0
1678820708732 0.9826732673267327 0
1678820718057 0.9805074257425742 0
1678820727558 0.9801980198019802 0
1678820737385 0.9916460396039604 0
