1679420892274 0.37637270464772843 0
1679420898410 0.12226343658130143 0
1679420904312 0.09047015883203452 0
1679420910494 0.061842289497273155 0
1679420916473 0.039802629658849446 0
1679420922413 0.0498958777299264 0
1679420928627 0.022898239613084886 0
1679420934614 0.013459282929787814 0
1679420940878 0.01274887460279272 0
1679420947071 0.012937606939674839 0
1679420977505 0.2797273081053275 0
1679420993334 0.018504158838765272 0
1679421009283 0.008063584931441763 0
1679421025461 0.004374963917013114 0
1679421041781 0.00341566990275008 0
1679421057739 0.0015824958217363723 0
1679421073970 0.0015555968447343977 0
1679421090040 0.0010589768104956264 0
1679421106087 0.0010182617489635708 0
1679421122373 0.0009417424855341502 0
1679421151649 0.4171961928789828 0
1679421168154 0.04151308440953205 0
1679421185060 0.01610897655003236 0
1679421201821 0.008356301330714307 0
1679421218262 0.00448719412184871 0
1679421234625 0.0029717230729087263 0
1679421251218 0.0023728263797881646 0
1679421268215 0.0020748124760511274 0
1679421284765 0.001453748287199559 0
1679421301337 0.001411097858728872 0
1679421329864 0.7380460654668386 0
1679421346884 0.08422697841534546 0
1679421364054 0.039222378804713735 0
1679421381153 0.020574523836441174 0
1679421397559 0.013088997053394084 0
1679421414352 0.007201818693995229 0
1679421431209 0.005008120198788131 0
1679421448216 0.0033201928947054014 0
1679421465151 0.0025284227941478527 0
1679421482257 0.001999118323942765 0
1679421511744 0.7223871556620077 0
1679421528340 0.08265793631728018 0
1679421545471 0.037811815320611904 0
1679421562687 0.02081997673289634 0
1679421579881 0.01138579587867607 0
1679421597221 0.00608406761611004 0
1679421614368 0.004642244166300956 0
1679421631346 0.005816813604005751 0
1679421648360 0.0031934655718479656 0
1679421665698 0.002234758437130065 0
1679421695430 0.7145308206341543 0
1679421712989 0.057453396403390235 0
1679421730270 0.024440980879126828 0
1679421747605 0.01201126452867271 0
1679421765025 0.00893735805029842 0
1679421782266 0.005753961676353517 0
1679421799365 0.0040884596245486845 0
1679421816485 0.00332302783193962 0
1679421833936 0.002845168411339381 0
1679421851238 0.0022907263955657077 0
1679421881706 0.8770236067309235 0
1679421898910 0.11625469385939573 0
1679421916335 0.04768258258340191 0
1679421933935 0.027545109063834568 0
1679421951119 0.01486077401478317 0
1679421968473 0.008305315561824123 0
1679421986078 0.004994931990327057 0
1679422003370 0.003986073091551559 0
1679422020871 0.0031901972013968173 0
1679422038489 0.0028886517370891505 0
1679422068664 0.8843352381572209 0
1679422086560 0.09337387817721422 0
1679422104001 0.035268759089959426 0
1679422121710 0.015763150278520023 0
1679422139569 0.015331515129038149 0
1679422157412 0.006897239850960075 0
1679422175516 0.005906995179103328 0
1679422192962 0.004359706069242456 0
1679422210795 0.003726299099292277 0
1679422228486 0.003237246844444156 0
1679422259764 0.8279254357459137 0
1679422277727 0.10264842921240225 0
1679422295980 0.03841663274312011 0
1679422313749 0.016916443080543565 0
1679422331584 0.012180838220011835 0
1679422349408 0.007429056185379995 0
1679422367575 0.006742221668931187 0
1679422385614 0.005095431565864074 0
1679422403486 0.003944034353721866 0
1679422421396 0.003630760608521388 0
1679422453149 1.0263347921697474 0
1679422471274 0.11180460310505075 0
1679422489373 0.05204588176620846 0
1679422507672 0.02472315773429627 0
1679422526233 0.019610024782190955 0
1679422544271 0.010436950495867934 0
1679422562729 0.008457719247391993 0
1679422580710 0.006520848017306844 0
1679422599126 0.006461252506310377 0
1679422617531 0.004379216740126542 0
1679422649852 0.9043676333903279 0
1679422668478 0.09396126233967464 0
1679422687216 0.03773945906760367 0
1679422705690 0.02180907350851645 0
1679422724196 0.01309794909127818 0
1679422742754 0.009493862336323962 0
1679422761201 0.008258957517441382 0
1679422779700 0.00617727863014475 0
1679422797971 0.006246688326457978 0
1679422816687 0.0040086190332337 0
1679422847878 1.068141741729573 0
1679422864540 0.12912292755337546 0
1679422881408 0.06085351945636845 0
1679422897836 0.022509034961019515 0
1679422914321 0.015787724802368296 0
1679422931219 0.010085632572418788 0
1679422948120 0.007387416347866435 0
1679422964498 0.005109991450235762 0
1679422981173 0.007370601954563773 0
1679422997480 0.005162846203764788 0
1679423027696 1.0221242546747074 0
1679423044730 0.12256864087851667 0
1679423062020 0.058766677821291746 0
1679423078597 0.028862504129689083 0
1679423095299 0.015698799350201176 0
1679423113073 0.01005097324715526 0
1679423129169 0.007721118710662408 0
1679423145875 0.009333380604438092 0
1679423162617 0.0064786170702234675 0
1679423179204 0.004284598744501365 0
1679423211129 0.8845770555234499 0
1679423228201 0.11501703623332371 0
1679423244976 0.04863294496494268 0
1679423262521 0.026777501363379273 0
1679423280013 0.018151120064028883 0
1679423297250 0.01223041381730662 0
1679423314936 0.009274430336940066 0
1679423331541 0.007584305661177335 0
1679423348594 0.005617144858163591 0
1679423365696 0.00648536406121685 0
1679423397915 0.9741293657056534 0
1679423414662 0.13908218598837105 0
1679423432067 0.05268004636964581 0
1679423449210 0.029875956925959714 0
1679423466230 0.019645737685412373 0
1679423483292 0.012743778398147275 0
1679423500492 0.00821186846619966 0
1679423517337 0.00670622806650077 0
1679423534767 0.004701625501083529 0
1679423552101 0.004688193279515324 0
1679423584310 0.8401341511049817 0
1679423602363 0.08007291319023674 0
1679423620368 0.03150225466423416 0
1679423637623 0.018434344607570017 0
1679423655179 0.011681717395002938 0
1679423673132 0.01233048457845284 0
1679423690549 0.00905607242422765 0
1679423708414 0.005924129888360023 0
1679423727141 0.006287335918236071 0
1679423744138 0.005859487692604243 0
1679423777849 1.0170648385518493 0
1679423795808 0.15235938381877065 0
1679423814069 0.062343709541289184 0
1679423832633 0.0345041335068993 0
1679423849970 0.01777309430081356 0
1679423868050 0.0158760677749749 0
1679423885996 0.008930887651014867 0
1679423903930 0.007508354193340596 0
1679423921876 0.012124345386375092 0
1679423940268 0.007384506211962129 0
1679423973625 1.1097388798936954 0
1679423991600 0.18314061958075228 0
1679424009448 0.07434096153393306 0
1679424028111 0.038977164824014705 0
1679424046468 0.02322400924016449 0
1679424065103 0.0167943903396822 0
1679424083646 0.013341539128084065 0
1679424101435 0.013330547225556095 0
1679424119675 0.008882381934968457 0
1679424139017 0.00947068634961387 0
1679424174409 1.0277848177440259 0
1679424192938 0.14696242102519583 0
1679424211704 0.0726362820869075 0
1679424230033 0.04133838368579745 0
1679424247944 0.022423027366276275 0
1679424266167 0.018345379694467874 0
1679424284613 0.014462411869960471 0
1679424303564 0.011862831568095875 0
1679424322056 0.011138001133981083 0
1679424340421 0.008055763218477266 0
1679424375813 1.0963024796290293 0
1679424394878 0.1881836360598302 0
1679424413612 0.0929921622341756 0
1679424431998 0.04466217835253691 0
1679424451179 0.0322343613990989 0
1679424469557 0.030770283013592522 0
1679424488900 0.01906955316637061 0
1679424507205 0.013251825607541269 0
1679424526460 0.01063284405844173 0
1679424544305 0.00872318958381232 0
