1679420892280 5.959475172916427 0
1679420898415 6.004321417072788 0
1679420904317 5.773108511930332 0
1679420910499 6.050153399934061 0
1679420916479 5.847673043026589 0
1679420922418 5.812293650931679 0
1679420928636 6.075763653032482 0
1679420934620 5.844948273035698 0
1679420940888 6.120022401912138 0
1679420947077 6.045314967050217 0
1679420977514 15.939331479021348 0
1679420993340 15.62786629900802 0
1679421009290 15.79603029298596 0
1679421025468 16.02227117307484 0
1679421041793 16.15572451101616 0
1679421057743 15.792130162008107 0
1679421073975 16.07011183304712 0
1679421090046 15.922062269994058 0
1679421106093 15.894756215973757 0
1679421122382 16.138616087962873 0
1679421151657 16.34487154998351 0
1679421168158 16.353240247932263 0
1679421185065 16.752113739959896 0
1679421201830 16.599508757004514 0
1679421218267 16.21440336701926 0
1679421234631 16.209175178897567 0
1679421251225 16.43481733300723 0
1679421268224 16.83014251291752 0
1679421284772 16.387736201984808 0
1679421301344 16.371786004048772 0
1679421329870 16.736610399908386 0
1679421346892 16.864152449998073 0
1679421364060 16.955831795930862 0
1679421381157 16.927661534049548 0
1679421397571 16.235168543993495 0
1679421414361 16.622489436995238 0
1679421431218 16.68034878396429 0
1679421448226 16.845645282999612 0
1679421465157 16.776859842939302 0
1679421482264 16.947181127034128 0
1679421511751 17.136007484979928 0
1679421528347 16.437946564052254 0
1679421545482 16.96396679803729 0
1679421562696 17.043896392919123 0
1679421579888 17.027246093959548 0
1679421597232 17.17504292889498 0
1679421614375 16.982153293909505 0
1679421631354 16.818779479013756 0
1679421648369 16.84675792499911 0
1679421665707 17.163760298048146 0
1679421695437 17.275775488000363 0
1679421712997 17.39881599904038 0
1679421730276 17.127268632058986 0
1679421747612 17.181451705051586 0
1679421765032 17.249960945919156 0
1679421782271 17.06871316197794 0
1679421799371 16.947897201986052 0
1679421816490 16.971463184105232 0
1679421833943 17.285481692990288 0
1679421851245 17.141966665978543 0
1679421881712 17.564040825003758 0
1679421898917 17.048520124983042 0
1679421916341 17.264517846051604 0
1679421933943 17.431782311061397 0
1679421951127 17.012303692055866 0
1679421968479 17.18876473896671 0
1679421986085 17.424328116932884 0
1679422003384 17.11994159698952 0
1679422020878 17.335288170026615 0
1679422038499 17.45726601500064 0
1679422068672 17.36441285291221 0
1679422086571 17.721933000953868 0
1679422104008 17.282285006018355 0
1679422121718 17.54818008397706 0
1679422139581 17.677265508915298 0
1679422157420 17.672512817080133 0
1679422175529 17.928509999997914 0
1679422192970 17.26597107097041 0
1679422210803 17.67770574009046 0
1679422228497 17.522524024010636 0
1679422259773 17.900672862073407 0
1679422277739 17.78556825290434 0
1679422295989 18.07457495597191 0
1679422313755 17.603545905905776 0
1679422331593 17.678303909953684 0
1679422349415 17.66212666896172 0
1679422367589 17.998595718992874 0
1679422385621 17.87655370507855 0
1679422403495 17.691645540995523 0
1679422421402 17.75272656895686 0
1679422453156 17.82544483197853 0
1679422471283 17.959896737942472 0
1679422489380 17.92501277301926 0
1679422507679 18.130676492932253 0
1679422526241 18.37409676599782 0
1679422544279 17.8712256209692 0
1679422562742 18.2842360829236 0
1679422580717 17.809379245038144 0
1679422599132 18.249069093959406 0
1679422617538 18.238455308019184 0
1679422649859 18.338344672927633 0
1679422668489 18.454058622941375 0
1679422687224 18.565764333005063 0
1679422705699 18.306090399972163 0
1679422724203 18.345800810027868 0
1679422742763 18.397759879007936 0
1679422761212 18.26342495204881 0
1679422779707 18.323223437997513 0
1679422797983 18.08405203395523 0
1679422816698 18.542183993034996 0
1679422847885 16.706465047085658 0
1679422864548 16.451002961955965 0
1679422881414 16.63763014692813 0
1679422897847 16.218196436064318 0
1679422914331 16.272471326985396 0
1679422931231 16.678764850948937 0
1679422948129 16.676241223001853 0
1679422964506 16.135260966955684 0
1679422981180 16.43663455406204 0
1679422997491 16.052291263011284 0
1679423027704 17.170669705956243 0
1679423044742 16.79983789497055 0
1679423062026 17.011646636994556 0
1679423078604 16.347060811938718 0
1679423095307 16.46263921400532 0
1679423113080 17.547382103046402 0
1679423129177 15.88913360296283 0
1679423145883 16.484956396976486 0
1679423162624 16.493751388974488 0
1679423179212 16.355404364061542 0
1679423211136 17.010217268019915 0
1679423228218 16.810208927025087 0
1679423244985 16.537333054933697 0
1679423262530 17.303819593973458 0
1679423280021 17.260111985029653 0
1679423297262 17.002632168936543 0
1679423314950 17.45670506497845 0
1679423331548 16.386144474032335 0
1679423348601 16.823769325041212 0
1679423365704 16.874383777030744 0
1679423397923 17.000451087020338 0
1679423414670 16.532958189956844 0
1679423432076 17.176616775919683 0
1679423449217 16.91590984002687 0
1679423466237 16.80596215906553 0
1679423483301 16.824705310049467 0
1679423500500 16.92704271094408 0
1679423517344 16.624783830018714 0
1679423534777 17.194410906988196 0
1679423552109 17.110274773905985 0
1679423584317 17.166847415966913 0
1679423602370 17.83930342597887 0
1679423620380 17.748724811011925 0
1679423637631 17.027384808054194 0
1679423655190 17.314034297014587 0
1679423673144 17.722672999021597 0
1679423690559 17.172116582049057 0
1679423708425 17.635089294984937 0
1679423727150 18.498930143075995 0
1679423744146 16.74847386905458 0
1679423777858 18.090390805038624 0
1679423795817 17.709293143008836 0
1679423814086 18.017213422921486 0
1679423832653 18.289633996901102 0
1679423849978 17.095535904052667 0
1679423868058 17.87036137096584 0
1679423886008 17.70750144100748 0
1679423903937 17.707301135989837 0
1679423921885 17.714323216001503 0
1679423940275 18.15753680106718 0
1679423973633 17.62181123602204 0
1679423991607 17.735543408896774 0
1679424009457 17.596616612980142 0
1679424028120 18.424874646007083 0
1679424046476 18.129649049020372 0
1679424065120 18.388782200985588 0
1679424083656 18.269786086981185 0
1679424101443 17.543356718029827 0
1679424119684 18.021548499003984 0
1679424139030 19.105411318014376 0
1679424174420 18.70741339295637 0
1679424192955 18.298873291932978 0
1679424211713 18.515895975986496 0
1679424230041 18.105109955067746 0
1679424247952 17.68580172897782 0
1679424266181 17.997776112984866 0
1679424284625 18.203803022042848 0
1679424303573 18.688445428968407 0
1679424322064 18.258533857995644 0
1679424340430 18.118673911085352 0
1679424375821 19.17539658106398 0
1679424394888 18.80400920298416 0
1679424413620 18.492278909892775 0
1679424432006 18.148363352986053 0
1679424451192 18.931635293061845 0
1679424469565 18.15456221695058 0
1679424488908 19.097094662021846 0
1679424507217 18.06273991498165 0
1679424526469 19.00004033895675 0
1679424544315 17.598727443022653 0
