1679420892262 0.8843232044198895 0
1679420898399 0.9630524861878453 0
1679420904301 0.9703038674033149 0
1679420910484 0.9834254143646409 0
1679420916462 0.9875690607734806 0
1679420922402 0.9851519337016574 0
1679420928614 0.9927486187845304 0
1679420934603 0.9962016574585635 0
1679420940864 0.9968922651933702 0
1679420947059 0.9965469613259669 0
1679420977492 0.9478591160220995 0
1679420993328 0.9963743093922652 0
1679421009271 0.9996546961325967 0
1679421025452 0.9996546961325967 0
1679421041767 0.9996546961325967 0
1679421057730 1.0 0
1679421073961 1.0 0
1679421090029 1.0 0
1679421106076 1.0 0
1679421122361 1.0 0
1679421151636 0.914364640883978 0
1679421168145 0.9892955801104972 0
1679421185048 0.9975828729281768 0
1679421201808 0.9996546961325967 0
1679421218250 1.0 0
1679421234615 1.0 0
1679421251207 1.0 0
1679421268202 1.0 0
1679421284754 1.0 0
1679421301325 1.0 0
1679421329852 0.8579074585635359 0
1679421346872 0.9787638121546961 0
1679421364043 0.9906767955801105 0
1679421381145 0.9958563535911602 0
1679421397543 0.9982734806629834 0
1679421414340 0.9994820441988951 0
1679421431199 1.0 0
1679421448208 1.0 0
1679421465141 1.0 0
1679421482246 1.0 0
1679421511733 0.8706837016574586 0
1679421528329 0.9779005524861878 0
1679421545454 0.9917127071823204 0
1679421562676 0.9968922651933702 0
1679421579873 0.9993093922651933 0
1679421597211 0.9998273480662984 0
1679421614355 0.9996546961325967 0
1679421631335 0.99896408839779 0
1679421648346 1.0 0
1679421665683 1.0 0
1679421695420 0.863950276243094 0
1679421712978 0.9865331491712708 0
1679421730259 0.9972375690607734 0
1679421747595 0.9996546961325967 0
1679421765013 0.9994820441988951 0
1679421782253 1.0 0
1679421799354 0.9998273480662984 0
1679421816474 0.9998273480662984 0
1679421833924 1.0 0
1679421851226 1.0 0
1679421881691 0.8266574585635359 0
1679421898898 0.9690953038674033 0
1679421916324 0.9877417127071824 0
1679421933922 0.9951657458563536 0
1679421951107 0.9979281767955801 0
1679421968461 0.9994820441988951 0
1679421986068 1.0 0
1679422003357 1.0 0
1679422020861 1.0 0
1679422038478 1.0 0
1679422068652 0.8282113259668509 0
1679422086541 0.9763466850828729 0
1679422103989 0.992921270718232 0
1679422121698 0.9984461325966851 0
1679422139556 0.9981008287292817 0
1679422157401 0.9996546961325967 0
1679422175501 0.9996546961325967 0
1679422192954 0.9998273480662984 0
1679422210783 0.9998273480662984 0
1679422228474 0.9998273480662984 0
1679422259752 0.8401243093922652 0
1679422277716 0.9741022099447514 0
1679422295969 0.993439226519337 0
1679422313737 0.9984461325966851 0
1679422331570 0.9982734806629834 0
1679422349395 0.9998273480662984 0
1679422367563 0.9996546961325967 0
1679422385603 0.9994820441988951 0
1679422403471 0.9998273480662984 0
1679422421385 1.0 0
1679422453136 0.8019682320441989 0
1679422471262 0.9734116022099447 0
1679422489360 0.9896408839779005 0
1679422507659 0.9958563535911602 0
1679422526220 0.9968922651933702 0
1679422544259 0.9993093922651933 0
1679422562716 0.9991367403314917 0
1679422580695 0.9996546961325967 0
1679422599115 0.9991367403314917 0
1679422617520 0.9998273480662984 0
1679422649841 0.8435773480662984 0
1679422668464 0.9751381215469613 0
1679422687203 0.9937845303867403 0
1679422705676 0.9965469613259669 0
1679422724183 0.99896408839779 0
1679422742741 0.99896408839779 0
1679422761180 0.9987914364640884 0
1679422779689 0.9998273480662984 0
1679422797953 0.9991367403314917 0
1679422816673 1.0 0
1679422847866 0.7997237569060773 0
1679422864527 0.9690953038674033 0
1679422881397 0.9872237569060773 0
1679422897823 0.9979281767955801 0
1679422914309 0.9984461325966851 0
1679422931205 0.99896408839779 0
1679422948110 0.9998273480662984 0
1679422964486 1.0 0
1679422981162 0.9986187845303868 0
1679422997462 0.9993093922651933 0
1679423027683 0.8087016574585635 0
1679423044716 0.9682320441988951 0
1679423061999 0.9854972375690608 0
1679423078587 0.9949930939226519 0
1679423095286 0.9982734806629834 0
1679423113062 0.99896408839779 0
1679423129156 0.9994820441988951 0
1679423145864 0.9984461325966851 0
1679423162607 0.9994820441988951 0
1679423179191 0.9998273480662984 0
1679423211118 0.8292472375690608 0
1679423228173 0.96875 0
1679423244962 0.9903314917127072 0
1679423262507 0.9958563535911602 0
1679423280002 0.9974102209944752 0
1679423297239 0.9984461325966851 0
1679423314915 0.9991367403314917 0
1679423331530 0.9993093922651933 0
1679423348585 0.9994820441988951 0
1679423365685 0.9993093922651933 0
1679423397904 0.8178522099447514 0
1679423414649 0.9620165745856354 0
1679423432052 0.987396408839779 0
1679423449201 0.9946477900552486 0
1679423466218 0.9975828729281768 0
1679423483280 0.9984461325966851 0
1679423500481 0.9991367403314917 0
1679423517326 0.9996546961325967 0
1679423534753 1.0 0
1679423552089 0.9996546961325967 0
1679423584299 0.8451312154696132 0
1679423602353 0.9791091160220995 0
1679423620344 0.9963743093922652 0
1679423637610 0.9979281767955801 0
1679423655163 0.9994820441988951 0
1679423673113 0.9979281767955801 0
1679423690534 0.9987914364640884 0
1679423708399 0.9998273480662984 0
1679423727126 0.99896408839779 0
1679423744127 0.99896408839779 0
1679423777838 0.7983425414364641 0
1679423795794 0.9582182320441989 0
1679423814048 0.9851519337016574 0
1679423832610 0.994475138121547 0
1679423849958 0.9984461325966851 0
1679423868039 0.9981008287292817 0
1679423885976 0.9994820441988951 0
1679423903918 0.9994820441988951 0
1679423921864 0.9975828729281768 0
1679423940257 0.9994820441988951 0
1679423973616 0.7771063535911602 0
1679423991587 0.9488950276243094 0
1679424009433 0.981871546961326 0
1679424028099 0.9932665745856354 0
1679424046457 0.9967196132596685 0
1679424065090 0.9984461325966851 0
1679424083629 0.9986187845303868 0
1679424101423 0.9972375690607734 0
1679424119661 0.99896408839779 0
1679424139009 0.9984461325966851 0
1679424174394 0.8080110497237569 0
1679424192924 0.9592541436464088 0
1679424211693 0.981871546961326 0
1679424230021 0.9925759668508287 0
1679424247932 0.9967196132596685 0
1679424266151 0.9972375690607734 0
1679424284601 0.9981008287292817 0
1679424303551 0.9981008287292817 0
1679424322044 0.9977555248618785 0
1679424340409 0.9993093922651933 0
1679424375802 0.7971339779005525 0
1679424394854 0.9463052486187845 0
1679424413600 0.9772099447513812 0
1679424431984 0.9905041436464088 0
1679424451154 0.993439226519337 0
1679424469546 0.9948204419889503 0
1679424488887 0.9972375690607734 0
1679424507184 0.9982734806629834 0
1679424526448 0.9993093922651933 0
1679424544290 0.9991367403314917 0
