1680233493420 15.608571942997514 0
1680233507528 13.817785945997457 0
1680233521944 14.065332870995917 0
1680233536251 13.9981436809976 0
1680233550558 13.998042680999788 0
1680233564748 13.8924859799954 0
1680233578806 13.779996954996022 0
1680233592650 13.532296208999469 0
1680233607098 14.160161735002475 0
1680233621158 13.753659442001663 0
1680233638071 16.27360910900461 0
1680233654563 16.284942007994687 0
1680233670986 16.22445780399721 0
1680233687550 16.36322255199775 0
1680233704226 16.474293471001147 0
1680233720505 16.059787956000946 0
1680233736453 15.75164413699531 0
1680233753179 16.506153527996503 0
1680233769703 16.314458492000995 0
1680233786433 16.53989976500452 0
1680233803499 16.194633507002436 0
1680233819998 16.29176002099848 0
1680233836335 16.122741352999583 0
1680233852437 15.899316219001776 0
1680233868583 15.90855399400607 0
1680233884892 16.088440496998373 0
1680233901108 16.003065674995014 0
1680233917405 16.093089370995585 0
1680233933782 16.173834067005373 0
1680233950214 16.223952357002418 0
1680233967306 15.904189749002398 0
1680233982813 15.27384698199603 0
1680233998484 15.474120804996346 0
1680234014393 15.67388724599732 0
1680234030596 15.98980239899538 0
1680234046818 16.00996462599869 0
1680234062796 15.785423253997578 0
1680234079039 16.036117985997407 0
1680234094828 15.583872763003455 0
1680234110662 15.62202580399753 0
1680234126391 14.279139918995497 0
1680234140778 14.16068593700038 0
1680234154765 13.774328678002348 0
1680234168990 14.012148312001955 0
1680234183780 14.585286368004745 0
1680234198295 14.297647264000261 0
1680234212844 14.348396137997042 0
1680234227196 14.135001136004576 0
1680234241733 14.336327198005165 0
1680234256523 14.585272053998779 0
1680234277709 19.45614071199816 0
1680234297222 19.293908740997722 0
1680234316973 19.523290149998502 0
1680234336611 19.423029120000137 0
1680234356202 19.384078203998797 0
1680234375947 19.529638672996953 0
1680234395602 19.409380938996037 0
1680234415258 19.457953620003536 0
1680234434380 18.913787851997768 0
1680234453991 19.401188249998086 0
1680234469554 13.071983888999966 0
1680234482989 13.23928446300124 0
1680234496844 13.632108343001164 0
1680234510187 13.149462895999022 0
1680234523628 13.229178535002575 0
1680234536792 12.936367971000436 0
1680234550359 13.375897476995306 0
1680234563700 13.12537771800271 0
1680234577270 13.359924974000023 0
1680234591000 13.522559899000044 0
1680234600350 6.40338672100188 0
1680234606863 6.301729137005168 0
1680234613303 6.2362907659990015 0
1680234619830 6.298585280004772 0
1680234626468 6.433387641998706 0
1680234632994 6.309753162000561 0
1680234639560 6.36696353899606 0
1680234646252 6.491995214004419 0
1680234652178 5.703547596996941 0
1680234658699 6.310277878001216 0
1680234677004 14.989224061995628 0
1680234692333 15.132685901000514 0
1680234707865 15.331429184996523 0
1680234723545 15.476984938999522 0
1680234738619 14.856981876997452 0
1680234754057 15.221390106002218 0
1680234768969 14.691071216002456 0
1680234783978 14.793677781999577 0
1680234799016 14.831506012997124 0
1680234814001 14.783743396998034 0
1680234824612 6.206456487998366 0
1680234830814 5.991145581996534 0
1680234837221 6.180964446997677 0
1680234843549 6.100755907005805 0
1680234850177 6.4120315440013655 0
1680234856661 6.265456498003914 0
1680234863145 6.269307911999931 0
1680234869745 6.391754506003053 0
1680234876193 6.238092999003129 0
1680234882617 6.217956806001894 0
1680234893043 6.179914691994782 0
1680234899297 6.029735836003965 0
1680234905519 6.012363945003017 0
1680234911898 6.163269436998235 0
1680234918049 5.952606990998902 0
1680234924397 6.12230767699657 0
1680234930881 6.254518945002928 0
1680234937305 6.214695557006053 0
1680234943662 6.148981616999663 0
1680234949842 5.947795444000803 0
1680234959815 5.946940298999834 0
1680234966068 6.01482620400202 0
1680234972253 5.979647975000262 0
1680234978682 6.213611917999515 0
1680234984855 5.959294808002596 0
1680234991199 6.13733078000223 0
1680234997529 6.120117805003247 0
1680235003454 5.724530549996416 0
1680235009666 5.9923700819999794 0
1680235015958 6.08934057100123 0
1680235026456 6.204445395000221 0
1680235032543 5.894573030993342 0
1680235038943 6.157909551999182 0
1680235045370 6.213933017003001 0
1680235051582 5.99835052400158 0
1680235057836 6.036070100002689 0
1680235064228 6.184579602006124 0
1680235070576 6.1349791749962606 0
1680235076778 5.990494045996456 0
1680235083135 6.122599260001152 0
