1680233493409 0.008617628451653373 0
1680233507517 1.347611235319021e-05 0
1680233521936 7.314272186315056e-06 0
1680233536234 4.3729788935933075e-06 0
1680233550551 2.2004695023136034e-06 0
1680233564740 0.005528883714258486 0
1680233578798 2.3954804099260387e-05 0
1680233592637 9.567647766127852e-06 0
1680233607086 7.971618318122576e-06 0
1680233621150 2.865142170994528e-06 0
1680233638058 0.0035860804676008337 0
1680233654557 0.004014620747527008 0
1680233670980 1.7725128377069375e-05 0
1680233687544 6.321522899306115e-06 0
1680233704220 1.3844146705330785e-05 0
1680233720498 2.900228572868034e-06 0
1680233736447 2.3674005577666938e-06 0
1680233753165 1.6370862040740517e-06 0
1680233769696 2.688650705835156e-06 0
1680233786427 8.268462183355088e-07 0
1680233803487 0.0016844994497356466 0
1680233819992 0.004648196193724265 0
1680233836322 1.3633313664426982e-05 0
1680233852431 4.866167010610797e-06 0
1680233868568 5.121208666118932e-06 0
1680233884878 2.103942508093566e-06 0
1680233901100 0.0005689381786414392 0
1680233917399 0.00016208693519102353 0
1680233933776 1.3335381614411179e-06 0
1680233950207 0.002331875815939032 0
1680233967295 0.00012694614174128913 0
1680233982799 1.6541551230825007e-07 0
1680233998478 1.4073133516100007e-07 0
1680234014379 2.2308588349131647e-07 0
1680234030589 4.4731924130489603e-07 0
1680234046811 4.3461569190064574e-07 0
1680234062790 2.610379918288852e-07 0
1680234079033 3.481715570333154e-07 0
1680234094821 3.2895238561380323e-07 0
1680234110656 0.00417873223964825 0
1680234126384 0.00014172718445787326 0
1680234140767 4.636268186698175e-07 0
1680234154759 3.035509562574462e-07 0
1680234168984 2.169183863281712e-07 0
1680234183774 3.2361049104740683e-06 0
1680234198288 0.006457788005990262 0
1680234212837 3.2959109622443138e-06 0
1680234227189 2.839642322653636e-05 0
1680234241726 1.3609449318210932e-05 0
1680234256516 1.9480767014623492e-06 0
1680234277699 0.038674042427499555 0
1680234297209 0.016800831342823033 0
1680234316961 0.0068595025967277965 0
1680234336604 0.007399614438185076 0
1680234356196 0.003298169024967032 0
1680234375941 0.0017728050811183942 0
1680234395592 0.0038330825831470396 0
1680234415252 0.0027895061062023375 0
1680234434373 0.006121671319757314 0
1680234453984 0.002303014976485172 0
1680234469546 0.008229760505293879 0
1680234482982 0.0038973107604234553 0
1680234496831 0.003383598866016199 0
1680234510180 0.0015150593155132948 0
1680234523620 8.012788862060509e-05 0
1680234536778 2.0861010332871124e-05 0
1680234550353 0.00018580047965979055 0
1680234563693 0.004846189544351531 0
1680234577264 0.002860614985182545 0
1680234590993 0.0029514937827879164 0
1680234600341 0.0507893888574611 0
1680234606855 0.018150215710989303 0
1680234613296 0.009392126766566394 0
1680234619814 0.0039971705032247375 0
1680234626461 0.0019036126634752791 0
1680234632987 0.0002646937543442214 0
1680234639553 0.002784628927177012 0
1680234646245 0.013596237333192646 0
1680234652161 0.007518698954481321 0
1680234658693 0.0004806584688259237 0
1680234676997 0.059143105443802545 0
1680234692326 0.009435594229138883 0
1680234707858 0.004968057615506738 0
1680234723538 0.010315275712845292 0
1680234738611 0.003070706807653233 0
1680234754050 0.006457791151626873 0
1680234768962 0.0034817120938989733 0
1680234783969 0.0014930143769428127 0
1680234799009 0.0017752414808206158 0
1680234813994 0.0019088404287893406 0
1680234824605 0.042709117118197366 0
1680234830807 0.030460786180912434 0
1680234837206 0.015662131800707572 0
1680234843533 0.011005270493013176 0
1680234850169 0.0030585947056516794 0
1680234856653 0.0019122175038660545 0
1680234863136 0.005372794211195078 0
1680234869737 0.0009022107755483976 0
1680234876186 0.002626237791192227 0
1680234882610 0.0008160713774055501 0
1680234893035 0.029758392866917515 0
1680234899286 0.007506069574252513 0
1680234905510 0.009997326642578106 0
1680234911890 0.009255915171831074 0
1680234918042 0.0009380572267536557 0
1680234924390 0.0033115353026802173 0
1680234930872 0.007426609006245515 0
1680234937298 0.0007599391502178073 0
1680234943655 0.0007494663580830963 0
1680234949830 0.00010277773593291221 0
1680234959808 0.08474043125807422 0
1680234966059 0.023051096405189746 0
1680234972246 0.011119987993908722 0
1680234978674 0.006521748428625241 0
1680234984847 0.005934386896680892 0
1680234991192 0.009306843021421337 0
1680234997522 0.0012916100237144732 0
1680235003447 0.00039584279184741976 0
1680235009658 0.00017458586432378195 0
1680235015950 0.004611402242080236 0
1680235026448 0.020181601773764078 0
1680235032535 0.00511284185583633 0
1680235038927 0.004837925070368596 0
1680235045362 0.01593180697904994 0
1680235051574 0.00267560136903661 0
1680235057828 0.0033587456502466896 0
1680235064220 0.009898045160569904 0
1680235070568 0.0008750109733652258 0
1680235076771 0.012378949567819625 0
1680235083127 0.02242262674831069 0
