1679762864458 0.05951187397427981 0
1679762928244 0.01526396277670259 0
1679762992163 0.011858039166814731 0
1679763055266 0.010111762623475977 0
1679763118724 0.006451744461185246 0
1679763182424 0.005795636374720167 0
1679763246728 0.009025773847677547 0
1679763310402 0.0034793581111409824 0
1679763374242 0.005881859130479729 0
1679763437936 0.0027655997461683525 0
1679763496604 0.4109868569946615 0
1679763535481 0.013940421345454524 0
1679763573512 0.007029635575824068 0
1679763612213 0.006228878494548189 0
1679763650884 0.0052819456783609895 0
1679763689459 0.008408416307708331 0
1679763727744 0.004121222066073392 0
1679763766425 0.0021132336227392672 0
1679763804280 0.010403311384375129 0
1679763842914 0.00213320342511318 0
1679763903006 0.7256863892115653 0
1679763941828 0.032502270311466415 0
1679763980310 0.01591797461360984 0
1679764018947 0.012080537204640859 0
1679764058054 0.008961540277214953 0
1679764096664 0.008984115144536372 0
1679764136224 0.008735072444458274 0
1679764174903 0.011948770806514221 0
1679764213402 0.009204046139931688 0
1679764254399 0.0014259711508518421 0
1679764316179 0.7728154846802354 0
1679764355182 0.07083053412754088 0
1679764395775 0.02998360400706297 0
1679764434604 0.02741753626941936 0
1679764473590 0.022888376569125103 0
1679764512579 0.0185618295924367 0
1679764552450 0.02393470622698951 0
1679764591255 0.014034786125886604 0
1679764630987 0.011768613392983388 0
1679764670767 0.017177372547634878 0
1679764733945 0.945733962008357 0
1679764772684 0.06795447429930791 0
1679764812674 0.03473512190941255 0
1679764851819 0.02939116906222771 0
1679764891155 0.01901525123459869 0
1679764930232 0.021724442379013637 0
1679764969458 0.014210280841944041 0
1679765008695 0.010779579387688136 0
1679765048047 0.017682014400655317 0
1679765088100 0.017511279732595357 0
1679765153422 0.9883774792790413 0
1679765194083 0.061704719978244976 0
1679765233200 0.03200677418224514 0
1679765271750 0.02899440296392422 0
1679765310389 0.015621279395429883 0
1679765349722 0.026303005211695565 0
1679765389649 0.017495205117696606 0
1679765428218 0.015793407171600847 0
1679765468300 0.00881205876283857 0
1679765507254 0.02053813127434587 0
1679765574721 1.175501302267611 0
1679765614103 0.0903324337489903 0
1679765653084 0.04644494655029848 0
1679765692074 0.032021977061079815 0
1679765731519 0.02489924913494615 0
1679765770606 0.027874911397806137 0
1679765810552 0.02233880754522106 0
1679765850126 0.016724780189909506 0
1679765888993 0.021170951088544096 0
1679765928313 0.015605414221730098 0
1679765997102 1.2046753028333188 0
1679766039397 0.09800890147946775 0
1679766078826 0.04889075050074607 0
1679766118302 0.028818454045034015 0
1679766157405 0.026965456516481936 0
1679766197225 0.023846003646508324 0
1679766236952 0.030047411442751762 0
1679766275994 0.0230216076710145 0
1679766315497 0.01356870307349891 0
1679766354238 0.010314085308620269 0
1679766425321 1.228248130875826 0
1679766464246 0.12852712038084865 0
1679766503395 0.058857699289172886 0
1679766543362 0.04022940363646485 0
1679766583334 0.031784924878389575 0
1679766622259 0.025164469342975643 0
1679766660963 0.025771737605426462 0
1679766700402 0.03142672987279948 0
1679766740499 0.018163238574995192 0
1679766781001 0.02215199521271861 0
1679766853882 1.3793558059334754 0
1679766893043 0.19217317238003015 0
1679766931927 0.0865366737568751 0
1679766972008 0.04980087910729926 0
1679767011052 0.04512846101564355 0
1679767050635 0.03390581416740315 0
1679767090612 0.03596764458422549 0
1679767130495 0.025738939546735493 0
1679767170227 0.03452553769219085 0
1679767210400 0.02194570266754599 0
1679767283606 1.3973561423897742 0
1679767322279 0.17704227858036756 0
1679767361980 0.08345170800164342 0
1679767402106 0.0515732710168697 0
1679767441531 0.03653824149370193 0
1679767481161 0.03198026992536616 0
1679767520531 0.03650667121559382 0
1679767559882 0.03142947675082833 0
1679767600097 0.02395655401336262 0
1679767639657 0.01752185699540714 0
1679767715907 1.4689607963562012 0
1679767755590 0.1807664631739259 0
1679767794252 0.0729427846653387 0
1679767833818 0.05182274457719177 0
1679767872767 0.04206515164566226 0
1679767912233 0.03864584935791791 0
1679767952542 0.027610842516412958 0
1679767992367 0.03948592804598156 0
1679768033104 0.023877566356770696 0
1679768072907 0.027622479109477717 0
1679768150209 1.5057725838184357 0
1679768189376 0.26609176078140734 0
1679768228554 0.11926929634884 0
1679768268590 0.07382928911857307 0
1679768308559 0.057969879612978545 0
1679768347890 0.04467049223496579 0
1679768387520 0.03571146786506288 0
1679768427268 0.040279512554523535 0
1679768465893 0.04265514917357359 0
1679768506119 0.028083935694233515 0
1679768585625 1.4782202020406723 0
1679768625478 0.20922607229351997 0
1679768664662 0.10530465149953962 0
1679768703556 0.06450056689418852 0
1679768743050 0.05758649961724877 0
1679768782683 0.048071037673018874 0
1679768822905 0.03815727536594495 0
1679768862020 0.0291659449261846 0
1679768901958 0.03848614144251915 0
1679768941157 0.027852020573901244 0
1679769023769 1.6064476279258728 0
1679769063260 0.293933195155859 0
1679769102785 0.12491213136166335 0
1679769141866 0.07140204615220427 0
1679769181325 0.05752136405110359 0
1679769220843 0.051714560513664035 0
1679769260739 0.03775812053247355 0
1679769300287 0.0396748018049635 0
1679769341302 0.044388910142169336 0
1679769380948 0.03818478871913394 0
1679769464800 1.69830545027256 0
1679769504170 0.30544753040671346 0
1679769544746 0.1278626900963485 0
1679769583623 0.07436853526756168 0
1679769623109 0.06336629021205008 0
1679769662575 0.05270595192955807 0
1679769703166 0.052806685560755434 0
1679769742559 0.04541702604899183 0
1679769783103 0.04290974861099385 0
1679769822473 0.03308351039045956 0
1679769908797 1.7752400186061859 0
1679769947771 0.3882809772014618 0
1679769986869 0.1588347437977791 0
1679770026192 0.09325298052504659 0
1679770067214 0.07036304630152881 0
1679770107913 0.05774708927664906 0
1679770146657 0.04929846636839211 0
1679770186071 0.04823828593865037 0
1679770227486 0.039791598439682274 0
1679770267630 0.03633545375233516 0
1679770356081 1.7799454648971558 0
1679770396992 0.4850699458479881 0
1679770437730 0.2210497605264187 0
1679770478376 0.12955393806248902 0
1679770518764 0.08345385191440582 0
1679770558924 0.07466857181973756 0
1679770599227 0.05961904130121693 0
1679770639608 0.060040533109754324 0
1679770679375 0.05001699455333874 0
1679770719193 0.04258840039926581 0
1679770810158 1.8608167630672454 0
1679770850453 0.4973176196336746 0
1679770890376 0.22468764145374298 0
1679770930196 0.12530837105363607 0
1679770969685 0.0896993256315589 0
1679771009862 0.07666065937671811 0
1679771049430 0.06307311529600992 0
1679771089402 0.06306348615884781 0
1679771129586 0.04643838702263311 0
1679771169185 0.051375816262164156 0
1679771262147 2.0647282002449034 0
1679771301813 0.4949745425224304 0
1679771343750 0.21487203166782856 0
1679771383459 0.12486238712444901 0
1679771423383 0.09695594481676817 0
1679771462712 0.08422107778917998 0
1679771502191 0.07556811780426652 0
1679771542283 0.06915855055898427 0
1679771583144 0.06483359323991462 0
1679771622622 0.05357826032806188 0
