1679762864465 63.60921569506172 0
1679762928252 63.4614393300144 0
1679762992173 63.59526150592137 0
1679763055272 62.78883259696886 0
1679763118733 63.10962816304527 0
1679763182432 63.35496475396212 0
1679763246736 63.975275097065605 0
1679763310411 63.35207243892364 0
1679763374252 63.49635911406949 0
1679763437941 63.35768748191185 0
1679763496612 38.85097006405704 0
1679763535488 38.66648886795156 0
1679763573519 37.81336229899898 0
1679763612221 38.4845357099548 0
1679763650892 38.45437223103363 0
1679763689465 38.3611446749419 0
1679763727751 38.06085611402523 0
1679763766431 38.46302278409712 0
1679763804289 37.62738008191809 0
1679763842921 38.401796057936735 0
1679763903012 38.74023340304848 0
1679763941836 38.60579972108826 0
1679763980317 38.256948976079 0
1679764018953 38.42232285696082 0
1679764058066 38.87927854608279 0
1679764096671 38.4003201170126 0
1679764136232 39.32795575191267 0
1679764174909 38.45456955197733 0
1679764213408 38.28461552702356 0
1679764254409 40.76494989998173 0
1679764316186 39.06048409396317 0
1679764355194 38.773391908966005 0
1679764395787 40.35202746104915 0
1679764434615 38.59096243896056 0
1679764473598 38.75255531701259 0
1679764512584 38.744465397903696 0
1679764552456 39.64146188693121 0
1679764591264 38.572654688032344 0
1679764630993 39.501157536986284 0
1679764670775 39.543745334027335 0
1679764733954 38.746220242930576 0
1679764772692 38.50217746209819 0
1679764812682 39.75331148796249 0
1679764851824 38.915088514913805 0
1679764891166 39.11082461301703 0
1679764930238 38.83791589096654 0
1679764969466 38.99047338205855 0
1679765008702 39.016612173989415 0
1679765048054 39.134254798991606 0
1679765088107 39.82616815797519 0
1679765153429 39.45851622708142 0
1679765194089 40.420760723995045 0
1679765233209 38.88149796403013 0
1679765271759 38.315006821998395 0
1679765310396 38.38662711996585 0
1679765349730 39.093784408061765 0
1679765389660 39.699213927960955 0
1679765428224 38.322915490018204 0
1679765468308 39.84120910905767 0
1679765507261 38.71883652906399 0
1679765574730 39.72842726390809 0
1679765614115 39.13149776600767 0
1679765653094 38.73412083799485 0
1679765692081 38.73674203909468 0
1679765731527 39.20485297997948 0
1679765770612 38.84301497100387 0
1679765810561 39.6950242810417 0
1679765850134 39.33460434200242 0
1679765889004 38.61120508494787 0
1679765928320 39.074482374009676 0
1679765997114 39.35705722600687 0
1679766039410 42.0142225259915 0
1679766078832 39.18645685503725 0
1679766118309 39.229594702948816 0
1679766157415 38.85952019505203 0
1679766197232 39.562655754969455 0
1679766236959 39.483657925971784 0
1679766276007 38.78188270400278 0
1679766315507 39.234602679964155 0
1679766354246 38.48616097099148 0
1679766425328 40.109661365975626 0
1679766464259 38.659252222045325 0
1679766503402 38.89070356800221 0
1679766543370 39.71066401002463 0
1679766583345 39.72549764008727 0
1679766622267 38.654606792959385 0
1679766660973 38.45731734391302 0
1679766700417 39.1851339180721 0
1679766740505 39.84000210999511 0
1679766781011 40.25332624593284 0
1679766853889 39.53215730807278 0
1679766893050 38.92006780602969 0
1679766931933 38.63534765201621 0
1679766972019 39.803246267023496 0
1679767011064 38.79702344397083 0
1679767050646 39.31666916201357 0
1679767090623 39.715961207053624 0
1679767130506 39.621156180044636 0
1679767170235 39.47958047199063 0
1679767210407 39.89229778700974 0
1679767283617 38.73777577304281 0
1679767322291 38.41121619497426 0
1679767361990 39.44094026600942 0
1679767402114 39.85908258496784 0
1679767441541 39.156553376000375 0
1679767481168 39.37223824101966 0
1679767520544 39.10226343397517 0
1679767559896 39.07600098499097 0
1679767600105 39.93800892599393 0
1679767639664 39.299188254983164 0
1679767715917 39.480022887000814 0
1679767755597 39.42418947990518 0
1679767794260 38.39286887599155 0
1679767833826 39.306476183002815 0
1679767872775 38.69006787601393 0
1679767912243 39.19924745790195 0
1679767952555 40.045492697972804 0
1679767992374 39.56297727103811 0
1679768033111 40.466344260959886 0
1679768072918 39.546557636000216 0
1679768150217 38.568005751934834 0
1679768189383 38.90864160598721 0
1679768228563 38.91165085299872 0
1679768268602 39.75927981303539 0
1679768308570 39.68822006392293 0
1679768347898 39.06057120906189 0
1679768387527 39.3447071199771 0
1679768427276 39.47741745202802 0
1679768465903 38.35823063994758 0
1679768506128 39.942045895033516 0
1679768585633 39.107239563949406 0
1679768625489 39.56729344697669 0
1679768664678 38.91449745406862 0
1679768703565 38.59034649701789 0
1679768743067 39.21166758600157 0
1679768782693 39.34438394405879 0
1679768822918 39.93921803298872 0
1679768862028 38.84010305709671 0
1679768901966 39.66352178994566 0
1679768941174 38.92419698298909 0
1679769023786 40.037600371055305 0
1679769063270 39.20650258101523 0
1679769102794 39.246193125029095 0
1679769141884 38.80718178790994 0
1679769181333 39.17636436095927 0
1679769220852 39.235049355076626 0
1679769260753 39.626986582065 0
1679769300305 39.262939402018674 0
1679769341315 40.66567576804664 0
1679769380960 39.363001473015174 0
1679769464809 39.184673562063836 0
1679769504179 39.09097719192505 0
1679769544755 40.30016868701205 0
1679769583632 38.60631933005061 0
1679769623123 39.18529620603658 0
1679769662584 39.16971534001641 0
1679769703174 40.29736581200268 0
1679769742568 39.11684478900861 0
1679769783114 40.23457896406762 0
1679769822482 39.08135689201299 0
1679769908812 39.79347033891827 0
1679769947785 38.68053452007007 0
1679769986878 38.824309201096185 0
1679770026203 39.0408770510694 0
1679770067222 40.74787198600825 0
1679770107922 40.406137691112235 0
1679770146675 38.42660593497567 0
1679770186088 39.11843508691527 0
1679770227514 41.10216026799753 0
1679770267638 39.823232074966654 0
1679770356098 39.93918596301228 0
1679770397001 40.61625105701387 0
1679770437741 40.451070063048974 0
1679770478385 40.22231839597225 0
1679770518774 40.10077667492442 0
1679770558933 39.87478637706954 0
1679770599244 40.004277806030586 0
1679770639617 40.09266716300044 0
1679770679394 39.48358167090919 0
1679770719203 39.517046944005415 0
1679770810168 39.917016783962026 0
1679770850462 40.01007290300913 0
1679770890385 39.63211205601692 0
1679770930205 39.54514174594078 0
1679770969702 39.185279696946964 0
1679771009881 39.84525676607154 0
1679771049439 39.269097408046946 0
1679771089412 39.67160616000183 0
1679771129596 39.8953348279465 0
1679771169195 39.2981329850154 0
1679771262162 40.073144499910995 0
1679771301822 39.35535337892361 0
1679771343760 41.645270428969525 0
1679771383469 39.42468646506313 0
1679771423393 39.62571376399137 0
1679771462721 39.03238824394066 0
1679771502210 39.17724779096898 0
1679771542292 39.789728339994326 0
1679771583154 40.570497461012565 0
1679771622632 39.1657481220318 0
