1672509913308 4.333419298010995 0
1672509917863 4.362094228999922 0
1672509922092 4.050690299001872 0
1672509926521 4.222371203999501 0
1672509930806 4.095582861002185 0
1672509952358 2.6077138940017903 0
1672509955161 2.6161769699974684 0
1672509957848 2.4804476849967614 0
1672509960717 2.6672509549971437 0
1672509963498 2.5834395889978623 0
1672509984716 2.4614107759989565 0
1672509987456 2.5317558649985585 0
1672509990066 2.4068069040076807 0
1672509992845 2.5716757339978358 0
1672509995740 2.6795652009896003 0
1672510015863 2.566235838996363 0
1672510018732 2.6596541830076603 0
1672510021525 2.581647544007865 0
1672510024224 2.483623203006573 0
1672510026934 2.5011252940021222 0
1672510066152 2.5286973010079237 0
1672510068911 2.5475494860002073 0
1672510071678 2.5509874779963866 0
1672510074386 2.5032971740001813 0
1672510077165 2.5704208739916794 0
1672510114954 2.4799640009878203 0
1672510117646 2.473695274995407 0
1672510120443 2.5938334929960547 0
1672510123220 2.5610701760015218 0
1672510125849 2.420892422000179 0
1672510164568 2.5680214269959833 0
1672510167281 2.4932348340080353 0
1672510170116 2.5831208279996645 0
1672510172913 2.562097897010972 0
1672510175676 2.54572702999576 0
1672510246756 2.5479818129970226 0
1672510249532 2.5374523689970374 0
1672510252449 2.696201705999556 0
1672510255193 2.5151078640046762 0
1672510257954 2.543815791999805 0
1672510332105 2.766986257993267 0
1672510334873 2.5367473739897832 0
1672510337673 2.5518318149988772 0
1672510340485 2.5655312210001284 0
1672510343358 2.640550894997432 0
