1679590521171 0.06182079374186328 0
1679590585023 0.015973975953908006 0
1679590648305 0.010570482803735412 0
1679590711712 0.012295841005022084 0
1679590774596 0.008810560626726558 0
1679590837462 0.00766133561688186 0
1679590900164 0.003917130814459142 0
1679590963488 0.007726087543630516 0
1679591026902 0.0024746106413989365 0
1679591089383 0.005246395638437268 0
1679591129356 0.5342767571380362 0
1679591150022 0.01746573074522894 0
1679591170642 0.012213363839336671 0
1679591190809 0.005291780275173369 0
1679591211187 0.011206299526620205 0
1679591231128 0.0069887776031964674 0
1679591251755 0.004364887990527131 0
1679591271737 0.00858896134002971 0
1679591292548 0.0017210764399713753 0
1679591312559 0.007332779127838694 0
1679591353193 0.5920033397632651 0
1679591373474 0.03718105386889074 0
1679591393955 0.02450940617148299 0
1679591414577 0.013344067367358365 0
1679591434891 0.012060097526496975 0
1679591455053 0.013641903848790389 0
1679591474941 0.016161321984016104 0
1679591495989 0.007177389274706002 0
1679591516332 0.010057705860403075 0
1679591537015 0.006467300155658814 0
1679591579888 0.8211188268017023 0
1679591600503 0.04406088030731771 0
1679591621048 0.022213422868854832 0
1679591641735 0.021633931082254275 0
1679591662435 0.0122584927225078 0
1679591682575 0.012775955881239497 0
1679591702737 0.006182604768949386 0
1679591723413 0.020373738371615036 0
1679591744379 0.00874721193626392 0
1679591764819 0.009544258968999929 0
1679591811916 0.7910045237526298 0
1679591832046 0.053602023752313106 0
1679591852487 0.027832428088993767 0
1679591872830 0.02620224443312036 0
1679591893959 0.012676666387199657 0
1679591914862 0.022606263581351958 0
1679591935731 0.01321939650419954 0
1679591956118 0.013779553193118773 0
1679591976714 0.015118527426875517 0
1679591997319 0.00967372332613595 0
1679592043387 0.9527442063968629 0
1679592064030 0.04653326740944758 0
1679592084405 0.0251025226313679 0
1679592104808 0.01554950201093452 0
1679592124921 0.021027801195994834 0
1679592146335 0.0161541707024051 0
1679592166451 0.010863372824530234 0
1679592186977 0.009975818708857696 0
1679592208150 0.01684466302410583 0
1679592228911 0.023258225671412947 0
1679592275814 1.0102803691491484 0
1679592296217 0.05370696250665933 0
1679592316977 0.024279518897715024 0
1679592337356 0.01798879195275367 0
1679592357832 0.01753056555596413 0
1679592378103 0.02064627905456873 0
1679592398470 0.011617429921542499 0
1679592418948 0.007623439540999243 0
1679592439754 0.011114932065737958 0
1679592460148 0.01648180747153674 0
1679592508885 1.073758335262537 0
1679592529638 0.08478414809629321 0
1679592550050 0.044611692564282567 0
1679592570702 0.030032168842526154 0
1679592591636 0.03216732411725679 0
1679592611753 0.01965146933592041 0
1679592632194 0.01825048218545271 0
1679592653047 0.016183354257274185 0
1679592673701 0.014749539678910514 0
1679592694096 0.014416224577804677 0
1679592744813 1.1186901960492135 0
1679592765385 0.09811094813849777 0
1679592786001 0.052517246860172596 0
1679592806630 0.0335697233335115 0
1679592827266 0.03143879691379843 0
1679592848334 0.020178880375472365 0
1679592869094 0.023943844882957636 0
1679592889730 0.025697015365667177 0
1679592910519 0.01607470207539445 0
1679592931343 0.015897843789649778 0
1679592984136 1.0958554258048534 0
1679593004349 0.08972899493277073 0
1679593025285 0.039772797499317676 0
1679593045905 0.027430988942226394 0
1679593066574 0.02578148924402194 0
1679593087253 0.02718101588668069 0
1679593108357 0.019940405967691914 0
1679593128959 0.01760040995608433 0
1679593149752 0.01837148151722795 0
1679593170274 0.02198420848044334 0
1679593224648 1.1735769351661205 0
1679593244914 0.09549618993215263 0
1679593266122 0.04837800269331783 0
1679593286760 0.031593736002082005 0
1679593308005 0.02704574748890009 0
1679593328799 0.03167178167866077 0
1679593349541 0.02487450144792092 0
1679593370515 0.023290422223636417 0
1679593391934 0.016907237935170998 0
1679593412480 0.01321470815547218 0
1679593469067 1.1582360573887824 0
1679593489909 0.06950998727828264 0
1679593510423 0.03881889063371345 0
1679593531118 0.027985990301752462 0
1679593551719 0.021637215033581014 0
1679593575709 0.02261848101943324 0
1679593596497 0.016857443908843563 0
1679593617714 0.020382740136422217 0
1679593638687 0.024085186735182652 0
1679593659225 0.01328658881462179 0
1679593716995 1.0579996283464135 0
1679593738013 0.08191297890786081 0
1679593758419 0.03815465483898297 0
1679593778870 0.029064630807354115 0
1679593799683 0.021534173577534964 0
1679593820439 0.020361402675206773 0
1679593841126 0.019925578156864503 0
1679593861811 0.018654480954492465 0
1679593882572 0.018855420297919773 0
1679593903630 0.019643587458651017 0
1679593963622 1.2557834758341313 0
1679593984238 0.11318662920519709 0
1679594005430 0.041708591061644255 0
1679594026210 0.03818044594600797 0
1679594046664 0.027968653661804274 0
1679594067379 0.027595055540127214 0
1679594087949 0.02377004453219706 0
1679594109122 0.022501152800471755 0
1679594129980 0.025574232258988194 0
1679594150609 0.016630582070417586 0
1679594213282 1.226349978749454 0
1679594234049 0.1079171097047627 0
1679594254624 0.04661449997117743 0
1679594275399 0.036796861921832895 0
1679594296634 0.02855758855569875 0
1679594317894 0.029508355427533387 0
1679594338466 0.02615689289448783 0
1679594358909 0.022493845897051504 0
1679594379973 0.024119560788094532 0
1679594401035 0.018404311087261885 0
1679594464761 1.3518428387284278 0
1679594485532 0.1376132978208363 0
1679594506187 0.05721697102477774 0
1679594527083 0.04076225716220215 0
1679594547829 0.03155450441346038 0
1679594568541 0.031093799238221254 0
1679594589873 0.025494651601393706 0
1679594610740 0.02391075948543148 0
1679594631815 0.03347167366431095 0
1679594652942 0.020437505864657576 0
1679594719436 1.395653366047144 0
1679594740380 0.17675874287188054 0
1679594761113 0.07711778602413834 0
1679594781786 0.05439556164750829 0
1679594802795 0.041857442102208736 0
1679594823848 0.0413516694518039 0
1679594844789 0.0321500668420922 0
1679594865637 0.028159128086757846 0
1679594886316 0.02644384864276508 0
1679594907513 0.030554035498510348 0
1679594975689 1.432852072775364 0
1679594996704 0.21459734414517878 0
1679595017862 0.09025285614952445 0
1679595038585 0.05848755563050508 0
1679595059659 0.04434396389708854 0
1679595081060 0.04497949926927686 0
1679595102133 0.04058389478970785 0
1679595123096 0.042188214384298775 0
1679595144213 0.037189854069787545 0
1679595165043 0.03294493199165445 0
1679595236602 1.3083152497053145 0
1679595257824 0.1617768396437168 0
1679595278539 0.0700202988576144 0
1679595299962 0.04764690457303077 0
1679595320906 0.05027738609313965 0
1679595342108 0.03344522026795894 0
1679595363453 0.031058972620638087 0
1679595384309 0.028672217615097178 0
1679595404716 0.03795296341779176 0
1679595425982 0.03197293535434874 0
1679595498534 1.3464399232983588 0
1679595522782 0.14435767738819122 0
1679595543691 0.06368868496250361 0
1679595564526 0.048062605691235515 0
1679595585692 0.03499588852762245 0
1679595606959 0.038689272698387504 0
1679595628345 0.029901297411089763 0
1679595649123 0.03337551722803619 0
1679595670790 0.032109807920572345 0
1679595691758 0.026948451069215663 0
