1679590521160 0.9790195959104186 0
1679590585010 0.9953748782862707 0
1679590648298 0.9972310126582279 0
1679590711701 0.9972766553067186 0
1679590774590 0.9975657254138267 0
1679590837453 0.997991723466407 0
1679590900151 0.9987676484907497 0
1679590963475 0.9981134371957157 0
1679591026891 0.9993610029211295 0
1679591089372 0.9987524342745862 0
1679591129345 0.92065 0
1679591150011 0.99415 0
1679591170627 0.99645 0
1679591190797 0.9985 0
1679591211173 0.99645 0
1679591231117 0.9977 0
1679591251743 0.999 0
1679591271726 0.9981 0
1679591292541 0.99955 0
1679591312547 0.9981 0
1679591353180 0.906 0
1679591373467 0.9897 0
1679591393945 0.99345 0
1679591414565 0.99615 0
1679591434879 0.99635 0
1679591455042 0.9955 0
1679591474928 0.9954 0
1679591495978 0.99785 0
1679591516320 0.9972 0
1679591537005 0.9981 0
1679591579876 0.83525 0
1679591600492 0.98745 0
1679591621034 0.9931 0
1679591641722 0.99385 0
1679591662423 0.9964 0
1679591682562 0.9962 0
1679591702724 0.99855 0
1679591723403 0.9933 0
1679591744367 0.99735 0
1679591764806 0.9975 0
1679591811902 0.8503 0
1679591832039 0.9831 0
1679591852475 0.9921 0
1679591872819 0.99195 0
1679591893947 0.996 0
1679591914848 0.99245 0
1679591935721 0.99585 0
1679591956107 0.996 0
1679591976704 0.99535 0
1679591997308 0.9972 0
1679592043376 0.80665 0
1679592064014 0.9854 0
1679592084391 0.9922 0
1679592104796 0.9947 0
1679592124908 0.99335 0
1679592146323 0.99545 0
1679592166439 0.99665 0
1679592186964 0.9968 0
1679592208139 0.9951 0
1679592228898 0.99445 0
1679592275805 0.815 0
1679592296208 0.9845 0
1679592316964 0.9918 0
1679592337344 0.9944 0
1679592357821 0.9948 0
1679592378093 0.9935 0
1679592398459 0.99615 0
1679592418936 0.9978 0
1679592439738 0.9969 0
1679592460135 0.99495 0
1679592508878 0.77625 0
1679592529629 0.9746 0
1679592550034 0.9863 0
1679592570690 0.9898 0
1679592591625 0.9908 0
1679592611735 0.9942 0
1679592632183 0.9947 0
1679592653034 0.99465 0
1679592673690 0.99545 0
1679592694086 0.996 0
1679592744801 0.7738 0
1679592765374 0.9686 0
1679592785989 0.9835 0
1679592806622 0.98905 0
1679592827254 0.99015 0
1679592848318 0.9938 0
1679592869082 0.993 0
1679592889715 0.99205 0
1679592910507 0.9947 0
1679592931332 0.99515 0
1679592984125 0.795 0
1679593004331 0.97085 0
1679593025275 0.98695 0
1679593045893 0.9916 0
1679593066562 0.99135 0
1679593087240 0.99135 0
1679593108344 0.9939 0
1679593128945 0.99365 0
1679593149734 0.99435 0
1679593170262 0.9927 0
1679593224635 0.76685 0
1679593244902 0.96895 0
1679593266111 0.98415 0
1679593286748 0.99005 0
1679593307991 0.9915 0
1679593328778 0.99025 0
1679593349526 0.99275 0
1679593370504 0.99165 0
1679593391919 0.9948 0
1679593412469 0.9959 0
1679593469056 0.77845 0
1679593489897 0.978 0
1679593510414 0.98695 0
1679593531096 0.99095 0
1679593551706 0.9932 0
1679593575693 0.9924 0
1679593596485 0.9945 0
1679593617704 0.9931 0
1679593638674 0.99275 0
1679593659217 0.9965 0
1679593716985 0.81295 0
1679593738000 0.97245 0
1679593758407 0.9878 0
1679593778860 0.99045 0
1679593799666 0.9932 0
1679593820428 0.9938 0
1679593841115 0.9939 0
1679593861799 0.99325 0
1679593882558 0.99375 0
1679593903617 0.9935 0
1679593963604 0.75055 0
1679593984229 0.96265 0
1679594005418 0.9866 0
1679594026199 0.98725 0
1679594046652 0.9914 0
1679594067360 0.9912 0
1679594087922 0.99205 0
1679594109110 0.9924 0
1679594129965 0.9923 0
1679594150601 0.994 0
1679594213269 0.75225 0
1679594234037 0.9635 0
1679594254611 0.98505 0
1679594275379 0.98775 0
1679594296619 0.9912 0
1679594317876 0.99055 0
1679594338454 0.99105 0
1679594358894 0.99225 0
1679594379964 0.9926 0
1679594401024 0.9934 0
1679594464745 0.7356 0
1679594485514 0.95505 0
1679594506177 0.98135 0
1679594527072 0.98695 0
1679594547813 0.9887 0
1679594568528 0.99 0
1679594589860 0.9918 0
1679594610728 0.9925 0
1679594631803 0.98855 0
1679594652923 0.9936 0
1679594719425 0.6965 0
1679594740369 0.94135 0
1679594761100 0.97385 0
1679594781776 0.9825 0
1679594802782 0.9867 0
1679594823835 0.98605 0
1679594844777 0.98915 0
1679594865626 0.99045 0
1679594886304 0.99075 0
1679594907501 0.99025 0
1679594975673 0.69015 0
1679594996686 0.9274 0
1679595017849 0.9704 0
1679595038573 0.9802 0
1679595059648 0.98475 0
1679595081048 0.9849 0
1679595102121 0.9856 0
1679595123077 0.98585 0
1679595144194 0.9872 0
1679595165028 0.98845 0
1679595236584 0.7313 0
1679595257812 0.94725 0
1679595278527 0.976 0
1679595299951 0.984 0
1679595320893 0.9829 0
1679595342095 0.98875 0
1679595363440 0.9898 0
1679595384289 0.9909 0
1679595404698 0.9871 0
1679595425971 0.9889 0
1679595498522 0.7282 0
1679595522762 0.9516 0
1679595543679 0.979 0
1679595564511 0.9839 0
1679595585680 0.9889 0
1679595606947 0.9869 0
1679595628321 0.98925 0
1679595649111 0.9891 0
1679595670773 0.9893 0
1679595691744 0.99125 0
