1679590521177 63.499838587944396 0
1679590585033 63.54170058306772 0
1679590648312 62.98132820695173 0
1679590711720 63.11720251303632 0
1679590774602 62.58365915296599 0
1679590837467 62.567569439066574 0
1679590900172 62.407593547948636 0
1679590963497 63.03115551092196 0
1679591026910 63.10438733699266 0
1679591089389 62.18654958799016 0
1679591129363 20.519184630014934 0
1679591150030 20.479108543950133 0
1679591170651 20.409955943003297 0
1679591190818 19.964618476922624 0
1679591211196 20.158118002000265 0
1679591231135 19.739668035996147 0
1679591251762 20.43527765304316 0
1679591271742 19.78990920004435 0
1679591292553 20.61515126703307 0
1679591312567 19.800190826994367 0
1679591353201 20.308660077978857 0
1679591373480 20.08759589109104 0
1679591393961 20.26563947100658 0
1679591414584 20.422454988001846 0
1679591434906 20.105619628098793 0
1679591455059 19.95856278401334 0
1679591474950 19.68369795999024 0
1679591495999 20.8252585940063 0
1679591516340 20.137062114081345 0
1679591537021 20.487404695013538 0
1679591579895 20.43461928702891 0
1679591600509 20.407803409034386 0
1679591621058 20.332258779089898 0
1679591641744 20.479941739002243 0
1679591662449 20.495845880010165 0
1679591682588 19.925555516034365 0
1679591702745 19.930177648901008 0
1679591723423 20.457524005090818 0
1679591744387 20.750698658055626 0
1679591764830 20.21648380497936 0
1679591811926 23.4685638329247 0
1679591832052 19.932395501993597 0
1679591852495 20.234189860057086 0
1679591872837 20.13440531899687 0
1679591893972 20.896496301982552 0
1679591914873 20.68818935996387 0
1679591935738 20.670056625036523 0
1679591956124 20.17368412797805 0
1679591976721 20.38877411710564 0
1679591997326 20.398570761084557 0
1679592043394 20.470324472989887 0
1679592064043 20.439030281966552 0
1679592084416 20.122272285050713 0
1679592104818 20.17476804391481 0
1679592124933 19.909406149061397 0
1679592146343 21.20098876801785 0
1679592166460 19.907158354995772 0
1679592186990 20.293020006036386 0
1679592208156 20.948889450053684 0
1679592228920 20.536703877034597 0
1679592275821 20.166608087951317 0
1679592296230 20.193587232963182 0
1679592316989 20.540357660036534 0
1679592337367 20.149086607969366 0
1679592357842 20.233616429031827 0
1679592378111 20.046600932022557 0
1679592398478 20.150133203947917 0
1679592418956 20.249622532050125 0
1679592439765 20.593096252996475 0
1679592460157 20.182043586974032 0
1679592508891 19.94386827899143 0
1679592529645 20.526590385008603 0
1679592550061 20.15835175907705 0
1679592570710 20.41856092296075 0
1679592591644 20.703589351964183 0
1679592611765 19.86473674699664 0
1679592632201 20.221650702995248 0
1679592653058 20.62993017898407 0
1679592673708 20.424467063043267 0
1679592694102 20.162076339009218 0
1679592744822 20.30946367199067 0
1679592765392 20.339651288930327 0
1679592786009 20.377642152947374 0
1679592806637 20.404646078008227 0
1679592827274 20.422992897918448 0
1679592848345 20.79988594504539 0
1679592869102 20.521761638927273 0
1679592889739 20.41222514992114 0
1679592910526 20.570270300959237 0
1679592931349 20.60276091005653 0
1679592984143 20.471313334070146 0
1679593004360 19.978054767940193 0
1679593025292 20.697896633995697 0
1679593045911 20.387994091026485 0
1679593066581 20.45093276409898 0
1679593087265 20.440999513026327 0
1679593108376 20.866751739988104 0
1679593128968 20.360260709072463 0
1679593149763 20.528775561018847 0
1679593170282 20.29237360006664 0
1679593224656 20.339919072925113 0
1679593244921 20.043320843949914 0
1679593266130 20.96075007901527 0
1679593286772 20.415313665987924 0
1679593308014 21.00269550597295 0
1679593328811 20.5197339609731 0
1679593349551 20.497757268021815 0
1679593370535 20.7400678320555 0
1679593391943 21.170553168049082 0
1679593412487 20.31002020998858 0
1679593469074 20.862325838999823 0
1679593489923 20.611977733904496 0
1679593510431 20.26393213297706 0
1679593531130 20.433930531027727 0
1679593551727 20.324959917925298 0
1679593575720 23.735095762065612 0
1679593596512 20.54180552798789 0
1679593617723 20.950371942017227 0
1679593638703 20.731267150957137 0
1679593659232 20.2780472059967 0
1679593717008 20.01448996097315 0
1679593738021 20.76461111905519 0
1679593758427 20.172558555030264 0
1679593778880 20.188874489977024 0
1679593799693 20.550407906994224 0
1679593820447 20.500120998942293 0
1679593841134 20.41457549901679 0
1679593861819 20.446203360916115 0
1679593882582 20.515646705986 0
1679593903638 20.80871724500321 0
1679593963634 20.61494653695263 0
1679593984246 20.360102460952476 0
1679594005437 20.933257201919332 0
1679594026218 20.53162694000639 0
1679594046672 20.20221415592823 0
1679594067390 20.45441683800891 0
1679594087964 20.301670689019375 0
1679594109130 20.914321399992332 0
1679594129989 20.58567739406135 0
1679594150617 20.39552794501651 0
1679594213291 20.90205768798478 0
1679594234069 20.519641813938506 0
1679594254634 20.30413355503697 0
1679594275413 20.503343480057083 0
1679594296643 20.96254093304742 0
1679594317909 21.007662324002013 0
1679594338473 20.312989145051688 0
1679594358925 20.177069279947318 0
1679594379981 20.80113077198621 0
1679594401043 20.785922697978094 0
1679594464779 20.359337955946103 0
1679594485543 20.503982031019405 0
1679594506195 20.372818275005557 0
1679594527092 20.645454150042497 0
1679594547841 20.473035873030312 0
1679594568550 20.45009208796546 0
1679594589883 21.08794995700009 0
1679594610748 20.593816188978963 0
1679594631823 20.83004339504987 0
1679594652954 20.85694531700574 0
1679594719445 20.8931675379863 0
1679594740389 20.680818616994657 0
1679594761121 20.455491578904912 0
1679594781795 20.401979733956978 0
1679594802805 20.73144503601361 0
1679594823857 20.78459351195488 0
1679594844798 20.684499831986614 0
1679594865647 20.58073108701501 0
1679594886325 20.424927967018448 0
1679594907522 20.927957671927288 0
1679594975700 20.394247390097007 0
1679594996723 20.749750742921606 0
1679595017871 20.869556355988607 0
1679595038594 20.473950230982155 0
1679595059668 20.83094408607576 0
1679595081069 21.144735988928005 0
1679595102142 20.816063456004485 0
1679595123108 20.680425497936085 0
1679595144230 20.820701126009226 0
1679595165056 20.534710715990514 0
1679595236613 21.119446970056742 0
1679595257833 20.93779783998616 0
1679595278560 20.44367702899035 0
1679595299971 21.133826225996017 0
1679595320915 20.64488276001066 0
1679595342118 20.918674221029505 0
1679595363462 21.062901325058192 0
1679595384320 20.557568032993004 0
1679595404729 20.1313546190504 0
1679595425992 20.987775385030545 0
1679595498543 20.620213531074114 0
1679595522796 23.964670778019354 0
1679595543700 20.636924991034903 0
1679595564536 20.55417071992997 0
1679595585717 20.901133693987504 0
1679595606969 20.98310347693041 0
1679595628370 21.077144576935098 0
1679595649144 20.50053692108486 0
1679595670801 21.36816329706926 0
1679595691767 20.6638008429436 0
