1679872432427 57.61625467101112 0
1679872490874 57.92989591206424 0
1679872549609 58.22635300992988 0
1679872608041 57.911907711066306 0
1679872666571 58.00576417497359 0
1679872724384 57.312976728891954 0
1679872783094 58.18517358414829 0
1679872841587 57.96639380999841 0
1679872899345 57.23297473392449 0
1679872958186 58.32788100093603 0
1679872979251 5.726554351858795 0
1679872985152 5.709126421017572 0
1679872990953 5.6147241678554565 0
1679872996819 5.680845794035122 0
1679873002844 5.852065697079524 0
1679873008664 5.632639073999599 0
1679873014280 5.456658127019182 0
1679873020012 5.56612917012535 0
1679873025892 5.69811783102341 0
1679873031717 5.6465127968695015 0
1679873052654 5.629845685791224 0
1679873058457 5.614685306092724 0
1679873064419 5.782645083032548 0
1679873070261 5.647792720934376 0
1679873076060 5.62131907697767 0
1679873081912 5.667281894013286 0
1679873087719 5.6377343309577554 0
1679873093598 5.699851685902104 0
1679873099409 5.629621862899512 0
1679873105208 5.6128380659502 0
1679873126788 5.59737367904745 0
1679873132516 5.553213180974126 0
1679873138167 5.477803473128006 0
1679873144117 5.776234925026074 0
1679873150140 5.843630973948166 0
1679873155991 5.664223849074915 0
1679873161930 5.754735322901979 0
1679873167756 5.638160373084247 0
1679873173537 5.59600215498358 0
1679873179352 5.6320517209824175 0
1679873201833 5.707580215064809 0
1679873207645 5.62457414297387 0
1679873213500 5.666073915082961 0
1679873219589 5.91344101796858 0
1679873225429 5.659629242960364 0
1679873231385 5.775051799835637 0
1679873237321 5.747240228112787 0
1679873243238 5.749291158048436 0
1679873249146 5.720002714078873 0
1679873254937 5.604608536930755 0
1679873277878 5.785883534932509 0
1679873283751 5.6800519758835435 0
1679873289686 5.755986043950543 0
1679873295458 5.597371994052082 0
1679873301373 5.7264572461135685 0
1679873307071 5.5189253319986165 0
1679873312965 5.705397967947647 0
1679873318909 5.748376460047439 0
1679873324781 5.68687469791621 0
1679873330682 5.728089360054582 0
1679873353722 5.773769713938236 0
1679873359671 5.734889386920258 0
1679873365519 5.646952829090878 0
1679873371521 5.816995705012232 0
1679873377277 5.560390627942979 0
1679873383124 5.653673637891188 0
1679873389066 5.7594197751022875 0
1679873395195 5.950010451022536 0
1679873401287 5.887580358888954 0
1679873407215 5.752725559985265 0
1679873431835 6.202355880988762 0
1679873437998 5.970180917065591 0
1679873443645 5.448555925162509 0
1679873449807 5.979410893982276 0
1679873455645 5.652536517940462 0
1679873461721 5.885169127956033 0
1679873467611 5.7017139489762485 0
1679873473453 5.6634194031357765 0
1679873479307 5.683252168120816 0
1679873485306 5.797811508178711 0
1679873509763 5.813680541003123 0
1679873515791 5.848872317001224 0
1679873521661 5.656939255073667 0
1679873527629 5.767900428036228 0
1679873533530 5.715320758987218 0
1679873539501 5.787638903129846 0
1679873545500 5.806082142982632 0
1679873551290 5.594103962182999 0
1679873557201 5.70028884219937 0
1679873563034 5.642284106928855 0
1679873588614 5.785177499987185 0
1679873594542 5.717802406987175 0
1679873600462 5.730407228926197 0
1679873606638 5.985249293036759 0
1679873612307 5.459070857847109 0
1679873618364 5.8544013511855155 0
1679873624290 5.738226876128465 0
1679873630245 5.751560150180012 0
1679873636188 5.745622175047174 0
1679873642250 5.869896314106882 0
1679873667443 5.769113585818559 0
1679873673568 5.9188403689768165 0
1679873679619 5.835331755923107 0
1679873685748 5.941046193009242 0
1679873691576 5.63206847384572 0
1679873697636 5.868616966065019 0
1679873703912 6.053425314137712 0
1679873710043 5.939266585977748 0
1679873716011 5.761967265047133 0
1679873721986 5.766994214151055 0
1679873749048 5.866868133889511 0
1679873755187 5.930395356146619 0
1679873761190 5.8008411668706685 0
1679873767232 5.813689655857161 0
1679873773174 5.741729991044849 0
1679873779072 5.710994083900005 0
1679873784992 5.716551715042442 0
1679873790722 5.520496309967712 0
1679873796676 5.737179335905239 0
1679873802560 5.690347991883755 0
1679873828940 5.776869583874941 0
1679873834870 5.733823803951964 0
1679873840913 5.839221699163318 0
1679873846928 5.807770696934313 0
1679873852827 5.6886415460612625 0
1679873858732 5.701046155998483 0
1679873864620 5.682818808127195 0
1679873870688 5.861437085084617 0
1679873876685 5.777348751900718 0
1679873882457 5.574421460041776 0
1679873909556 5.867154719075188 0
1679873915493 5.735305309062824 0
1679873921453 5.759783043060452 0
1679873927345 5.697191491955891 0
1679873933266 5.723878653952852 0
1679873939193 5.7189480611123145 0
1679873945025 5.628661537077278 0
1679873951000 5.75339653599076 0
1679873957161 5.928540655877441 0
1679873963169 5.802725970046595 0
1679873991946 5.753535931929946 0
1679873997933 5.763035499956459 0
1679874003848 5.691317212069407 0
1679874009733 5.6841953420080245 0
1679874015958 6.0105466020759195 0
1679874021923 5.772042124066502 0
1679874027638 5.497955238912255 0
1679874033475 5.613636313937604 0
1679874039379 5.696839236887172 0
1679874045490 5.895276258001104 0
1679874074214 5.839245856041089 0
1679874080273 5.845755642047152 0
1679874086278 5.779361289925873 0
1679874092191 5.7046356541104615 0
1679874098218 5.829688496887684 0
1679874104474 6.04222599696368 0
1679874110340 5.655206465860829 0
1679874116395 5.8514284659177065 0
1679874122254 5.6280816870275885 0
1679874128216 5.744425299111754 0
1679874157442 5.717508732108399 0
1679874163423 5.768059191992506 0
1679874169320 5.681006794795394 0
1679874175249 5.712766824988648 0
1679874181372 5.907330014044419 0
1679874187522 5.935769205214456 0
1679874193395 5.662282987032086 0
1679874199365 5.74724059808068 0
1679874205502 5.922076162183657 0
1679874211499 5.782781809801236 0
1679874241063 5.776757164858282 0
1679874247247 5.977509216172621 0
1679874253355 5.892946530133486 0
1679874259314 5.769761108094826 0
1679874265319 5.78556222608313 0
1679874271073 5.52840834017843 0
1679874276984 5.723886050982401 0
1679874283031 5.822711666114628 0
1679874288968 5.709563122829422 0
1679874295061 5.890558924060315 0
1679874325671 5.908180332975462 0
1679874331801 5.921441701008007 0
1679874338042 5.938467501895502 0
1679874344336 6.083722935989499 0
1679874350408 5.849394941003993 0
1679874356428 5.822617724072188 0
1679874362505 5.858673681970686 0
1679874368662 5.930417337920517 0
1679874374710 5.808826371096075 0
1679874380685 5.7623872850090265 0
1679874413203 5.691739425994456 0
1679874419229 5.803023670101538 0
1679874425259 5.795098400907591 0
1679874431234 5.761536309029907 0
1679874437410 5.9628552980721 0
1679874443495 5.865002545993775 0
1679874449699 5.962570250034332 0
1679874455677 5.752079413970932 0
1679874461709 5.807285480899736 0
1679874467805 5.8682007568422705 0
