1679872432422 0.08044928873520767 0
1679872490866 0.031507154610117404 0
1679872549603 0.026495046275331096 0
1679872608031 0.01812079404999995 0
1679872666563 0.014591385778007006 0
1679872724375 0.01883570029742552 0
1679872783083 0.011130862950446919 0
1679872841579 0.010173804778751981 0
1679872899340 0.008192633515842249 0
1679872958176 0.007381225772715136 0
1679872979246 1.1352021965584735 0
1679872985144 0.10660743500463105 0
1679872990947 0.05016412881935538 0
1679872996809 0.0505929306127396 0
1679873002840 0.01692189772653839 0
1679873008658 0.0310134841419992 0
1679873014274 0.01655129412582085 0
1679873020007 0.018743028499097692 0
1679873025883 0.013302534109551144 0
1679873031711 0.00831495040368285 0
1679873052650 0.7276022628685938 0
1679873058450 0.1146130161794278 0
1679873064414 0.038483266484934706 0
1679873070250 0.010409223257974453 0
1679873076054 0.00897590821984375 0
1679873081904 0.01087930201370593 0
1679873087715 0.014461282088389996 0
1679873093592 0.02829222374240474 0
1679873099404 0.0370600594067762 0
1679873105204 0.014986830488631406 0
1679873126783 0.8839320330374228 0
1679873132510 0.17699076215924012 0
1679873138163 0.030689976248170586 0
1679873144112 0.02284011041413007 0
1679873150134 0.011322211281857874 0
1679873155986 0.014206227057038215 0
1679873161923 0.021864588327159734 0
1679873167747 0.005414160484101546 0
1679873173531 0.010681660496790887 0
1679873179347 0.02231320088846 0
1679873201827 0.8613560553006975 0
1679873207640 0.18055047568655297 0
1679873213495 0.06254126370291818 0
1679873219582 0.058898884441571035 0
1679873225424 0.046718424427729804 0
1679873231379 0.04964533298434653 0
1679873237315 0.02478483888608672 0
1679873243232 0.011286926135906707 0
1679873249139 0.012594322419795299 0
1679873254931 0.018176456299387727 0
1679873277872 0.7227255409885301 0
1679873283743 0.1652768824499822 0
1679873289680 0.03702381612961236 0
1679873295452 0.02382441468761402 0
1679873301367 0.015817340253944337 0
1679873307065 0.007844513359276224 0
1679873312959 0.012402254797489725 0
1679873318903 0.04113765704321763 0
1679873324775 0.033838227040651106 0
1679873330676 0.026870348940515088 0
1679873353715 0.5868005395059342 0
1679873359659 0.16587944453034936 0
1679873365507 0.04407454994494245 0
1679873371515 0.02090185798479803 0
1679873377271 0.027240347110188703 0
1679873383117 0.017605457664642315 0
1679873389061 0.019444154740584453 0
1679873395190 0.04211700954574399 0
1679873401279 0.014489273552644 0
1679873407210 0.040451586165197694 0
1679873431828 0.548393204200987 0
1679873437992 0.12336473270359935 0
1679873443639 0.03700624185156687 0
1679873449801 0.028052053388676116 0
1679873455639 0.03548324246997701 0
1679873461716 0.019985029537295904 0
1679873467605 0.005473143882360265 0
1679873473448 0.009835245515358967 0
1679873479301 0.008500544790645293 0
1679873485300 0.009507824122127556 0
1679873509753 0.437842452692479 0
1679873515785 0.10538510864088864 0
1679873521648 0.029967237690467344 0
1679873527622 0.013893299906058126 0
1679873533524 0.00833025818850326 0
1679873539495 0.005761163093491546 0
1679873545493 0.022969382161273633 0
1679873551284 0.024688415678646856 0
1679873557188 0.024761084511438054 0
1679873563028 0.01666178755611025 0
1679873588608 0.5355815961279384 0
1679873594535 0.13252447229416392 0
1679873600456 0.041066388288028936 0
1679873606631 0.03560196045497429 0
1679873612300 0.03342799232321095 0
1679873618357 0.027479092613158666 0
1679873624284 0.018963503575367878 0
1679873630231 0.010365431700901638 0
1679873636182 0.007726562412866469 0
1679873642244 0.030413780206884008 0
1679873667436 0.5058003102256199 0
1679873673561 0.10725021237229539 0
1679873679607 0.023834598232097482 0
1679873685741 0.016963062961742267 0
1679873691570 0.019755956023571903 0
1679873697629 0.003961387072712723 0
1679873703897 0.018540842021611176 0
1679873710037 0.023422553314571545 0
1679873716005 0.007224583039713633 0
1679873721973 0.008016665169247702 0
1679873749040 0.7739922960420288 0
1679873755179 0.23369976191447173 0
1679873761183 0.07795508483498904 0
1679873767220 0.04764856410846542 0
1679873773167 0.0340022889730383 0
1679873779065 0.019837418181926435 0
1679873784985 0.014752706046456072 0
1679873790714 0.022244219462160656 0
1679873796661 0.04251681477647519 0
1679873802553 0.03925703833507674 0
1679873828933 0.4550415198115878 0
1679873834863 0.08458585632005072 0
1679873840906 0.015481848358095535 0
1679873846921 0.009255479488117448 0
1679873852819 0.005910186769683256 0
1679873858726 0.010634284480699793 0
1679873864613 0.0219933302718157 0
1679873870681 0.02155167588689934 0
1679873876678 0.01534778312607656 0
1679873882447 0.036714560237146705 0
1679873909543 0.9581164391436514 0
1679873915486 0.2663987523778922 0
1679873921446 0.08910251589785988 0
1679873927338 0.03969270033641224 0
1679873933259 0.024054981346462924 0
1679873939186 0.0353056203531886 0
1679873945018 0.02168147102823589 0
1679873950993 0.014200802533677968 0
1679873957145 0.005825751795831704 0
1679873963162 0.011594710099233425 0
1679873991939 0.5117541978692137 0
1679873997925 0.10546582784609229 0
1679874003838 0.02274800144055144 0
1679874009726 0.013641397670396972 0
1679874015951 0.015137183972216129 0
1679874021916 0.011442809587681412 0
1679874027631 0.025932465074055777 0
1679874033467 0.015785520866577547 0
1679874039371 0.009788279457456712 0
1679874045482 0.01006534059000346 0
1679874074206 0.6345169710608901 0
1679874080265 0.14394159935392684 0
1679874086259 0.03947067832920616 0
1679874092184 0.027034241751086936 0
1679874098211 0.014614480894469333 0
1679874104466 0.02430266932566843 0
1679874110332 0.013734860652200987 0
1679874116388 0.015218379767081939 0
1679874122243 0.014369309991913637 0
1679874128208 0.040034614890145044 0
1679874157431 0.6465335602110083 0
1679874163415 0.13144887674879652 0
1679874169306 0.04969598550437821 0
1679874175239 0.02785093069551402 0
1679874181364 0.010276034369461033 0
1679874187515 0.0294462185676979 0
1679874193387 0.03330238939781964 0
1679874199352 0.038952311298077406 0
1679874205494 0.016335521902743608 0
1679874211491 0.00736453760113464 0
1679874241055 0.8628000648134084 0
1679874247239 0.2098150419749749 0
1679874253347 0.04941160158248857 0
1679874259306 0.026061918536504736 0
1679874265311 0.014713424957325251 0
1679874271063 0.017650918916010207 0
1679874276976 0.016185302987446092 0
1679874283023 0.017308321768801004 0
1679874288959 0.01431070680109094 0
1679874295053 0.03437811896069269 0
1679874325663 0.9027787399603096 0
1679874331792 0.2399645858293656 0
1679874338027 0.05134410889338321 0
1679874344328 0.02766780468265899 0
1679874350400 0.03418446925073603 0
1679874356419 0.028722883727822782 0
1679874362496 0.02298162012109102 0
1679874368653 0.014188544612234998 0
1679874374696 0.019519230364293403 0
1679874380676 0.02653523693780001 0
1679874413195 0.44826221375124625 0
1679874419220 0.09269152915873956 0
1679874425246 0.019426080869956626 0
1679874431226 0.014422521202638008 0
1679874437401 0.006289246107088208 0
1679874443487 0.02252561067942388 0
1679874449684 0.018111282471315448 0
1679874455668 0.02097613841760328 0
1679874461700 0.01631392652401931 0
1679874467793 0.011774172170205608 0
