1680275174571 6.01830678198894 0
1680275179524 4.625679302000208 0
1680275184429 4.560889976011822 0
1680275189362 4.600352699999348 0
1680275194311 4.593881052991492 0
1680275199272 4.627776552995783 0
1680275204195 4.576248642988503 0
1680275209151 4.618542604992399 0
1680275214103 4.615958217007574 0
1680275218971 4.52577716599626 0
1680275224524 4.80616636799823 0
1680275229617 4.713076917003491 0
1680275234743 4.735870656004408 0
1680275239863 4.732910006001475 0
1680275245065 4.806879119001678 0
1680275250241 4.759822059000726 0
1680275255399 4.757876287010731 0
1680275260623 4.820958579002763 0
1680275265717 4.717254018003587 0
1680275270835 4.735516834000009 0
1680275276906 4.996278175996849 0
1680275282283 4.946263131001615 0
1680275287674 4.936049797004671 0
1680275293043 4.918630175001454 0
1680275298392 4.914537371994811 0
1680275303783 4.951296436003759 0
1680275309213 4.984941493006772 0
1680275314547 4.90203139600635 0
1680275319905 4.930701948003843 0
1680275325270 4.941999319999013 0
1680275331734 5.021602871012874 0
1680275337401 5.188170524997986 0
1680275343027 5.148314172998653 0
1680275348607 5.096094232998439 0
1680275354155 5.081380973002524 0
1680275359921 5.292631064992747 0
1680275365426 5.038029057002859 0
1680275370958 5.04279252399283 0
1680275376563 5.122146109002642 0
1680275382147 5.102855792996706 0
1680275389148 5.216248394004651 0
1680275394908 5.2385008040000685 0
1680275400679 5.25182259498979 0
1680275406429 5.21664486300142 0
1680275412163 5.241652017997694 0
1680275417888 5.216568289994029 0
1680275423689 5.2965385830029845 0
1680275429411 5.18889906599361 0
1680275435151 5.2198366680095205 0
1680275440747 5.076983256993117 0
1680275448378 5.51583002100233 0
1680275454415 5.437894686998334 0
1680275460418 5.433793421005248 0
1680275466417 5.415297850995557 0
1680275472533 5.530036929005291 0
1680275478422 5.295619894008269 0
1680275484466 5.493092183009139 0
1680275490524 5.48213424498681 0
1680275496465 5.348731415011571 0
1680275502542 5.485206144003314 0
1680275510960 5.528084563993616 0
1680275517105 5.545153172002756 0
1680275523196 5.488402604998555 0
1680275529398 5.5716337759949965 0
1680275535489 5.478058235996286 0
1680275541510 5.414285992999794 0
1680275547643 5.539142213994637 0
1680275553687 5.40747821801051 0
1680275559787 5.472769348998554 0
1680275565957 5.542110052003409 0
1680275574927 5.5787574620044325 0
1680275581082 5.514157370998873 0
1680275587199 5.461331270009396 0
1680275593326 5.5161413900059415 0
1680275599497 5.5271182660071645 0
1680275605730 5.576718748998246 0
1680275611744 5.39347834099317 0
1680275617967 5.59660741200787 0
1680275624079 5.474602292000782 0
1680275630134 5.410385651994147 0
1680275639464 5.6877668050001375 0
1680275645792 5.633450424007606 0
1680275652097 5.619757345994003 0
1680275658288 5.5145564999984344 0
1680275664617 5.641747481000493 0
1680275670682 5.378332856998895 0
1680275676956 5.591813046004972 0
1680275683322 5.688071644995944 0
1680275689638 5.609161287997267 0
1680275695943 5.620797153998865 0
1680275705842 5.65128313099558 0
1680275712197 5.638958329000161 0
1680275718461 5.553736159010441 0
1680275724730 5.599340148008196 0
1680275730963 5.543828592999489 0
1680275737455 5.798020047994214 0
1680275743633 5.497182753999368 0
1680275749906 5.58191679000447 0
1680275756302 5.699380754012964 0
1680275762876 5.887475138006266 0
1680275773016 5.6792777580121765 0
1680275779452 5.731839258995024 0
1680275785902 5.762731997005176 0
1680275792356 5.75479929499852 0
1680275798702 5.64162276800198 0
1680275804886 5.47288857800595 0
1680275811205 5.612808199002757 0
1680275817575 5.629754363995744 0
1680275823978 5.709776450006757 0
1680275830537 5.853654106991598 0
1680275840850 5.635227004997432 0
1680275847168 5.5938911009870935 0
1680275853577 5.684284802002367 0
1680275860105 5.808806877001189 0
1680275866585 5.7578902690002 0
1680275872998 5.710904824998579 0
1680275879500 5.77873441700649 0
1680275886039 5.80545730299491 0
1680275892621 5.8658842950098915 0
1680275898943 5.6187194179947255 0
1680275909415 5.651677721005399 0
1680275915933 5.777257791996817 0
1680275922427 5.760840550996363 0
1680275928924 5.754270724995877 0
1680275935476 5.826582190013141 0
1680275941878 5.674195628991583 0
1680275948438 5.843678504999843 0
1680275955049 5.8824449780076975 0
1680275961745 5.9643440630025 0
1680275968191 5.720555844003684 0
