1680275174564 0.1318484214096961 0
1680275179518 0.006894609749114381 0
1680275184413 0.0031799947032742503 0
1680275189356 0.0016630311771633946 0
1680275194294 0.0014936324976940428 0
1680275199266 0.0011387732040255346 0
1680275204184 0.0007138624519763154 0
1680275209144 0.000552676945282597 0
1680275214096 0.0008435249506991597 0
1680275218958 0.00033811079652702075 0
1680275224518 0.1372447530814116 0
1680275229610 0.006640326990295322 0
1680275234732 0.0022483981123396887 0
1680275239856 0.0024332245678036295 0
1680275245053 0.001431244598455622 0
1680275250230 0.0011435311748608647 0
1680275255391 0.0007793869238324283 0
1680275260614 0.0006295804935601359 0
1680275265708 0.0005832104561118138 0
1680275270829 0.0006107676644234978 0
1680275276901 0.14346824253293416 0
1680275282275 0.007074565325315381 0
1680275287663 0.0031856017927977165 0
1680275293034 0.0044117965669776766 0
1680275298380 0.0008739600950408908 0
1680275303773 0.0017037622854977304 0
1680275309203 0.001159025475640045 0
1680275314539 0.0005699416942074857 0
1680275319893 0.0007070231608409931 0
1680275325260 0.0005126027628002996 0
1680275331721 0.14573790007946832 0
1680275337393 0.006738215882045728 0
1680275343020 0.0046054082298313355 0
1680275348593 0.0018176939249256506 0
1680275354145 0.0012728560989583662 0
1680275359914 0.0013256837903041273 0
1680275365418 0.004017668450908405 0
1680275370941 0.0007663097949848781 0
1680275376547 0.004533585333950712 0
1680275382133 0.0007471536832341489 0
1680275389137 0.1405430416493947 0
1680275394896 0.00915895498568012 0
1680275400667 0.0025806148675450633 0
1680275406421 0.0018935489314307848 0
1680275412156 0.0015567919483967876 0
1680275417880 0.0012847867610323574 0
1680275423681 0.000837776058864209 0
1680275429398 0.0010834144458415048 0
1680275435143 0.0006177422397858238 0
1680275440735 0.00042838695527837355 0
1680275448366 0.18079630805239563 0
1680275454402 0.014859520424638064 0
1680275460404 0.005446955902903761 0
1680275466409 0.004065320666056998 0
1680275472517 0.0020409626731341104 0
1680275478411 0.004402254465422893 0
1680275484457 0.001669426619980274 0
1680275490516 0.00129827733138471 0
1680275496443 0.001196480976021473 0
1680275502527 0.0005969988000757557 0
1680275510942 0.1824627323526769 0
1680275517097 0.021948751033989772 0
1680275523189 0.015040584764773808 0
1680275529385 0.006601894215676903 0
1680275535481 0.0020938886812091957 0
1680275541503 0.0021291419628053725 0
1680275547635 0.0012363190218175372 0
1680275553675 0.001986310263859078 0
1680275559778 0.0007186404972960572 0
1680275565942 0.000747947555106704 0
1680275574911 0.19409289993646164 0
1680275581070 0.022172266786407317 0
1680275587185 0.007815680687218123 0
1680275593319 0.003990006763131298 0
1680275599484 0.002917179884764576 0
1680275605715 0.0015798066799048215 0
1680275611735 0.0023816654922425625 0
1680275617954 0.001385672377270361 0
1680275624070 0.0008569709606226459 0
1680275630122 0.0007623041601618752 0
1680275639456 0.198188710026443 0
1680275645780 0.03548338362616637 0
1680275652084 0.013605055799182024 0
1680275658280 0.006346496718657774 0
1680275664601 0.0024637421269172563 0
1680275670670 0.0027033025384767943 0
1680275676948 0.0010512982738756335 0
1680275683313 0.0011968485304086859 0
1680275689619 0.006347794521829083 0
1680275695923 0.0012472662551332296 0
1680275705834 0.20783435867258138 0
1680275712185 0.03317997063465056 0
1680275718453 0.01831012909984096 0
1680275724721 0.01474747480355173 0
1680275730940 0.005834346624455535 0
1680275737447 0.006395697460374644 0
1680275743625 0.0033077946756102684 0
1680275749899 0.004354373019586708 0
1680275756289 0.0025900630222871943 0
1680275762867 0.00816512336337661 0
1680275773007 0.21328140918405786 0
1680275779439 0.04661239319736318 0
1680275785894 0.019668418979797993 0
1680275792346 0.011495845401734714 0
1680275798689 0.006076725842919381 0
1680275804876 0.008457090387838111 0
1680275811193 0.002497869885935929 0
1680275817561 0.004772509194745291 0
1680275823965 0.0019142235685121118 0
1680275830524 0.001375357690947919 0
1680275840836 0.23653279779659164 0
1680275847159 0.0573568329996159 0
1680275853566 0.016876637274699825 0
1680275860095 0.007362954917968431 0
1680275866573 0.01053034188131982 0
1680275872990 0.005990294545734932 0
1680275879484 0.0036332580784801394 0
1680275886028 0.0026479898329970666 0
1680275892608 0.0024669809072586377 0
1680275898936 0.00104259590913106 0
1680275909406 0.22716339650533854 0
1680275915923 0.05062583032920356 0
1680275922415 0.03548781078256246 0
1680275928915 0.01962805521907285 0
1680275935468 0.004272113805786977 0
1680275941862 0.0129447303864459 0
1680275948429 0.018983534859275567 0
1680275955040 0.00924036517643535 0
1680275961733 0.0022014387124668685 0
1680275968174 0.00481726401748376 0
