1678657191477 0.8863844045080719 0
1678657195241 0.9628388668900396 0
1678657199529 0.9817240328967408 0
1678657203994 0.9917758148035334 0
1678657208333 0.9862930246725556 0
1678657212804 0.9902528175449284 0
1678657217343 0.9923850137069753 0
1678657221634 0.9896436186414864 0
1678657225970 0.9881206213828815 0
1678657230468 0.9948218093207433 0
1678657291584 0.9017912291537986 0
1678657296366 0.9823965410747375 0
1678657300473 0.990117356392835 0
1678657304793 0.9814700432365658 0
1678657309066 0.9984558369363805 0
1678657313556 0.990117356392835 0
1678657317924 0.9990735021618283 0
1678657322373 0.9947498455836936 0
1678657326925 0.9981470043236566 0
1678657331495 1.0 0
1678657386661 0.8783199505867819 0
1678657391018 0.9811612106238419 0
1678657395339 0.9879555281037677 0
1678657399877 0.9867201976528721 0
1678657404432 0.9820877084620135 0
1678657408849 0.9972205064854849 0
1678657413095 0.9944410129709698 0
1678657417792 0.993823347745522 0
1678657422434 0.984249536751081 0
1678657427220 0.9962940086473132 0
1678657488480 0.7319332921556516 0
1678657492824 0.9512044471896233 0
1678657497308 0.9759110562075355 0
1678657501717 0.9802347127856702 0
1678657506066 0.9925880172946263 0
1678657510582 0.9885731933292156 0
1678657514984 0.990426189005559 0
1678657519510 0.9975293390982087 0
1678657524147 0.9941321803582458 0
1678657528844 0.9898085237801112 0
1678657590763 0.6306361951822113 0
1678657595299 0.9317479925880173 0
1678657599825 0.9688079061148858 0
1678657604166 0.9752933909820877 0
1678657608701 0.9771463866584311 0
1678657613164 0.9891908585546634 0
1678657617733 0.9882643607164917 0
1678657622575 0.9956763434218654 0
1678657627358 0.9969116738727609 0
1678657632003 0.9990735021618283 0
1678657693004 0.4641754169240272 0
1678657697464 0.8508338480543546 0
1678657702024 0.94224830142063 0
1678657706597 0.9697344039530574 0
1678657711092 0.9771463866584311 0
1678657715585 0.984249536751081 0
1678657720115 0.9894996911673872 0
1678657724963 0.9925880172946263 0
1678657729512 0.9894996911673872 0
1678657734175 0.9870290302655961 0
1678657796093 0.31902408894379247 0
1678657800581 0.7847436689314392 0
1678657805068 0.9348363187152563 0
1678657809605 0.9610870907967881 0
1678657814093 0.9694255713403336 0
1678657818551 0.980852378011118 0
1678657822995 0.9752933909820877 0
1678657827836 0.9799258801729462 0
1678657832465 0.9916615194564546 0
1678657837128 0.9746757257566399 0
1678657898478 0.2279184681902409 0
1678657902963 0.5373687461395923 0
1678657907444 0.7862878319950587 0
1678657912057 0.8900555898702903 0
1678657916751 0.9416306361951822 0
1678657921343 0.9601605929586164 0
1678657925893 0.9604694255713403 0
1678657930694 0.9756022235948116 0
1678657935242 0.990117356392835 0
1678657939925 0.9891908585546634 0
1678658000797 0.31315626930203827 0
1678658005275 0.7378011117974058 0
1678658009876 0.9021000617665226 0
1678658014242 0.9292773316862261 0
1678658018640 0.9592340951204448 0
1678658023343 0.9734403953057443 0
1678658027876 0.974366893143916 0
1678658032648 0.9780728844966028 0
1678658037234 0.9610870907967881 0
1678658041847 0.9851760345892526 0
1678658103988 0.25046324891908583 0
1678658108356 0.7192711550339715 0
1678658112900 0.8946880790611489 0
1678658117479 0.9533662754786906 0
1678658122095 0.9660284126003706 0
1678658126632 0.9737492279184682 0
1678658131193 0.9684990735021618 0
1678658135988 0.9542927733168622 0
1678658140615 0.9759110562075355 0
1678658145189 0.9898085237801112 0
1678658207873 0.2575663990117356 0
1678658212403 0.711550339715874 0
1678658216961 0.9224830142063002 0
1678658221343 0.9592340951204448 0
1678658225819 0.9669549104385423 0
1678658230505 0.9864113650401483 0
1678658235218 0.9873378628783199 0
1678658239917 0.9728227300802965 0
1678658244792 0.9694255713403336 0
1678658249472 0.9907350216182829 0
1678658312132 0.27671402100061765 0
1678658316588 0.679740580605312 0
1678658321169 0.8817171093267449 0
1678658325680 0.9283508338480544 0
1678658330368 0.964793082149475 0
1678658334971 0.9756022235948116 0
1678658339484 0.9789993823347746 0
1678658344220 0.9722050648548487 0
1678658348854 0.9870290302655961 0
1678658353476 0.9928968499073502 0
1678658415508 0.25602223594811613 0
1678658420140 0.7177269919703521 0
1678658424611 0.8820259419394688 0
1678658429168 0.9530574428659666 0
1678658433610 0.9715873996294009 0
1678658438152 0.9873378628783199 0
1678658442632 0.974366893143916 0
1678658447276 0.9623224212476837 0
1678658451968 0.9885731933292156 0
1678658456676 0.980852378011118 0
1678658517773 0.3202594193946881 0
1678658522158 0.7615812229771464 0
1678658526693 0.907350216182829 0
1678658531206 0.9546016059295862 0
1678658535717 0.9756022235948116 0
1678658540240 0.9879555281037677 0
1678658544948 0.9836318715256331 0
1678658549599 0.9910438542310068 0
1678658554331 0.9879555281037677 0
1678658559063 0.9635577516985794 0
1678658621499 0.2356392835083385 0
1678658626005 0.6800494132180358 0
1678658630547 0.9085855466337245 0
1678658634933 0.9570722668313774 0
1678658639411 0.9805435453983941 0
1678658644098 0.9762198888202595 0
1678658648699 0.9811612106238419 0
1678658653304 0.9780728844966028 0
1678658658172 0.9953675108091414 0
1678658663061 0.990426189005559 0
1678658726055 0.26714021000617666 0
1678658730577 0.7035206917850525 0
1678658735064 0.8838789376158123 0
1678658739593 0.938851142680667 0
1678658744229 0.9607782581840643 0
1678658748589 0.9725138974675726 0
1678658753127 0.9876466954910439 0
1678658757874 0.9885731933292156 0
1678658762493 0.9913526868437307 0
1678658767279 0.9731315626930204 0
1678658829218 0.3508338480543545 0
1678658833681 0.7415071031500926 0
1678658838245 0.9197035206917851 0
1678658842866 0.9694255713403336 0
1678658847497 0.9789993823347746 0
1678658851910 0.9827053736874614 0
1678658856521 0.990117356392835 0
1678658861549 0.9922791846819025 0
1678658866303 0.9833230389129092 0
1678658871097 0.9894996911673872 0
1678658934754 0.3529956763434219 0
1678658939163 0.8134651019147622 0
1678658943649 0.9490426189005559 0
1678658948471 0.9759110562075355 0
1678658953014 0.9885731933292156 0
1678658957617 0.9898085237801112 0
1678658962131 0.9891908585546634 0
1678658966901 0.9817788758492897 0
1678658971579 0.9802347127856702 0
1678658976363 0.9898085237801112 0
1678659039085 0.2708462013588635 0
1678659043739 0.7251389746757257 0
1678659048408 0.91692402717727 0
1678659052931 0.9539839407041384 0
1678659057458 0.9789993823347746 0
1678659061873 0.9749845583693638 0
1678659066513 0.9864113650401483 0
1678659071270 0.9870290302655961 0
1678659076061 0.9882643607164917 0
1678659080913 0.9882643607164917 0
1678659144946 0.34342186534898084 0
1678659149658 0.7872143298332304 0
1678659154339 0.9268066707844348 0
1678659158784 0.9638665843113032 0
1678659163335 0.9789993823347746 0
1678659167796 0.9907350216182829 0
1678659172332 0.9752933909820877 0
1678659177020 0.9796170475602224 0
1678659181805 0.9783817171093268 0
1678659186485 0.9848672019765288 0
