1678657191487 0.3257498532633501 0
1678657195255 0.11638095061017578 0
1678657199539 0.052010957066263595 0
1678657204000 0.031178725287068592 0
1678657208343 0.04100732140395106 0
1678657212815 0.03390816368689994 0
1678657217353 0.030841475178305617 0
1678657221644 0.03300141683500799 0
1678657225980 0.04213709837659784 0
1678657230474 0.017267129171646488 0
1678657291595 0.4799024553818788 0
1678657296372 0.054468393966629225 0
1678657300484 0.03180026937330198 0
1678657304804 0.05868155221740121 0
1678657309079 0.008340389115078383 0
1678657313566 0.030257100252051496 0
1678657317935 0.0036935725587594467 0
1678657322389 0.01820872080795078 0
1678657326937 0.0049360544999835325 0
1678657331506 0.0008396904029385192 0
1678657386675 0.6411236364111406 0
1678657391030 0.06091328028392753 0
1678657395352 0.04302288425845854 0
1678657399887 0.04743115398100933 0
1678657404442 0.05083665805750879 0
1678657408860 0.009917566944716166 0
1678657413107 0.014331985972937122 0
1678657417805 0.02073011703261734 0
1678657422445 0.05157935103028207 0
1678657427235 0.012487647832553073 0
1678657488491 1.3961399766381248 0
1678657492834 0.15599238027607387 0
1678657497318 0.0819976752908087 0
1678657501727 0.0549747547591502 0
1678657506076 0.02344569042923275 0
1678657510597 0.05252919480874168 0
1678657514995 0.029473270382214433 0
1678657519521 0.011452707021949908 0
1678657524158 0.015973251991113734 0
1678657528854 0.03412921964840928 0
1678657590768 1.6703125388074467 0
1678657595311 0.21158097087048394 0
1678657599837 0.10079354447685987 0
1678657604177 0.08443777789169067 0
1678657608711 0.06721993774138828 0
1678657613176 0.03267190905219983 0
1678657617745 0.04138419024848768 0
1678657622587 0.014704252112601608 0
1678657627369 0.011873020665041891 0
1678657632013 0.005784798317808609 0
1678657693015 2.5081018520550202 0
1678657697474 0.4560433550150472 0
1678657702037 0.18341110870380178 0
1678657706610 0.10904691095905145 0
1678657711103 0.07219742201245663 0
1678657715595 0.0530782731766499 0
1678657720128 0.031816617461465586 0
1678657724976 0.024448456134534384 0
1678657729523 0.031758411536068 0
1678657734189 0.04596610399339304 0
1678657796105 2.772621640237192 0
1678657800591 0.6563478469333213 0
1678657805079 0.19690395369803634 0
1678657809616 0.11765923533747416 0
1678657814101 0.09974753574795797 0
1678657818562 0.055347041696899094 0
1678657823001 0.07132088520447365 0
1678657827848 0.06422407576645171 0
1678657832476 0.03185965740792062 0
1678657837141 0.07599229157808535 0
1678657898489 2.8669244287336513 0
1678657902970 1.3445373141817136 0
1678657907450 0.6229375589770104 0
1678657912063 0.32724084358586436 0
1678657916761 0.18617871051183668 0
1678657921353 0.11834034910902998 0
1678657925901 0.12511033564805984 0
1678657930707 0.07448454004487481 0
1678657935252 0.04022753621503904 0
1678657939937 0.036527962787991475 0
1678658000809 3.103459007508818 0
1678658005289 0.7639234458879235 0
1678658009896 0.3010924043958757 0
1678658014256 0.19673175642116156 0
1678658018651 0.11957581266944904 0
1678658023361 0.0863561880549875 0
1678658027888 0.07540660755682352 0
1678658032660 0.06441145774306081 0
1678658037248 0.11784445089670594 0
1678658041858 0.0508520815606615 0
1678658104001 3.088546251352368 0
1678658108367 0.8284858563860822 0
1678658112915 0.3164874264087995 0
1678658117488 0.150846600366861 0
1678658122104 0.10990983591983906 0
1678658126638 0.07066186631375658 0
1678658131200 0.09413259651758113 0
1678658136001 0.13603089865782586 0
1678658140626 0.0722281687339012 0
1678658145201 0.03408228589763716 0
1678658207885 3.3896059815422706 0
1678658212415 0.8422935097360404 0
1678658216970 0.2574717264847946 0
1678658221355 0.11941650045956263 0
1678658225834 0.11350626659874676 0
1678658230525 0.043627560984888625 0
1678658235227 0.04093104712964209 0
1678658239930 0.08470807405829503 0
1678658244807 0.10548339800309756 0
1678658249485 0.02910166663601488 0
1678658312145 3.1119744646615493 0
1678658316599 0.9290485147932123 0
1678658321177 0.35322047251842137 0
1678658325691 0.20672506178655028 0
1678658330381 0.10819589974757898 0
1678658334984 0.0794644121073734 0
1678658339491 0.06326481797044994 0
1678658344230 0.09124534581503138 0
1678658348868 0.03725010097381176 0
1678658353487 0.025682287333548125 0
1678658415521 3.2440281279518546 0
1678658420152 0.855445772280584 0
1678658424621 0.3413363349813234 0
1678658429176 0.14588924227230632 0
1678658433616 0.08385959745070093 0
1678658438162 0.04001852930273223 0
1678658442645 0.0769334875410762 0
1678658447292 0.12148178938530049 0
1678658451984 0.03971544962774426 0
1678658456688 0.06552265849696597 0
1678658517787 3.0380414399635356 0
1678658522170 0.7163325730409793 0
1678658526704 0.28304819559299926 0
1678658531219 0.13978582495447292 0
1678658535730 0.08317515768520327 0
1678658540249 0.045359850410714865 0
1678658544956 0.06087119078437365 0
1678658549610 0.030210532547147867 0
1678658554344 0.03784139322058296 0
1678658559076 0.11270322052415614 0
1678658621509 3.251732871810767 0
1678658626022 0.9541207084396579 0
1678658630558 0.3030323496271314 0
1678658634949 0.13419834129084326 0
1678658639426 0.06240299886174228 0
1678658644107 0.07267745218393315 0
1678658648707 0.06235912936918525 0
1678658653316 0.06118146650357387 0
1678658658186 0.017080140133849113 0
1678658663074 0.028067509044902864 0
1678658726066 3.1902814828149326 0
1678658730594 0.9525064470555916 0
1678658735077 0.36720110642608117 0
1678658739608 0.1898505936403787 0
1678658744241 0.12908484126366973 0
1678658748613 0.09925677514576926 0
1678658753136 0.03879027775016517 0
1678658757886 0.0341985237272104 0
1678658762505 0.027697929709809218 0
1678658767296 0.08397362871444138 0
1678658829234 3.0313477377010907 0
1678658833696 0.7688581142770132 0
1678658838263 0.26399755982280587 0
1678658842876 0.10255704544038224 0
1678658847505 0.07370969523584275 0
1678658851926 0.05061698181024299 0
1678658856538 0.03324277363855615 0
1678658861557 0.026895637213240405 0
1678658866315 0.04923376010718207 0
1678658871109 0.038649563567737064 0
1678658934769 3.1648023686635782 0
1678658939175 0.6022909118703591 0
1678658943665 0.18420567526870335 0
1678658948481 0.08154829339670171 0
1678658953026 0.044043746871794354 0
1678658957625 0.038460024889648295 0
1678658962147 0.028544320070850327 0
1678658966921 0.05596035950166565 0
1678658971591 0.05454669420698277 0
1678658976375 0.03748287996098887 0
1678659039095 3.2629173368197155 0
1678659043758 0.8370997818846111 0
1678659048420 0.26839244275493634 0
1678659052942 0.14928736290569436 0
1678659057468 0.07765257479352594 0
1678659061885 0.07402741010723621 0
1678659066527 0.05038334739551528 0
1678659071282 0.03884339141368939 0
1678659076077 0.037777029355232035 0
1678659080928 0.03469643574219526 0
1678659144963 3.040549053241619 0
1678659149667 0.6393519431960075 0
1678659154354 0.23638041850370414 0
1678659158792 0.11304183864829126 0
1678659163349 0.0697765281453264 0
1678659167813 0.033788750361170274 0
1678659172343 0.06987686593308723 0
1678659177032 0.0715838222522254 0
1678659181821 0.06749029113457224 0
1678659186496 0.05408802181321246 0
