1678657191492 4.847559229005128 0
1678657195265 3.623089426662773 0
1678657199546 4.141751734074205 0
1678657204006 4.312932722270489 0
1678657208348 4.173161323182285 0
1678657212822 4.318244840949774 0
1678657217358 4.4036785662174225 0
1678657221648 4.1543966038152575 0
1678657225985 4.173802550882101 0
1678657230479 4.3633393296040595 0
1678657291600 4.470850053709 0
1678657296377 4.618244117125869 0
1678657300491 3.9600160741247237 0
1678657304811 4.152904032263905 0
1678657309089 4.128886860795319 0
1678657313572 4.342568290885538 0
1678657317939 4.126805014908314 0
1678657322399 4.279397741891444 0
1678657326943 4.335490909870714 0
1678657331512 4.338132573757321 0
1678657386684 4.399595394730568 0
1678657391036 4.212668810971081 0
1678657395361 4.15459245396778 0
1678657399894 4.3712532161735 0
1678657404449 4.406275719869882 0
1678657408865 4.277684969827533 0
1678657413115 4.079155339859426 0
1678657417813 4.518560991156846 0
1678657422450 4.4684572028927505 0
1678657427244 4.620512004010379 0
1678657488500 4.457745746243745 0
1678657492840 4.192609795369208 0
1678657497323 4.31115786312148 0
1678657501733 4.249304381199181 0
1678657506082 4.205376112833619 0
1678657510606 4.349624320864677 0
1678657515004 4.234068577643484 0
1678657519528 4.372455289121717 0
1678657524166 4.478025855962187 0
1678657528861 4.507505815010518 0
1678657590774 4.370605036616325 0
1678657595322 4.384834761265665 0
1678657599845 4.361340944189578 0
1678657604193 4.1833640690892935 0
1678657608717 4.366852787323296 0
1678657613184 4.315531936008483 0
1678657617755 4.3896606168709695 0
1678657622594 4.655538233928382 0
1678657627376 4.597581370733678 0
1678657632022 4.474381389096379 0
1678657693023 4.1487076338380575 0
1678657697484 4.287549971137196 0
1678657702048 4.365470480173826 0
1678657706617 4.414814855903387 0
1678657711109 4.343953884206712 0
1678657715602 4.340757708996534 0
1678657720136 4.347271249163896 0
1678657724987 4.674213517922908 0
1678657729531 4.367083439137787 0
1678657734197 4.4768635970540345 0
1678657796115 4.3351985746994615 0
1678657800598 4.340566616971046 0
1678657805086 4.347694234922528 0
1678657809625 4.36411518137902 0
1678657814106 4.312262320891023 0
1678657818568 4.293225708417594 0
1678657823006 4.305358273908496 0
1678657827855 4.676995451096445 0
1678657832485 4.463943099137396 0
1678657837149 4.492327397223562 0
1678657898498 4.3181909522973 0
1678657902976 4.3394875400699675 0
1678657907455 4.320962208788842 0
1678657912068 4.378020884934813 0
1678657916768 4.451423560269177 0
1678657921361 4.354536234866828 0
1678657925908 4.291267874184996 0
1678657930717 4.622520917095244 0
1678657935258 4.361297527793795 0
1678657939947 4.522831954993308 0
1678658000816 4.222852081991732 0
1678658005302 4.300123226828873 0
1678658009907 4.427883188705891 0
1678658014265 4.170320259407163 0
1678658018659 4.233332121744752 0
1678658023377 4.525616020895541 0
1678658027896 4.357025612145662 0
1678658032668 4.572785031050444 0
1678658037258 4.3903596377931535 0
1678658041865 4.428955187089741 0
1678658104008 4.133724878076464 0
1678658108375 4.197029607836157 0
1678658112924 4.36630164925009 0
1678658117496 4.408821372315288 0
1678658122111 4.444602166768163 0
1678658126644 4.364226792007685 0
1678658131207 4.42088458314538 0
1678658136011 4.619241965003312 0
1678658140632 4.460451595019549 0
1678658145215 4.378290482796729 0
1678658207893 4.434869416989386 0
1678658212422 4.288980817887932 0
1678658216981 4.31652089394629 0
1678658221363 4.1494583720341325 0
1678658225845 4.297412229236215 0
1678658230539 4.497362168040127 0
1678658235238 4.457909097895026 0
1678658239943 4.530825453810394 0
1678658244819 4.678822488989681 0
1678658249492 4.475058329291642 0
1678658312153 4.232855663169175 0
1678658316609 4.301563821732998 0
1678658321186 4.426906367298216 0
1678658325698 4.3381806621328 0
1678658330393 4.515563608147204 0
1678658334997 4.448809430934489 0
1678658339497 4.306424500886351 0
1678658344240 4.560007674153894 0
1678658348875 4.445112918969244 0
1678658353493 4.43870413210243 0
1678658415530 4.223938835319132 0
1678658420158 4.48074203915894 0
1678658424629 4.319873400963843 0
1678658429184 4.359266756102443 0
1678658433623 4.290615890175104 0
1678658438171 4.3472848841920495 0
1678658442653 4.292352961841971 0
1678658447305 4.438833909109235 0
1678658451997 4.4830640950240195 0
1678658456695 4.514316293876618 0
1678658517796 4.076862687245011 0
1678658522178 4.232740757055581 0
1678658526721 4.359742250759155 0
1678658531227 4.332585232332349 0
1678658535738 4.357662906870246 0
1678658540256 4.375415610149503 0
1678658544967 4.474978984799236 0
1678658549617 4.497431958094239 0
1678658554357 4.541611101012677 0
1678658559083 4.55048014735803 0
1678658621524 4.619298126082867 0
1678658626035 4.308613135945052 0
1678658630566 4.3571801711805165 0
1678658634967 4.216528363060206 0
1678658639437 4.301304233260453 0
1678658644114 4.408947491087019 0
1678658648714 4.4042272083461285 0
1678658653325 4.444754730910063 0
1678658658202 4.6763514769263566 0
1678658663081 4.7088982397690415 0
1678658726074 4.296093781013042 0
1678658730607 4.33391841314733 0
1678658735092 4.314822155050933 0
1678658739626 4.36700946977362 0
1678658744258 4.465754454024136 0
1678658748626 4.178120527882129 0
1678658753144 4.3351941062137485 0
1678658757893 4.568244006950408 0
1678658762516 4.4513428951613605 0
1678658767306 4.580489034764469 0
1678658829244 4.306529778055847 0
1678658833716 4.290855783969164 0
1678658838278 4.35145774576813 0
1678658842884 4.442467940971255 0
1678658847512 4.459397251717746 0
1678658851935 4.251874064095318 0
1678658856554 4.432061858009547 0
1678658861565 4.832473570015281 0
1678658866330 4.583732787985355 0
1678658871117 4.619082963094115 0
1678658934779 4.379496055655181 0
1678658939183 4.246117425151169 0
1678658943675 4.288332412019372 0
1678658948490 4.561607674695551 0
1678658953034 4.287054028362036 0
1678658957633 4.396721294149756 0
1678658962162 4.336577102076262 0
1678658966933 4.591726296115667 0
1678658971606 4.502506872173399 0
1678658976383 4.585968895815313 0
1678659039103 4.374379829969257 0
1678659043770 4.394301862921566 0
1678659048428 4.49879912706092 0
1678659052956 4.371527327224612 0
1678659057476 4.297873742878437 0
1678659061894 4.254243440926075 0
1678659066541 4.4086935692466795 0
1678659071291 4.53747296705842 0
1678659076087 4.612308321986347 0
1678659080937 4.630808400921524 0
1678659144975 4.478582514915615 0
1678659149675 4.555194704793394 0
1678659154363 4.460622878745198 0
1678659158801 4.28362356312573 0
1678659163358 4.317967309150845 0
1678659167824 4.246337812859565 0
1678659172352 4.285892494022846 0
1678659177041 4.489474772009999 0
1678659181830 4.573162630200386 0
1678659186505 4.512024936731905 0
