1679835958171 0.9815912851627138 0
1679836011489 0.9964837286265857 0
1679836065271 0.9981901544401545 0
1679836117347 0.998638306674021 0
1679836170317 0.9993105350248207 0
1679836222803 0.999534611141754 0
1679836276931 0.9994829012686156 0
1679836330362 0.9997069773855488 0
1679836383266 0.9996725041367899 0
1679836435887 0.9997586872586872 0
1679836508334 0.8401315789473685 0
1679836513993 0.9917763157894737 0
1679836519601 0.9967105263157895 0
1679836525275 0.9993421052631579 0
1679836531026 0.9990131578947369 0
1679836536811 0.9990131578947369 0
1679836542416 1.0 0
1679836548081 0.999671052631579 0
1679836553712 1.0 0
1679836559318 0.9993421052631579 0
1679836582967 0.7480263157894737 0
1679836589325 0.9878289473684211 0
1679836595558 0.9980263157894737 0
1679836601829 0.9983552631578947 0
1679836607906 0.9986842105263158 0
1679836614134 0.9986842105263158 0
1679836620462 0.9986842105263158 0
1679836626782 1.0 0
1679836632951 1.0 0
1679836638823 1.0 0
1679836664394 0.5680921052631579 0
1679836671186 0.9651315789473685 0
1679836678491 0.9950657894736842 0
1679836685830 0.999671052631579 0
1679836692731 0.9993421052631579 0
1679836699797 1.0 0
1679836706626 0.999671052631579 0
1679836713586 0.9993421052631579 0
1679836720436 0.9993421052631579 0
1679836727214 0.9993421052631579 0
1679836753453 0.6549342105263158 0
1679836760933 0.9605263157894737 0
1679836768366 0.9855263157894737 0
1679836775582 0.9944078947368421 0
1679836782843 0.9973684210526316 0
1679836790137 1.0 0
1679836797271 1.0 0
1679836804636 0.999671052631579 0
1679836811990 1.0 0
1679836819247 0.9993421052631579 0
1679836846420 0.7417763157894737 0
1679836854143 0.9871710526315789 0
1679836861864 0.9967105263157895 0
1679836869638 0.999671052631579 0
1679836877596 0.9983552631578947 0
1679836885435 1.0 0
1679836893559 1.0 0
1679836901465 1.0 0
1679836909562 0.9993421052631579 0
1679836917520 1.0 0
1679836945693 0.7713815789473685 0
1679836954141 0.9947368421052631 0
1679836962803 0.9983552631578947 0
1679836971078 0.9990131578947369 0
1679836979464 0.999671052631579 0
1679836987673 1.0 0
1679836995934 0.999671052631579 0
1679837004210 0.999671052631579 0
1679837012746 1.0 0
1679837021160 1.0 0
1679837050081 0.6625 0
1679837058975 0.9638157894736842 0
1679837067985 0.9881578947368421 0
1679837077181 0.9930921052631579 0
1679837086278 0.9957236842105263 0
1679837095180 0.9983552631578947 0
1679837104292 1.0 0
1679837113420 0.999671052631579 0
1679837122198 0.999671052631579 0
1679837131120 1.0 0
1679837161702 0.7990131578947368 0
1679837171364 0.9973684210526316 0
1679837181073 0.999671052631579 0
1679837190844 0.9993421052631579 0
1679837200673 1.0 0
1679837210434 1.0 0
1679837219955 1.0 0
1679837229413 1.0 0
1679837239292 0.999671052631579 0
1679837248787 1.0 0
1679837280211 0.40921052631578947 0
1679837290405 0.8217105263157894 0
1679837300490 0.9427631578947369 0
1679837310973 0.9907894736842106 0
1679837321104 0.9904605263157895 0
1679837331030 0.9980263157894737 0
1679837341193 0.9983552631578947 0
1679837351323 1.0 0
1679837361569 0.9990131578947369 0
1679837372242 0.999671052631579 0
1679837404789 0.8296052631578947 0
1679837415460 0.9983552631578947 0
1679837426196 0.9993421052631579 0
1679837436935 0.999671052631579 0
1679837447824 0.999671052631579 0
1679837458463 1.0 0
1679837468993 0.999671052631579 0
1679837479586 0.999671052631579 0
1679837490353 0.9993421052631579 0
1679837500933 0.9993421052631579 0
1679837534633 0.45098684210526313 0
1679837546106 0.8720394736842105 0
1679837557461 0.9707236842105263 0
1679837568557 0.9930921052631579 0
1679837579781 0.9973684210526316 0
1679837591547 0.9993421052631579 0
1679837602756 0.9986842105263158 0
1679837614386 0.9990131578947369 0
1679837625660 1.0 0
1679837636966 1.0 0
1679837672878 0.775 0
1679837684887 0.9888157894736842 0
1679837697073 0.9957236842105263 0
1679837708990 0.9976973684210526 0
1679837720600 0.9990131578947369 0
1679837732651 0.9993421052631579 0
1679837744627 0.9993421052631579 0
1679837756260 0.9993421052631579 0
1679837768099 1.0 0
1679837779937 1.0 0
1679837816420 0.6881578947368421 0
1679837829224 0.9851973684210527 0
1679837842114 0.9976973684210526 0
1679837854737 0.9993421052631579 0
1679837867497 0.9986842105263158 0
1679837879912 0.999671052631579 0
1679837892658 0.9993421052631579 0
1679837905486 0.999671052631579 0
1679837917979 1.0 0
1679837930832 0.999671052631579 0
1679837968878 0.7289473684210527 0
1679837982009 0.98125 0
1679837995086 0.9891447368421052 0
1679838008357 0.9970394736842105 0
1679838021578 0.9980263157894737 0
1679838034686 0.9986842105263158 0
1679838047681 0.9980263157894737 0
1679838060590 0.9990131578947369 0
1679838073927 1.0 0
1679838086952 0.9986842105263158 0
1679838125720 0.7674342105263158 0
1679838139366 0.9733552631578948 0
1679838153033 0.9891447368421052 0
1679838167030 0.9907894736842106 0
1679838180977 0.9976973684210526 0
1679838194174 0.9970394736842105 0
1679838207824 0.9983552631578947 0
1679838221162 0.9990131578947369 0
1679838235136 0.9986842105263158 0
1679838249052 0.999671052631579 0
1679838289080 0.7819078947368421 0
1679838303278 0.9904605263157895 0
1679838317143 0.9973684210526316 0
1679838331347 0.9983552631578947 0
1679838345365 0.9993421052631579 0
1679838359343 0.999671052631579 0
1679838373278 0.999671052631579 0
1679838387525 1.0 0
1679838401941 0.9993421052631579 0
1679838416223 0.999671052631579 0
1679838457711 0.7546052631578948 0
1679838472208 0.9914473684210526 0
1679838486877 0.9990131578947369 0
1679838501644 0.999671052631579 0
1679838516730 0.9983552631578947 0
1679838531389 0.999671052631579 0
1679838546205 0.999671052631579 0
1679838561077 0.9993421052631579 0
1679838576073 1.0 0
1679838590855 0.999671052631579 0
1679838634468 0.6983552631578948 0
1679838650009 0.9526315789473684 0
1679838665478 0.9759868421052632 0
1679838680837 0.9805921052631579 0
1679838696184 0.9927631578947368 0
1679838711798 0.9953947368421052 0
1679838727086 0.9957236842105263 0
1679838743032 0.9970394736842105 0
1679838758243 0.9990131578947369 0
1679838773674 0.9967105263157895 0
1679838817074 0.7960526315789473 0
1679838833192 0.9950657894736842 0
1679838848921 0.9993421052631579 0
1679838865254 0.9990131578947369 0
1679838881091 0.9993421052631579 0
1679838896989 0.9993421052631579 0
1679838912804 1.0 0
1679838928900 1.0 0
1679838944940 1.0 0
1679838960971 1.0 0
