1679835958187 52.19776200898923 0
1679836011506 52.80004655395169 0
1679836065286 53.26975893904455 0
1679836117367 51.57336113601923 0
1679836170333 52.457081998931244 0
1679836222822 51.97219146299176 0
1679836276953 53.604126378078945 0
1679836330383 52.88523412798531 0
1679836383285 52.38645669107791 0
1679836435907 52.11387762601953 0
1679836508354 5.351354080019519 0
1679836514004 5.454494361998513 0
1679836519617 5.417153013055213 0
1679836525289 5.473340676049702 0
1679836531042 5.554576543043368 0
1679836536834 5.561521522002295 0
1679836542435 5.412932779989205 0
1679836548100 5.449957518023439 0
1679836553729 5.413120622979477 0
1679836559335 5.40240404906217 0
1679836582985 6.069193514995277 0
1679836589343 6.166890740976669 0
1679836595573 6.025570673984475 0
1679836601851 6.087151466985233 0
1679836607922 5.879246991011314 0
1679836614152 6.050980315892957 0
1679836620479 6.086718286038376 0
1679836626801 6.115654687979259 0
1679836632967 5.971984358038753 0
1679836638839 5.686387532041408 0
1679836664410 6.783636306063272 0
1679836671206 6.5733735780231655 0
1679836678508 7.102030177018605 0
1679836685845 7.125826891046017 0
1679836692748 6.592005618964322 0
1679836699814 6.871588784037158 0
1679836706646 6.607013141969219 0
1679836713607 6.762938844040036 0
1679836720455 6.645732555072755 0
1679836727233 6.551991512067616 0
1679836753472 7.346383552998304 0
1679836760952 7.242431463091634 0
1679836768377 7.224148586974479 0
1679836775602 7.027404936030507 0
1679836782860 7.055539765045978 0
1679836790153 7.096058907918632 0
1679836797287 6.9144859469961375 0
1679836804656 7.1723258818965405 0
1679836812005 7.171406112029217 0
1679836819264 7.050709002069198 0
1679836846437 7.646505292970687 0
1679836854162 7.529111413052306 0
1679836861882 7.508975910022855 0
1679836869654 7.559694538009353 0
1679836877623 7.729201907059178 0
1679836885457 7.59603023796808 0
1679836893577 7.9041119429748505 0
1679836901482 7.6698473010910675 0
1679836909581 7.875758016947657 0
1679836917539 7.755899389041588 0
1679836945714 8.252653437899426 0
1679836954163 8.218927770969458 0
1679836962815 8.441942077944987 0
1679836971098 8.076039607985877 0
1679836979483 8.187187572941184 0
1679836987689 8.006343230954371 0
1679836995955 8.075557477073744 0
1679837004231 8.058986183954403 0
1679837012761 8.318174285930581 0
1679837021178 8.207176698022522 0
1679837050102 8.607276166090742 0
1679837058993 8.690094443038106 0
1679837068003 8.812425729003735 0
1679837077206 8.975717763067223 0
1679837086296 8.886238736915402 0
1679837095199 8.690206500003114 0
1679837104309 8.902114016003907 0
1679837113440 8.928679550997913 0
1679837122216 8.571119714993984 0
1679837131144 8.720803717966191 0
1679837161717 9.242108054924756 0
1679837171389 9.42309134406969 0
1679837181096 9.488542833016254 0
1679837190862 9.558078567031771 0
1679837200697 9.585595986922272 0
1679837210460 9.556115517974831 0
1679837219977 9.294397169025615 0
1679837229435 9.24624616804067 0
1679837239310 9.669774732086807 0
1679837248805 9.288823109003715 0
1679837280234 9.835433042026125 0
1679837290429 9.956638579955325 0
1679837300510 9.872932046069764 0
1679837310998 10.261963836033829 0
1679837321129 9.912564869970083 0
1679837331050 9.721422179951333 0
1679837341218 9.949407857959159 0
1679837351351 9.920174186001532 0
1679837361587 10.014976229984313 0
1679837372260 10.461314729065634 0
1679837404812 10.47230343404226 0
1679837415479 10.453717430005781 0
1679837426216 10.515588712063618 0
1679837436955 10.531466524931602 0
1679837447839 10.652321249013767 0
1679837458487 10.436771178035997 0
1679837469020 10.306717467028648 0
1679837479605 10.352984528057277 0
1679837490375 10.553370357025415 0
1679837500960 10.366611734963953 0
1679837534657 11.276717799017206 0
1679837546127 11.250119740958326 0
1679837557478 11.136998966918327 0
1679837568582 10.874692042008974 0
1679837579805 10.986984780058265 0
1679837591572 11.53329043998383 0
1679837602776 10.981324061984196 0
1679837614416 11.387330122059211 0
1679837625688 11.040287378942594 0
1679837636986 11.070563770015724 0
1679837672893 11.979065652936697 0
1679837684907 11.78615513292607 0
1679837697104 11.961207426036708 0
1679837709009 11.651190376025625 0
1679837720622 11.36460867000278 0
1679837732672 11.803373846923932 0
1679837744640 11.741213083965704 0
1679837756278 11.39182201307267 0
1679837768121 11.61303535301704 0
1679837779955 11.613637802074663 0
1679837816446 12.037626884994097 0
1679837829244 12.509325457038358 0
1679837842139 12.663979784003459 0
1679837854758 12.377373646013439 0
1679837867527 12.522180915926583 0
1679837879937 12.186043245950714 0
1679837892675 12.514038932044059 0
1679837905508 12.597004090901464 0
1679837917999 12.264470096910372 0
1679837930859 12.605762898921967 0
1679837968893 13.043870005989447 0
1679837982038 12.88960739702452 0
1679837995109 12.861445327987894 0
1679838008376 13.030386119964533 0
1679838021606 13.007079729926772 0
1679838034716 12.8724482760299 0
1679838047700 12.761057378025725 0
1679838060616 12.680704554077238 0
1679838073953 13.093020536005497 0
1679838086968 12.752433569985442 0
1679838125748 13.539762467960827 0
1679838139392 13.401357445050962 0
1679838153051 13.419996295007877 0
1679838167054 13.762537776958197 0
1679838180998 13.71323224704247 0
1679838194193 12.951933561009355 0
1679838207843 13.4165988630848 0
1679838221186 13.108575443038717 0
1679838235157 13.73905895894859 0
1679838249079 13.68120049603749 0
1679838289102 14.09962254902348 0
1679838303297 13.960160872898996 0
1679838317164 13.634952854947187 0
1679838331373 13.957010242971592 0
1679838345398 13.78010198706761 0
1679838359363 13.71762241795659 0
1679838373310 13.711996137048118 0
1679838387548 13.999614514992572 0
1679838401960 14.162692666985095 0
1679838416251 14.057217409019358 0
1679838457736 14.717009056010284 0
1679838472225 14.254006120027043 0
1679838486898 14.441513551981188 0
1679838501673 14.533483207924291 0
1679838516756 14.829523166059516 0
1679838531418 14.406861157040112 0
1679838546226 14.552902685012668 0
1679838561101 14.637544380035251 0
1679838576093 14.742353052948602 0
1679838590876 14.534745704033412 0
1679838634487 15.345152053050697 0
1679838650037 15.27167225710582 0
1679838665501 15.227834252989851 0
1679838680858 15.120217345072888 0
1679838696202 15.099187994026579 0
1679838711819 15.3751959069632 0
1679838727106 15.052609288948588 0
1679838743073 15.700661837938242 0
1679838758264 14.929708268027753 0
1679838773694 15.19267523509916 0
1679838817105 15.642728953971528 0
1679838833219 15.859078731038608 0
1679838848968 15.476368437986821 0
1679838865276 16.060568589018658 0
1679838881125 15.598168942029588 0
1679838897024 15.644661893020384 0
1679838912825 15.545277985977009 0
1679838928921 15.836968307034113 0
1679838944961 15.802287424914539 0
1679838960991 15.780345801031217 0
