1679280521468 0.8201593137254902 0
1679280525876 0.9730392156862745 0
1679280530287 0.9935661764705882 0
1679280534892 0.9984681372549019 0
1679280539088 0.9996936274509803 0
1679280543540 1.0 0
1679280547934 1.0 0
1679280552395 1.0 0
1679280556896 1.0 0
1679280561442 1.0 0
1679280582905 0.7199519230769231 0
1679280589099 0.9477163461538461 0
1679280595519 0.9841746794871795 0
1679280602010 0.9925881410256411 0
1679280608238 0.9973958333333334 0
1679280614526 0.9969951923076923 0
1679280620412 0.9993990384615384 0
1679280626787 0.9997996794871795 0
1679280632897 0.9997996794871795 0
1679280639006 0.9995993589743589 0
1679280658047 0.6540464743589743 0
1679280664562 0.9364983974358975 0
1679280670092 0.9799679487179487 0
1679280676303 0.9923878205128205 0
1679280682694 0.9975961538461539 0
1679280689008 0.9981971153846154 0
1679280695304 0.9989983974358975 0
1679280701545 0.9993990384615384 0
1679280707661 0.9993990384615384 0
1679280713988 1.0 0
1679280733217 0.6262019230769231 0
1679280739498 0.9368990384615384 0
1679280745673 0.9811698717948718 0
1679280752257 0.9957932692307693 0
1679280757885 0.9993990384615384 0
1679280764165 0.9985977564102564 0
1679280770342 0.999198717948718 0
1679280776742 0.9985977564102564 0
1679280782961 0.9993990384615384 0
1679280789222 1.0 0
1679280808635 0.6009615384615384 0
1679280815149 0.9340945512820513 0
1679280821560 0.9811698717948718 0
1679280828044 0.9955929487179487 0
1679280834411 0.9975961538461539 0
1679280840996 0.999198717948718 0
1679280846722 0.9993990384615384 0
1679280852830 1.0 0
1679280859215 0.9997996794871795 0
1679280865500 0.9997996794871795 0
1679280885272 0.5837339743589743 0
1679280891578 0.9242788461538461 0
1679280897936 0.9797676282051282 0
1679280904170 0.9959935897435898 0
1679280910452 0.9981971153846154 0
1679280916890 0.9995993589743589 0
1679280923236 0.9995993589743589 0
1679280929566 0.9997996794871795 0
1679280935250 0.9997996794871795 0
1679280941555 0.9997996794871795 0
1679280961561 0.5709134615384616 0
1679280967928 0.9228766025641025 0
1679280974301 0.9785657051282052 0
1679280980645 0.9947916666666666 0
1679280986864 0.9969951923076923 0
1679280993341 0.9979967948717948 0
1679280999906 0.9977964743589743 0
1679281006354 0.9985977564102564 0
1679281013081 0.999198717948718 0
1679281019329 0.999198717948718 0
1679281038568 0.5743189102564102 0
1679281045218 0.9294871794871795 0
1679281051465 0.9793669871794872 0
1679281057778 0.9923878205128205 0
1679281064073 0.9977964743589743 0
1679281070443 0.9995993589743589 0
1679281076982 0.9997996794871795 0
1679281083623 1.0 0
1679281090139 0.9997996794871795 0
1679281096291 0.9995993589743589 0
1679281117634 0.5685096153846154 0
1679281124081 0.9282852564102564 0
1679281130641 0.9807692307692307 0
1679281137347 0.9945913461538461 0
1679281143782 0.9979967948717948 0
1679281150330 0.9989983974358975 0
1679281156756 1.0 0
1679281163021 0.9997996794871795 0
1679281169446 1.0 0
1679281175872 0.9997996794871795 0
1679281196533 0.5612980769230769 0
1679281203058 0.9256810897435898 0
1679281209485 0.9853766025641025 0
1679281215724 0.9959935897435898 0
1679281222270 0.9983974358974359 0
1679281228610 0.9997996794871795 0
1679281235105 0.999198717948718 0
1679281241622 0.999198717948718 0
1679281248184 0.9997996794871795 0
1679281254402 0.9997996794871795 0
1679281275536 0.5657051282051282 0
1679281282316 0.921073717948718 0
1679281287941 0.9863782051282052 0
1679281294485 0.9947916666666666 0
1679281300870 0.9987980769230769 0
1679281307535 0.9995993589743589 0
1679281314087 0.9995993589743589 0
1679281320646 1.0 0
1679281326929 0.9997996794871795 0
1679281333373 0.9997996794871795 0
1679281354398 0.5614983974358975 0
1679281360892 0.9220753205128205 0
1679281367610 0.9809695512820513 0
1679281374364 0.9973958333333334 0
1679281380201 0.9985977564102564 0
1679281386581 0.9995993589743589 0
1679281392919 0.9997996794871795 0
1679281399272 0.9997996794871795 0
1679281406171 1.0 0
1679281412738 0.9993990384615384 0
1679281433998 0.5570913461538461 0
1679281440617 0.922676282051282 0
1679281447094 0.9863782051282052 0
1679281453292 0.9963942307692307 0
1679281460106 0.9985977564102564 0
1679281466206 0.9995993589743589 0
1679281473111 0.9993990384615384 0
1679281479540 1.0 0
1679281486013 0.9997996794871795 0
1679281492484 0.9997996794871795 0
1679281513873 0.5586939102564102 0
1679281520270 0.9178685897435898 0
1679281526792 0.9829727564102564 0
1679281533461 0.9963942307692307 0
1679281540090 0.9987980769230769 0
1679281546864 0.9995993589743589 0
1679281553317 0.9995993589743589 0
1679281559186 0.9997996794871795 0
1679281565600 1.0 0
1679281572010 0.9995993589743589 0
1679281594240 0.5721153846153846 0
1679281600609 0.9272836538461539 0
1679281607313 0.9863782051282052 0
1679281614042 0.9959935897435898 0
1679281620599 0.9983974358974359 0
1679281627203 0.9989983974358975 0
1679281633584 0.9995993589743589 0
1679281640473 1.0 0
1679281646600 1.0 0
1679281653232 0.9997996794871795 0
1679281675649 0.5735176282051282 0
1679281682121 0.9262820512820513 0
1679281688651 0.9877804487179487 0
1679281695312 0.9975961538461539 0
1679281701821 0.9997996794871795 0
1679281708270 0.9995993589743589 0
1679281714618 0.999198717948718 0
1679281721200 1.0 0
1679281727932 0.9995993589743589 0
1679281734331 0.9993990384615384 0
1679281756674 0.5785256410256411 0
1679281763367 0.9246794871794872 0
1679281770066 0.9865785256410257 0
1679281776686 0.9953926282051282 0
1679281783440 0.9981971153846154 0
1679281790009 0.9983974358974359 0
1679281796489 0.9985977564102564 0
1679281803133 1.0 0
1679281810018 0.9997996794871795 0
1679281816860 0.9997996794871795 0
1679281838714 0.5841346153846154 0
1679281845449 0.9322916666666666 0
1679281852179 0.9873798076923077 0
1679281858705 0.9959935897435898 0
1679281865073 0.9989983974358975 0
1679281871757 0.9997996794871795 0
1679281878313 0.9995993589743589 0
1679281884972 1.0 0
1679281891773 0.9995993589743589 0
1679281898432 1.0 0
1679281921399 0.5793269230769231 0
1679281928113 0.9298878205128205 0
1679281934603 0.9839743589743589 0
1679281940986 0.9969951923076923 0
1679281947793 0.9983974358974359 0
1679281954324 0.9989983974358975 0
1679281961157 0.9997996794871795 0
1679281967704 1.0 0
1679281974521 0.9997996794871795 0
1679281980927 1.0 0
1679282003999 0.5765224358974359 0
1679282010575 0.9282852564102564 0
1679282017390 0.9879807692307693 0
1679282023281 0.9957932692307693 0
1679282029912 0.999198717948718 0
1679282036669 1.0 0
1679282043347 0.9997996794871795 0
1679282050117 0.9997996794871795 0
1679282056687 1.0 0
1679282063447 1.0 0
