1679280521486 4.404146022978239 0
1679280525899 4.238190067000687 0
1679280530304 4.231662402045913 0
1679280534908 4.446305753022898 0
1679280539106 4.052704305038787 0
1679280543555 4.273743928002659 0
1679280547948 4.241561519971583 0
1679280552415 4.291227615962271 0
1679280556914 4.329832490009721 0
1679280561460 4.378311261010822 0
1679280582937 5.459507958963513 0
1679280589120 5.978737719007768 0
1679280595548 6.2224675380275585 0
1679280602029 6.286996763024945 0
1679280608265 6.014346979034599 0
1679280614559 6.086004871991463 0
1679280620422 5.697969225991983 0
1679280626807 6.200574807007797 0
1679280632913 5.92183612898225 0
1679280639021 5.911521937989164 0
1679280658064 5.947601741994731 0
1679280664582 6.299330129986629 0
1679280670106 5.311504355981015 0
1679280676320 6.036619642982259 0
1679280682714 6.214334592048544 0
1679280689027 6.11389096500352 0
1679280695323 6.095028126030229 0
1679280701563 6.034709535015281 0
1679280707677 5.930098744982388 0
1679280714006 6.127330803021323 0
1679280733231 5.951244260999374 0
1679280739516 6.097976199991535 0
1679280745700 5.960726780002005 0
1679280752275 6.357182956999168 0
1679280757915 5.432020362000912 0
1679280764188 6.0589023909997195 0
1679280770361 5.97702739801025 0
1679280776761 6.185051902954001 0
1679280782979 6.0271228040219285 0
1679280789248 6.050859038019553 0
1679280808660 5.970883723988663 0
1679280815172 6.287657204025891 0
1679280821579 6.188572902989108 0
1679280828060 6.277883023023605 0
1679280834433 6.171378827013541 0
1679280841013 6.355493846989702 0
1679280846735 5.497685587033629 0
1679280852853 5.919127067027148 0
1679280859237 6.169723641010933 0
1679280865519 6.071985453017987 0
1679280885290 6.103963784989901 0
1679280891596 6.106509812991135 0
1679280897964 6.131911111006048 0
1679280904193 6.005389155005105 0
1679280910473 6.071233927970752 0
1679280916908 6.225122340023518 0
1679280923262 6.1208879059995525 0
1679280929586 6.128330880019348 0
1679280935270 5.484756666002795 0
1679280941579 6.086769326007925 0
1679280961581 5.967908293998335 0
1679280967950 6.145803648978472 0
1679280974317 6.145161144959275 0
1679280980666 6.140380670025479 0
1679280986885 6.008415627991781 0
1679280993361 6.261547246016562 0
1679280999923 6.322272869991139 0
1679281006377 6.234086299955379 0
1679281013116 6.485342841013335 0
1679281019350 6.021989382978063 0
1679281038585 6.085335640993435 0
1679281045243 6.423717183002736 0
1679281051489 6.018983366026077 0
1679281057795 6.037654337997083 0
1679281064091 6.071669224998914 0
1679281070461 6.1567498500226066 0
1679281077008 6.332246739999391 0
1679281083652 6.396488838014193 0
1679281090162 6.284931265981868 0
1679281096309 5.922523298999295 0
1679281117659 6.269451149972156 0
1679281124093 6.233992916007992 0
1679281130658 6.334940450033173 0
1679281137368 6.479853022028692 0
1679281143807 6.215076485997997 0
1679281150354 6.330688469985034 0
1679281156774 6.1988015759852715 0
1679281163039 6.043063915974926 0
1679281169469 6.206803357985336 0
1679281175892 6.194168778019957 0
1679281196558 6.356974387017544 0
1679281203076 6.300159448001068 0
1679281209503 6.202404102950823 0
1679281215746 5.9902975740260445 0
1679281222290 6.307018416002393 0
1679281228633 6.123292789969128 0
1679281235129 6.2553143970435485 0
1679281241642 6.289297041948885 0
1679281248202 6.345194766006898 0
1679281254423 5.9923796390066855 0
1679281275569 6.196900724957231 0
1679281282337 6.520551466033794 0
1679281287962 5.378750306961592 0
1679281294513 6.318810454045888 0
1679281300888 6.154626541014295 0
1679281307552 6.430052304989658 0
1679281314110 6.319194293988403 0
1679281320668 6.309144327009562 0
1679281326950 6.055521107977256 0
1679281333391 6.204870370042045 0
1679281354416 6.193262412969489 0
1679281360910 6.237095347023569 0
1679281367630 6.460018143989146 0
1679281374392 6.527137742959894 0
1679281380227 5.574485531018581 0
1679281386602 6.1409010289935395 0
1679281392942 6.106410457985476 0
1679281399292 6.112505151017103 0
1679281406198 6.656428178946953 0
1679281412767 6.326029448013287 0
1679281434017 6.318695141002536 0
1679281440641 6.373872127034701 0
1679281447120 6.2320300890132785 0
1679281453319 5.96138997602975 0
1679281460139 6.547321263002232 0
1679281466225 5.818939623015467 0
1679281473134 6.659732588974293 0
1679281479562 6.174016942968592 0
1679281486032 6.204436237982009 0
1679281492506 6.226204184989911 0
1679281513892 6.1631467219558544 0
1679281520292 6.161536736995913 0
1679281526810 6.28101911599515 0
1679281533489 6.414987560012378 0
1679281540115 6.3729313659714535 0
1679281546885 6.497650844976306 0
1679281553345 6.209304877964314 0
1679281559207 5.60103344800882 0
1679281565628 6.148052148986608 0
1679281572043 6.158628932025749 0
1679281594256 6.341100412013475 0
1679281600634 6.111339337017853 0
1679281607336 6.455186864943244 0
1679281614063 6.450730196025688 0
1679281620627 6.279098252998665 0
1679281627233 6.320211172976997 0
1679281633618 6.117436055035796 0
1679281640495 6.612425571016502 0
1679281646623 5.80462481896393 0
1679281653252 6.37387375702383 0
1679281675674 6.445027457026299 0
1679281682153 6.203791210020427 0
1679281688670 6.267627796041779 0
1679281695331 6.420934859954286 0
1679281701848 6.248428524995688 0
1679281708294 6.160555682028644 0
1679281714637 6.097053348028567 0
1679281721233 6.324264171998948 0
1679281727951 6.452671647944953 0
1679281734362 6.149144292983692 0
1679281756701 6.451370984024834 0
1679281763390 6.423679555999115 0
1679281770087 6.4154463919694535 0
1679281776715 6.337176622997504 0
1679281783466 6.4745939649874344 0
1679281790031 6.31835770199541 0
1679281796519 6.228626158961561 0
1679281803162 6.349199140968267 0
1679281810038 6.612297743035015 0
1679281816884 6.556333284010179 0
1679281838735 6.4207666969741695 0
1679281845471 6.446306617988739 0
1679281852198 6.46963606600184 0
1679281858729 6.263740319991484 0
1679281865107 6.0973876779899 0
1679281871780 6.383237626985647 0
1679281878336 6.272004342987202 0
1679281884993 6.392527465999592 0
1679281891794 6.533246860024519 0
1679281898453 6.3870944090303965 0
1679281921420 5.755148666969035 0
1679281928138 6.432208050042391 0
1679281934624 6.207985596964136 0
1679281941016 6.114130699017551 0
1679281947827 6.508930581971072 0
1679281954346 6.25259447703138 0
1679281961179 6.545111036975868 0
1679281967725 6.28059633000521 0
1679281974558 6.543466803967021 0
1679281980949 6.1217134310281835 0
1679282004027 6.682132572983392 0
1679282010599 6.291649412014522 0
1679282017432 6.526890257955529 0
1679282023310 5.566583904030267 0
1679282029934 6.348269714973867 0
1679282036696 6.481125732010696 0
1679282043379 6.374775747011881 0
1679282050138 6.494175191968679 0
1679282056708 6.310027383966371 0
1679282063477 6.461773050017655 0
