1680053146030 57.79233353305608 0
1680053204044 57.799139733891934 0
1680053261731 57.45980035699904 0
1680053320514 58.554618696914986 0
1680053379000 58.26575880497694 0
1680053437454 58.225604159990326 0
1680053495514 57.84358796803281 0
1680053554146 58.43143003503792 0
1680053612274 57.92464856803417 0
1680053670813 58.298756998963654 0
1680053751321 60.972487600985914 0
1680053812485 60.91313788690604 0
1680053873222 60.47753634606488 0
1680053934179 60.70735669694841 0
1680053995348 60.910991141805425 0
1680054057277 61.6822337990161 0
1680054118147 60.61654776521027 0
1680054179155 60.76489938306622 0
1680054240523 61.11401482205838 0
1680054301573 60.80309538496658 0
1680054382748 64.04083673702553 0
1680054447750 64.75079397996888 0
1680054512098 64.09930013190024 0
1680054576864 64.51896655699238 0
1680054642130 65.0062178641092 0
1680054706820 64.44707010616548 0
1680054770911 63.82952368305996 0
1680054835548 64.3777616971638 0
1680054900026 64.22067603189498 0
1680054963850 63.579572160029784 0
1680055048977 67.14493572898209 0
1680055115864 66.63569380599074 0
1680055183209 67.0798090188764 0
1680055250194 66.72469046502374 0
1680055317510 67.0450282189995 0
1680055384717 66.95499218488112 0
1680055451762 66.77192499581724 0
1680055519539 67.51745001995005 0
1680055586927 67.12599027412944 0
1680055654077 66.88104094890878 0
1680055742174 69.66381300613284 0
1680055812464 70.0379086791072 0
1680055883243 70.52172514097765 0
1680055953472 69.97307314304635 0
1680056024645 70.9120750441216 0
1680056095009 70.11892591998912 0
1680056165493 70.22758068703115 0
1680056236192 70.43321724096313 0
1680056306568 70.11951938294806 0
1680056376984 70.15706683299504 0
1680056469189 73.3523244431708 0
1680056543139 73.69367452315055 0
1680056616262 72.8461828159634 0
1680056689462 72.93657784792595 0
1680056762855 73.12932339007966 0
1680056835243 72.13068336388096 0
1680056909386 73.87023975420743 0
1680056982131 72.48797333799303 0
1680057055231 72.84164301818237 0
1680057128960 73.47056013392285 0
1680057224929 76.59641431691125 0
1680057300993 75.80075337318704 0
1680057377536 76.27876504999585 0
1680057453476 75.68024405604228 0
1680057530273 76.5444595569279 0
1680057606445 75.91505878604949 0
1680057682514 75.80244905198924 0
1680057758232 75.46572919096798 0
1680057834696 76.21153047983535 0
1680057911372 76.4151452598162 0
1680058010177 78.91345586208627 0
1680058089752 79.31832685600966 0
1680058170155 80.12873016903177 0
1680058249829 79.40932101779617 0
1680058328922 78.82887443015352 0
1680058407948 78.74723755591549 0
1680058487087 78.84320199000649 0
1680058565877 78.5451988549903 0
1680058645024 78.87310860515572 0
1680058724507 79.21798803610727 0
1680058826416 81.54446054319851 0
1680058908223 81.54670694004744 0
1680058990626 82.14307441189885 0
1680059073234 82.31491709710099 0
1680059156145 82.63391048996709 0
1680059239397 83.00052069197409 0
1680059321003 81.34278559219092 0
1680059403742 82.46006468893029 0
1680059485855 81.85086362506263 0
1680059567673 81.54982450813986 0
1680059674110 85.57045845710672 0
1680059759678 85.29077565693296 0
1680059844884 84.93791965791024 0
1680059930544 85.37683874112554 0
1680060016662 85.83414462395012 0
1680060101891 84.95039743790403 0
1680060186505 84.31727381888777 0
1680060271492 84.71465958212502 0
1680060357502 85.72829319396988 0
1680060442589 84.8116903710179 0
1680060552442 88.42401753389277 0
1680060640726 87.99781743809581 0
1680060728678 87.66738603799604 0
1680060817205 88.24955230089836 0
1680060905432 87.96131686400622 0
1680060993771 88.07114307582378 0
1680061082224 88.17193866102025 0
1680061170348 87.82426966284402 0
1680061259045 88.41101312707178 0
1680061347315 87.99871566216461 0
1680061460497 91.16153426514938 0
1680061551472 90.7086159850005 0
1680061643297 91.54601293709129 0
1680061734902 91.31024326011539 0
1680061826618 91.43173373490572 0
1680061917664 90.77640472096391 0
1680062009235 91.30334314098582 0
1680062100555 91.03744198707864 0
1680062191750 90.91567802010104 0
1680062284559 92.5315114101395 0
1680062401605 94.44133049505763 0
1680062495455 93.57602746109478 0
1680062589677 93.94685692992061 0
1680062684398 94.43334267404862 0
1680062779151 94.48633197299205 0
1680062873694 94.23960434505716 0
1680062968017 94.04901055595838 0
1680063063222 94.91610313300043 0
1680063157830 94.3372056230437 0
1680063252400 94.29424321791157 0
1680063371747 96.25753809208982 0
1680063469270 97.2156117761042 0
1680063566860 97.3191884579137 0
1680063664623 97.48800354497507 0
1680063761456 96.53251450089738 0
1680063858985 97.260693048127 0
1680063956279 97.01878985995427 0
1680064054144 97.57668750407174 0
1680064151783 97.3602737528272 0
1680064250385 98.32316401205026 0
1680064374255 100.20899567799643 0
1680064475134 100.59386076708324 0
1680064575763 100.35858764406294 0
1680064675745 99.70114271505736 0
1680064776286 100.25960860284977 0
1680064875904 99.32953358488157 0
1680064976100 99.91470021312125 0
1680065076843 100.42608051910065 0
1680065177194 100.04939212999307 0
1680065277806 100.32876998512074 0
1680065405426 103.33114070096053 0
1680065509072 103.36288366513327 0
1680065612984 103.62626071693376 0
1680065715583 102.31896482780576 0
1680065818751 102.88294064300135 0
1680065922630 103.5810849221889 0
1680066026004 103.08737698104233 0
1680066129023 102.73366339900531 0
1680066232251 102.95143102691509 0
1680066335864 103.3067060559988 0
1680066467376 106.58994305995293 0
1680066574478 106.8032251431141 0
1680066681510 106.73661729716696 0
1680066787838 106.02082309406251 0
1680066896143 107.98888044897467 0
1680067002882 106.43216960201971 0
1680067110016 106.84682163689286 0
1680067215888 105.55467697209679 0
1680067322221 106.01655876403674 0
1680067428499 105.99821094120853 0
1680067564119 110.04325175401755 0
1680067672744 108.30817708815448 0
1680067782459 109.42258332995698 0
1680067891518 108.75669744890183 0
1680068001415 109.59937559696846 0
1680068110718 108.99176233680919 0
1680068219954 108.92912411899306 0
1680068329629 109.35357268387452 0
1680068439461 109.54638276388869 0
1680068548393 108.60916684707627 0
1680068688225 113.72324343910441 0
1680068800542 112.02847184799612 0
1680068913124 112.28220962290652 0
1680069025839 112.40650539589114 0
1680069137898 111.75689535401762 0
1680069251069 112.88019193289801 0
1680069363111 111.74038579710759 0
1680069475242 111.83549852995202 0
1680069588076 112.52678583213128 0
1680069700502 112.1339120680932 0
1680069841920 114.76230943691917 0
1680069956731 114.51266764709726 0
1680070072349 115.32129205786623 0
1680070188025 115.37014494091272 0
1680070303726 115.37436070898548 0
1680070418340 114.31604671292007 0
1680070533640 115.00565203814767 0
1680070649744 115.80670942505822 0
1680070766588 116.5461452959571 0
1680070881948 115.04574513505213 0
