1680053146022 0.08044928873520767 0
1680053204034 0.031507154610117404 0
1680053261719 0.026495046275331096 0
1680053320507 0.01812079404999995 0
1680053378990 0.014591385778007006 0
1680053437441 0.01883570029742552 0
1680053495506 0.011130862950446919 0
1680053554134 0.010173804778751981 0
1680053612270 0.008192633515842249 0
1680053670800 0.007381225772715136 0
1680053751314 0.04506901496128429 0
1680053812473 0.012102824936044147 0
1680053873212 0.00901626852881178 0
1680053934171 0.008864787798830964 0
1680053995337 0.007362006118584246 0
1680054057270 0.00606342562804042 0
1680054118138 0.006073633379513998 0
1680054179150 0.007259146379314709 0
1680054240509 0.007617488928815806 0
1680054301568 0.00488336213220035 0
1680054382736 0.04869214118958312 0
1680054447743 0.006090974338511096 0
1680054512088 0.006469434518380366 0
1680054576849 0.006435057493845102 0
1680054642117 0.004138654945885937 0
1680054706815 0.006001931260342284 0
1680054770897 0.005870194663451517 0
1680054835533 0.0049603545929377 0
1680054900012 0.0038422145658790173 0
1680054963844 0.0051285647017931 0
1680055048972 0.06099358781471719 0
1680055115856 0.007421237387279039 0
1680055183199 0.007047281139410166 0
1680055250179 0.005481264149686056 0
1680055317499 0.005441544108048328 0
1680055384705 0.005798773911412295 0
1680055451749 0.005285136787549618 0
1680055519527 0.005086178485217834 0
1680055586918 0.0047430338549019286 0
1680055654062 0.0031984439048543273 0
1680055742166 0.058204084608586525 0
1680055812455 0.011506043613009298 0
1680055883238 0.007396751991122801 0
1680055953465 0.006747647993367324 0
1680056024635 0.004858577785322202 0
1680056095003 0.0058798061814682836 0
1680056165487 0.005678192974260105 0
1680056236183 0.0053577439913456565 0
1680056306560 0.0038565484481848074 0
1680056376976 0.005461276922453312 0
1680056469184 0.09607043472065319 0
1680056543132 0.03182566796720419 0
1680056616254 0.019616795393655254 0
1680056689450 0.013233669599925306 0
1680056762841 0.010240390310725255 0
1680056835236 0.01212768041036019 0
1680056909370 0.008834100418113477 0
1680056982122 0.008144035208454383 0
1680057055225 0.006348652932023397 0
1680057128948 0.008257626906730922 0
1680057224915 0.09709882978126616 0
1680057300985 0.041205693937343975 0
1680057377526 0.028323557164402893 0
1680057453464 0.020755947609487305 0
1680057530266 0.01608597196378607 0
1680057606436 0.01428920825630298 0
1680057682501 0.010387900081050493 0
1680057758225 0.010798758792769245 0
1680057834688 0.008695516838861076 0
1680057911365 0.008535625407881721 0
1680058010172 0.11104933190098312 0
1680058089744 0.05181741271859159 0
1680058170143 0.040248630339313335 0
1680058249820 0.028765796702636147 0
1680058328906 0.02165591624898716 0
1680058407938 0.016714847002438832 0
1680058487080 0.016644367189280633 0
1680058565870 0.012948306673868235 0
1680058645011 0.013469434002351408 0
1680058724495 0.011164465382508433 0
1680058826408 0.1065141289195535 0
1680058908217 0.04176307044782518 0
1680058990618 0.02810879870044547 0
1680059073225 0.02085486118688743 0
1680059156138 0.015990801831703188 0
1680059239391 0.015404595760504354 0
1680059320996 0.01462473458769357 0
1680059403726 0.013902529617594504 0
1680059485847 0.013954799228314515 0
1680059567666 0.012233347787092256 0
1680059674099 0.12929209818307588 0
1680059759665 0.06242986251175068 0
1680059844877 0.047734171520801796 0
1680059930532 0.03566018790733453 0
1680060016655 0.028684577504251678 0
1680060101880 0.02291030882493116 0
1680060186493 0.017811374910851614 0
1680060271481 0.017018507663880078 0
1680060357491 0.017423972359626186 0
1680060442580 0.016032928220825783 0
1680060552430 0.13064961266180966 0
1680060640717 0.06977244048076116 0
1680060728660 0.05485443250347043 0
1680060817196 0.04489116555708809 0
1680060905425 0.036252940755084624 0
1680060993763 0.030669836130793608 0
1680061082211 0.024309443411808497 0
1680061170331 0.021602215344869332 0
1680061259034 0.02101951131779734 0
1680061347306 0.017399726374183667 0
1680061460488 0.14336746263299605 0
1680061551466 0.07151033818288306 0
1680061643284 0.05712196305876713 0
1680061734889 0.04570766339550416 0
1680061826606 0.035694483868795715 0
1680061917656 0.029648424264752164 0
1680062009226 0.0251201977191308 0
1680062100542 0.022409105345428403 0
1680062191743 0.02006957678021993 0
1680062284544 0.02116370602418266 0
1680062401597 0.15598377297025384 0
1680062495448 0.07884155474918123 0
1680062589670 0.06282505588978173 0
1680062684387 0.04954102843202592 0
1680062779144 0.0390269788788682 0
1680062873676 0.03266710179301276 0
1680062968003 0.026997895547588687 0
1680063063205 0.023762333865122737 0
1680063157823 0.022808138253955952 0
1680063252391 0.022175721625637617 0
1680063371740 0.15596722527606127 0
1680063469259 0.07530207007483075 0
1680063566853 0.06001991914077165 0
1680063664616 0.04379405478953077 0
1680063761445 0.036561198727486255 0
1680063858978 0.029941776814246698 0
1680063956270 0.025915058608340757 0
1680064054132 0.0255487353635478 0
1680064151773 0.02319006020997039 0
1680064250372 0.020873728438817792 0
1680064374246 0.16317974112192982 0
1680064475121 0.08276357956307083 0
1680064575756 0.06853439314179247 0
1680064675733 0.057373355479635096 0
1680064776279 0.04685575116303249 0
1680064875895 0.037380245386761 0
1680064976089 0.03378710774216376 0
1680065076834 0.03137162018966331 0
1680065177183 0.026493153931100816 0
1680065277797 0.02579123494894193 0
1680065405419 0.15780368586659865 0
1680065509065 0.0792502359768181 0
1680065612974 0.06390179450972758 0
1680065715575 0.05284151637067298 0
1680065818740 0.04372224051040421 0
1680065922615 0.039687431885069575 0
1680066025993 0.033337535687291066 0
1680066129010 0.031585417139941854 0
1680066232244 0.028522559859508856 0
1680066335855 0.02874410742528148 0
1680066467365 0.17049430719438774 0
1680066574470 0.08458133971466511 0
1680066681502 0.07102361850124621 0
1680066787828 0.054855387317200334 0
1680066896125 0.04635659241331257 0
1680067002870 0.04031626365558898 0
1680067110008 0.034962168994617224 0
1680067215876 0.03296479939914312 0
1680067322202 0.031122589880477374 0
1680067428491 0.0279520400456126 0
1680067564111 0.1846339025560806 0
1680067672733 0.08731161289633572 0
1680067782449 0.0656363115267098 0
1680067891506 0.05305717252952827 0
1680068001405 0.04616135371961588 0
1680068110706 0.036884020140552726 0
1680068219939 0.03591805618893803 0
1680068329621 0.031061782264396282 0
1680068439438 0.03078692689822692 0
1680068548384 0.030762400550929783 0
1680068688209 0.17460824438787192 0
1680068800526 0.08483175296921695 0
1680068913114 0.0728789219441154 0
1680069025830 0.062313192604856474 0
1680069137886 0.052067731850241675 0
1680069251060 0.043470111820167176 0
1680069363091 0.03924204248133376 0
1680069475226 0.03659610995678018 0
1680069588053 0.03283431791635926 0
1680069700490 0.03204860003330535 0
1680069841905 0.1899106572466387 0
1680069956718 0.09063895603466844 0
1680070072340 0.07264679716948698 0
1680070188009 0.05920758127344336 0
1680070303715 0.0511772858384948 0
1680070418319 0.04337161520311822 0
1680070533625 0.04125131739702292 0
1680070649726 0.03779283882100163 0
1680070766579 0.03487147317925335 0
1680070881934 0.03532780712405728 0
