1679231484740 0.4729987449762298 0
1679231491276 0.12074998633981478 0
1679231498050 0.05501760206889452 0
1679231504769 0.03416348783918316 0
1679231511267 0.020724837740502752 0
1679231517652 0.020651167500536978 0
1679231524130 0.007256536518092971 0
1679231530771 0.007946967884646898 0
1679231537466 0.0041026412566524655 0
1679231544092 0.0028847513195281995 0
1679231577006 0.5003979293038933 0
1679231594905 0.05824305603235233 0
1679231612792 0.024689878238274194 0
1679231630741 0.01237408332185956 0
1679231648655 0.00582041575703997 0
1679231666685 0.004512299900369082 0
1679231684586 0.0029390225814450986 0
1679231702238 0.002534495563127055 0
1679231720095 0.002293420756780883 0
1679231737873 0.00216024828515379 0
1679231768741 1.0297154987003745 0
1679231786905 0.15368045756093612 0
1679231805528 0.0481967678566168 0
1679231823747 0.01758787796276099 0
1679231842102 0.010904168878204938 0
1679231860562 0.007991913016374428 0
1679231878776 0.006306735063596379 0
1679231897283 0.003866590022694365 0
1679231915722 0.003415103792638813 0
1679231933768 0.003522315924055874 0
1679231965460 1.2561812023564083 0
1679231984287 0.21595037552278215 0
1679232002642 0.07312506682171327 0
1679232021360 0.022998865157729243 0
1679232039944 0.011933510516565748 0
1679232058629 0.008990536716471358 0
1679232076985 0.006051416446386677 0
1679232095398 0.004248798001847207 0
1679232113886 0.0033647357156818235 0
1679232132114 0.003013425468603467 0
1679232163972 1.4161207344473863 0
1679232182506 0.2509238298164635 0
1679232201302 0.08097873094786957 0
1679232220444 0.025162613707617288 0
1679232239333 0.013904237522312055 0
1679232258409 0.008989044293057082 0
1679232277207 0.007436521700015518 0
1679232296222 0.005808898447388101 0
1679232314939 0.0048768060304587935 0
1679232333931 0.00421568365702292 0
1679232365821 1.7173540067381976 0
1679232384825 0.3860762169811784 0
1679232404368 0.12738406001249464 0
1679232423413 0.03950735657680325 0
1679232442859 0.021095789338621062 0
1679232461305 0.013174188522644705 0
1679232480793 0.008124506263993681 0
1679232499806 0.007204617243032993 0
1679232518874 0.008251986615132632 0
1679232538270 0.005237597921897271 0
1679232570728 1.8453779464814721 0
1679232589959 0.35971267892093195 0
1679232609298 0.10320986618356007 0
1679232628438 0.04415284261198305 0
1679232647445 0.018130069115857888 0
1679232666517 0.011445180394845765 0
1679232685456 0.009371667630436672 0
1679232704328 0.006415103592273847 0
1679232723356 0.005689751166884401 0
1679232742648 0.005483750292247661 0
1679232774852 1.781314854941717 0
1679232794186 0.3121784266175293 0
1679232813559 0.08879282649879049 0
1679232832680 0.0340534839461126 0
1679232851917 0.016032523390405427 0
1679232871507 0.01098072499422947 0
1679232890829 0.00798120508538332 0
1679232909647 0.006667103642234351 0
1679232929094 0.004839466071812572 0
1679232948503 0.005699305546685781 0
1679232981303 1.8680367491594174 0
1679233000596 0.34759455872018163 0
1679233020321 0.10056429786107889 0
1679233040015 0.032981987097641316 0
1679233059414 0.018425056321273853 0
1679233078768 0.011557949000469796 0
1679233098558 0.0076551811724174315 0
1679233118109 0.010323795392859455 0
1679233137755 0.005528186867581453 0
1679233157349 0.005041187156059938 0
1679233190792 1.9467794717811957 0
1679233210548 0.3344237963600856 0
1679233230250 0.0994063520486035 0
1679233250164 0.045982468082773974 0
1679233270045 0.02258439489481289 0
1679233290505 0.012408578157334066 0
1679233310380 0.009929539817498952 0
1679233330481 0.00844764319509722 0
1679233350380 0.007213732516733793 0
1679233370567 0.004850818730163865 0
1679233404547 2.094134366221544 0
1679233424393 0.44995549786381606 0
1679233444315 0.1355910981391988 0
1679233464412 0.04799049900072377 0
1679233484444 0.023169461833085957 0
1679233504402 0.013387387074393834 0
1679233524613 0.009136730253628296 0
1679233544622 0.007991998457554274 0
1679233564569 0.0077463460790856585 0
1679233584852 0.005855731174872234 0
1679233618949 2.1063317011042337 0
1679233639471 0.4112314968210895 0
1679233659690 0.11692959865237154 0
1679233680290 0.04244997782587278 0
1679233700969 0.027068541957656057 0
1679233721514 0.014645472016730686 0
1679233741788 0.008131410200262397 0
1679233762432 0.007282638984232596 0
1679233782563 0.006823475086470929 0
1679233803020 0.005241610785014927 0
1679233837806 2.086944986552727 0
1679233858533 0.4055374125155007 0
1679233878967 0.10916485041379928 0
1679233899720 0.03300387499535956 0
1679233920559 0.015230769629976371 0
1679233941093 0.012152685874664202 0
1679233961644 0.011122705978227825 0
1679233982358 0.008284017138705566 0
1679234002928 0.006066825338525743 0
1679234023426 0.004827112418872009 0
1679234058796 2.0781609035119777 0
1679234079411 0.44614920361739835 0
1679234100271 0.13623089737645008 0
1679234121246 0.05074086068425237 0
1679234141955 0.024340420981823672 0
1679234163229 0.014625961112040209 0
1679234183936 0.010970780962124104 0
1679234204628 0.009235789019773464 0
1679234225324 0.00704823496478905 0
1679234246171 0.005832575300776559 0
1679234281144 2.170635648471553 0
1679234301887 0.4769773237588929 0
1679234322761 0.132294392903767 0
1679234343884 0.04649510573504902 0
1679234364580 0.021014388893708224 0
1679234385669 0.014263489773133542 0
1679234406885 0.010145293159137776 0
1679234427304 0.008511634800219681 0
1679234448517 0.005829043773275505 0
1679234469303 0.005498231043641615 0
1679234505201 2.2620118126636597 0
1679234526206 0.6471457687092991 0
1679234547415 0.21863783543429724 0
1679234568834 0.07125459112590406 0
1679234590238 0.027491718662402978 0
1679234611528 0.018377723630017988 0
1679234633005 0.01493795875278188 0
1679234654346 0.009986505950460347 0
1679234675501 0.007554169862372119 0
1679234696770 0.006041681315613593 0
1679234733320 2.448929729403519 0
1679234754789 0.6548655147959547 0
1679234776080 0.21034679663617437 0
1679234797479 0.07932119981908217 0
1679234819085 0.03173368995009763 0
1679234840738 0.01751192224598149 0
1679234862144 0.016582496322282567 0
1679234883735 0.010670207627117633 0
1679234905376 0.010097820047152843 0
1679234926870 0.007695286368905771 0
1679234963254 2.3241114450664053 0
1679234985135 0.5742945813551181 0
1679235006913 0.19464733186291486 0
1679235028901 0.06260231291738952 0
1679235050655 0.0290641035793758 0
1679235072487 0.017863525970407374 0
1679235094227 0.011999883307939078 0
1679235115796 0.010436295752595292 0
1679235137868 0.013035349786372446 0
1679235159461 0.007065507192051084 0
1679235196702 2.4039884552723025 0
1679235218563 0.7047601259336239 0
1679235240329 0.2465872948852981 0
1679235262081 0.08318511904103727 0
1679235284174 0.039953609446926816 0
1679235306112 0.02216869951339393 0
1679235327805 0.014141406561815884 0
1679235349920 0.011620477849345019 0
1679235372079 0.013985307088757797 0
1679235393990 0.012441601082341882 0
1679235431990 2.455057475625015 0
1679235454220 0.7211046572138623 0
1679235476551 0.2616776375872333 0
1679235498912 0.1018798046268341 0
1679235521405 0.03977863521928467 0
1679235543905 0.02271020259344723 0
1679235566206 0.013762840068694658 0
1679235588666 0.011880406486324784 0
1679235611013 0.009891708655759874 0
1679235634029 0.0076159458641508 0
