1679446516256 3.5112469060113654 0
1679446520389 3.943402686039917 0
1679446523994 3.3929783499334008 0
1679446527792 3.6617150630336255 0
1679446531193 3.2220220559975132 0
1679446534551 3.1683160449611023 0
1679446538659 3.907740131020546 0
1679446542072 3.230755342054181 0
1679446545995 3.7845985740423203 0
1679446549455 3.245143795036711 0
1679446564396 5.450730109936558 0
1679446571405 6.830482140998356 0
1679446577833 6.231620467966422 0
1679446583265 5.224951488082297 0
1679446589231 5.761134654050693 0
1679446594776 5.398620308027603 0
1679446600114 5.151242004008964 0
1679446606576 6.258120182901621 0
1679446611789 5.042474234011024 0
1679446617267 5.276186287985183 0
1679446632777 5.739633789053187 0
1679446638137 5.149895095964894 0
1679446644006 5.661874311044812 0
1679446649387 5.233283695066348 0
1679446654455 4.868726823013276 0
1679446660344 5.698474933975376 0
1679446665454 4.8896664789645 0
1679446671959 6.3480847460450605 0
1679446678861 6.747936345986091 0
1679446684632 5.5591627469984815 0
1679446700053 5.400577613967471 0
1679446705216 4.932326869107783 0
1679446711210 5.791245784959756 0
1679446716339 4.919617854990065 0
1679446722250 5.686958958976902 0
1679446728115 5.661171990912408 0
1679446733297 4.975972789921798 0
1679446739640 6.124909152043983 0
1679446745242 5.442359530017711 0
1679446750336 4.889584767981432 0
1679446766641 5.649794141994789 0
1679446771913 5.085842823027633 0
1679446779212 7.11997145798523 0
1679446785492 6.098271363065578 0
1679446790941 5.223949693958275 0
1679446797076 5.922596490010619 0
1679446802241 4.955615037004463 0
1679446808206 5.745891926926561 0
1679446813773 5.415401128004305 0
1679446818838 4.846754251979291 0
1679446835661 5.881755511043593 0
1679446841680 5.803085502004251 0
1679446846927 5.0262286270735785 0
1679446853025 5.898276527994312 0
1679446858504 5.3262910930207 0
1679446863563 4.847953287069686 0
1679446869808 6.035148376016878 0
1679446875042 5.0169575460022315 0
1679446881366 6.150606137001887 0
1679446888441 6.918645326979458 0
1679446904811 5.758896862971596 0
1679446911047 6.027182808029465 0
1679446916376 5.118165828986093 0
1679446922453 5.845652841031551 0
1679446927842 5.224387051071972 0
1679446933151 5.085555079043843 0
1679446939193 5.805961827980354 0
1679446944494 5.082518034963869 0
1679446950649 5.919794594985433 0
1679446956582 5.759972080006264 0
1679446971796 5.252686419989914 0
1679446978402 6.379380544065498 0
1679446983631 5.013982826960273 0
1679446991037 7.230134997051209 0
1679446997260 6.0651044440455735 0
1679447002430 4.959046181989834 0
1679447008421 5.7707592830993235 0
1679447013784 5.133715124917217 0
1679447019806 5.803951466921717 0
1679447025754 5.731381988036446 0
1679447041685 5.104138733935542 0
1679447047217 5.318889822927304 0
1679447053344 5.8988101040013134 0
1679447058721 5.162667207070626 0
1679447064629 5.675161991966888 0
1679447070524 5.678418620023876 0
1679447075870 5.114550443016924 0
1679447082016 5.9210687229642645 0
1679447087270 5.046545887016691 0
1679447093681 6.238759053987451 0
1679447113170 5.827522556995973 0
1679447118439 5.02587528701406 0
1679447124356 5.670883305021562 0
1679447130477 5.877476052963175 0
1679447135670 4.973360804957338 0
1679447142066 6.151380502968095 0
1679447147935 5.700102637056261 0
1679447153228 5.065551947103813 0
1679447159501 6.067735323915258 0
1679447165072 5.410189846996218 0
1679447181174 5.013874904951081 0
1679447187188 5.783109085052274 0
1679447192586 5.177335802000016 0
1679447199826 7.062106083962135 0
1679447206840 6.806914662010968 0
1679447212717 5.656756864977069 0
1679447219005 6.056306838057935 0
1679447224411 5.163201961084269 0
1679447230543 5.905000098980963 0
1679447236616 5.8966093270573765 0
1679447254650 5.690915277926251 0
1679447260084 5.190892442013137 0
1679447266503 6.171287860022858 0
1679447272463 5.786461911979131 0
1679447277777 5.053162997006439 0
1679447283873 5.858845334034413 0
1679447289304 5.189401356969029 0
1679447295222 5.701875481987372 0
1679447300759 5.306670321035199 0
1679447308183 7.2408380470005795 0
1679447327281 6.330498669994995 0
1679447333211 5.7346853809431195 0
1679447338572 5.128480729996227 0
1679447344717 5.926719087990932 0
1679447350272 5.374656256055459 0
1679447355583 5.0535573839442804 0
1679447361623 5.815608461969532 0
1679447366870 4.999865940073505 0
1679447372928 5.8003753969678655 0
1679447378996 5.816388193983585 0
1679447398547 5.984646402997896 0
1679447403908 5.117278694990091 0
1679447410301 6.215228874934837 0
1679447417091 6.603335189982317 0
1679447423203 5.851717232028022 0
1679447428545 5.104910736088641 0
1679447434197 5.429725563968532 0
1679447440454 6.040248446981423 0
1679447445875 5.155314943054691 0
1679447451943 5.841840564040467 0
1679447470839 5.40237578493543 0
1679447477003 5.9106133478926495 0
1679447482403 5.126921174000017 0
1679447488504 5.848514390992932 0
1679447494359 5.646529429941438 0
1679447499756 5.182420367957093 0
1679447505838 5.834567222977057 0
1679447511395 5.331147675984539 0
1679447518869 7.259911154978909 0
1679447525960 6.91244793694932 0
1679447543771 5.339614219032228 0
1679447549961 5.93820933799725 0
1679447556092 5.892529685050249 0
1679447561571 5.2176376399584115 0
1679447567647 5.817058506072499 0
1679447573549 5.7204206640599295 0
1679447578946 5.172980819013901 0
1679447585239 6.064276318065822 0
1679447590633 5.237889255047776 0
1679447596298 5.411848088027909 0
1679447615121 5.183169897994958 0
1679447620449 5.092439012951218 0
1679447628044 7.38641739601735 0
1679447634449 6.240373744047247 0
1679447640148 5.419570875004865 0
1679447646423 6.021546998992562 0
1679447651818 5.150539199938066 0
1679447658078 6.006149217952043 0
1679447664217 5.889715022058226 0
1679447669722 5.253469533054158 0
1679447688373 5.209658763022162 0
1679447694670 6.060819023055956 0
1679447700730 5.866652569966391 0
1679447706170 5.189710506005213 0
1679447712550 6.117731431964785 0
1679447718523 5.793852334958501 0
1679447723909 5.152443942031823 0
1679447729807 5.665858995984308 0
1679447736971 6.95106852799654 0
1679447743485 6.328422470018268 0
1679447763885 5.875957055017352 0
1679447769375 5.2255408560158685 0
1679447775610 5.981682204990648 0
1679447781491 5.694217315991409 0
1679447787026 5.300273973029107 0
1679447793203 5.941647769068368 0
1679447798546 5.136082179029472 0
1679447804215 5.405052917078137 0
1679447810434 5.957109440001659 0
1679447816339 5.653341357014142 0
1679447835818 5.252514821011573 0
1679447842281 6.2477552010677755 0
1679447850168 7.705373625038192 0
1679447857083 6.698127913987264 0
1679447864069 6.773647401947528 0
1679447871628 7.345552996033803 0
1679447878895 7.0724349280353636 0
1679447886222 7.124821234960109 0
1679447893422 6.991826095967554 0
1679447900855 7.222978685982525 0
