1679446516248 0.311929170994295 0
1679446520383 0.10854911094841858 0
1679446523987 0.08515129252207569 0
1679446527787 0.06987363678247978 0
1679446531187 0.04265824016183615 0
1679446534545 0.040276121783729954 0
1679446538653 0.03811070424789149 0
1679446542066 0.06401680551660117 0
1679446545991 0.05237370162568469 0
1679446549450 0.044585439988360225 0
1679446564392 0.3417558612457166 0
1679446571396 0.04877451389782234 0
1679446577828 0.026106035127142806 0
1679446583257 0.016647001621863132 0
1679446589225 0.007417288085707696 0
1679446594770 0.008552744152499752 0
1679446600108 0.02857189104090341 0
1679446606570 0.014273720424373297 0
1679446611784 0.024876588081274853 0
1679446617260 0.01202892423566987 0
1679446632771 0.6660793426032695 0
1679446638131 0.06779982840655269 0
1679446644001 0.03509375415224996 0
1679446649378 0.03293778058901403 0
1679446654450 0.049765736034007406 0
1679446660339 0.03660623262047819 0
1679446665448 0.012951685472378611 0
1679446671950 0.009433928489064177 0
1679446678851 0.013582058638712624 0
1679446684625 0.008603820439020637 0
1679446700042 0.8799209901028209 0
1679446705205 0.09578808004605688 0
1679446711200 0.048347812285646795 0
1679446716332 0.021337135039599768 0
1679446722240 0.02017852718159298 0
1679446728108 0.017348928442354212 0
1679446733287 0.028558939814683982 0
1679446739634 0.009805085139103338 0
1679446745233 0.0015592042992163139 0
1679446750329 0.00940038492426538 0
1679446766634 0.8868097680310408 0
1679446771906 0.1586482418494092 0
1679446779204 0.13112625686400053 0
1679446785485 0.08645820926823136 0
1679446790934 0.0514118520103188 0
1679446797068 0.03937149518104788 0
1679446802232 0.05890078186558741 0
1679446808199 0.03554883083723123 0
1679446813767 0.0316844250103006 0
1679446818831 0.023805729019740183 0
1679446835653 0.8323821204404036 0
1679446841673 0.07838451249925937 0
1679446846919 0.06364076373995178 0
1679446853020 0.028539543163949726 0
1679446858498 0.025343666953267528 0
1679446863556 0.03473700246185116 0
1679446869800 0.021430691776428527 0
1679446875034 0.005928782500915178 0
1679446881356 0.009672601558607614 0
1679446888431 0.02436915866395187 0
1679446904803 0.8965446497520639 0
1679446911041 0.12954658013768494 0
1679446916368 0.09028130663921022 0
1679446922445 0.06837479453792589 0
1679446927835 0.03950384520366141 0
1679446933143 0.03569951329352787 0
1679446939185 0.035052651972121866 0
1679446944486 0.02366588961514127 0
1679446950639 0.019517976771264028 0
1679446956571 0.017845004947674978 0
1679446971788 0.7341058712439715 0
1679446978391 0.047878941006234126 0
1679446983624 0.019072081902090254 0
1679446991029 0.01777896056478817 0
1679446997253 0.0065196087335708496 0
1679447002422 0.004773590263822472 0
1679447008411 0.002059793400298481 0
1679447013776 0.007850999518531252 0
1679447019798 0.013620293728308752 0
1679447025746 0.001421310755459773 0
1679447041680 0.9361386031740242 0
1679447047204 0.1822670361854964 0
1679447053335 0.11066456433489091 0
1679447058712 0.06087757717210075 0
1679447064619 0.05698911506268713 0
1679447070509 0.022629865488528998 0
1679447075862 0.01478332452081506 0
1679447082008 0.017857326382201992 0
1679447087264 0.029145180571746702 0
1679447093669 0.013905670674769983 0
1679447113160 0.9847703933094939 0
1679447118425 0.13950081157187622 0
1679447124347 0.07638778858688763 0
1679447130465 0.03398982618042889 0
1679447135660 0.019790269492821404 0
1679447142053 0.021852738221059553 0
1679447147926 0.032997306588610324 0
1679447153216 0.016983202201825205 0
1679447159493 0.008486523952160496 0
1679447165062 0.008174587915871397 0
1679447181165 0.6059711845074263 0
1679447187179 0.06509237301328943 0
1679447192577 0.04637287414580998 0
1679447199816 0.030352726988753097 0
1679447206831 0.013096511369965608 0
1679447212708 0.009314739569526864 0
1679447218995 0.02735561494013786 0
1679447224402 0.005519194699526351 0
1679447230534 0.0009838644562276183 0
1679447236609 0.004310359947339748 0
1679447254644 0.7245972525742319 0
1679447260074 0.04727333329436886 0
1679447266496 0.0335304068896221 0
1679447272449 0.024774774809419694 0
1679447277768 0.007058746796166007 0
1679447283861 0.011325925767838878 0
1679447289293 0.0026061146689042086 0
1679447295213 0.0009484672470635915 0
1679447300749 0.005243443767641211 0
1679447308176 0.006141581269023138 0
1679447327271 0.9071597394636935 0
1679447333203 0.12381194026933776 0
1679447338562 0.05761749604199495 0
1679447344710 0.03615767253795639 0
1679447350256 0.022455933871323296 0
1679447355573 0.023832707665537276 0
1679447361611 0.023484333100026965 0
1679447366860 0.01791247120862762 0
1679447372918 0.0286404944609482 0
1679447378986 0.017922115537900633 0
1679447398537 0.9912527045028077 0
1679447403898 0.091060327562607 0
1679447410294 0.04037946890263508 0
1679447417081 0.014905961443178562 0
1679447423195 0.025273258013314464 0
1679447428534 0.006542795950291394 0
1679447434187 0.0067088084427976155 0
1679447440444 0.0014986105464534678 0
1679447445865 0.001013353625401376 0
1679447451933 0.0010027752728799695 0
1679447470825 0.6503301148199373 0
1679447476996 0.11952590723263307 0
1679447482390 0.08068952742679458 0
1679447488491 0.04250001601564388 0
1679447494352 0.029095980805383684 0
1679447499748 0.021710320903124133 0
1679447505827 0.021163013239695123 0
1679447511384 0.020468666190006642 0
1679447518855 0.018201804380724853 0
1679447525950 0.01024350132203027 0
1679447543751 0.5669960307785207 0
1679447549950 0.09827938500740048 0
1679447556079 0.06295872636514509 0
1679447561559 0.059530578017195995 0
1679447567638 0.02751862302975496 0
1679447573530 0.016850545919927146 0
1679447578938 0.01231716213466522 0
1679447585228 0.006201233316824073 0
1679447590622 0.00700322636455692 0
1679447596286 0.009734428716001275 0
1679447615113 0.48037190064270463 0
1679447620437 0.10680203313240781 0
1679447628034 0.05573246828280389 0
1679447634442 0.03085783172605766 0
1679447640132 0.027921293567811114 0
1679447646410 0.05711230603952168 0
1679447651804 0.01901767081540634 0
1679447658070 0.009955452362757772 0
1679447664206 0.005934525711482921 0
1679447669710 0.004164224296942444 0
1679447688361 0.9303315893850392 0
1679447694662 0.08051962271953622 0
1679447700717 0.03469138452459851 0
1679447706157 0.014010935766337853 0
1679447712538 0.013541073058068934 0
1679447718515 0.009222480280408894 0
1679447723895 0.004331740306386362 0
1679447729798 0.006188906566482425 0
1679447736961 0.00893705051203142 0
1679447743476 0.00422001650650701 0
1679447763872 1.0667985090571972 0
1679447769363 0.14392950954950517 0
1679447775601 0.07191264120241006 0
1679447781474 0.05400649258711686 0
1679447787018 0.04695294809450085 0
1679447793191 0.015745289160663055 0
1679447798538 0.010903331254505448 0
1679447804202 0.019358186777228385 0
1679447810421 0.007549931366520468 0
1679447816327 0.009471138062104324 0
1679447835804 1.0458100331326325 0
1679447842252 0.13437457219180132 0
1679447850160 0.07618908106038967 0
1679447857065 0.04191461662218596 0
1679447864060 0.02206547896849871 0
1679447871614 0.016183346653027304 0
1679447878878 0.020129150689980533 0
1679447886214 0.013374346577135536 0
1679447893403 0.016095743516375983 0
1679447900840 0.013587742649340524 0
