1679446516238 0.909375 0
1679446520373 0.9677083333333333 0
1679446523975 0.9756944444444444 0
1679446527775 0.9809027777777778 0
1679446531175 0.9875 0
1679446534535 0.9885416666666667 0
1679446538643 0.9875 0
1679446542056 0.9795138888888889 0
1679446545981 0.9854166666666667 0
1679446549444 0.9857638888888889 0
1679446564382 0.9361111111111111 0
1679446571385 0.9847222222222223 0
1679446577817 0.9885416666666667 0
1679446583251 0.9947916666666666 0
1679446589214 0.9986111111111111 0
1679446594765 0.9972222222222222 0
1679446600098 0.9920138888888889 0
1679446606557 0.9958333333333333 0
1679446611776 0.9940972222222222 0
1679446617247 0.9972222222222222 0
1679446632760 0.8892361111111111 0
1679446638120 0.9770833333333333 0
1679446643991 0.9881944444444445 0
1679446649366 0.9878472222222222 0
1679446654440 0.9888888888888889 0
1679446660330 0.990625 0
1679446665441 0.9975694444444444 0
1679446671937 0.9972222222222222 0
1679446678840 0.9979166666666667 0
1679446684619 0.9965277777777778 0
1679446700028 0.8420138888888888 0
1679446705185 0.9711805555555556 0
1679446711189 0.984375 0
1679446716326 0.99375 0
1679446722229 0.9930555555555556 0
1679446728097 0.9934027777777777 0
1679446733277 0.9920138888888889 0
1679446739623 0.9975694444444444 0
1679446745218 0.9996527777777777 0
1679446750322 0.996875 0
1679446766622 0.8427083333333333 0
1679446771899 0.959375 0
1679446779192 0.9618055555555556 0
1679446785478 0.9746527777777778 0
1679446790922 0.9847222222222223 0
1679446797055 0.9881944444444445 0
1679446802224 0.9829861111111111 0
1679446808187 0.9864583333333333 0
1679446813760 0.9909722222222223 0
1679446818822 0.9940972222222222 0
1679446835640 0.8378472222222222 0
1679446841662 0.9715277777777778 0
1679446846905 0.9763888888888889 0
1679446853009 0.9892361111111111 0
1679446858489 0.9913194444444444 0
1679446863548 0.9885416666666667 0
1679446869788 0.9916666666666667 0
1679446875027 0.9986111111111111 0
1679446881345 0.996875 0
1679446888419 0.99375 0
1679446904795 0.8732638888888888 0
1679446911030 0.9635416666666666 0
1679446916357 0.9694444444444444 0
1679446922433 0.9788194444444445 0
1679446927823 0.9868055555555556 0
1679446933130 0.9881944444444445 0
1679446939175 0.9881944444444445 0
1679446944475 0.9913194444444444 0
1679446950627 0.99375 0
1679446956556 0.9947916666666666 0
1679446971776 0.8815972222222223 0
1679446978380 0.984375 0
1679446983616 0.9944444444444445 0
1679446991019 0.9947916666666666 0
1679446997241 0.9975694444444444 0
1679447002410 0.9986111111111111 0
1679447008399 1.0 0
1679447013768 0.9975694444444444 0
1679447019786 0.9954861111111111 0
1679447025732 1.0 0
1679447041673 0.8260416666666667 0
1679447047190 0.9465277777777777 0
1679447053323 0.9666666666666667 0
1679447058701 0.98125 0
1679447064607 0.9840277777777777 0
1679447070493 0.9916666666666667 0
1679447075854 0.9951388888888889 0
1679447081999 0.9944444444444445 0
1679447087255 0.9899305555555555 0
1679447093656 0.9965277777777778 0
1679447113148 0.8229166666666666 0
1679447118416 0.9579861111111111 0
1679447124331 0.9739583333333334 0
1679447130444 0.9892361111111111 0
1679447135649 0.9930555555555556 0
1679447142032 0.9923611111111111 0
1679447147917 0.9885416666666667 0
1679447153207 0.9947916666666666 0
1679447159481 0.9979166666666667 0
1679447165050 0.996875 0
1679447181153 0.8854166666666666 0
1679447187167 0.9795138888888889 0
1679447192565 0.9847222222222223 0
1679447199799 0.990625 0
1679447206822 0.9965277777777778 0
1679447212696 0.9975694444444444 0
1679447218983 0.9923611111111111 0
1679447224392 0.9986111111111111 0
1679447230522 1.0 0
1679447236598 0.9993055555555556 0
1679447254632 0.8777777777777778 0
1679447260062 0.9854166666666667 0
1679447266484 0.9878472222222222 0
1679447272433 0.9940972222222222 0
1679447277756 0.9982638888888888 0
1679447283848 0.9954861111111111 0
1679447289283 0.9996527777777777 0
1679447295200 1.0 0
1679447300740 0.9975694444444444 0
1679447308166 0.9975694444444444 0
1679447327261 0.8461805555555556 0
1679447333190 0.965625 0
1679447338549 0.9836805555555556 0
1679447344698 0.9878472222222222 0
1679447350245 0.9920138888888889 0
1679447355562 0.9930555555555556 0
1679447361598 0.9934027777777777 0
1679447366849 0.9965277777777778 0
1679447372905 0.9916666666666667 0
1679447378975 0.9954861111111111 0
1679447398525 0.821875 0
1679447403886 0.9767361111111111 0
1679447410284 0.9878472222222222 0
1679447417067 0.9965277777777778 0
1679447423182 0.9920138888888889 0
1679447428519 0.9989583333333333 0
1679447434175 0.9975694444444444 0
1679447440429 0.9996527777777777 0
1679447445855 1.0 0
1679447451923 1.0 0
1679447470809 0.8760416666666667 0
1679447476986 0.9663194444444444 0
1679447482379 0.978125 0
1679447488478 0.9899305555555555 0
1679447494337 0.9930555555555556 0
1679447499738 0.9947916666666666 0
1679447505814 0.99375 0
1679447511373 0.9947916666666666 0
1679447518842 0.9944444444444445 0
1679447525939 0.9954861111111111 0
1679447543735 0.9003472222222222 0
1679447549937 0.971875 0
1679447556064 0.9805555555555555 0
1679447561548 0.9829861111111111 0
1679447567626 0.9920138888888889 0
1679447573516 0.9947916666666666 0
1679447578931 0.9961805555555555 0
1679447585212 0.9989583333333333 0
1679447590614 0.9979166666666667 0
1679447596270 0.9972222222222222 0
1679447615101 0.9177083333333333 0
1679447620426 0.96875 0
1679447628020 0.9815972222222222 0
1679447634430 0.9913194444444444 0
1679447640117 0.9916666666666667 0
1679447646396 0.9836805555555556 0
1679447651792 0.9944444444444445 0
1679447658060 0.9972222222222222 0
1679447664192 0.9982638888888888 0
1679447669696 0.9993055555555556 0
1679447688347 0.8201388888888889 0
1679447694649 0.978125 0
1679447700703 0.9902777777777778 0
1679447706142 0.9961805555555555 0
1679447712525 0.9954861111111111 0
1679447718503 0.9972222222222222 0
1679447723883 0.9982638888888888 0
1679447729787 0.9979166666666667 0
1679447736948 0.9979166666666667 0
1679447743462 0.9986111111111111 0
1679447763858 0.8076388888888889 0
1679447769345 0.9628472222222222 0
1679447775591 0.9802083333333333 0
1679447781457 0.9840277777777777 0
1679447787008 0.9875 0
1679447793177 0.9951388888888889 0
1679447798529 0.9965277777777778 0
1679447804186 0.9944444444444445 0
1679447810408 0.9975694444444444 0
1679447816310 0.9972222222222222 0
1679447835791 0.790625 0
1679447842234 0.9635416666666666 0
1679447850148 0.9770833333333333 0
1679447857049 0.9864583333333333 0
1679447864046 0.9920138888888889 0
1679447871602 0.9954861111111111 0
1679447878864 0.9940972222222222 0
1679447886203 0.9954861111111111 0
1679447893391 0.9961805555555555 0
1679447900823 0.9965277777777778 0
