1679757502447 0.06066032910192754 0
1679757565662 0.014587830156740303 0
1679757629191 0.011717877575760571 0
1679757693434 0.010831026117870428 0
1679757756576 0.0045369276053114325 0
1679757819248 0.011153105404392452 0
1679757881863 0.006121294934769747 0
1679757945456 0.00588050029998765 0
1679758008782 0.00389165053896713 0
1679758071588 0.004636557286268188 0
1679758178424 0.061051417543906965 0
1679758260313 0.006214478262236214 0
1679758344212 0.0064746928866857 0
1679758427177 0.00311034310729023 0
1679758509324 0.005211672283211306 0
1679758591577 0.0033387982546104274 0
1679758674188 0.0033573622195751103 0
1679758756943 0.002751763600934474 0
1679758840013 0.002308503526206831 0
1679758922115 0.0025191890718325046 0
1679759048184 0.07340335600493127 0
1679759150455 0.008998444395995335 0
1679759253287 0.0068039910257181035 0
1679759354841 0.005675285669853199 0
1679759457169 0.004553138086572954 0
1679759558580 0.003416426073270163 0
1679759661616 0.004236000396889624 0
1679759762822 0.0032413191316768516 0
1679759864358 0.0029826753121594217 0
1679759966759 0.003196227567046048 0
1679760112489 0.10291910685762441 0
1679760231964 0.018632013429747855 0
1679760353558 0.0112119744725726 0
1679760473861 0.008340809014098964 0
1679760596428 0.00700371792980226 0
1679760717048 0.006390909053016959 0
1679760838287 0.005756056669356343 0
1679760959242 0.005219060352144008 0
1679761079378 0.0052244736679366325 0
1679761199831 0.004710281703774578 0
1679761367463 0.10714740659183496 0
1679761507262 0.02037313640818096 0
1679761646270 0.014103561011110835 0
1679761786020 0.01134220135253226 0
1679761927025 0.009651183007227067 0
1679762066526 0.008480503698309138 0
1679762205058 0.008196763021443947 0
1679762348439 0.006370403279502433 0
1679762487102 0.007165325976732577 0
1679762625349 0.006894458640130968 0
1679762813436 0.11590541122766011 0
1679762968434 0.027314937603411648 0
1679763122221 0.01954966631164401 0
1679763276426 0.014309036233367914 0
1679763430958 0.013160928132386273 0
1679763586953 0.012211468195601725 0
1679763743065 0.010498344141489643 0
1679763898845 0.010562418037680208 0
1679764055581 0.009728175822003877 0
1679764212104 0.009895256224068477 0
1679764419939 0.1298542092649624 0
1679764596032 0.03794548154684031 0
1679764775179 0.025642715722955626 0
1679764951711 0.020474302004591653 0
1679765128674 0.017807291419042828 0
1679765306171 0.016513471518352498 0
1679765483194 0.014690873209516425 0
1679765661265 0.014725936582411553 0
1679765839548 0.013064380890356688 0
1679766016363 0.013410107671000104 0
1679766245939 0.1319011694227038 0
1679766442090 0.04297201467211675 0
1679766640045 0.03128682421275528 0
1679766838847 0.02516593106782758 0
1679767033417 0.022458630650658187 0
1679767230622 0.02017189652779427 0
1679767426711 0.01880176063688454 0
1679767622053 0.017635806542772532 0
1679767819606 0.01644715181845784 0
1679768014924 0.01592571565675824 0
1679768264300 0.15030532052098988 0
1679768479987 0.06008914086052363 0
1679768696427 0.043477952715222146 0
1679768911006 0.03425224759391824 0
1679769127286 0.029020505885130696 0
1679769341395 0.026540879239808943 0
1679769558969 0.02480924071098165 0
1679769774643 0.0227605911578923 0
1679769990620 0.022546079188212123 0
1679770205325 0.021696750126252377 0
1679770478365 0.17265467981608676 0
1679770712908 0.07521982943692145 0
1679770949471 0.05418827594005343 0
1679771184161 0.04469718342637701 0
1679771420437 0.037961197790447 0
1679771656303 0.034348345154737066 0
1679771884187 0.03175154951709908 0
1679772109884 0.029596503596836195 0
1679772337208 0.02851014588815275 0
1679772568162 0.027661237853539255 0
1679772857529 0.1922521679072416 0
1679773110455 0.08728734321128315 0
1679773363055 0.06570379860716047 0
1679773617131 0.055380177469648975 0
1679773870648 0.049387943169117585 0
1679774123275 0.04277279657519259 0
1679774376148 0.04067335836082324 0
1679774629616 0.03783327666906335 0
1679774883695 0.03654828133028924 0
1679775137398 0.03521690932936594 0
1679775451438 0.23187338194050003 0
1679775723999 0.1232681371122605 0
1679775998690 0.09823909654478048 0
1679776268900 0.08223536947183374 0
1679776542749 0.07023879511311883 0
1679776814886 0.0633710637005988 0
1679777088112 0.058431702133300185 0
1679777359604 0.05437778061697429 0
1679777631446 0.04969722074396948 0
1679777904122 0.04863954646858328 0
1679778237755 0.25569353918164106 0
1679778531104 0.15007149208223886 0
1679778824061 0.11935824493854585 0
1679779116531 0.1043520245773439 0
1679779411167 0.09184516129160764 0
1679779705321 0.0821862353625846 0
1679779998203 0.07619803239840015 0
1679780292492 0.0703177224990703 0
1679780583959 0.06453532895028032 0
1679780866140 0.06289062564776028 0
1679781207969 0.29675036728823023 0
1679781513276 0.186230032882593 0
1679781818812 0.1512740862676649 0
1679782122681 0.13063892796963894 0
1679782428109 0.11579019331005022 0
1679782734171 0.10382943594140626 0
1679783037301 0.09472962468182669 0
1679783341047 0.08806158332710613 0
1679783647519 0.08273704475280017 0
1679783955367 0.07889415380999176 0
1679784327328 0.32005726920022026 0
1679784653357 0.20211854551248737 0
1679784981556 0.16666305189125924 0
1679785306168 0.14948903813195435 0
1679785632062 0.1365001781880578 0
1679785958376 0.12601045079707188 0
1679786282976 0.11708627703288159 0
1679786601079 0.11017471344473982 0
1679786922006 0.10399717117268659 0
1679787244293 0.0988123139039942 0
1679787634177 0.34672003166478066 0
1679787974902 0.23174141922728048 0
1679788317287 0.19078239565760266 0
1679788660379 0.17143389923634403 0
1679789003883 0.1576264067472973 0
1679789348812 0.1463336702276913 0
1679789694270 0.1369558423977035 0
1679790038035 0.1290026531368628 0
1679790382802 0.12304574868766217 0
1679790728203 0.11587435884745294 0
1679791140875 0.37948244144279036 0
1679791507248 0.27067643445946993 0
1679791863177 0.23497115879864156 0
1679792221846 0.213183350903876 0
1679792582625 0.19852585959935393 0
1679792947869 0.18545097921301246 0
1679793308589 0.1744332249712685 0
1679793670945 0.16513745139107774 0
1679794030192 0.15828452694736875 0
1679794395392 0.14997633828546417 0
1679794830739 0.4105153276296883 0
1679795212506 0.3164146980084721 0
1679795592614 0.2825611052539198 0
1679795974674 0.2610461560604961 0
1679796356098 0.24557488824386614 0
1679796738463 0.23386273975499683 0
1679797120349 0.22207519589442087 0
1679797497724 0.2109271814752742 0
1679797877080 0.20413783265003246 0
1679798255940 0.19334447759056053 0
1679798708239 0.4715464265770808 0
1679799109255 0.3765211090813315 0
1679799506558 0.338960798044456 0
1679799906293 0.31777511711530015 0
1679800307493 0.3015791282126155 0
1679800706307 0.28700601906199663 0
1679801108865 0.2733425993059459 0
1679801509218 0.2639251690591752 0
1679801910891 0.25303004043053845 0
1679802309567 0.24286468347435622 0
1679802782275 0.5164937577549358 0
1679803194822 0.4286916824495645 0
1679803613185 0.39151824450110834 0
1679804032300 0.3688936546274796 0
1679804447779 0.3510590787746874 0
1679804865830 0.33601464747998644 0
1679805284728 0.3244150888955187 0
1679805702101 0.3100010058586852 0
1679806124360 0.30173186657351897 0
1679806544477 0.28971571042458827 0
