1679757502436 0.9802975900681596 0
1679757565652 0.9962420886075949 0
1679757629180 0.9970180136319376 0
1679757693422 0.9968658714703018 0
1679757756564 0.998722005842259 0
1679757819241 0.9973375121713729 0
1679757881858 0.9984025073028238 0
1679757945442 0.9982655793573515 0
1679758008771 0.9989197906523856 0
1679758071581 0.9988132911392406 0
1679758178414 0.9915896789846957 0
1679758260302 0.9982386151549085 0
1679758344200 0.9984135871593879 0
1679758427167 0.9990084919746174 0
1679758509314 0.9987402015677491 0
1679758591566 0.9989851623740201 0
1679758674177 0.9991018103770063 0
1679758756934 0.9992301231802911 0
1679758840002 0.9993817655841732 0
1679758922100 0.9993467711832773 0
1679759048173 0.9854248638014528 0
1679759150444 0.9973800696125908 0
1679759253276 0.9979191888619855 0
1679759354836 0.9983731840193705 0
1679759457158 0.9986758474576272 0
1679759558567 0.9990163438256658 0
1679759661608 0.9987042221549637 0
1679759762810 0.9991298426150121 0
1679759864346 0.999271716101695 0
1679759966749 0.9991393008474576 0
1679760112478 0.9776899338254008 0
1679760231952 0.9941460931534741 0
1679760353547 0.9966594553321456 0
1679760473849 0.9971446296767625 0
1679760596418 0.9977172944769661 0
1679760717037 0.9979877195215068 0
1679760838276 0.9982422372104861 0
1679760959230 0.9984808475439043 0
1679761079364 0.9985762916772716 0
1679761199820 0.998568337999491 0
1679761367450 0.9758179622310057 0
1679761507252 0.9938652832674572 0
1679761646258 0.9955464975845411 0
1679761786008 0.9967336407553798 0
1679761927014 0.9969944005270093 0
1679762066513 0.9975021958717611 0
1679762205045 0.9975433684672815 0
1679762348427 0.9980854743083004 0
1679762487089 0.9977286451471234 0
1679762625338 0.9978315766359245 0
1679762813428 0.9721531666344855 0
1679762968423 0.9914800154469975 0
1679763122210 0.9937367252365321 0
1679763276415 0.9952874589689129 0
1679763430947 0.9960537748600116 0
1679763586941 0.9961744545279011 0
1679763743053 0.9967054450666152 0
1679763898834 0.9966692411662483 0
1679764055561 0.9970554161034949 0
1679764212093 0.9968743966016606 0
1679764419928 0.966585544452102 0
1679764596025 0.9879555048242591 0
1679764775173 0.9918644469331496 0
1679764951698 0.9933881805651275 0
1679765128662 0.9942550396278429 0
1679765306159 0.9947342350103378 0
1679765483183 0.995466488628532 0
1679765661254 0.9953588042729152 0
1679765839541 0.9958379996554101 0
1679766016351 0.9958164627842867 0
1679766245926 0.9663390496189143 0
1679766442080 0.986355770726396 0
1679766640033 0.9903124513921294 0
1679766838835 0.9920720563073573 0
1679767033407 0.9929615803390885 0
1679767230610 0.9937295846943537 0
1679767426699 0.9941087260849276 0
1679767622041 0.9943420438637424 0
1679767819593 0.994930199097838 0
1679768014915 0.9950225540519521 0
1679768264290 0.9589771760703147 0
1679768479971 0.9805651049050185 0
1679768696416 0.9862445066628863 0
1679768910996 0.9886633470371421 0
1679769127274 0.9903024879500992 0
1679769341383 0.9913081230507513 0
1679769558958 0.992238446271619 0
1679769774631 0.9924643819109725 0
1679769990610 0.9926415863339949 0
1679770205313 0.9931554791607599 0
1679770478352 0.9517474606068499 0
1679770712896 0.9763193449667925 0
1679770949459 0.9823259864565699 0
1679771184149 0.9856874267482745 0
1679771420425 0.9878605612709989 0
1679771656291 0.9888046946216955 0
1679771884175 0.9898871923427529 0
1679772109873 0.990379606719625 0
1679772337200 0.9906604050006511 0
1679772568150 0.991213862482094 0
1679772857518 0.9471640173410405 0
1679773110445 0.9724116389691715 0
1679773363044 0.9788505539499036 0
1679773617118 0.9822525289017341 0
1679773870638 0.9843411307803468 0
1679774123262 0.9861625421483622 0
1679774376137 0.9869678769267822 0
1679774629604 0.9877393424855492 0
1679774883685 0.9882360910404624 0
1679775137383 0.9889736873795761 0
1679775451429 0.9349346231380894 0
1679775723986 0.9605953914212118 0
1679775998678 0.9678400436779034 0
1679776268890 0.9734327752267891 0
1679776542737 0.9769886045469818 0
1679776814874 0.9791794993840296 0
1679777088100 0.9810974073244484 0
1679777359592 0.9821403572628514 0
1679777631437 0.9836137865382462 0
1679777904111 0.9841877589875686 0
1679778237738 0.9282859273602679 0
1679778531093 0.951950753611053 0
1679778824050 0.9608442798827717 0
1679779116520 0.9653090328658154 0
1679779411151 0.969924246388947 0
1679779705310 0.9729465407159305 0
1679779998187 0.9752230741050869 0
1679780292481 0.9769795373665481 0
1679780583948 0.9787000209336404 0
1679780866127 0.979642034749843 0
1679781207952 0.9155982905982906 0
1679781513256 0.9409906424992632 0
1679781818801 0.9507318990077611 0
1679782122669 0.9576824835445525 0
1679782428101 0.9618362560172905 0
1679782734161 0.965695304057373 0
1679783037293 0.969017094017094 0
1679783341036 0.9712121770311426 0
1679783647506 0.9727441300717162 0
1679783955355 0.9741901218194322 0
1679784327316 0.9082486810440578 0
1679784653345 0.9350211727138097 0
1679784981546 0.9444013791188449 0
1679785306152 0.9500185116623473 0
1679785632047 0.9545336218067383 0
1679785958365 0.9576256479081822 0
1679786282960 0.9610531978896705 0
1679786601065 0.9632572426878934 0
1679786921990 0.9656637587930396 0
1679787244281 0.9672864216956683 0
1679787634163 0.9029333275002187 0
1679787974890 0.9267406378510806 0
1679788317275 0.93756288826669 0
1679788660366 0.9431517411847056 0
1679789003871 0.9475867311225828 0
1679789348800 0.9510729285151807 0
1679789694258 0.9543841324700324 0
1679790038019 0.9571867617464345 0
1679790382789 0.9589886473007262 0
1679790728192 0.9612881704436084 0
1679791140862 0.8948637381781981 0
1679791507231 0.9157981790277087 0
1679791863156 0.9242289903766384 0
1679792221833 0.929784718765555 0
1679792582612 0.9337019868923179 0
1679792947857 0.93821293761407 0
1679793308576 0.9421146507383441 0
1679793670931 0.9449015886842542 0
1679794030180 0.9470066990210718 0
1679794395380 0.9499284469885515 0
1679794830723 0.8868330507137787 0
1679795212493 0.9021019007808186 0
1679795592602 0.9096266464232194 0
1679795974661 0.9145708454925467 0
1679796356086 0.9191428740436943 0
1679796738451 0.9229779556747377 0
1679797120331 0.9263003785787522 0
1679797497710 0.9297904014512185 0
1679797877067 0.9324572127139364 0
1679798255929 0.9357180179824908 0
1679798708228 0.870041434906795 0
1679799109243 0.8831225571256764 0
1679799506536 0.8897981809981961 0
1679799906280 0.8949963356885148 0
1679800307480 0.8997505449488875 0
1679800706289 0.9037624962417318 0
1679801108853 0.9080586665664462 0
1679801509201 0.9112062161755863 0
1679801910880 0.9151664912808178 0
1679802309555 0.918274109290439 0
1679802782265 0.8572896474980257 0
1679803194807 0.8676188168569172 0
1679803613175 0.8741295139636729 0
1679804032287 0.878820715772848 0
1679804447765 0.883449099002082 0
1679804865819 0.8871015507215163 0
1679805284716 0.8912475769976308 0
1679805702088 0.8957301313805729 0
1679806124345 0.8984358173594659 0
1679806544460 0.9024247971857277 0
