1680115757242 0.6756952902482402 0
1680115761951 0.06958841978602352 0
1680115766618 0.02778544806454691 0
1680115771398 0.014310986423234065 0
1680115775997 0.009274844793722994 0
1680115780766 0.005090460320183587 0
1680115785470 0.005419944257159988 0
1680115790355 0.005279651129498116 0
1680115795134 0.0037158405851392498 0
1680115799919 0.003227243933173257 0
1680115824501 0.9401041365438892 0
1680115829645 0.16058326320302102 0
1680115834681 0.04875519963341855 0
1680115839771 0.023366039468636437 0
1680115844875 0.009381624712278285 0
1680115849907 0.007007803450593905 0
1680115854966 0.007626424731326199 0
1680115859908 0.00737782895204521 0
1680115864994 0.0036567431947802224 0
1680115870181 0.00354571852386148 0
1680115892658 1.1189142633830347 0
1680115897813 0.24965162322886528 0
1680115902948 0.08137247146617982 0
1680115908141 0.03105906270174009 0
1680115913480 0.018480233641551626 0
1680115918735 0.009266871857577033 0
1680115923883 0.008389394341652551 0
1680115929049 0.006653673839830463 0
1680115934294 0.008058098794501875 0
1680115939412 0.003810700175592736 0
1680115962566 1.2259352413877365 0
1680115967741 0.31412877478907186 0
1680115972965 0.09057201487162421 0
1680115978109 0.03512922570770306 0
1680115983364 0.02548434635654332 0
1680115988658 0.011222935886302542 0
1680115993965 0.006825594924345252 0
1680115999222 0.005258828245719234 0
1680116004469 0.003936959671855513 0
1680116009709 0.0036532432883001503 0
1680116033380 1.2651225068876821 0
1680116038781 0.30385151529504406 0
1680116044187 0.0971156501121098 0
1680116049533 0.039329588908942476 0
1680116054909 0.021689943496077772 0
1680116060332 0.013918856031171257 0
1680116065678 0.008754852445675962 0
1680116070909 0.006772068873678725 0
1680116076353 0.007351234900735078 0
1680116081574 0.004883464509358389 0
1680116105639 1.331344666980928 0
1680116111060 0.3627950078056705 0
1680116116379 0.10112768459704614 0
1680116121769 0.03609643832239653 0
1680116127162 0.020185598547780705 0
1680116132538 0.011044555493900854 0
1680116137840 0.007749468959387272 0
1680116143253 0.010460329035507334 0
1680116148725 0.012851943029090762 0
1680116154079 0.004869609767000281 0
1680116178663 1.3632554532058778 0
1680116184065 0.375057247377211 0
1680116189605 0.11095099833102957 0
1680116195060 0.04267162125137064 0
1680116200459 0.020146303329496615 0
1680116205908 0.013890705931360924 0
1680116211313 0.010293188893551668 0
1680116216728 0.008583207321803897 0
1680116222169 0.006965900521590224 0
1680116227579 0.0053110829377997545 0
1680116253033 1.3555541149070185 0
1680116258514 0.35145204550316256 0
1680116263993 0.11130627545137559 0
1680116269424 0.043426274967890595 0
1680116274858 0.019574020433449937 0
1680116280517 0.016193916194982106 0
1680116286074 0.014807120204016927 0
1680116291671 0.008996280629353056 0
1680116297003 0.007910546852320793 0
1680116302472 0.006760907122835277 0
1680116328359 1.3743025718196746 0
1680116333956 0.3757582047293263 0
1680116339542 0.11532029924133132 0
1680116345080 0.03569830031765084 0
1680116350621 0.01631850580639777 0
1680116356198 0.01455478721688832 0
1680116361805 0.00949922451118548 0
1680116367423 0.0073186761526871594 0
1680116373076 0.008215765613356544 0
1680116378717 0.005726736752436527 0
1680116405360 1.418385882531443 0
1680116410990 0.3681707408639692 0
1680116416645 0.0983587843215754 0
1680116422348 0.039308404820340294 0
1680116427972 0.01915137112260826 0
1680116433657 0.01109519025175682 0
1680116439310 0.007359566796015227 0
1680116444994 0.006964331504047638 0
1680116450654 0.006696772275327314 0
1680116456270 0.0051537142003766235 0
1680116483289 1.4080710545662911 0
1680116488917 0.34862082715957393 0
1680116494680 0.10541338332357907 0
1680116500265 0.04201881589007474 0
1680116505994 0.018153396239804644 0
1680116511672 0.010746887648448108 0
1680116517442 0.011492082644479288 0
1680116523111 0.006878962993787061 0
1680116528761 0.006091400207350811 0
1680116534455 0.007553728855958569 0
1680116561895 1.432131854757186 0
1680116567677 0.3902509457642032 0
1680116573452 0.10354438874750369 0
1680116579134 0.0383724513418612 0
1680116584871 0.023661801396238226 0
1680116590652 0.018425407226107294 0
1680116596383 0.0098050877511982 0
1680116602111 0.007861575844036716 0
1680116607769 0.005782638169494608 0
1680116613619 0.004460362334465308 0
1680116641757 1.455655470009773 0
1680116647619 0.398345390635152 0
1680116653529 0.1082202228266866 0
1680116659340 0.043392821695775755 0
1680116665202 0.02180038677198031 0
1680116670997 0.012659849726685112 0
1680116676789 0.011426323234298897 0
1680116682672 0.008725451027613974 0
1680116688493 0.006754905150662507 0
1680116694320 0.006615445434656595 0
1680116723102 1.4186735922290432 0
1680116729055 0.36531312535366706 0
1680116734959 0.12123178387241017 0
1680116740769 0.051444122943306164 0
1680116746547 0.02923320895511537 0
1680116752457 0.020915032875153325 0
1680116758252 0.012012270354335346 0
1680116764146 0.006956136203370988 0
1680116769850 0.007015422429709184 0
1680116775677 0.005034039191330874 0
1680116804608 1.469883893766711 0
1680116810587 0.3882786639996113 0
1680116816425 0.10486807166448524 0
1680116822366 0.04020616614950761 0
1680116828348 0.023910131508244142 0
1680116834174 0.014128812780273297 0
1680116840134 0.01086733391463396 0
1680116846092 0.008814332342045683 0
1680116851958 0.008880006648870486 0
1680116857813 0.00740243041805262 0
1680116887870 1.451265747508695 0
1680116893818 0.3625829104454287 0
1680116899782 0.10795291642388029 0
1680116905817 0.0359858448557075 0
1680116911895 0.019971816402469433 0
1680116917876 0.01407544030207059 0
1680116923887 0.010459486410141952 0
1680116929583 0.006863407649835872 0
1680116935484 0.005757183285294881 0
1680116941358 0.005941867845268139 0
1680116972139 1.4776435696309613 0
1680116978234 0.380249745422794 0
1680116984336 0.10042510545181652 0
1680116990558 0.04484187695197761 0
1680116996620 0.02277704908121978 0
1680117002614 0.011773136414347156 0
1680117008653 0.008720578498116905 0
1680117014721 0.00813511350274747 0
1680117020691 0.0058761452110634455 0
1680117026769 0.005387291875517656 0
1680117058126 1.478079391102637 0
1680117064231 0.3615157790482044 0
1680117070539 0.09361899614093765 0
1680117076657 0.035374708984407685 0
1680117082766 0.0219093332022068 0
1680117088907 0.012224791237273283 0
1680117094965 0.008786245902639723 0
1680117101063 0.013281442938492663 0
1680117106996 0.006010079132993856 0
1680117112959 0.0061996656811736045 0
1680117145103 1.5220923394926134 0
1680117151297 0.3754524041808421 0
1680117157481 0.09800861673730035 0
1680117163668 0.036997274315405275 0
1680117169755 0.022521129854383967 0
1680117176050 0.01820701889828929 0
1680117182212 0.01193704341928805 0
1680117188318 0.007861569996983293 0
1680117194394 0.0052166433062314265 0
1680117200452 0.004790059148123668 0
1680117233223 1.4717244553950526 0
1680117239352 0.3530287588796308 0
1680117245581 0.10039293126112991 0
1680117251757 0.0442471653823891 0
1680117258015 0.022733183344826102 0
1680117264111 0.012907602381141435 0
1680117270314 0.00997708074658388 0
1680117276416 0.006171306797994241 0
1680117282583 0.006282518493882831 0
1680117288914 0.007214502553500595 0
