1680186663893 15.126333615999101 0
1680186677743 13.58649612500085 0
1680186691628 13.623854190998827 0
1680186705147 13.270274583999708 0
1680186718627 13.223646841999653 0
1680186732378 13.47529197899894 0
1680186745955 13.322349564999968 0
1680186759445 13.235696146999544 0
1680186773305 13.581773927999166 0
1680186786934 13.347727598000347 0
1680186803134 15.523706719999609 0
1680186818733 15.33492901200043 0
1680186834202 15.186828689998947 0
1680186849942 15.472505740000997 0
1680186865611 15.389322910999908 0
1680186880909 15.024913797000409 0
1680186896109 14.92638398300005 0
1680186911347 14.93414645700068 0
1680186926715 15.10530055199888 0
1680186942363 15.384897464999085 0
1680186958114 14.834419265000179 0
1680186973587 15.198735044999921 0
1680186988479 14.62099041700094 0
1680187003701 14.954873521999616 0
1680187018820 14.844643260999874 0
1680187033913 14.827766696998879 0
1680187049236 15.045005031000983 0
1680187064406 14.887486360999901 0
1680187080023 15.337324095999065 0
1680187094943 14.656868720001512 0
1680187111119 14.882767814000545 0
1680187125844 14.469571128000098 0
1680187141068 14.946113850999609 0
1680187155938 14.618185768998956 0
1680187170633 14.425681643999269 0
1680187185675 14.779837656999007 0
1680187200643 14.70669868099867 0
1680187215422 14.526669827999285 0
1680187230400 14.710856432000583 0
1680187245735 15.08128065100027 0
1680187260460 13.185602161000133 0
1680187273763 13.038926556999286 0
1680187287145 13.109654715999568 0
1680187300509 13.102999972999896 0
1680187313816 13.027042894998885 0
1680187327386 13.293781316000604 0
1680187338755 11.090799588999289 0
1680187352246 13.231670945000587 0
1680187365542 13.045928223998999 0
1680187378733 12.92865350899956 0
1680187398396 17.876607356998647 0
1680187416893 18.210544044000926 0
1680187435293 18.117466105999483 0
1680187453484 17.912125832999664 0
1680187472062 18.287031944000773 0
1680187490724 18.380225021001024 0
1680187509040 18.036695716000395 0
1680187527388 18.05256668599941 0
1680187545479 17.80657900299957 0
1680187563768 17.99023049399875 0
1680187578530 12.07286408300024 0
1680187590968 12.180394946000888 0
1680187603233 12.012107071001083 0
1680187615582 12.07795892699869 0
1680187627897 12.055110194000008 0
1680187640079 11.934614892001264 0
1680187652351 12.00188181500016 0
1680187664713 12.096788774999368 0
1680187677120 12.135254320999593 0
1680187689598 12.19384909099972 0
1680187698122 5.278995111999393 0
1680187703469 5.11198595300084 0
1680187709021 5.314127473999179 0
1680187714550 5.289203875001476 0
1680187720194 5.379568778000248 0
1680187725774 5.333737330000076 0
1680187731229 5.206978611999148 0
1680187736504 5.025886994999382 0
1680187742090 5.33151447399905 0
1680187747533 5.190654590998747 0
1680187765719 14.49671168599889 0
1680187779796 13.800812968000173 0
1680187793611 13.548077502000524 0
1680187807738 13.87256299999899 0
1680187822059 14.064476175999516 0
1680187836276 13.945393535999756 0
1680187850471 13.933472771999732 0
1680187865024 14.26235866100069 0
1680187879513 14.223636845999863 0
1680187893737 13.956987998999466 0
1680187903066 5.177736139999979 0
1680187908469 5.154271338000399 0
1680187913783 5.082026748001226 0
1680187918984 4.937579203999121 0
1680187924394 5.166995458001111 0
1680187929845 5.187044817999777 0
1680187935049 4.970187042999896 0
1680187940572 5.274619709000035 0
1680187945911 5.083418590000292 0
1680187951304 5.153664207000475 0
1680187960152 4.848544908001713 0
1680187965432 5.028386543999659 0
1680187970786 5.095253587000116 0
1680187976036 4.994123840999237 0
1680187981072 4.807388091001485 0
1680187986193 4.895288916000936 0
1680187991391 4.946869806000905 0
1680187996622 4.992322611999043 0
1680188001890 5.035906828001316 0
1680188007246 5.118947676000971 0
1680188016429 5.051096545001201 0
1680188021360 4.7021949230002065 0
1680188026798 5.218809518000853 0
1680188032072 5.0314913319998595 0
1680188037311 5.01287004400001 0
1680188042595 5.026085669000167 0
1680188047730 4.9013469370001985 0
1680188052889 4.88401623000027 0
1680188058144 4.999766050999824 0
1680188063474 5.089965967999888 0
1680188073136 4.982903566000459 0
1680188078263 4.899869928998669 0
1680188083707 5.1758218169998145 0
1680188088631 4.688975266999478 0
1680188094054 5.1714930680009275 0
1680188099218 4.936906327000543 0
1680188104455 4.992030814999453 0
1680188109753 5.0502597380000225 0
1680188115086 5.094993070000783 0
1680188120389 5.055606509999052 0
