1680186663885 0.012451614921425961 0
1680186677736 0.0007346698304113916 0
1680186691619 1.2588447693833254e-05 0
1680186705139 6.3898962296308365e-06 0
1680186718619 5.630326004851601e-06 0
1680186732366 2.341692202574727e-06 0
1680186745947 6.593639592140212e-06 0
1680186759435 1.8145897982677408e-06 0
1680186773297 1.3043092439400479e-06 0
1680186786925 1.2442499046766623e-06 0
1680186803125 0.006836472926369169 0
1680186818724 6.575534931408669e-05 0
1680186834190 6.002821469969386e-06 0
1680186849931 2.2097113879600478e-05 0
1680186865603 2.249664326938794e-06 0
1680186880901 1.3144773273984823e-06 0
1680186896100 1.2515853319894203e-06 0
1680186911339 7.482788121103749e-07 0
1680186926708 9.649669238082018e-07 0
1680186942356 7.234709131932726e-07 0
1680186958105 0.0032156731034699636 0
1680186973578 9.35071419142049e-07 0
1680186988471 9.211011481558186e-07 0
1680187003688 4.49698815207143e-07 0
1680187018810 7.878843198938476e-07 0
1680187033905 4.231073595195025e-07 0
1680187049229 4.262472740316294e-07 0
1680187064390 4.859165517111296e-07 0
1680187080011 9.0960686997324e-07 0
1680187094933 4.370795940379694e-07 0
1680187111108 0.003116272389959826 0
1680187125834 4.233318981537654e-06 0
1680187141061 1.2444740545987943e-06 0
1680187155931 0.0020577278930262034 0
1680187170626 0.0005417372373402543 0
1680187185665 2.6750173034429514e-05 0
1680187200635 2.6302350073232748e-05 0
1680187215415 2.041390254887709e-06 0
1680187230388 2.422041290632201e-06 0
1680187245725 1.2512905145836733e-06 0
1680187260446 0.003632870903406761 0
1680187273753 0.0027521759470107644 0
1680187287132 0.00014495784764343897 0
1680187300502 1.2105734990760952e-05 0
1680187313805 6.0779454415821105e-06 0
1680187327377 4.994806119471491e-06 0
1680187338743 2.5033305617834776e-06 0
1680187352238 0.00068545344863813 0
1680187365535 3.2702026244570597e-05 0
1680187378724 1.118634029695543e-05 0
1680187398389 0.09361578632176254 0
1680187416882 0.012017583270437775 0
1680187435285 0.006715671030822373 0
1680187453476 0.007948088330061621 0
1680187472053 0.004561706149902158 0
1680187490718 0.004595870468315966 0
1680187509031 0.001842715430120395 0
1680187527377 0.00862294705224709 0
1680187545468 0.002494589306459287 0
1680187563754 0.002330156011751974 0
1680187578520 0.010462786880334722 0
1680187590959 0.002890032495777734 0
1680187603227 0.001745524856373656 0
1680187615573 0.0020724747402795763 0
1680187627889 8.747579028051007e-05 0
1680187640070 3.518690020359626e-05 0
1680187652341 2.7511184708610313e-05 0
1680187664706 7.169826516712907e-06 0
1680187677114 9.865639089846026e-06 0
1680187689585 7.862228117263435e-06 0
1680187698110 0.09936897861395254 0
1680187703461 0.012006715719435629 0
1680187709014 0.0035745580755782154 0
1680187714542 0.0012378626715469656 0
1680187720174 0.0021173379639376193 0
1680187725765 0.03162058968023886 0
1680187731222 0.014906489855173727 0
1680187736496 0.009047041547301059 0
1680187742081 0.004048182587534013 0
1680187747527 0.010425294599227261 0
1680187765701 0.05340533695545632 0
1680187779784 0.009769323700448126 0
1680187793603 0.006113326252997374 0
1680187807731 0.005017466617356972 0
1680187822052 0.0026936313488271878 0
1680187836266 0.0052138803707942345 0
1680187850463 0.0021529883318187346 0
1680187865010 0.0012098533795055356 0
1680187879505 0.002324653496078186 0
1680187893727 0.016039391021756427 0
1680187903056 0.22207007774224222 0
1680187908461 0.017356557510697087 0
1680187913776 0.006850926637867948 0
1680187918972 0.008073145086993062 0
1680187924386 0.006682973841075473 0
1680187929833 0.0005920060388017617 0
1680187935041 0.01044550085421721 0
1680187940565 0.0022089749442592613 0
1680187945902 0.003318369358683813 0
1680187951296 0.003956122005088594 0
1680187960144 0.052968221152416214 0
1680187965416 0.01446585993357985 0
1680187970766 0.008562864295492125 0
1680187976028 0.0005945223244339104 0
1680187981065 0.008824415786810173 0
1680187986179 0.0061131385685021435 0
1680187991383 0.0008917049018682869 0
1680187996614 0.0002578986112885454 0
1680188001883 0.003795317878694522 0
1680188007238 0.0013256080907764884 0
1680188016420 0.2049764360104186 0
1680188021352 0.043830135346629856 0
1680188026791 0.025714770161077746 0
1680188032064 0.011368849956467714 0
1680188037302 0.006457528130690312 0
1680188042586 0.003526572237853123 0
1680188047721 0.0011731422115198815 0
1680188052874 0.00026673525949132246 0
1680188058132 0.00010570822436980401 0
1680188063465 5.9637849534947935e-05 0
1680188073128 0.019887996179328675 0
1680188078255 0.0021077267885625762 0
1680188083692 0.006848299777476978 0
1680188088613 0.008171067344365977 0
1680188094040 0.00104024074732059 0
1680188099210 9.390301931506865e-05 0
1680188104446 5.8348521270965226e-05 0
1680188109742 0.007820815997249042 0
1680188115076 0.02758596675053363 0
1680188120380 0.0031407403520583663 0
