1680186663873 0.9958278795811518 0
1680186677726 0.9998363874345549 0
1680186691608 1.0 0
1680186705128 1.0 0
1680186718607 1.0 0
1680186732352 1.0 0
1680186745936 1.0 0
1680186759423 1.0 0
1680186773285 1.0 0
1680186786909 1.0 0
1680186803113 0.9986474943052391 0
1680186818711 1.0 0
1680186834180 1.0 0
1680186849918 1.0 0
1680186865591 1.0 0
1680186880888 1.0 0
1680186896083 1.0 0
1680186911329 1.0 0
1680186926696 1.0 0
1680186942345 1.0 0
1680186958093 0.999566974595843 0
1680186973567 1.0 0
1680186988460 1.0 0
1680187003676 1.0 0
1680187018797 1.0 0
1680187033891 1.0 0
1680187049216 1.0 0
1680187064373 1.0 0
1680187079994 1.0 0
1680187094920 1.0 0
1680187111096 0.9995598591549296 0
1680187125821 1.0 0
1680187141049 1.0 0
1680187155920 0.9994131455399061 0
1680187170615 0.9999266431924883 0
1680187185654 1.0 0
1680187200622 1.0 0
1680187215405 1.0 0
1680187230369 1.0 0
1680187245711 1.0 0
1680187260428 0.999078418230563 0
1680187273737 0.9989946380697051 0
1680187287119 1.0 0
1680187300491 1.0 0
1680187313791 1.0 0
1680187327360 1.0 0
1680187338730 1.0 0
1680187352226 0.9999162198391421 0
1680187365525 1.0 0
1680187378710 1.0 0
1680187398377 0.9811452513966481 0
1680187416865 0.9959846368715084 0
1680187435272 0.9977886405959032 0
1680187453466 0.9972648975791434 0
1680187472039 0.9984869646182495 0
1680187490707 0.9986615456238361 0
1680187509016 0.9993598696461825 0
1680187527360 0.9974976722532588 0
1680187545448 0.9992434823091247 0
1680187563739 0.9993016759776536 0
1680187578504 0.9977876106194691 0
1680187590944 0.9992625368731564 0
1680187603216 0.9992625368731564 0
1680187615558 0.9994469026548672 0
1680187627877 1.0 0
1680187640058 1.0 0
1680187652329 1.0 0
1680187664695 1.0 0
1680187677097 1.0 0
1680187689562 1.0 0
1680187698091 0.9800884955752213 0
1680187703450 0.9958517699115044 0
1680187709002 0.9983407079646017 0
1680187714530 0.9997234513274337 0
1680187720160 0.9991703539823009 0
1680187725749 0.9964048672566371 0
1680187731206 0.9961283185840708 0
1680187736486 0.9975110619469026 0
1680187742069 0.9988938053097345 0
1680187747517 0.9988938053097345 0
1680187765690 0.987312030075188 0
1680187779771 0.9978070175438597 0
1680187793591 0.9985119047619048 0
1680187807720 0.9988251879699248 0
1680187822041 0.9994517543859649 0
1680187836251 0.9985902255639098 0
1680187850455 0.999608395989975 0
1680187864992 0.9998433583959899 0
1680187879493 0.999608395989975 0
1680187893711 0.9969454887218046 0
1680187903039 0.9770642201834863 0
1680187908450 0.9965596330275229 0
1680187913768 0.9994266055045872 0
1680187918953 0.9974197247706422 0
1680187924373 0.9985665137614679 0
1680187929816 1.0 0
1680187935031 0.9971330275229358 0
1680187940550 0.9994266055045872 0
1680187945888 0.9988532110091743 0
1680187951285 0.9988532110091743 0
1680187960132 0.9849759615384616 0
1680187965401 0.9954927884615384 0
1680187970746 0.9975961538461539 0
1680187976014 1.0 0
1680187981054 0.9978966346153846 0
1680187986168 0.9984975961538461 0
1680187991369 1.0 0
1680187996603 0.9996995192307693 0
1680188001871 0.9987980769230769 0
1680188007226 0.9996995192307693 0
1680188016409 0.9266826923076923 0
1680188021340 0.9825721153846154 0
1680188026779 0.9909855769230769 0
1680188032053 0.9948918269230769 0
1680188037290 0.9978966346153846 0
1680188042564 0.9987980769230769 0
1680188047709 0.9996995192307693 0
1680188052853 1.0 0
1680188058113 1.0 0
1680188063453 1.0 0
1680188073117 0.99609375 0
1680188078244 0.9990985576923077 0
1680188083669 0.9966947115384616 0
1680188088601 0.9975961538461539 0
1680188094021 0.9996995192307693 0
1680188099202 1.0 0
1680188104433 1.0 0
1680188109727 0.9969951923076923 0
1680188115061 0.9942908653846154 0
1680188120368 0.9987980769230769 0
