1671608734660 0.3630500078618871 0
1671608737186 0.11904442324630742 0
1671608739752 0.05644868409497697 0
1671608742585 0.04989981296478776 0
1671608745166 0.04381468033397067 0
1671608816754 0.4351204388434064 0
1671608819599 0.09785831195217025 0
1671608822394 0.07266986303321456 0
1671608825158 0.04924007469279109 0
1671608827901 0.029090135530892052 0
1671608905517 0.3007222342494488 0
1671608908368 0.07839423992330205 0
1671608911152 0.05053869231693495 0
1671608914116 0.015240781717534428 0
1671608916957 0.04404817865383625 0
1671608986392 0.20000727808202592 0
1671608989262 0.028476210690293335 0
1671608992416 0.023039515614237043 0
1671608995422 0.023710507074607267 0
1671608998444 0.026931900592081122 0
1671609076727 0.250936592178739 0
1671609079887 0.04297225096283073 0
1671609083154 0.02447284380593672 0
1671609086165 0.011577583281990966 0
1671609089381 0.023444989477821504 0
1671609169708 0.2986724182719 0
1671609172578 0.022860201310948763 0
1671609175566 0.01160312718973899 0
1671609178472 0.013847228112776335 0
1671609181576 0.020278378155119497 0
1671609261817 0.2405151259073233 0
1671609264727 0.014801136527322097 0
1671609267722 0.007681002493663993 0
1671609270648 0.009933391864677812 0
1671609273622 0.015143993978282462 0
1671609348560 0.31564100422418917 0
1671609351890 0.01255438865380658 0
1671609355176 0.002537648349460881 0
1671609358319 0.005667865081322261 0
1671609361449 0.01089117762211343 0
1671609441945 0.1878999391514876 0
1671609445210 0.007557773043715023 0
1671609448414 0.0020525057911476444 0
1671609451631 0.0010639811640171944 0
1671609454858 0.00029129748102155916 0
1671609531154 0.08916516109952326 0
1671609534433 0.013690222545515968 0
1671609537728 0.003523217471230979 0
1671609540984 0.00035830293548189677 0
1671609544268 0.0003505973536517203 0
1671609621893 0.3666609289345051 0
1671609625084 0.01029898961053395 0
1671609628373 0.008987100872263514 0
1671609631584 0.0022314563087884438 0
1671609634850 0.002774615063078286 0
1671609712414 0.19436178100093243 0
1671609715736 0.015982548942780568 0
1671609719097 0.0056055168693875295 0
1671609722303 0.012391584810592665 0
1671609725422 0.0167570672046066 0
1671609799964 0.12913588903079165 0
1671609803209 0.010086046736949527 0
1671609806408 0.024236159960853286 0
1671609809690 0.009056492665884545 0
1671609813110 0.006969010360459806 0
1671609896483 0.10509263884549716 0
1671609899529 0.005616892486611432 0
1671609902772 0.004211081393260691 0
1671609905963 0.028917990329041496 0
1671609909210 0.0005415677032838344 0
1671609988842 0.21111060227719936 0
1671609992037 0.014447478845729084 0
1671609995241 0.009707836603289383 0
1671609998493 0.0028030585753007703 0
1671610001743 0.001499375812933947 0
1671610080701 0.16345844590774072 0
1671610083856 0.010023389801732199 0
1671610087083 0.009136135366552821 0
1671610090382 0.0022225739000100277 0
1671610093707 0.005665072751624096 0
1671610174510 0.12273102628000762 0
1671610177765 0.003630537133424216 0
1671610181050 0.00486923479631888 0
1671610184294 0.0014938118721906195 0
1671610187527 0.0010307937152072236 0
1671610275381 0.11430806433266898 0
1671610278708 0.0025956275330435118 0
1671610282007 0.0025716513566018877 0
1671610285337 0.01127500577348261 0
1671610288722 0.0012537372194160988 0
1671610367482 0.11628357917102337 0
1671610370693 0.0024332031618528563 0
1671610374077 0.0007663784668837197 0
1671610377260 0.0001515285397317393 0
1671610380660 5.293481830760284e-05 0
1671610460193 0.11123138050734081 0
1671610463573 0.010590562861761195 0
1671610466977 0.003263061809702695 0
1671610470367 0.00500840793232094 0
1671610473892 0.027317683879964527 0
