1671608734644 0.8705452330185806 0
1671608737169 0.9597928723728297 0
1671608739736 0.9811148339932988 0
1671608742569 0.9838562290587877 0
1671608745150 0.9872068230277186 0
1671608816738 0.887146457574909 0
1671608819583 0.9700364043685242 0
1671608822390 0.9775973116774013 0
1671608825142 0.9851582189862783 0
1671608827885 0.9904788574628955 0
1671608905501 0.9266311957434892 0
1671608908352 0.9725567068048165 0
1671608911148 0.9857182861943433 0
1671608914112 0.9960795295435452 0
1671608916941 0.9854382525903108 0
1671608986375 0.9495939512741529 0
1671608989246 0.9921590590870905 0
1671608992400 0.9915989918790254 0
1671608995406 0.9929991598991879 0
1671608998428 0.991318958274993 0
1671609076710 0.9521142537104452 0
1671609079883 0.9882385886306356 0
1671609083138 0.9941192943153179 0
1671609086148 0.9977597311677401 0
1671609089365 0.9927191262951555 0
1671609169691 0.9361523382805936 0
1671609172573 0.9938392607112854 0
1671609175549 0.9969196303556427 0
1671609178468 0.9949593951274153 0
1671609181560 0.9946793615233828 0
1671609261800 0.9456734808176981 0
1671609264710 0.9955194623354803 0
1671609267706 0.9977597311677401 0
1671609270632 0.9969196303556427 0
1671609273605 0.9938392607112854 0
1671609348554 0.9327919350322038 0
1671609351885 0.9957994959395128 0
1671609355159 0.999439932791935 0
1671609358303 0.9983197983758051 0
1671609361432 0.9966395967516102 0
1671609441939 0.9599551946233548 0
1671609445195 0.9977597311677401 0
1671609448397 0.999439932791935 0
1671609451614 0.9997199663959675 0
1671609454853 1.0 0
1671609531148 0.9756370764491739 0
1671609534415 0.9969196303556427 0
1671609537711 0.9991598991879026 0
1671609540977 1.0 0
1671609544251 1.0 0
1671609621888 0.9425931111733408 0
1671609625066 0.9966395967516102 0
1671609628356 0.9977597311677401 0
1671609631567 0.999439932791935 0
1671609634832 0.9988798655838701 0
1671609712408 0.9574348921870625 0
1671609715730 0.9952394287314478 0
1671609719079 0.9983197983758051 0
1671609722285 0.9952394287314478 0
1671609725405 0.9957994959395128 0
1671609799958 0.9742369084290115 0
1671609803192 0.9974796975637077 0
1671609806389 0.9949593951274153 0
1671609809684 0.9977597311677401 0
1671609813093 0.9988798655838701 0
1671609896466 0.9784374124894988 0
1671609899512 0.9983197983758051 0
1671609902754 0.9988798655838701 0
1671609905946 0.9910389246709606 0
1671609909192 1.0 0
1671609988836 0.9644357322878745 0
1671609992019 0.9952394287314478 0
1671609995235 0.9980397647717726 0
1671609998475 0.9991598991879026 0
1671610001725 0.999439932791935 0
1671610080683 0.9669560347241669 0
1671610083849 0.9983197983758051 0
1671610087065 0.9983197983758051 0
1671610090364 0.999439932791935 0
1671610093700 0.9988798655838701 0
1671610174492 0.9778773452814338 0
1671610177747 0.9997199663959675 0
1671610181032 0.9988798655838701 0
1671610184286 0.999439932791935 0
1671610187520 0.9997199663959675 0
1671610275362 0.9761971436572389 0
1671610278690 0.9991598991879026 0
1671610281989 0.9991598991879026 0
1671610285319 0.9983197983758051 0
1671610288704 0.9997199663959675 0
1671610367474 0.9764771772612714 0
1671610370675 0.9997199663959675 0
1671610374059 0.9997199663959675 0
1671610377242 1.0 0
1671610380642 1.0 0
1671610460175 0.9767572108653039 0
1671610463565 0.9980397647717726 0
1671610466959 0.9991598991879026 0
1671610470349 0.9988798655838701 0
1671610473884 0.9943993279193504 0
