1679807970627 0.9765926640926641 0
1679808028777 0.9913299779371207 0
1679808085962 0.994415333701048 0
1679808143279 0.9944842801985659 0
1679808201589 0.9961389961389961 0
1679808259050 0.9965182018753447 0
1679808316729 0.9968456977385549 0
1679808374767 0.9975868725868726 0
1679808431984 0.9982418643132929 0
1679808489647 0.9976558190843905 0
1679808509808 0.6467105263157895 0
1679808515122 0.9845394736842106 0
1679808519957 0.9947368421052631 0
1679808524882 0.9976973684210526 0
1679808529836 0.9960526315789474 0
1679808534791 0.9990131578947369 0
1679808539607 0.9993421052631579 0
1679808544581 1.0 0
1679808549576 1.0 0
1679808554444 0.9993421052631579 0
1679808574296 0.7588815789473684 0
1679808579429 0.9858552631578947 0
1679808584492 0.9980263157894737 0
1679808589544 0.9976973684210526 0
1679808594387 0.9983552631578947 0
1679808599367 0.9993421052631579 0
1679808604288 0.999671052631579 0
1679808609174 0.9986842105263158 0
1679808614012 0.9973684210526316 0
1679808618770 1.0 0
1679808639340 0.5618421052631579 0
1679808644207 0.8799342105263158 0
1679808649171 0.94375 0
1679808654158 0.975328947368421 0
1679808659044 0.9776315789473684 0
1679808663968 0.99375 0
1679808668736 0.9963815789473685 0
1679808673578 0.9980263157894737 0
1679808678560 0.9904605263157895 0
1679808683513 0.993421052631579 0
1679808704308 0.6164473684210526 0
1679808709430 0.9338815789473685 0
1679808714266 0.9743421052631579 0
1679808719237 0.9914473684210526 0
1679808724230 0.9970394736842105 0
1679808729129 0.9983552631578947 0
1679808733879 0.9986842105263158 0
1679808738776 0.9993421052631579 0
1679808743625 0.9993421052631579 0
1679808748432 0.9947368421052631 0
1679808770278 0.6115131578947368 0
1679808775257 0.8911184210526316 0
1679808780175 0.9631578947368421 0
1679808785034 0.9769736842105263 0
1679808789937 0.9917763157894737 0
1679808794898 0.9894736842105263 0
1679808799810 0.9917763157894737 0
1679808804872 0.993421052631579 0
1679808809870 0.9986842105263158 0
1679808814784 0.9957236842105263 0
1679808837495 0.6802631578947368 0
1679808842965 0.9493421052631579 0
1679808847815 0.9730263157894737 0
1679808852874 0.9855263157894737 0
1679808857660 0.9884868421052632 0
1679808862619 0.9914473684210526 0
1679808867439 0.9963815789473685 0
1679808872224 0.9957236842105263 0
1679808877194 0.9990131578947369 0
1679808882181 1.0 0
1679808905482 0.8151315789473684 0
1679808910464 0.9819078947368421 0
1679808915473 0.9891447368421052 0
1679808920338 0.9927631578947368 0
1679808925183 0.9967105263157895 0
1679808930193 0.993421052631579 0
1679808935157 0.9953947368421052 0
1679808940215 0.9950657894736842 0
1679808945092 0.9963815789473685 0
1679808950044 0.9967105263157895 0
1679808973246 0.6157894736842106 0
1679808978160 0.8914473684210527 0
1679808983192 0.9513157894736842 0
1679808988272 0.9697368421052631 0
1679808993221 0.9786184210526315 0
1679808998206 0.9845394736842106 0
1679809003257 0.9881578947368421 0
1679809008261 0.9894736842105263 0
1679809013232 0.9953947368421052 0
1679809018117 0.9957236842105263 0
1679809042007 0.8680921052631579 0
1679809047010 0.9963815789473685 0
1679809052028 0.9957236842105263 0
1679809056847 0.9976973684210526 0
1679809061724 0.999671052631579 0
1679809066647 0.999671052631579 0
1679809071761 1.0 0
1679809076768 0.999671052631579 0
1679809081823 1.0 0
1679809086928 1.0 0
1679809112003 0.6713815789473684 0
1679809116949 0.9121710526315789 0
1679809121966 0.9601973684210526 0
1679809126924 0.9730263157894737 0
1679809132090 0.9851973684210527 0
1679809137292 0.9911184210526316 0
1679809142433 0.9976973684210526 0
1679809147581 0.9924342105263158 0
1679809152715 0.9868421052631579 0
1679809157809 0.9894736842105263 0
1679809182413 0.7891447368421053 0
1679809187374 0.9723684210526315 0
1679809192369 0.9878289473684211 0
1679809197391 0.9921052631578947 0
1679809202465 0.9960526315789474 0
1679809207403 0.9967105263157895 0
1679809212492 0.9967105263157895 0
1679809217597 0.9993421052631579 0
1679809222476 0.999671052631579 0
1679809227640 0.9950657894736842 0
1679809253271 0.7348684210526316 0
1679809258359 0.9625 0
1679809263542 0.9832236842105263 0
1679809268413 0.9858552631578947 0
1679809273550 0.9901315789473685 0
1679809279134 0.9960526315789474 0
1679809284270 0.9963815789473685 0
1679809289452 0.99375 0
1679809294580 0.9973684210526316 0
1679809299750 0.9940789473684211 0
1679809325978 0.8055921052631579 0
1679809331202 0.9697368421052631 0
1679809336277 0.9815789473684211 0
1679809341493 0.9904605263157895 0
1679809346845 0.9921052631578947 0
1679809351971 0.9953947368421052 0
1679809357070 0.9960526315789474 0
1679809362319 0.9930921052631579 0
1679809367480 0.993421052631579 0
1679809372732 0.99375 0
1679809399851 0.718421052631579 0
1679809404915 0.9549342105263158 0
1679809409902 0.9763157894736842 0
1679809415058 0.9799342105263158 0
1679809420250 0.9858552631578947 0
1679809425143 0.9891447368421052 0
1679809430344 0.9927631578947368 0
1679809435480 0.99375 0
1679809440781 0.9901315789473685 0
1679809445868 0.9878289473684211 0
1679809473687 0.7621710526315789 0
1679809478652 0.9726973684210526 0
1679809483873 0.9838815789473684 0
1679809489057 0.9901315789473685 0
1679809494192 0.9947368421052631 0
1679809499377 0.9917763157894737 0
1679809504583 0.9911184210526316 0
1679809509699 0.993421052631579 0
1679809514806 0.99375 0
1679809519963 0.9990131578947369 0
1679809547995 0.8641447368421052 0
1679809553011 0.9884868421052632 0
1679809558213 0.993421052631579 0
1679809563344 0.9930921052631579 0
1679809568494 0.99375 0
1679809573732 0.9950657894736842 0
1679809578993 0.9950657894736842 0
1679809584216 0.9950657894736842 0
1679809589231 0.9967105263157895 0
1679809594389 0.9967105263157895 0
1679809623421 0.9190789473684211 0
1679809628485 0.9950657894736842 0
1679809633643 0.9983552631578947 0
1679809638845 0.9976973684210526 0
1679809644012 0.9957236842105263 0
1679809649212 0.9963815789473685 0
1679809654407 0.9976973684210526 0
1679809659585 0.9993421052631579 0
1679809664721 0.9921052631578947 0
1679809669858 0.9986842105263158 0
1679809698895 0.8569078947368421 0
1679809704172 0.9891447368421052 0
1679809709270 0.9907894736842106 0
1679809714499 0.99375 0
1679809719694 0.9976973684210526 0
1679809724805 0.9990131578947369 0
1679809729971 0.9986842105263158 0
1679809735035 0.9983552631578947 0
1679809740154 0.9993421052631579 0
1679809745458 0.9973684210526316 0
1679809775703 0.7667763157894737 0
1679809780870 0.9536184210526316 0
1679809786105 0.9740131578947369 0
1679809791205 0.9799342105263158 0
1679809796423 0.9832236842105263 0
1679809801801 0.9907894736842106 0
1679809806996 0.9973684210526316 0
1679809812238 0.9993421052631579 0
1679809817580 0.9990131578947369 0
1679809822803 0.9990131578947369 0
