1679807970647 57.445415965048596 0
1679808028798 57.620452778064646 0
1679808085986 56.668242592946626 0
1679808143298 56.799874749965966 0
1679808201604 57.70196738699451 0
1679808259077 56.94917485502083 0
1679808316748 57.152805289952084 0
1679808374789 57.551790885976516 0
1679808432003 56.70269200496841 0
1679808489666 57.13789859297685 0
1679808509828 4.896232652012259 0
1679808515140 5.10762775701005 0
1679808519976 4.644342739018612 0
1679808524901 4.721112292027101 0
1679808529855 4.752824980998412 0
1679808534810 4.751438973005861 0
1679808539626 4.619998012087308 0
1679808544601 4.76622955489438 0
1679808549595 4.791017082985491 0
1679808554462 4.668371606036089 0
1679808574311 4.54971184709575 0
1679808579448 4.935867810039781 0
1679808584512 4.866601089015603 0
1679808589558 4.856244223075919 0
1679808594404 4.651727643911727 0
1679808599389 4.784697687020525 0
1679808604307 4.713873001048341 0
1679808609189 4.687433548970148 0
1679808614032 4.6399668210651726 0
1679808618786 4.564128552097827 0
1679808639351 4.720481205964461 0
1679808644226 4.673487994004972 0
1679808649190 4.7515730479499325 0
1679808654174 4.772653836989775 0
1679808659059 4.686710430076346 0
1679808663989 4.727408498059958 0
1679808668752 4.560041131917387 0
1679808673597 4.6304567229235545 0
1679808678579 4.778545808978379 0
1679808683535 4.739703283994459 0
1679808704324 4.815463770995848 0
1679808709441 4.909041999024339 0
1679808714281 4.632415761006996 0
1679808719260 4.752836526953615 0
1679808724250 4.751018304959871 0
1679808729149 4.694183369982056 0
1679808733900 4.544888403033838 0
1679808738798 4.677751868031919 0
1679808743649 4.619866888038814 0
1679808748453 4.601481263060123 0
1679808770299 4.879195843939669 0
1679808775279 4.765866392990574 0
1679808780193 4.707491775043309 0
1679808785049 4.6474773390218616 0
1679808789959 4.702081701019779 0
1679808794920 4.757638094946742 0
1679808799835 4.682836507097818 0
1679808804883 4.831906400970183 0
1679808809889 4.797428635996766 0
1679808814801 4.691965105012059 0
1679808837511 5.211467863991857 0
1679808842986 5.252977745956741 0
1679808847834 4.546159771038219 0
1679808852895 4.848355108988471 0
1679808857685 4.567087061936036 0
1679808862640 4.723330624983646 0
1679808867455 4.612881706096232 0
1679808872248 4.5722533169901 0
1679808877217 4.740170286037028 0
1679808882200 4.757485503097996 0
1679808905502 4.674734603031538 0
1679808910489 4.741025445982814 0
1679808915491 4.785412017023191 0
1679808920363 4.65979112603236 0
1679808925204 4.619927218998782 0
1679808930223 4.787601261981763 0
1679808935184 4.740464210044593 0
1679808940235 4.838070271071047 0
1679808945109 4.656989600975066 0
1679808950063 4.731719310977496 0
1679808973263 4.740082419011742 0
1679808978179 4.716581809101626 0
1679808983207 4.816265069996007 0
1679808988291 4.840814994997345 0
1679808993254 4.72485813498497 0
1679808998228 4.721356995985843 0
1679809003274 4.833172741928138 0
1679809008277 4.787093257997185 0
1679809013253 4.771187352016568 0
1679809018130 4.673046219046228 0
1679809042026 4.7246131740976125 0
1679809047039 4.76976721198298 0
1679809052047 4.797328349086456 0
1679809056868 4.604436179972254 0
1679809061740 4.661796164000407 0
1679809066669 4.717582767014392 0
1679809071779 4.89751453907229 0
1679809076780 4.7759656379930675 0
1679809081841 4.833939983975142 0
1679809086946 4.859178316080943 0
1679809112018 4.974429060006514 0
1679809116972 4.720723662059754 0
1679809121983 4.797297475044616 0
1679809126952 4.743389615090564 0
1679809132114 4.926664081052877 0
1679809137314 4.94900723209139 0
1679809142456 4.929272274021059 0
1679809147609 4.927966010989621 0
1679809152735 4.9034553449600935 0
1679809157826 4.882608079002239 0
1679809182439 4.743412332958542 0
1679809187393 4.720870750956237 0
1679809192386 4.774486314039677 0
1679809197422 4.809276605024934 0
1679809202482 4.822554120095447 0
1679809207424 4.714893948053941 0
1679809212509 4.865610523032956 0
1679809217614 4.880822666105814 0
1679809222494 4.6613779560429975 0
1679809227658 4.937883620033972 0
1679809253293 4.962657234049402 0
1679809258376 4.859877025941387 0
1679809263569 4.962743295007385 0
1679809268431 4.637800102937035 0
1679809273569 4.921320730005391 0
1679809279151 5.3530204279813915 0
1679809284290 4.895332438056357 0
1679809289471 4.948549339896999 0
1679809294595 4.915884198038839 0
1679809299773 4.927504199906252 0
1679809326003 4.9589678179472685 0
1679809331228 4.985063225962222 0
1679809336296 4.8458806939888746 0
1679809341520 4.976424366002902 0
1679809346863 5.100382769946009 0
1679809351991 4.897584005026147 0
1679809357089 4.866117810015567 0
1679809362342 5.011411441024393 0
1679809367499 4.909187998971902 0
1679809372749 5.022957187960856 0
1679809399874 5.106516884989105 0
1679809404931 4.83459564903751 0
1679809409929 4.769702696008608 0
1679809415076 4.919416902004741 0
1679809420273 4.967344796983525 0
1679809425166 4.665167647995986 0
1679809430361 4.9633383500622585 0
1679809435497 4.880752652999945 0
1679809440800 5.050018675043248 0
1679809445887 4.859678216977045 0
1679809473702 4.83462255296763 0
1679809478673 4.743121706997044 0
1679809483900 4.969533642986789 0
1679809489089 4.939640047028661 0
1679809494222 4.883563383948058 0
1679809499405 4.925895899068564 0
1679809504599 4.961555729969405 0
1679809509715 4.8854847779730335 0
1679809514835 4.875017535989173 0
1679809519986 4.9029611989390105 0
1679809548014 4.92548735497985 0
1679809553037 4.777406924054958 0
1679809558248 4.962660004966892 0
1679809563360 4.876225396990776 0
1679809568509 4.917464238940738 0
1679809573756 5.005847295979038 0
1679809579014 5.023680744110607 0
1679809584242 4.9845882339868695 0
1679809589254 4.763027879991569 0
1679809594423 4.901940376963466 0
1679809623452 4.869457078049891 0
1679809628505 4.833739980938844 0
1679809633665 4.906491072033532 0
1679809638873 4.9599510580301285 0
1679809644043 4.9211183480219916 0
1679809649234 4.958255975972861 0
1679809654431 4.962713134940714 0
1679809659607 4.938964143046178 0
1679809664749 4.898719199001789 0
1679809669875 4.882408690988086 0
1679809698926 4.924542122054845 0
1679809704192 5.025113245006651 0
1679809709302 4.8598369639366865 0
1679809714529 4.991392005002126 0
1679809719726 4.949483783915639 0
1679809724835 4.854622398037463 0
1679809729991 4.893252942012623 0
1679809735072 4.829593294998631 0
1679809740189 4.856159231974743 0
1679809745481 5.049002820043825 0
1679809775727 4.998241942957975 0
1679809780889 4.898926793015562 0
1679809786131 4.965554508031346 0
1679809791242 4.846247383044101 0
1679809796442 4.970701012993231 0
1679809801823 5.102728133904748 0
1679809807024 4.9594017210183665 0
1679809812279 4.96751330292318 0
1679809817600 5.079178711981513 0
1679809822834 4.984171336982399 0
