1672519487288 4.383399099999224 0
1672519491668 4.227650760003598 0
1672519496128 4.304992706005578 0
1672519500063 3.770077951994608 0
1672519504465 4.243318567998358 0
1672519623503 8.037290753010893 0
1672519631669 7.9659920720005175 0
1672519639184 7.327404174007825 0
1672519647479 8.104662056997768 0
1672519655337 7.662105185998371 0
1672519776337 11.193521549997968 0
1672519787568 11.036356612006784 0
1672519799573 11.81226087200048 0
1672519811273 11.500085079998826 0
1672519823101 11.624347991994 0
1672519946077 13.976012086990522 0
1672519961590 15.302673676997074 0
1672519976820 15.039612747990759 0
1672519990680 13.656187373999273 0
1672520004933 14.044524922996061 0
1672520144120 18.275618965999456 0
1672520162268 17.954423443996347 0
1672520178795 16.31941583099251 0
1672520196216 17.240080375995603 0
1672520214098 17.682838652995997 0
1672520359629 21.931983542002854 0
1672520382270 22.43865468200238 0
1672520404406 21.941789396005333 0
1672520426872 22.263560655002948 0
1672520449315 22.238384766998934 0
1672520605494 25.789467072012485 0
1672520631626 25.926309051996213 0
1672520657091 25.272644144002697 0
1672520683446 26.14663011301309 0
1672520707988 24.328509193001082 0
1672520897777 29.542173622001428 0
1672520927690 29.689091199004906 0
1672520957381 29.48545066200313 0
1672520985857 28.271245573996566 0
1672521015756 29.699272579993703 0
1672521212055 33.039281296994886 0
1672521242642 30.382047254010104 0
1672521275771 32.92603868700098 0
1672521308477 32.49810057900322 0
1672521341555 32.86566164200485 0
