1672519487285 0.25388331319682483 0
1672519491665 0.0656157307806652 0
1672519496125 0.054717519435827144 0
1672519500060 0.02455128380100998 0
1672519504462 0.009012553648045003 0
1672519623499 0.08674026246163885 0
1672519631666 0.017522024789317945 0
1672519639180 0.01826153633777257 0
1672519647475 0.014201591563454248 0
1672519655333 0.012817642277483705 0
1672519776333 0.04423942272189349 0
1672519787564 0.018155118108890866 0
1672519799569 0.008036305643215991 0
1672519811269 0.015514187262167562 0
1672519823097 0.009095932028247291 0
1672519946073 0.05999578446268159 0
1672519961586 0.009095365582124896 0
1672519976815 0.013811736751178028 0
1672519990672 0.0035596386137045407 0
1672520004929 0.016542967611971618 0
1672520144116 0.09664034351615358 0
1672520162263 0.01223941752091624 0
1672520178790 0.011757103062787173 0
1672520196211 0.0051374632082579275 0
1672520214093 0.008147013131328327 0
1672520359625 0.09709053897974358 0
1672520382266 0.02313305534135102 0
1672520404402 0.013540325664058548 0
1672520426868 0.010650809542088708 0
1672520449311 0.013005408700323086 0
1672520605489 0.07391245973404169 0
1672520631622 0.017733304970726085 0
1672520657086 0.01365230092933416 0
1672520683437 0.011568526258658356 0
1672520707983 0.011845859192658521 0
1672520897773 0.08330259845489117 0
1672520927685 0.01940057694926079 0
1672520957376 0.010768239057749094 0
1672520985853 0.011570243763458726 0
1672521015751 0.006092106982085975 0
1672521212050 0.0751991596000033 0
1672521242637 0.018121783342581906 0
1672521275766 0.012910422217067345 0
1672521308472 0.012503079127097395 0
1672521341550 0.008830157495391327 0
