1672519487269 0.9103658536585366 0
1672519491649 0.9803353658536585 0
1672519496109 0.9836890243902439 0
1672519500044 0.9929878048780488 0
1672519504446 0.9974085365853659 0
1672519623495 0.9803439803439803 0
1672519631649 0.9952395577395577 0
1672519639176 0.9947788697788698 0
1672519647471 0.9959305896805897 0
1672519655329 0.996007371007371 0
1672519776316 0.9908299180327869 0
1672519787548 0.9954405737704918 0
1672519799552 0.9982581967213114 0
1672519811253 0.995952868852459 0
1672519823081 0.9973360655737705 0
1672519946056 0.9868380541871922 0
1672519961569 0.9979217980295566 0
1672519976799 0.9959205665024631 0
1672519990653 0.9991533251231527 0
1672520004913 0.9959975369458128 0
1672520144099 0.9783251231527094 0
1672520162259 0.99689039408867 0
1672520178774 0.9967364532019705 0
1672520196195 0.998737684729064 0
1672520214088 0.9979064039408867 0
1672520359608 0.9769412489728841 0
1672520382249 0.9929129005751849 0
1672520404385 0.9961739934264585 0
1672520426863 0.9970727198027938 0
1672520449294 0.9967132292522597 0
1672520605473 0.9823503521126761 0
1672520631605 0.9944982394366197 0
1672520657081 0.9957966549295775 0
1672520683427 0.9964348591549296 0
1672520707966 0.9967649647887324 0
1672520897768 0.9789226263871763 0
1672520927668 0.9945861590628853 0
1672520957359 0.9966669235511714 0
1672520985836 0.9968403205918619 0
1672521015734 0.9982467632552404 0
1672521212036 0.981318493150685 0
1672521242620 0.9942465753424657 0
1672521275750 0.9961986301369863 0
1672521308455 0.996695205479452 0
1672521341533 0.9975171232876713 0
