1672668570778 0.9105022831050228 0
1672668575314 0.9792998477929985 0
1672668579691 0.9846270928462709 0
1672668584091 0.9931506849315068 0
1672668588277 0.9901065449010654 0
1672668834376 0.9759222102176262 0
1672668838836 0.9885784843340022 0
1672668843485 0.9922827596851366 0
1672668848528 0.9932088285229203 0
1672668853048 0.9949066213921901 0
1672669122072 0.9638833153264392 0
1672669126655 0.9979935175181355 0
1672669131293 0.9987652415496219 0
1672669136220 0.9916653804599476 0
1672669140914 0.9910480012347584 0
1672669395888 0.9626485568760611 0
1672669400461 0.9942892421670011 0
1672669405042 0.9961413798425683 0
1672669409708 0.9987652415496219 0
1672669414242 0.9973761382929465 0
1672669667274 0.9509183515974687 0
1672669671922 0.9967587590677573 0
1672669676669 0.9898132427843803 0
1672669681302 0.9989195863559192 0
1672669685950 1.0 0
1672669935094 0.9350208365488502 0
1672669939814 0.9915110356536503 0
1672669944370 0.9973761382929465 0
1672669949085 0.9992282759685137 0
1672669953842 0.9979935175181355 0
1672670211931 0.9385707670936873 0
1672670216507 0.9945979317795957 0
1672670221097 0.9979935175181355 0
1672670225522 0.9984565519370273 0
1672670229884 0.9979935175181355 0
1672670489677 0.9259144929773113 0
1672670494367 0.9950609661984874 0
1672670499057 0.9973761382929465 0
1672670503604 0.9961413798425683 0
1672670508443 0.9989195863559192 0
1672670767015 0.9219015280135824 0
1672670771597 0.9947522765858929 0
1672670776159 0.9941348973607038 0
1672670780864 0.9947522765858929 0
1672670785336 0.9967587590677573 0
1672671045924 0.9359469053866337 0
1672671050622 0.9975304830992437 0
1672671055363 0.9961413798425683 0
1672671060138 0.9970674486803519 0
1672671064897 0.9956783454236765 0
