1679432630666 0.8881944444444444 0
1679432634557 0.9715277777777778 0
1679432638638 0.9913194444444444 0
1679432642603 0.9954861111111111 0
1679432646689 0.9996527777777777 0
1679432650558 0.9993055555555556 0
1679432654525 0.9996527777777777 0
1679432658468 0.9993055555555556 0
1679432662365 0.9989583333333333 0
1679432666527 0.9986111111111111 0
1679432685010 0.8982638888888889 0
1679432689813 0.9885416666666667 0
1679432694820 0.9975694444444444 0
1679432699642 0.9982638888888888 0
1679432704709 0.9989583333333333 0
1679432709791 1.0 0
1679432714584 0.9993055555555556 0
1679432719610 0.9996527777777777 0
1679432724478 0.9993055555555556 0
1679432729393 0.9986111111111111 0
1679432749753 0.8131944444444444 0
1679432755339 0.9642361111111111 0
1679432760812 0.9899305555555555 0
1679432766165 0.9965277777777778 0
1679432771718 0.9989583333333333 0
1679432777293 0.9993055555555556 0
1679432782981 0.9996527777777777 0
1679432788437 1.0 0
1679432794176 0.9996527777777777 0
1679432799634 1.0 0
1679432819718 0.7319444444444444 0
1679432825460 0.9503472222222222 0
1679432831387 0.9763888888888889 0
1679432837334 0.9902777777777778 0
1679432843305 0.9972222222222222 0
1679432849241 0.9986111111111111 0
1679432855662 1.0 0
1679432861573 1.0 0
1679432867571 0.9993055555555556 0
1679432873805 1.0 0
1679432894710 0.8166666666666667 0
1679432901283 0.9618055555555556 0
1679432907779 0.9888888888888889 0
1679432914161 0.9961805555555555 0
1679432920980 0.9982638888888888 0
1679432927493 0.9993055555555556 0
1679432934047 1.0 0
1679432940706 1.0 0
1679432947167 1.0 0
1679432953565 0.9996527777777777 0
1679432975616 0.7722222222222223 0
1679432982844 0.9565972222222222 0
1679432990318 0.9746527777777778 0
1679432997474 0.9899305555555555 0
1679433004652 0.9975694444444444 0
1679433011893 0.9979166666666667 0
1679433019088 0.9996527777777777 0
1679433026102 0.9996527777777777 0
1679433033058 0.9993055555555556 0
1679433040106 1.0 0
1679433061690 0.8368055555555556 0
1679433069426 0.9652777777777778 0
1679433077105 0.98125 0
1679433084773 0.9944444444444445 0
1679433092032 0.9982638888888888 0
1679433099518 1.0 0
1679433107085 0.9989583333333333 0
1679433114731 1.0 0
1679433122463 0.9996527777777777 0
1679433130273 0.9993055555555556 0
1679433153260 0.7940972222222222 0
1679433161403 0.9590277777777778 0
1679433169519 0.9850694444444444 0
1679433177808 0.9934027777777777 0
1679433185907 0.9975694444444444 0
1679433194006 0.9982638888888888 0
1679433202339 0.9989583333333333 0
1679433210424 0.9989583333333333 0
1679433218852 0.9996527777777777 0
1679433226637 0.9996527777777777 0
1679433250513 0.8246527777777778 0
1679433259174 0.9711805555555556 0
1679433268019 0.9885416666666667 0
1679433276669 0.996875 0
1679433285343 0.9986111111111111 0
1679433294153 0.9993055555555556 0
1679433302782 0.9996527777777777 0
1679433311326 0.9986111111111111 0
1679433320005 1.0 0
1679433328753 0.9996527777777777 0
1679433351477 0.7927083333333333 0
1679433360689 0.9673611111111111 0
1679433369861 0.9902777777777778 0
1679433379063 0.9975694444444444 0
1679433388497 0.9972222222222222 0
1679433398000 0.9975694444444444 0
1679433407409 0.9961805555555555 0
1679433416541 0.9982638888888888 0
1679433425628 0.9996527777777777 0
1679433434996 1.0 0
1679433460198 0.8177083333333334 0
1679433469719 0.959375 0
1679433479234 0.9798611111111111 0
1679433489394 0.9934027777777777 0
1679433499277 0.9979166666666667 0
1679433509003 0.9993055555555556 0
1679433518911 0.9996527777777777 0
1679433528940 0.9996527777777777 0
1679433538758 0.9993055555555556 0
1679433548532 1.0 0
1679433575283 0.8190972222222223 0
1679433585660 0.9631944444444445 0
1679433595791 0.9791666666666666 0
1679433605652 0.9909722222222223 0
1679433616513 0.9982638888888888 0
1679433627012 0.9993055555555556 0
1679433637549 0.9993055555555556 0
1679433648019 0.9996527777777777 0
1679433658273 1.0 0
1679433668271 1.0 0
1679433695407 0.7947916666666667 0
1679433706440 0.9524305555555556 0
1679433717071 0.9753472222222223 0
1679433727934 0.9871527777777778 0
1679433737962 0.9951388888888889 0
1679433748966 0.9986111111111111 0
1679433759955 0.9993055555555556 0
1679433770623 0.9989583333333333 0
1679433781398 1.0 0
1679433792195 1.0 0
1679433820016 0.7788194444444444 0
1679433831598 0.9579861111111111 0
1679433842871 0.9729166666666667 0
1679433853874 0.9878472222222222 0
1679433864910 0.9965277777777778 0
1679433875836 0.9993055555555556 0
1679433887178 0.9982638888888888 0
1679433898768 0.9993055555555556 0
1679433910221 0.9982638888888888 0
1679433921905 0.9986111111111111 0
1679433950351 0.7708333333333334 0
1679433962167 0.9479166666666666 0
1679433974177 0.9684027777777777 0
1679433986065 0.9864583333333333 0
1679433998081 0.9930555555555556 0
1679434009495 0.9989583333333333 0
1679434021353 0.9989583333333333 0
1679434033645 0.9996527777777777 0
1679434045721 0.9996527777777777 0
1679434057603 0.9996527777777777 0
1679434087212 0.7864583333333334 0
1679434099853 0.9576388888888889 0
1679434112083 0.9746527777777778 0
1679434124352 0.9923611111111111 0
1679434136623 0.9961805555555555 0
1679434148361 0.9972222222222222 0
1679434161203 1.0 0
1679434173772 1.0 0
1679434186403 0.9996527777777777 0
1679434198543 0.9972222222222222 0
1679434228985 0.7697916666666667 0
1679434241892 0.9413194444444445 0
1679434255048 0.9805555555555555 0
1679434267733 0.996875 0
1679434280884 0.9989583333333333 0
1679434293845 0.9989583333333333 0
1679434306882 0.9996527777777777 0
1679434319943 0.9989583333333333 0
1679434332938 0.9993055555555556 0
1679434345669 0.9996527777777777 0
1679434376409 0.8059027777777777 0
1679434389709 0.9576388888888889 0
1679434403206 0.971875 0
1679434416696 0.9881944444444445 0
1679434429782 0.996875 0
1679434443608 0.9989583333333333 0
1679434457025 0.9989583333333333 0
1679434470222 0.9996527777777777 0
1679434483492 1.0 0
1679434497059 1.0 0
1679434528925 0.8333333333333334 0
1679434542874 0.9583333333333334 0
1679434556932 0.9822916666666667 0
1679434570866 0.9947916666666666 0
1679434584803 0.9979166666666667 0
1679434598878 0.9993055555555556 0
1679434613160 0.9993055555555556 0
1679434627058 0.9989583333333333 0
1679434641215 0.9989583333333333 0
1679434655467 0.9996527777777777 0
1679434688166 0.8131944444444444 0
1679434702670 0.9621527777777777 0
1679434716956 0.9815972222222222 0
1679434731415 0.9951388888888889 0
1679434745799 0.9979166666666667 0
1679434760530 0.9996527777777777 0
1679434775052 0.9996527777777777 0
1679434789583 0.9996527777777777 0
1679434804245 0.9996527777777777 0
1679434818691 0.9993055555555556 0
