1679432630684 4.465048785088584 0
1679432634566 3.677381524001248 0
1679432638657 3.9149101179791614 0
1679432642619 3.7988210229668766 0
1679432646705 3.910484093008563 0
1679432650574 3.709339509019628 0
1679432654543 3.8089745150646195 0
1679432658488 3.7763673120643944 0
1679432662380 3.728379321983084 0
1679432666543 4.005446477909572 0
1679432685026 4.90361328900326 0
1679432689831 4.636351594002917 0
1679432694837 4.8402681349543855 0
1679432699661 4.652280316106044 0
1679432704717 4.893234767019749 0
1679432709801 4.905140480957925 0
1679432714606 4.638417702051811 0
1679432719623 4.810847358079627 0
1679432724496 4.706889969995245 0
1679432729415 4.743540971074253 0
1679432749769 5.391817164956592 0
1679432755359 5.419434346957132 0
1679432760824 5.301912127994001 0
1679432766185 5.18361993401777 0
1679432771730 5.378447598894127 0
1679432777313 5.423662903951481 0
1679432782992 5.518572803004645 0
1679432788463 5.276578112971038 0
1679432794196 5.557555788080208 0
1679432799643 5.249574912944809 0
1679432819735 6.009057054994628 0
1679432825475 5.573402453912422 0
1679432831407 5.771299741929397 0
1679432837350 5.796363114961423 0
1679432843325 5.802211064030416 0
1679432849254 5.725684455013834 0
1679432855679 6.244018236990087 0
1679432861593 5.741086968919262 0
1679432867590 5.844924724078737 0
1679432873821 6.072663844097406 0
1679432894726 6.328991809044965 0
1679432901303 6.405891326023266 0
1679432907807 6.332450680085458 0
1679432914178 6.203044687048532 0
1679432920997 6.664783216896467 0
1679432927510 6.345474291942082 0
1679432934064 6.39958667405881 0
1679432940734 6.485590026015416 0
1679432947189 6.2759778019972146 0
1679432953584 6.239966660970822 0
1679432975632 7.201787199010141 0
1679432982865 7.065599094959907 0
1679432990335 7.319879826973192 0
1679432997489 6.9855246640508994 0
1679433004675 6.997712714015506 0
1679433011911 7.054413823992945 0
1679433019108 7.037250537076034 0
1679433026120 6.853003997006454 0
1679433033077 6.791179248015396 0
1679433040128 6.882034927955829 0
1679433061706 7.425014159060083 0
1679433069446 7.5698518679710105 0
1679433077124 7.5070018250262365 0
1679433084794 7.489286380936392 0
1679433092051 7.076148550026119 0
1679433099538 7.319684391026385 0
1679433107101 7.399368548998609 0
1679433114749 7.479086584993638 0
1679433122483 7.559765930986032 0
1679433130294 7.641535767936148 0
1679433153286 8.176368906046264 0
1679433161421 7.969182847067714 0
1679433169539 7.951431286986917 0
1679433177826 8.1213789510075 0
1679433185926 7.914003405021504 0
1679433194023 7.925040940055624 0
1679433202356 8.157150004990399 0
1679433210443 7.872322406037711 0
1679433218872 8.243729832931422 0
1679433226655 7.6234693579608575 0
1679433250538 8.459394856006838 0
1679433259199 8.470027175033465 0
1679433268046 8.651980377035215 0
1679433276685 8.477491645957343 0
1679433285368 8.513707119971514 0
1679433294173 8.622307665995322 0
1679433302799 8.459900934947655 0
1679433311351 8.369138224981725 0
1679433320024 8.50780843407847 0
1679433328770 8.587290279916488 0
1679433351498 8.567780651967041 0
1679433360710 9.028067218954675 0
1679433369875 8.99826394894626 0
1679433379079 9.039355313987471 0
1679433388522 9.248291225987487 0
1679433398020 9.314945821999572 0
1679433407428 9.240308432024904 0
1679433416559 8.955631472053938 0
1679433425652 8.905248234979808 0
1679433435015 9.188238946953788 0
1679433460219 9.071028406964615 0
1679433469740 9.348996234009974 0
1679433479258 9.328463752986863 0
1679433489420 9.982970698038116 0
1679433499305 9.705523382988758 0
1679433509021 9.541251796064898 0
1679433518931 9.726978361024521 0
1679433528960 9.845852241036482 0
1679433538781 9.650046271039173 0
1679433548549 9.592309970059432 0
1679433575302 10.363510705996305 0
1679433585679 10.118943303008564 0
1679433595821 9.944631853024475 0
1679433605669 9.6626270939596 0
1679433616530 10.689708066056482 0
1679433627030 10.32731403899379 0
1679433637579 10.358015674981289 0
1679433648036 10.282783255912364 0
1679433658287 10.069030495011248 0
1679433668296 9.812750860932283 0
1679433695426 10.861039308016188 0
1679433706458 10.780380508047529 0
1679433717093 10.359046792029403 0
1679433727952 10.6708006990375 0
1679433737980 9.857191136921756 0
1679433748979 10.839040272985585 0
1679433759973 10.816807049093768 0
1679433770644 10.484207942034118 0
1679433781421 10.591119191027246 0
1679433792218 10.612608016002923 0
1679433820041 11.033744800952263 0
1679433831628 11.389378266991116 0
1679433842899 11.090010082931258 0
1679433853895 10.79345670901239 0
1679433864934 10.858232866041362 0
1679433875859 10.744008067063987 0
1679433887195 11.159894785960205 0
1679433898787 11.404353457968682 0
1679433910242 11.268501034006476 0
1679433921921 11.45902211300563 0
1679433950369 11.602560219005682 0
1679433962187 11.639056521002203 0
1679433974198 11.828910215990618 0
1679433986084 11.71941580506973 0
1679433998102 11.838941382011399 0
1679434009514 11.241422216990031 0
1679434021375 11.676997174043208 0
1679434033669 12.100763858063146 0
1679434045740 11.88438232196495 0
1679434057623 11.67615458497312 0
1679434087231 12.303331802948378 0
1679434099872 12.46927066706121 0
1679434112102 12.03173655597493 0
1679434124373 12.088744914974086 0
1679434136643 12.095013690064661 0
1679434148387 11.554599856957793 0
1679434161222 12.646923001972027 0
1679434173791 12.391598170041107 0
1679434186434 12.449405074003153 0
1679434198566 11.948602330987342 0
1679434229005 13.088390054996125 0
1679434241910 12.66208912502043 0
1679434255066 12.96848871500697 0
1679434267761 12.505102226044983 0
1679434280911 12.940096433041617 0
1679434293869 12.769352328032255 0
1679434306903 12.848861694103107 0
1679434319968 12.879539854009636 0
1679434332961 12.8026074829977 0
1679434345691 12.547489832970314 0
1679434376429 13.20966575795319 0
1679434389727 13.099171811947599 0
1679434403231 13.307745233993046 0
1679434416716 13.315083230962045 0
1679434429812 12.888052061083727 0
1679434443627 13.615811484050937 0
1679434457046 13.219607613049448 0
1679434470243 13.004711715038866 0
1679434483521 13.08611612697132 0
1679434497083 13.370331540005282 0
1679434528944 13.824618224985898 0
1679434542905 13.745299670961685 0
1679434556962 13.797417198074982 0
1679434570885 13.7446581160184 0
1679434584837 13.734129981021397 0
1679434598914 13.878826000029221 0
1679434613181 14.084807873005047 0
1679434627077 13.710247498936951 0
1679434641239 13.978716173092835 0
1679434655488 14.074059132952243 0
1679434688187 14.235811207909137 0
1679434702707 14.310019362019375 0
1679434716983 14.090268013998866 0
1679434731436 14.205717882956378 0
1679434745818 14.189853414078243 0
1679434760561 14.554934010026045 0
1679434775072 14.336884925025515 0
1679434789613 14.32075580698438 0
1679434804270 14.474034592974931 0
1679434818711 14.264571510953829 0
