1671295593380 0.06363066371781032 0
1671295754864 0.007500482882952243 0
1671295917411 0.002727433576015681 0
1671296079153 0.001644441850027361 0
1671296243821 0.002083208175286114 0
1671296501477 0.7866862703291699 0
1671296734093 0.6795738846058957 0
1671296964552 0.6543311648806557 0
1671297194783 0.639439345780469 0
1671297427065 0.6293614259716124 0
1671297699398 0.2918925427122158 0
1671297938315 0.27773063090920913 0
1671298167997 0.2744069205902051 0
1671298397903 0.2720456173348939 0
1671298629021 0.27121853175136496 0
1671298909251 0.1358694094582752 0
1671299139483 0.1301967587858089 0
1671299371216 0.12944413215882378 0
1671299608175 0.1277926896175486 0
1671299844099 0.12790684181515827 0
1671300143872 0.07933567851863335 0
1671300372074 0.07602102394815302 0
1671300601277 0.07564713614388893 0
1671300830613 0.0751900720136473 0
1671301059041 0.07522088085903669 0
1671301370866 0.04970583071370493 0
1671301600139 0.04760534940726939 0
1671301840018 0.04684775524001452 0
1671302071792 0.04692453570585348 0
1671302302276 0.046414692479396766 0
1671302630233 0.03200523823431285 0
1671302859576 0.02977728388772448 0
1671303088182 0.02918354806664138 0
1671303321678 0.029044762690953577 0
1671303550671 0.028692385862326773 0
1671303892585 0.024266183097581235 0
1671304123963 0.02236211654824365 0
1671304367033 0.0220325257918812 0
1671304596873 0.021788295324679893 0
1671304828389 0.021431412951169477 0
1671305186718 0.01872418249852717 0
1671305420541 0.017294682573046883 0
1671305649387 0.017043286259129674 0
1671305881252 0.016787205700828055 0
1671306112836 0.016728953553746578 0
1671306488734 0.016773869353400188 0
1671306721362 0.014669522554034756 0
1671306958784 0.01424891894464963 0
1671307199238 0.014092182441354907 0
1671307433379 0.013989480399414788 0
1671307823865 0.015567415558604808 0
1671308057900 0.014238237018886138 0
1671308292835 0.013674936833438097 0
1671308527870 0.013153735101222083 0
1671308760388 0.013252144240325833 0
1671309167338 0.00942573960004745 0
1671309401046 0.008538326640738433 0
1671309634108 0.008272775350699249 0
1671309869503 0.008130350978084152 0
1671310111800 0.008097829400715 0
1671310535699 0.011389707793170828 0
1671310772439 0.009736248022926247 0
1671311007118 0.009133633871565735 0
1671311241409 0.009387329959323324 0
1671311477263 0.008928703770371612 0
1671311915391 0.01168290449784081 0
1671312152462 0.010024569921935836 0
1671312386840 0.009872967907194493 0
1671312625377 0.009748615313445954 0
1671312862144 0.009585938278812023 0
