1671295593369 0.9789768319211403 0
1671295754854 0.9979007256187535 0
1671295917400 0.9992089690737332 0
1671296079140 0.999482787471287 0
1671296243811 0.9993458782725102 0
1671296501463 0.848375 0
1671296734081 0.8631375 0
1671296964544 0.8671625 0
1671297194771 0.8704 0
1671297427051 0.871925 0
1671297699388 0.9709375 0
1671297938303 0.982525 0
1671298167986 0.984575 0
1671298397893 0.986425 0
1671298629008 0.9874875 0
1671298909241 0.992 0
1671299139472 0.9962125 0
1671299371204 0.9966375 0
1671299608162 0.9974 0
1671299844086 0.9977375 0
1671300143862 0.9963875 0
1671300372064 0.9979875 0
1671300601265 0.998625 0
1671300830602 0.998625 0
1671301059028 0.998825 0
1671301370854 0.996575 0
1671301600127 0.9984125 0
1671301840005 0.9987 0
1671302071781 0.9988125 0
1671302302265 0.9990625 0
1671302630221 0.9965875 0
1671302859564 0.9983625 0
1671303088172 0.9988375 0
1671303321667 0.9989375 0
1671303550660 0.9994 0
1671303892571 0.9977375 0
1671304123953 0.9988375 0
1671304367021 0.9991625 0
1671304596863 0.999125 0
1671304828378 0.9994375 0
1671305186707 0.9981375 0
1671305420529 0.99915 0
1671305649374 0.9994 0
1671305881241 0.9995375 0
1671306112825 0.9995875 0
1671306488722 0.9976 0
1671306721347 0.9987125 0
1671306958774 0.998925 0
1671307199228 0.999175 0
1671307433369 0.9991125 0
1671307823848 0.9975875 0
1671308057894 0.9989125 0
1671308292824 0.9992 0
1671308527858 0.9994 0
1671308760379 0.9993625 0
1671309167330 0.9987875 0
1671309401033 0.9992125 0
1671309634097 0.999475 0
1671309869491 0.9995625 0
1671310111789 0.9996 0
1671310535687 0.9979625 0
1671310772433 0.998925 0
1671311007106 0.9991625 0
1671311241397 0.9991125 0
1671311477248 0.9993 0
1671311915380 0.9980875 0
1671312152450 0.9990375 0
1671312386825 0.9991625 0
1671312625362 0.999175 0
1671312862131 0.999325 0
