1679696364089 58.68344046699349 0
1679696423349 58.931226887973025 0
1679696481933 58.27034934202675 0
1679696540756 58.47391716192942 0
1679696599395 58.29295541392639 0
1679696657718 57.981000634026714 0
1679696716393 58.338175373966806 0
1679696775897 59.174185993964784 0
1679696837119 60.86702173692174 0
1679696896359 58.89966896304395 0
1679696998929 25.381490814033896 0
1679697025798 26.63742378097959 0
1679697051934 25.915947809931822 0
1679697078064 25.908770035021007 0
1679697105013 26.729389373096637 0
1679697131392 26.14136213401798 0
1679697158150 26.520188765018247 0
1679697184662 26.2740627710009 0
1679697211028 26.157136427005753 0
1679697237843 26.590019145049155 0
1679697307765 31.220600267057307 0
1679697339029 31.019211195060052 0
1679697370138 30.871063982951455 0
1679697401507 31.140115584013984 0
1679697433181 31.442846011021174 0
1679697464265 30.854315291973762 0
1679697495247 30.72534527000971 0
1679697526270 30.786671128938906 0
1679697557077 30.582314030034468 0
1679697587833 30.536728720995598 0
1679697663302 35.23085972410627 0
1679697697907 34.377056241966784 0
1679697732727 34.588036988978274 0
1679697768432 35.47286826209165 0
1679697803463 34.8009940199554 0
1679697838900 35.21185195504222 0
1679697874260 35.123168183956295 0
1679697909782 35.28566184209194 0
1679697944846 34.844291049055755 0
1679697979789 34.709449692978524 0
1679698059437 38.503336914931424 0
1679698098591 38.91525317495689 0
1679698137721 38.89694295695517 0
1679698177100 39.13808634597808 0
1679698216319 38.99916987889446 0
1679698255394 38.833581038052216 0
1679698295314 39.67951461602934 0
1679698334475 38.9319967989577 0
1679698372541 37.85360811697319 0
1679698411972 39.21651283791289 0
1679698498143 42.336802804027684 0
1679698540113 41.74062612198759 0
1679698582667 42.31999097298831 0
1679698625453 42.54903981089592 0
1679698668027 42.34099898196291 0
1679698711440 43.177480145939626 0
1679698754520 42.83190111105796 0
1679698796688 41.929476507008076 0
1679698840180 43.26834937708918 0
1679698882542 42.11072243703529 0
1679698974311 47.03746662393678 0
1679699021477 46.92849780304823 0
1679699068404 46.69509675097652 0
1679699115489 46.83867123094387 0
1679699162390 46.67274266202003 0
1679699209106 46.476977707934566 0
1679699255374 46.03666087402962 0
1679699301418 45.805576199898496 0
1679699348855 47.193183704977855 0
1679699396050 46.9292884550523 0
1679699492517 49.82877022691537 0
1679699541909 49.137580865994096 0
1679699592069 49.9172284649685 0
1679699643890 51.56661936303135 0
1679699695146 51.00935553503223 0
1679699744770 49.38208892697003 0
1679699794898 49.88793004897889 0
1679699845787 50.64511289494112 0
1679699896310 50.294210624997504 0
1679699946613 50.05929754197132 0
1679700048780 53.847143591963686 0
1679700102293 53.25100586202461 0
1679700156881 54.34026219591033 0
1679700211369 54.25397011102177 0
1679700265293 53.67625496396795 0
1679700319508 53.97498327202629 0
1679700373731 53.946262473007664 0
1679700427971 53.993151456001215 0
1679700482014 53.78629581700079 0
1679700536311 54.04919632500969 0
1679700652411 57.07446717307903 0
1679700710735 58.06558884889819 0
1679700769358 58.371320987003855 0
1679700826869 57.27055480494164 0
1679700884031 56.90587234601844 0
1679700941224 56.93977417703718 0
1679700997946 56.48185978108086 0
1679701056267 58.046583926072344 0
1679701114192 57.674066381994635 0
1679701172327 57.88902026694268 0
1679701285769 61.448492969037034 0
1679701347768 61.72295386600308 0
1679701408854 60.83857388899196 0
1679701470518 61.41335527598858 0
1679701532442 61.669290421996266 0
1679701593452 60.748580695013516 0
1679701654732 61.00724567810539 0
1679701716169 61.192287306068465 0
1679701778029 61.59631336503662 0
1679701839478 61.18460320692975 0
1679701958323 65.04591347207315 0
1679702022985 64.3853306589881 0
1679702088004 64.7647061740281 0
1679702153154 64.88452014094219 0
1679702218989 65.54678485007025 0
1679702283807 64.5459577110596 0
1679702348424 64.35856706602499 0
1679702412688 64.00651672296226 0
1679702478368 65.41095944494009 0
1679702542538 63.91018276801333 0
1679702665891 68.45625530101825 0
1679702734344 68.19258020899724 0
1679702802140 67.53173405397683 0
1679702870615 68.20860185904894 0
1679702938025 67.143730724114 0
1679703006614 68.31996096402872 0
1679703074874 67.98190659203101 0
1679703143095 67.9546829550527 0
1679703211865 68.46982735593338 0
1679703280250 68.11580026592128 0
1679703409384 71.77488591102883 0
1679703481692 72.02252820099238 0
1679703553956 71.99332705605775 0
1679703625977 71.75149363500532 0
1679703698637 72.39367820892949 0
1679703770841 71.93914810905699 0
1679703843821 72.70759023702703 0
1679703916128 72.0208981919568 0
1679703988780 72.37437283399049 0
1679704060331 71.26898181496654 0
1679704195153 75.66781386197545 0
1679704269806 74.38927041797433 0
1679704344800 74.74112544301897 0
1679704420690 75.60799906996544 0
1679704495959 74.99628844601102 0
1679704570339 74.09669102006592 0
1679704647228 76.63469352503307 0
1679704722719 75.20182327495422 0
1679704797722 74.72558609198313 0
1679704872217 74.21940597193316 0
1679705012538 78.59729255200364 0
1679705092537 79.71605409996118 0
1679705171239 78.42970350000542 0
1679705250301 78.78631674102508 0
1679705329182 78.59109614300542 0
1679705408213 78.74675646901596 0
1679705487514 79.02024870703463 0
1679705567794 79.97749323002063 0
1679705645780 77.66876398399472 0
1679705724627 78.58274379104842 0
1679705871524 82.27061022398993 0
1679705954280 82.44381458195858 0
1679706037255 82.69669118407182 0
1679706120047 82.48152446502354 0
1679706202795 82.43085946398787 0
1679706285928 82.84762221598066 0
1679706368328 82.11580109689385 0
1679706451179 82.56676347902976 0
1679706534454 82.99273750500288 0
1679706616546 81.82603634695988 0
1679706766907 84.87296384805813 0
1679706853250 86.05923733103555 0
1679706939783 86.24241179204546 0
1679707025379 85.28764964290895 0
1679707112119 86.48344708501827 0
1679707198064 85.65891405194998 0
1679707283455 85.11516910698265 0
1679707368228 84.47182262106799 0
1679707454914 86.40274197002873 0
1679707540785 85.5765871090116 0
1679707697877 89.34164096496534 0
1679707787367 89.20154309005011 0
1679707877367 89.69305373099633 0
1679707966999 89.33648486400489 0
1679708056800 89.49566358199809 0
1679708145579 88.4881720939884 0
1679708235589 89.72389927704353 0
1679708325661 89.76190160599072 0
1679708415506 89.54511001997162 0
1679708504724 88.91323142498732 0
1679708668096 93.14935840596445 0
1679708761751 93.35128392698243 0
1679708854793 92.75024919805583 0
1679708948794 93.69294387800619 0
1679709042366 93.26452352199703 0
1679709135061 92.37226735102013 0
1679709228077 92.70924956200179 0
1679709321565 93.18024872906972 0
1679709414235 92.37784935999662 0
1679709508654 94.1160257050069 0
