1679696364078 0.07728451635246204 0
1679696423344 0.005533399864843612 0
1679696481927 0.0019323508453384466 0
1679696540748 0.0012409856292177647 0
1679696599388 0.0012347347326745397 0
1679696657713 0.0006929563946293536 0
1679696716387 0.0006434995555996789 0
1679696775889 0.00035761840441593935 0
1679696837109 0.0001836573963101571 0
1679696896353 0.0001867496832432783 0
1679696998918 0.2589127203553915 0
1679697025793 0.03408583463374525 0
1679697051928 0.01317833601841703 0
1679697078058 0.007055961624253542 0
1679697105004 0.0043280097794253375 0
1679697131381 0.004286242493148893 0
1679697158138 0.003352310572681017 0
1679697184653 0.0023323765045730398 0
1679697211022 0.002854846058576368 0
1679697237833 0.0015129673790186644 0
1679697307760 0.5588305329352617 0
1679697339022 0.07503838137462736 0
1679697370131 0.03295166541133076 0
1679697401499 0.015562484335899353 0
1679697433175 0.010808967950940131 0
1679697464255 0.009641773355193436 0
1679697495229 0.00903034245716408 0
1679697526259 0.005395122648403049 0
1679697557065 0.004986129474360496 0
1679697587827 0.005655844385549426 0
1679697663292 0.7161126484155655 0
1679697697902 0.05524101053625345 0
1679697732717 0.025054790527001023 0
1679697768425 0.0162668434958905 0
1679697803454 0.012407751394435763 0
1679697838888 0.008997318209894002 0
1679697874247 0.008991580542735755 0
1679697909776 0.006268332199007273 0
1679697944837 0.004857981606945396 0
1679697979779 0.004371237980946898 0
1679698059430 0.738770034584403 0
1679698098583 0.07659959416240454 0
1679698137715 0.03650428264774382 0
1679698177094 0.022239001263305545 0
1679698216310 0.019073006240651013 0
1679698255386 0.01554630459882319 0
1679698295308 0.015614093720912933 0
1679698334470 0.014945722134038806 0
1679698372530 0.012890727056190371 0
1679698411963 0.012732024749740958 0
1679698498134 0.7719215371817351 0
1679698540104 0.08700739754289388 0
1679698582656 0.05099534692019224 0
1679698625444 0.03595833631157875 0
1679698668021 0.028041531664133073 0
1679698711432 0.021019363549351692 0
1679698754512 0.021440961433947088 0
1679698796680 0.019684677243232727 0
1679698840172 0.02014995640516281 0
1679698882535 0.019015125304460527 0
1679698974304 0.7847398179233074 0
1679699021465 0.1116800432741642 0
1679699068396 0.06961922498345376 0
1679699115483 0.05359889476299286 0
1679699162383 0.044799743303656575 0
1679699209099 0.03926000128090382 0
1679699255367 0.034498941284418105 0
1679699301411 0.0315646214723587 0
1679699348844 0.030406259348988534 0
1679699396039 0.02933513749539852 0
1679699492508 0.8841432471752166 0
1679699541901 0.20054334884881972 0
1679699592062 0.13631859011650085 0
1679699643879 0.1162984490275383 0
1679699695135 0.10445490531921386 0
1679699744762 0.09596467192173004 0
1679699794891 0.08987784252166749 0
1679699845773 0.09247967013120652 0
1679699896304 0.08637530875205994 0
1679699946606 0.07999211237430573 0
1679700048768 0.9844146311283112 0
1679700102284 0.30580665452480316 0
1679700156871 0.22584343457221984 0
1679700211360 0.2065660252571106 0
1679700265286 0.18297302420139314 0
1679700319496 0.17134740896224976 0
1679700373719 0.16193780826330184 0
1679700427964 0.1475634407043457 0
1679700482004 0.13546765654087067 0
1679700536303 0.12291927770376206 0
1679700652403 1.0435624178171157 0
1679700710723 0.3690404715538025 0
1679700769350 0.28015138945579526 0
1679700826861 0.25409101023674013 0
1679700884023 0.23110599603652954 0
1679700941217 0.21701107497215272 0
1679700997936 0.2037981693983078 0
1679701056257 0.19397981030941008 0
1679701114184 0.19438670973777772 0
1679701172317 0.1976381313562393 0
1679701285759 1.255743221616745 0
1679701347759 0.5984621089458465 0
1679701408847 0.4807386372566223 0
1679701470510 0.438272537612915 0
1679701532434 0.42629901142120363 0
1679701593443 0.4397124691486359 0
1679701654717 0.4060474959373474 0
1679701716157 0.3759213712692261 0
1679701778020 0.35961743931770324 0
1679701839467 0.34035158009529115 0
1679701958304 1.4540207032203674 0
1679702022970 0.7448234312057496 0
1679702087996 0.6312056102752686 0
1679702153146 0.5780233745574951 0
1679702218976 0.5681291214466095 0
1679702283794 0.5646787466526032 0
1679702348414 0.5388233127593994 0
1679702412673 0.5464259649276734 0
1679702478354 0.535232328414917 0
1679702542528 0.5061773622512817 0
1679702665876 1.777511236667633 0
1679702734335 1.1114124201774598 0
1679702802130 1.0028108194351197 0
1679702870607 0.9320530115127563 0
1679702938015 0.9196192507743836 0
1679703006599 0.9148421448707581 0
1679703074861 0.8514641635894775 0
1679703143085 0.9045771443367004 0
1679703211852 0.8906800224304199 0
1679703280232 0.909344563961029 0
1679703409370 2.4156485651016237 0
1679703481680 1.7347478633880615 0
1679703553948 1.6698354093551635 0
1679703625969 1.6819905866622924 0
1679703698629 1.607437353515625 0
1679703770833 1.6536688369750976 0
1679703843805 1.6691303516387939 0
1679703916115 1.5866503314971925 0
1679703988766 1.6072699024200439 0
1679704060311 1.5542636533737182 0
1679704195144 3.472673070526123 0
1679704269795 2.9927578853607177 0
1679704344791 2.969308168411255 0
1679704420680 2.96309435005188 0
1679704495944 2.9550454837799074 0
1679704570322 2.942847352218628 0
1679704647220 2.9681450298309326 0
1679704722703 2.8936914096832274 0
1679704797714 2.8913466064453126 0
1679704872202 2.9516671855926515 0
1679705012529 4.868632622909546 0
1679705092522 4.536083976364136 0
1679705171231 4.516671242523193 0
1679705250288 4.492903952407837 0
1679705329168 4.492368386459351 0
1679705408195 4.476372853088379 0
1679705487505 4.466962749099731 0
1679705567781 4.4812253547668455 0
1679705645765 4.475678234863281 0
1679705724618 4.480112702560425 0
1679705871515 6.225065050506592 0
1679705954261 5.993421694946289 0
1679706037246 5.968673118591308 0
1679706120036 5.951444745635986 0
1679706202784 5.929222830963135 0
1679706285911 5.982802001953125 0
1679706368318 5.934253628540039 0
1679706451164 5.956864775848389 0
1679706534445 5.910811384582519 0
1679706616535 5.924575087738037 0
1679706766888 8.033214946746826 0
1679706853240 7.719516036987304 0
1679706939771 7.684386727142334 0
1679707025370 7.642329925537109 0
1679707112110 7.608138584136963 0
1679707198055 7.537230287933349 0
1679707283446 7.506205354309082 0
1679707368219 7.47000524520874 0
1679707454905 7.45300373916626 0
1679707540767 7.379599575042724 0
1679707697868 9.649494566345215 0
1679707787358 9.535334663391113 0
1679707877354 9.506727287292481 0
1679707966990 9.486916540527345 0
1679708056790 9.450238410949707 0
1679708145570 9.451294323730469 0
1679708235572 9.42475235595703 0
1679708325651 9.433357720947265 0
1679708415495 9.39199808807373 0
1679708504714 9.342761637878418 0
1679708668078 10.930308813476563 0
1679708761742 10.738055982971192 0
1679708854781 10.713352926635743 0
1679708948783 10.735059594726563 0
1679709042345 10.7068407623291 0
1679709135037 10.702284463500977 0
1679709228063 10.695913212585449 0
1679709321546 10.68061577911377 0
1679709414225 10.662708996582031 0
1679709508640 10.643500744628906 0
