1671443965433 0.06363066371781032 0
1671444144918 0.007500482882952243 0
1671444323506 0.002727433576015681 0
1671444503777 0.001644441850027361 0
1671444688801 0.002083208175286114 0
1671444969646 0.7866862703291699 0
1671445218396 0.6795738846058957 0
1671445469886 0.6543311648806557 0
1671445721993 0.639439345780469 0
1671445971777 0.6293614259716124 0
1671446265090 0.2918925427122158 0
1671446524219 0.27773063090920913 0
1671446769736 0.2744069205902051 0
1671447016553 0.2720456173348939 0
1671447262906 0.27121853175136496 0
1671447560511 0.1358694094582752 0
1671447805348 0.1301967587858089 0
1671448052826 0.12944413215882378 0
1671448319036 0.1277926896175486 0
1671448562547 0.12790684181515827 0
1671448871738 0.07933567851863335 0
1671449112738 0.07602102394815302 0
1671449355504 0.07564713614388893 0
1671449600248 0.0751900720136473 0
1671449842691 0.07522088085903669 0
1671450165954 0.04970583071370493 0
1671450424053 0.04760534940726939 0
1671450680126 0.04684775524001452 0
1671450921287 0.04692453570585348 0
1671451164869 0.046414692479396766 0
1671451504840 0.03200523823431285 0
1671451746750 0.02977728388772448 0
1671451990635 0.02918354806664138 0
1671452232284 0.029044762690953577 0
1671452476436 0.028692385862326773 0
1671452838897 0.024266183097581235 0
1671453103314 0.02236211654824365 0
1671453343655 0.0220325257918812 0
1671453587607 0.021788295324679893 0
1671453832178 0.021431412951169477 0
1671454201195 0.01872418249852717 0
1671454445123 0.017294682573046883 0
1671454689484 0.017043286259129674 0
1671454935758 0.016787205700828055 0
1671455180623 0.016728953553746578 0
1671455565221 0.016773869353400188 0
1671455836928 0.014669522554034756 0
1671456084885 0.01424891894464963 0
1671456329242 0.014092182441354907 0
1671456577368 0.013989480399414788 0
1671456979224 0.015567415558604808 0
1671457224693 0.014238237018886138 0
1671457470169 0.013674936833438097 0
1671457716746 0.013153735101222083 0
1671457962982 0.013252144240325833 0
1671458379602 0.00942573960004745 0
1671458626134 0.008538326640738433 0
1671458895091 0.008272775350699249 0
1671459147921 0.008130350978084152 0
1671459395487 0.008097829400715 0
1671459829756 0.011389707793170828 0
1671460077279 0.009736248022926247 0
1671460326150 0.009133633871565735 0
1671460574761 0.009387329959323324 0
1671460825259 0.008928703770371612 0
1671461274194 0.01168290449784081 0
1671461524976 0.010024569921935836 0
1671461775512 0.009872967907194493 0
1671462032842 0.009748615313445954 0
1671462300485 0.009585938278812023 0
1671462768041 0.008762758434709781 0
1671463019834 0.007475184381122006 0
1671463269974 0.00797067684228648 0
1671463520738 0.007404783648559033 0
1671463771321 0.007207291810395646 0
1671464253904 0.008044188440984158 0
1671464504233 0.006906606824008122 0
1671464755935 0.006662253987237705 0
1671465006571 0.006629382861856698 0
1671465257744 0.006372707024012356 0
1671465776517 0.006781845320767502 0
1671466026885 0.005924038700223605 0
1671466279032 0.005534488190451725 0
1671466531396 0.005469815853828436 0
1671466782240 0.005372260909029592 0
1671467296110 0.008583640145681557 0
1671467547947 0.007098207506257495 0
1671467798669 0.007001010063263891 0
1671468050098 0.00658190695029191 0
1671468300465 0.006330498319566402 0
1671468828952 0.007324617904041019 0
1671469080950 0.006038102273130107 0
1671469340512 0.005562041872298266 0
1671469610807 0.005450275564549429 0
1671469864274 0.005366124371165028 0
1671470410683 0.010390291950943492 0
1671470665508 0.009394835358169644 0
1671470918135 0.008948400067479668 0
1671471171644 0.008550880708608077 0
1671471424414 0.008423129170973312 0
