1671443965422 0.9789768319211403 0
1671444144907 0.9979007256187535 0
1671444323495 0.9992089690737332 0
1671444503763 0.999482787471287 0
1671444688790 0.9993458782725102 0
1671444969640 0.848375 0
1671445218386 0.8631375 0
1671445469879 0.8671625 0
1671445721982 0.8704 0
1671445971767 0.871925 0
1671446265080 0.9709375 0
1671446524205 0.982525 0
1671446769723 0.984575 0
1671447016542 0.986425 0
1671447262896 0.9874875 0
1671447560500 0.992 0
1671447805337 0.9962125 0
1671448052815 0.9966375 0
1671448319025 0.9974 0
1671448562535 0.9977375 0
1671448871726 0.9963875 0
1671449112727 0.9979875 0
1671449355494 0.998625 0
1671449600236 0.998625 0
1671449842680 0.998825 0
1671450165942 0.996575 0
1671450424041 0.9984125 0
1671450680115 0.9987 0
1671450921279 0.9988125 0
1671451164855 0.9990625 0
1671451504829 0.9965875 0
1671451746737 0.9983625 0
1671451990625 0.9988375 0
1671452232270 0.9989375 0
1671452476423 0.9994 0
1671452838889 0.9977375 0
1671453103304 0.9988375 0
1671453343645 0.9991625 0
1671453587594 0.999125 0
1671453832163 0.9994375 0
1671454201181 0.9981375 0
1671454445113 0.99915 0
1671454689473 0.9994 0
1671454935740 0.9995375 0
1671455180610 0.9995875 0
1671455565205 0.9976 0
1671455836917 0.9987125 0
1671456084872 0.998925 0
1671456329231 0.999175 0
1671456577356 0.9991125 0
1671456979210 0.9975875 0
1671457224681 0.9989125 0
1671457470158 0.9992 0
1671457716735 0.9994 0
1671457962971 0.9993625 0
1671458379592 0.9987875 0
1671458626123 0.9992125 0
1671458895080 0.999475 0
1671459147908 0.9995625 0
1671459395476 0.9996 0
1671459829746 0.9979625 0
1671460077267 0.998925 0
1671460326138 0.9991625 0
1671460574749 0.9991125 0
1671460825247 0.9993 0
1671461274181 0.9980875 0
1671461524962 0.9990375 0
1671461775500 0.9991625 0
1671462032831 0.999175 0
1671462300471 0.999325 0
1671462768030 0.998575 0
1671463019821 0.999425 0
1671463269958 0.99925 0
1671463520726 0.99945 0
1671463771309 0.9994375 0
1671464253887 0.9985625 0
1671464504217 0.9991375 0
1671464755922 0.9994 0
1671465006556 0.9993625 0
1671465257738 0.9995125 0
1671465776505 0.9987375 0
1671466026870 0.9992625 0
1671466279021 0.9994125 0
1671466531380 0.99945 0
1671466782225 0.9994875 0
1671467296094 0.998425 0
1671467547939 0.9992 0
1671467798659 0.9993625 0
1671468050091 0.9994625 0
1671468300453 0.999575 0
1671468828939 0.9985375 0
1671469080938 0.9990125 0
1671469340503 0.9992375 0
1671469610788 0.9993125 0
1671469864262 0.9994 0
1671470410665 0.9980375 0
1671470665496 0.9988375 0
1671470918123 0.999 0
1671471171632 0.9993125 0
1671471424399 0.999425 0
