1679977462231 0.7647616788744926 0
1679977466376 0.12016301602125168 0
1679977470454 0.05387783604824255 0
1679977474477 0.024512271547029094 0
1679977478597 0.011353837570265656 0
1679977482650 0.008960151305091717 0
1679977486857 0.0062061590461751385 0
1679977491043 0.004588879365098452 0
1679977495208 0.00478978515058125 0
1679977499331 0.004477503416579097 0
1679977526623 1.200645459275092 0
1679977531138 0.3327788876429681 0
1679977535690 0.11399432217642184 0
1679977540237 0.048113373153272174 0
1679977544752 0.024299742699029944 0
1679977549189 0.01390025187133541 0
1679977553715 0.012499329273498828 0
1679977558255 0.008328399470736903 0
1679977562735 0.0063002614882744605 0
1679977567399 0.008999296372020316 0
1679977593938 1.4743517021979056 0
1679977598705 0.42354086401962465 0
1679977603427 0.15380979257245217 0
1679977608169 0.06570416286347373 0
1679977612795 0.03124151049902843 0
1679977617553 0.02127299145344765 0
1679977622197 0.01709694324451829 0
1679977626906 0.010571119841188192 0
1679977631509 0.007964675145734462 0
1679977636215 0.006460702106837303 0
1679977664688 1.5873034433011086 0
1679977669505 0.4758578341814779 0
1679977674181 0.15397603305116778 0
1679977678989 0.06091099016128048 0
1679977683855 0.033378384481634826 0
1679977688672 0.022251799627537688 0
1679977693476 0.01267819703676768 0
1679977698278 0.011070050464402284 0
1679977703185 0.010257876418050258 0
1679977708031 0.008496778673537436 0
1679977737938 1.711221791082813 0
1679977742935 0.5621363679247517 0
1679977748029 0.18464575755980708 0
1679977753040 0.07166001275782624 0
1679977758047 0.03745964867994189 0
1679977763170 0.021450043761081273 0
1679977768109 0.01762376542413427 0
1679977773096 0.011442001210525632 0
1679977778041 0.009489464397061496 0
1679977783045 0.008073399710889545 0
1679977814661 1.7800317127858438 0
1679977819805 0.5320726700367466 0
1679977824828 0.18047889994998131 0
1679977829825 0.07138957071208185 0
1679977834713 0.03267365405636449 0
1679977839815 0.019241570374898372 0
1679977844889 0.014299389951291585 0
1679977850157 0.013196040042525819 0
1679977855252 0.009168866942937096 0
1679977860297 0.008485610931060247 0
1679977893645 1.8385598361492157 0
1679977898901 0.5871430332622221 0
1679977904113 0.18637881752464078 0
1679977909461 0.06899271031180697 0
1679977914650 0.03266276201353439 0
1679977919773 0.020393896592600692 0
1679977925072 0.015405456107410212 0
1679977930288 0.010386249993086582 0
1679977935572 0.009063670329088646 0
1679977940953 0.007621055720524202 0
1679977976464 1.833664236530181 0
1679977981788 0.6108204746438611 0
1679977987278 0.18933630644554092 0
1679977992674 0.071771209218329 0
1679977998075 0.03694977118603645 0
1679978003489 0.020980135597769293 0
1679978008814 0.018322707521879384 0
1679978014197 0.014057105076649496 0
1679978019452 0.011156266371178771 0
1679978024759 0.00886714017777253 0
1679978062040 1.8739983420218191 0
1679978067670 0.6325282353547311 0
1679978073253 0.18884104346075364 0
1679978078669 0.07382033831409869 0
1679978084259 0.038322499622741056 0
1679978089803 0.023344873570867123 0
1679978095328 0.016364488412716215 0
1679978100733 0.013261279684581583 0
1679978106311 0.010486634065126699 0
1679978111860 0.008564559299679052 0
1679978151136 1.920245175400088 0
1679978156752 0.6350827221908877 0
1679978162318 0.1898989497173217 0
1679978167811 0.062179253316454346 0
1679978173655 0.03837287113551171 0
1679978179298 0.02217455092637289 0
1679978184828 0.015119718575489617 0
1679978190410 0.01133361627017298 0
1679978196089 0.010898134130383692 0
1679978201631 0.008968686771338745 0
1679978242886 1.8939548538577171 0
1679978248541 0.6151130665694514 0
1679978254378 0.1914896961421736 0
1679978260067 0.06832653094804095 0
1679978265889 0.03586413703798767 0
1679978271700 0.023675424993158348 0
1679978277392 0.01623787291558279 0
1679978283077 0.012793581331929853 0
1679978288761 0.011140249932425158 0
1679978294621 0.009994247271078489 0
1679978338175 1.9391988362035444 0
1679978344160 0.6275064180935582 0
1679978350044 0.1943098063911161 0
1679978355839 0.06876938204250989 0
1679978361649 0.03281003118102108 0
1679978367541 0.022359301261002978 0
1679978373479 0.01611421862617135 0
1679978379218 0.013053455029524142 0
1679978385073 0.010255041723740437 0
1679978390762 0.009976236303637346 0
1679978436318 1.935539957015745 0
1679978442370 0.6375926545550746 0
1679978448498 0.20602132223786845 0
1679978454509 0.06593484966264616 0
1679978460409 0.03356112095136796 0
1679978466622 0.02234010613944021 0
1679978472592 0.01834022886900892 0
1679978478633 0.011642712160884854 0
1679978484646 0.010009965480064912 0
1679978490606 0.008487654992589546 0
1679978538384 1.9305984454770242 0
1679978544662 0.6202685659931552 0
1679978550679 0.19962141530648356 0
1679978556755 0.06573604140430689 0
1679978562749 0.03804812464682806 0
1679978568816 0.02097441337161487 0
1679978574867 0.01633602298886305 0
1679978580984 0.012750252863512404 0
1679978587221 0.009972904951521946 0
1679978593232 0.007739064339998989 0
1679978643094 1.9396747062283177 0
1679978649272 0.6264510765191047 0
1679978655479 0.20962639285191412 0
1679978661682 0.06921600382174214 0
1679978667889 0.03853558772994626 0
1679978674084 0.02298399748941583 0
1679978680167 0.016973242208722136 0
1679978686463 0.013711139837640428 0
1679978692735 0.009720312063432029 0
1679978698958 0.009604430896410297 0
1679978750715 1.9492485513610225 0
1679978756971 0.6258372097246109 0
1679978763159 0.18775399509937532 0
1679978769566 0.06907196445090155 0
1679978776053 0.03299757147267941 0
1679978782402 0.018921103043061112 0
1679978788817 0.015498202023727278 0
1679978795250 0.011334889035131182 0
1679978801658 0.010789382936162573 0
1679978807888 0.008543167556185395 0
