1679977462236 3.9881505121011287 0
1679977466382 3.8699305541813374 0
1679977470461 3.8005009500775486 0
1679977474489 3.7322028009220958 0
1679977478608 3.8226321369875222 0
1679977482657 3.7587697978597134 0
1679977486868 3.9129106989130378 0
1679977491049 3.895723334979266 0
1679977495218 3.8754370270762593 0
1679977499339 3.8408999969251454 0
1679977526634 4.303199240937829 0
1679977531153 4.1734130850527436 0
1679977535702 4.198367895092815 0
1679977540250 4.207604333991185 0
1679977544759 4.163426415063441 0
1679977549197 4.106199938105419 0
1679977553721 4.18736593099311 0
1679977558263 4.209500685101375 0
1679977562746 4.135831379098818 0
1679977567416 4.320782338036224 0
1679977593949 4.443963665049523 0
1679977598713 4.40437098685652 0
1679977603435 4.355045970994979 0
1679977608180 4.374327884055674 0
1679977612803 4.256568335928023 0
1679977617563 4.39905677200295 0
1679977622208 4.272635980974883 0
1679977626919 4.334607732016593 0
1679977631519 4.225046511972323 0
1679977636226 4.338998666964471 0
1679977664700 4.725295332958922 0
1679977669514 4.43114385381341 0
1679977674188 4.29318179981783 0
1679977678997 4.421023763017729 0
1679977683864 4.4788533800747246 0
1679977688683 4.442713406868279 0
1679977693487 4.406900482950732 0
1679977698296 4.404638777021319 0
1679977703190 4.515680422075093 0
1679977708043 4.456025402061641 0
1679977737952 4.5820327831897885 0
1679977742945 4.572731188032776 0
1679977748039 4.657752638915554 0
1679977753047 4.595759921940044 0
1679977758058 4.585390875115991 0
1679977763177 4.701088391011581 0
1679977768121 4.513478940119967 0
1679977773107 4.567586765857413 0
1679977778055 4.533375833183527 0
1679977783059 4.584582963958383 0
1679977814678 4.64707964588888 0
1679977819818 4.689917808165774 0
1679977824834 4.5784394959919155 0
1679977829833 4.535959040978923 0
1679977834725 4.434544590068981 0
1679977839828 4.655560604995117 0
1679977844906 4.623128715204075 0
1679977850171 4.818233437137678 0
1679977855260 4.651086742989719 0
1679977860309 4.588475332129747 0
1679977893664 4.700267842039466 0
1679977898909 4.781728957081214 0
1679977904121 4.729158062953502 0
1679977909470 4.85940061789006 0
1679977914658 4.720024954061955 0
1679977919792 4.65104051399976 0
1679977925080 4.82554233004339 0
1679977930295 4.749641785165295 0
1679977935585 4.811755059985444 0
1679977940959 4.901796059915796 0
1679977976483 4.853585416916758 0
1679977981806 4.787302223965526 0
1679977987290 4.966213214211166 0
1679977992687 4.914569089887664 0
1679977998093 4.897266576997936 0
1679978003499 4.908835964975879 0
1679978008821 4.825182751053944 0
1679978014204 4.889957011910155 0
1679978019467 4.750341451028362 0
1679978024766 4.8159448250662535 0
1679978062055 5.002119486918673 0
1679978067678 5.090936760185286 0
1679978073265 5.064138783840463 0
1679978078681 4.884242580970749 0
1679978084275 5.048314680112526 0
1679978089814 5.002691725036129 0
1679978095338 5.0160935271997005 0
1679978100745 4.885897180065513 0
1679978106332 5.035612478852272 0
1679978111878 5.008692643139511 0
1679978151144 5.034403186989948 0
1679978156760 5.077279484132305 0
1679978162331 5.017639801139012 0
1679978167818 4.944058952853084 0
1679978173662 5.30441880505532 0
1679978179311 5.105827712919563 0
1679978184837 4.982858513016254 0
1679978190429 5.007554874988273 0
1679978196102 5.116677409037948 0
1679978201647 4.98259194009006 0
1679978242895 5.117695938097313 0
1679978248548 5.088202249025926 0
1679978254393 5.268962577916682 0
1679978260079 5.103508014930412 0
1679978265897 5.246344431070611 0
1679978271709 5.241216663969681 0
1679978277415 5.12038699304685 0
1679978283094 5.107160598039627 0
1679978288774 5.0769979420583695 0
1679978294637 5.282512834994122 0
1679978338184 5.247729201102629 0
1679978344172 5.368834603112191 0
1679978350056 5.256476287031546 0
1679978355852 5.175765261054039 0
1679978361656 5.212727969046682 0
1679978367556 5.305144960060716 0
1679978373495 5.330041024833918 0
1679978379233 5.12059464585036 0
1679978385081 5.273200210882351 0
1679978390771 5.096467282855883 0
1679978436333 5.326705183135346 0
1679978442381 5.409084554063156 0
1679978448508 5.491636390099302 0
1679978454527 5.384281743085012 0
1679978460422 5.2599605969153345 0
1679978466635 5.577665435150266 0
1679978472600 5.340118256164715 0
1679978478642 5.411272092955187 0
1679978484654 5.371270455187187 0
1679978490620 5.337674160022289 0
1679978538404 5.507731287973002 0
1679978544674 5.597682845080271 0
1679978550688 5.352649268927053 0
1679978556764 5.415515895932913 0
1679978562771 5.318738400936127 0
1679978568828 5.375057333847508 0
1679978574881 5.3792037749662995 0
1679978580993 5.451308005023748 0
1679978587229 5.570539195090532 0
1679978593247 5.354231934994459 0
1679978643120 5.49975754506886 0
1679978649291 5.481748858001083 0
1679978655487 5.522041255841032 0
1679978661691 5.5244030598551035 0
1679978667910 5.504705347120762 0
1679978674094 5.483942511957139 0
1679978680175 5.404548935126513 0
1679978686481 5.609565353952348 0
1679978692745 5.585546840913594 0
1679978698972 5.50297277001664 0
1679978750728 5.561192478053272 0
1679978756980 5.557380348909646 0
1679978763168 5.485199151095003 0
1679978769575 5.706439130939543 0
1679978776068 5.750104515114799 0
1679978782420 5.649407170014456 0
1679978788827 5.699047653004527 0
1679978795264 5.732977581908926 0
1679978801670 5.697467243066058 0
1679978807898 5.501835193950683 0
