1679977462224 0.7525201612903226 0
1679977466366 0.9712701612903226 0
1679977470442 0.9884072580645161 0
1679977474458 0.9974798387096774 0
1679977478579 1.0 0
1679977482640 0.9994959677419355 0
1679977486846 1.0 0
1679977491033 1.0 0
1679977495190 1.0 0
1679977499320 1.0 0
1679977526605 0.59375 0
1679977531126 0.9027217741935484 0
1679977535672 0.9813508064516129 0
1679977540216 0.9964717741935484 0
1679977544741 1.0 0
1679977549176 1.0 0
1679977553704 0.9994959677419355 0
1679977558244 1.0 0
1679977562716 1.0 0
1679977567380 1.0 0
1679977593918 0.530241935483871 0
1679977598693 0.8825604838709677 0
1679977603415 0.96875 0
1679977608151 0.9914314516129032 0
1679977612783 0.9994959677419355 0
1679977617540 0.9984879032258065 0
1679977622181 0.9994959677419355 0
1679977626895 1.0 0
1679977631494 1.0 0
1679977636196 1.0 0
1679977664668 0.4944556451612903 0
1679977669492 0.8679435483870968 0
1679977674169 0.9747983870967742 0
1679977678978 0.9949596774193549 0
1679977683844 0.9994959677419355 0
1679977688654 0.998991935483871 0
1679977693457 1.0 0
1679977698258 1.0 0
1679977703178 0.9994959677419355 0
1679977708018 1.0 0
1679977737925 0.4485887096774194 0
1679977742922 0.8316532258064516 0
1679977748012 0.9652217741935484 0
1679977753029 0.9949596774193549 0
1679977758028 0.9974798387096774 0
1679977763160 0.9994959677419355 0
1679977768088 0.9994959677419355 0
1679977773077 0.9994959677419355 0
1679977778023 1.0 0
1679977783032 1.0 0
1679977814648 0.4309475806451613 0
1679977819792 0.8523185483870968 0
1679977824821 0.96875 0
1679977829813 0.9944556451612904 0
1679977834696 0.9994959677419355 0
1679977839797 1.0 0
1679977844870 0.9994959677419355 0
1679977850145 0.9994959677419355 0
1679977855239 1.0 0
1679977860276 1.0 0
1679977893627 0.4158266129032258 0
1679977898891 0.8371975806451613 0
1679977904102 0.96875 0
1679977909448 0.9944556451612904 0
1679977914642 0.9994959677419355 0
1679977919762 1.0 0
1679977925065 0.9994959677419355 0
1679977930279 1.0 0
1679977935560 1.0 0
1679977940941 1.0 0
1679977976453 0.42439516129032256 0
1679977981767 0.8331653225806451 0
1679977987256 0.9747983870967742 0
1679977992653 0.9949596774193549 0
1679977998065 0.998991935483871 0
1679978003480 1.0 0
1679978008806 0.9984879032258065 0
1679978014185 0.998991935483871 0
1679978019433 1.0 0
1679978024752 1.0 0
1679978062027 0.40524193548387094 0
1679978067658 0.8261088709677419 0
1679978073231 0.9742943548387096 0
1679978078650 0.9954637096774194 0
1679978084245 0.9984879032258065 0
1679978089786 0.9994959677419355 0
1679978095315 1.0 0
1679978100719 1.0 0
1679978106294 1.0 0
1679978111845 1.0 0
1679978151125 0.3795362903225806 0
1679978156741 0.8361895161290323 0
1679978162295 0.9783266129032258 0
1679978167802 0.9969758064516129 0
1679978173648 0.998991935483871 0
1679978179286 1.0 0
1679978184816 1.0 0
1679978190389 1.0 0
1679978196077 1.0 0
1679978201618 1.0 0
1679978242873 0.3946572580645161 0
1679978248529 0.844758064516129 0
1679978254365 0.9682459677419355 0
1679978260045 0.9959677419354839 0
1679978265879 0.9984879032258065 0
1679978271685 0.9994959677419355 0
1679978277379 1.0 0
1679978283065 1.0 0
1679978288741 1.0 0
1679978294609 1.0 0
1679978338162 0.3755040322580645 0
1679978344138 0.8371975806451613 0
1679978350023 0.9727822580645161 0
1679978355818 0.9979838709677419 0
1679978361637 0.9994959677419355 0
1679978367528 0.9994959677419355 0
1679978373454 1.0 0
1679978379199 1.0 0
1679978385061 1.0 0
1679978390751 1.0 0
1679978436310 0.3744959677419355 0
1679978442351 0.8361895161290323 0
1679978448478 0.9702620967741935 0
1679978454488 0.9974798387096774 0
1679978460385 0.998991935483871 0
1679978466599 1.0 0
1679978472579 0.9994959677419355 0
1679978478621 1.0 0
1679978484633 1.0 0
1679978490595 1.0 0
1679978538364 0.3780241935483871 0
1679978544642 0.8351814516129032 0
1679978550668 0.96875 0
1679978556743 0.9974798387096774 0
1679978562723 0.9979838709677419 0
1679978568795 1.0 0
1679978574852 0.9994959677419355 0
1679978580970 0.9994959677419355 0
1679978587209 1.0 0
1679978593214 1.0 0
1679978643075 0.37399193548387094 0
1679978649259 0.8377016129032258 0
1679978655468 0.9647177419354839 0
1679978661670 0.9969758064516129 0
1679978667865 0.9984879032258065 0
1679978674067 0.998991935483871 0
1679978680154 1.0 0
1679978686446 1.0 0
1679978692722 1.0 0
1679978698933 1.0 0
1679978750696 0.3644153225806452 0
1679978756959 0.8321572580645161 0
1679978763148 0.9727822580645161 0
1679978769552 0.9969758064516129 0
1679978776029 0.9994959677419355 0
1679978782388 1.0 0
1679978788802 1.0 0
1679978795232 1.0 0
1679978801640 0.9994959677419355 0
1679978807871 1.0 0
