1678814667788 9.340514235002047 0
1678814676958 8.982493106002948 0
1678814686062 8.889732392999576 0
1678814695551 9.286346911998407 0
1678814704823 9.073548473999836 0
1678814714294 9.2634873279967 0
1678814723528 9.037377374999778 0
1678814732656 8.930725789999997 0
1678814745413 12.558260785997845 0
1678814760206 14.587189627000043 0
1678814826461 8.898744209000142 0
1678814835683 9.030716929999471 0
1678814844812 8.917760732998431 0
1678814854089 9.07780582200212 0
1678814862934 8.640103339999769 0
1678814872154 9.027614378999715 0
1678814881600 9.248565806999977 0
1678814890983 9.17890722300217 0
1678814900282 9.072846865998144 0
1678814909418 8.930155279002065 0
1678814976840 14.548851175000891 0
1678814985906 8.863910604999546 0
1678814995105 8.976569000999007 0
1678815004869 9.470282064001367 0
1678815014161 9.086293126001692 0
1678815023334 8.969072042000334 0
1678815032520 8.969643284002814 0
1678815041958 9.233029465998698 0
1678815051006 8.848687865000102 0
1678815060276 9.06658420900203 0
1678815120418 9.40015456800029 0
1678815129729 9.099124455002311 0
1678815142636 12.705875037001533 0
1678815157450 14.599278118002985 0
1678815169849 12.183841979000135 0
1678815179152 9.096833454997977 0
1678815188444 9.073678166998434 0
1678815198161 9.502057279001747 0
1678815207788 9.410964433001936 0
1678815217020 9.01272899399919 0
1678815277357 9.220190894000552 0
1678815286869 9.263909311001044 0
1678815295663 8.565684844001225 0
1678815304820 8.951550538000447 0
1678815313707 8.675455929998861 0
1678815322720 8.80594676599867 0
1678815336480 13.553111413999432 0
1678815351144 14.448853762998624 0
1678815362771 11.405198413998733 0
1678815371702 8.729964276000828 0
1678815432825 8.683148580999841 0
1678815441979 8.931164658999478 0
1678815451121 8.920669871000428 0
1678815460310 8.987099000001763 0
1678815469408 8.88566002999869 0
1678815478817 9.204010498997377 0
1678815487797 8.76877405399864 0
1678815497193 9.190902889000427 0
1678815506538 9.129758972998388 0
1678815516091 9.311341794997134 0
1678815583521 9.481511226000293 0
1678815593079 9.339033734002442 0
1678815601925 8.625754656997742 0
1678815611254 9.106718461000128 0
1678815620668 9.197776351000357 0
1678815629766 8.892784742998629 0
1678815638665 8.694420141000592 0
1678815647952 9.08258173699869 0
1678815657151 8.984387802000128 0
1678815666212 8.851688015001855 0
1678815730131 11.050014075997751 0
1678815744840 14.50613176799743 0
1678815759219 14.158829536001576 0
1678815768581 9.145003623001685 0
1678815778169 9.3711846039987 0
1678815787730 9.344270933997905 0
1678815796636 8.681077696001012 0
1678815805793 8.923339683999075 0
1678815814881 8.877560966000601 0
1678815824011 8.921728252997127 0
1678815885417 8.998504022998532 0
1678815894518 8.896555755996815 0
1678815903748 9.002229116998933 0
1678815912969 9.017040576 0
1678815923524 10.349330214001384 0
1678815938436 14.709887506000086 0
1678815953337 14.673850101000426 0
1678815962515 8.973335758997564 0
1678815971967 9.236978458997328 0
1678815981527 9.253390205001779 0
1678816043252 8.925192652000987 0
1678816052477 9.014080667999224 0
1678816061430 8.726538633996825 0
1678816070711 9.07347109300099 0
1678816080230 9.31203342599838 0
1678816089613 9.166284131999419 0
1678816099130 9.28929529299785 0
1678816108221 8.871702806998655 0
1678816118493 10.04943427300168 0
1678816133170 14.468616362999455 0
1678816202545 9.263713344997086 0
1678816211843 9.071263032001298 0
1678816220822 8.759209259998897 0
1678816229969 8.906710262999695 0
1678816239415 9.20693109000058 0
1678816248959 9.325258261000272 0
1678816258402 9.123506021998764 0
1678816267731 9.087815782000689 0
1678816276984 9.028614289003599 0
1678816286199 8.992563317999156 0
1678816354703 14.579384442000446 0
1678816367019 12.110426560000633 0
1678816376166 8.928864120000071 0
1678816385339 8.954742760000954 0
1678816394747 9.166548233999492 0
1678816404026 9.073812849997921 0
1678816413302 9.036129395000899 0
1678816422550 9.006576915999176 0
1678816431914 9.146766943002149 0
1678816440962 8.834078191997833 0
1678816502758 9.243533650002064 0
1678816512062 9.08901306700136 0
1678816521362 9.09839292900142 0
1678816533903 12.322345782999037 0
1678816548582 14.47124037499816 0
1678816561559 12.755852793001395 0
1678816571195 9.417594354999892 0
1678816580436 9.03639705200112 0
1678816590012 9.364167678999365 0
1678816599267 9.009606087001885 0
1678816660914 9.273776037996868 0
1678816670031 8.902162729998963 0
1678816679308 9.064667152000766 0
1678816688817 9.286741129999427 0
1678816697921 8.88373701400269 0
1678816707241 9.101975658999436 0
1678816716360 8.897500713999762 0
1678816728707 12.14454603500053 0
1678816743491 14.564673240001866 0
1678816756219 12.496269652998308 0
1678816821607 9.111520264999854 0
1678816830845 9.016753258998506 0
1678816840465 9.389115598998615 0
1678816849999 9.301757608001935 0
1678816859370 9.143494519998058 0
1678816868485 8.865515960998891 0
1678816877769 9.051338708002731 0
1678816887057 9.06539520899969 0
1678816896413 9.14539200499712 0
1678816905843 9.208017977001873 0
1678816968456 9.099801031003153 0
1678816977709 9.031009629001346 0
1678816987039 9.0163157470015 0
1678816996509 9.249616306002281 0
1678817006061 9.33301933599796 0
1678817016402 10.12258916599967 0
1678817031006 14.388848591999704 0
1678817045553 14.345321491000504 0
1678817055450 9.661762365998584 0
1678817064568 8.916185111000232 0
1678817128309 9.224462941998354 0
1678817137809 9.274809065998852 0
1678817147104 9.05015460699724 0
1678817156740 9.416873567999573 0
1678817166208 9.232359143999929 0
1678817175741 9.297880815000099 0
1678817188722 12.774166373001208 0
1678817203267 14.326405116997194 0
1678817215750 12.248210441997799 0
1678817224886 8.918100257000333 0
1678817290207 9.107776945998921 0
1678817299532 9.100858505997167 0
1678817308938 9.185357234000548 0
1678817318122 8.960438628000702 0
1678817327566 9.228272493997792 0
1678817336902 9.124885935998464 0
1678817345943 8.822003537003184 0
1678817355486 9.31666628200037 0
1678817365455 9.731916845001251 0
1678817380235 14.564133701998799 0
1678817451948 9.050237989999005 0
1678817460971 8.79783108799893 0
1678817470212 9.013021196999034 0
1678817479373 8.950067480000143 0
1678817488535 8.936112127998058 0
1678817498039 9.254081082002813 0
1678817507412 9.15395878399795 0
1678817516621 8.981450300001597 0
1678817525937 9.085288341997511 0
1678817535075 8.921928217998357 0
1678817605592 14.593456351001805 0
1678817615939 10.124398618998384 0
1678817625422 9.24736908399791 0
1678817634834 9.200051568001072 0
1678817644267 9.183691941998404 0
1678817653801 9.28511301799881 0
1678817663080 9.05242668199935 0
1678817672233 8.929992607998429 0
1678817681244 8.78213402899928 0
1678817690430 8.972365935998823 0
