1678814667772 0.8844975490196079 0
1678814676941 0.9632352941176471 0
1678814686042 0.9828431372549019 0
1678814695534 0.9871323529411765 0
1678814704807 0.9886642156862745 0
1678814714280 0.9871323529411765 0
1678814723511 0.9932598039215687 0
1678814732639 0.9938725490196079 0
1678814745399 0.9947916666666666 0
1678814760193 0.9981617647058824 0
1678814826447 0.9402846534653465 0
1678814835666 0.9845297029702971 0
1678814844793 0.9935024752475248 0
1678814854073 0.9959777227722773 0
1678814862920 0.9801980198019802 0
1678814872136 0.9919554455445545 0
1678814881584 0.9962871287128713 0
1678814890970 0.994430693069307 0
1678814900265 0.9956683168316832 0
1678814909404 0.9972153465346535 0
1678814976824 0.8623143564356436 0
1678814985891 0.9870049504950495 0
1678814995083 0.994430693069307 0
1678815004856 0.9839108910891089 0
1678815014147 0.9925742574257426 0
1678815023319 0.9891707920792079 0
1678815032503 0.9978341584158416 0
1678815041945 0.9990717821782178 0
1678815050994 0.9993811881188119 0
1678815060262 0.9962871287128713 0
1678815120400 0.7357673267326733 0
1678815129714 0.9647277227722773 0
1678815142622 0.9851485148514851 0
1678815157434 0.9866955445544554 0
1678815169833 0.9919554455445545 0
1678815179137 0.9941212871287128 0
1678815188429 0.9981435643564357 0
1678815198146 0.994740099009901 0
1678815207771 0.9956683168316832 0
1678815217004 0.9823638613861386 0
1678815277337 0.5553836633663366 0
1678815286844 0.9136757425742574 0
1678815295640 0.9579207920792079 0
1678815304806 0.9845297029702971 0
1678815313689 0.9907178217821783 0
1678815322706 0.9839108910891089 0
1678815336463 0.9882425742574258 0
1678815351128 0.9941212871287128 0
1678815362753 0.994740099009901 0
1678815371685 0.9897896039603961 0
1678815432807 0.5173267326732673 0
1678815441962 0.880259900990099 0
1678815451102 0.9467821782178217 0
1678815460294 0.9730816831683168 0
1678815469392 0.9836014851485149 0
1678815478801 0.9814356435643564 0
1678815487779 0.9897896039603961 0
1678815497172 0.9857673267326733 0
1678815506522 0.9904084158415841 0
1678815516075 0.9879331683168316 0
1678815583510 0.359529702970297 0
1678815593062 0.8183787128712872 0
1678815601906 0.9359529702970297 0
1678815611236 0.96875 0
1678815620652 0.9808168316831684 0
1678815629748 0.9888613861386139 0
1678815638649 0.9832920792079208 0
1678815647937 0.9826732673267327 0
1678815657137 0.979269801980198 0
1678815666196 0.9916460396039604 0
1678815730115 0.3468440594059406 0
1678815744825 0.7370049504950495 0
1678815759201 0.9025371287128713 0
1678815768561 0.9390470297029703 0
1678815778152 0.973700495049505 0
1678815787712 0.9755569306930693 0
1678815796620 0.9712252475247525 0
1678815805775 0.973700495049505 0
1678815814865 0.9888613861386139 0
1678815823994 0.9826732673267327 0
1678815885399 0.24566831683168316 0
1678815894501 0.6868811881188119 0
1678815903727 0.8780940594059405 0
1678815912951 0.9489480198019802 0
1678815923508 0.9603960396039604 0
1678815938419 0.9715346534653465 0
1678815953319 0.9746287128712872 0
1678815962499 0.9885519801980198 0
1678815971950 0.9857673267326733 0
1678815981507 0.9826732673267327 0
1678816043238 0.27413366336633666 0
1678816052461 0.7206064356435643 0
1678816061411 0.911200495049505 0
1678816070695 0.9594678217821783 0
1678816080214 0.9730816831683168 0
1678816089596 0.9805074257425742 0
1678816099110 0.9873143564356436 0
1678816108204 0.9758663366336634 0
1678816118470 0.974009900990099 0
1678816133154 0.9888613861386139 0
1678816202527 0.29764851485148514 0
1678816211822 0.7404084158415841 0
1678816220805 0.9142945544554455 0
1678816229938 0.9625618811881188 0
1678816239395 0.9659653465346535 0
1678816248941 0.974319306930693 0
1678816258390 0.9907178217821783 0
1678816267708 0.9851485148514851 0
1678816276968 0.9805074257425742 0
1678816286180 0.9839108910891089 0
1678816354686 0.3155940594059406 0
1678816367002 0.7172029702970297 0
1678816376148 0.9074876237623762 0
1678816385321 0.9486386138613861 0
1678816394725 0.9675123762376238 0
1678816404008 0.9789603960396039 0
1678816413274 0.979269801980198 0
1678816422528 0.9795792079207921 0
1678816431896 0.9873143564356436 0
1678816440945 0.9910272277227723 0
1678816502741 0.3660272277227723 0
1678816512046 0.7911509900990099 0
1678816521341 0.9328589108910891 0
1678816533882 0.9675123762376238 0
1678816548565 0.9727722772277227 0
1678816561541 0.9891707920792079 0
1678816571175 0.9845297029702971 0
1678816580417 0.9832920792079208 0
1678816589993 0.9764851485148515 0
1678816599250 0.9832920792079208 0
1678816660896 0.3629331683168317 0
1678816670011 0.7920792079207921 0
1678816679291 0.9288366336633663 0
1678816688798 0.9625618811881188 0
1678816697901 0.9724628712871287 0
1678816707221 0.9863861386138614 0
1678816716341 0.9919554455445545 0
1678816728688 0.9888613861386139 0
1678816743473 0.9907178217821783 0
1678816756194 0.9897896039603961 0
1678816821592 0.33353960396039606 0
1678816830826 0.8285891089108911 0
1678816840445 0.942759900990099 0
1678816849978 0.9709158415841584 0
1678816859350 0.9845297029702971 0
1678816868470 0.9866955445544554 0
1678816877733 0.9836014851485149 0
1678816887038 0.9962871287128713 0
1678816896395 0.9925742574257426 0
1678816905825 0.9863861386138614 0
1678816968435 0.3224009900990099 0
1678816977690 0.7685643564356436 0
1678816987012 0.9260519801980198 0
1678816996490 0.9702970297029703 0
1678817006040 0.9826732673267327 0
1678817016382 0.9839108910891089 0
1678817030986 0.9832920792079208 0
1678817045534 0.9814356435643564 0
1678817055428 0.9888613861386139 0
1678817064543 0.9870049504950495 0
1678817128284 0.4254331683168317 0
1678817137789 0.8685024752475248 0
1678817147083 0.9597772277227723 0
1678817156721 0.9795792079207921 0
1678817166180 0.9780321782178217 0
1678817175714 0.9839108910891089 0
1678817188702 0.9910272277227723 0
1678817203248 0.9925742574257426 0
1678817215724 0.9879331683168316 0
1678817224866 0.9857673267326733 0
1678817290187 0.4839108910891089 0
1678817299507 0.8938737623762376 0
1678817308919 0.9641089108910891 0
1678817318102 0.9820544554455446 0
1678817327547 0.9919554455445545 0
1678817336884 0.9928836633663366 0
1678817345924 0.9935024752475248 0
1678817355466 0.9900990099009901 0
1678817365429 0.9879331683168316 0
1678817380215 0.9860767326732673 0
1678817451927 0.23824257425742573 0
1678817460950 0.7530940594059405 0
1678817470191 0.9279084158415841 0
1678817479355 0.958230198019802 0
1678817488515 0.9721534653465347 0
1678817498015 0.9826732673267327 0
1678817507391 0.9879331683168316 0
1678817516600 0.9910272277227723 0
1678817525918 0.9848391089108911 0
1678817535052 0.9910272277227723 0
1678817605566 0.3901608910891089 0
1678817615914 0.8734529702970297 0
1678817625397 0.9712252475247525 0
1678817634815 0.9826732673267327 0
1678817644234 0.9879331683168316 0
1678817653772 0.9882425742574258 0
1678817663049 0.9922648514851485 0
1678817672212 0.9956683168316832 0
1678817681219 0.9919554455445545 0
1678817690411 0.9814356435643564 0
