1678814667782 0.33564182778126467 0
1678814676952 0.11347018779876332 0
1678814686054 0.0499806435560173 0
1678814695546 0.035613122898069505 0
1678814704818 0.03710940745876025 0
1678814714289 0.044877667912777384 0
1678814723522 0.021062179742704544 0
1678814732650 0.02251419546390774 0
1678814745409 0.018217315662446245 0
1678814760202 0.006913658510372853 0
1678814826457 0.2821115355403854 0
1678814835677 0.047721209737592106 0
1678814844805 0.026589473051314084 0
1678814854083 0.013250170085385515 0
1678814862929 0.06435443036544072 0
1678814872146 0.02872302338693033 0
1678814881594 0.014565775532847141 0
1678814890979 0.03047839297433522 0
1678814900276 0.01660729894912479 0
1678814909414 0.011500199247004078 0
1678814976835 0.7497601108902162 0
1678814985901 0.04426717562923706 0
1678814995097 0.026522255458841376 0
1678815004863 0.055251396975784316 0
1678815014156 0.02908923409621019 0
1678815023329 0.0409561834150538 0
1678815032514 0.00982421110753007 0
1678815041954 0.008008035134966715 0
1678815051001 0.006079428850000005 0
1678815060271 0.012697959120505222 0
1678815120411 1.2656015661535878 0
1678815129724 0.12085037915460249 0
1678815142631 0.04942162002040313 0
1678815157445 0.045165507975818205 0
1678815169844 0.032994251878065345 0
1678815179147 0.022310880990237883 0
1678815188439 0.014501260635028086 0
1678815198156 0.018384073607365388 0
1678815207781 0.02466643091733798 0
1678815217015 0.06384213611778647 0
1678815277348 1.9004598255499754 0
1678815286859 0.28232853011329573 0
1678815295654 0.12497718416449458 0
1678815304815 0.052858332421003594 0
1678815313700 0.03210997404899485 0
1678815322715 0.04836514113600006 0
1678815336474 0.04339614804686591 0
1678815351138 0.026668313272887528 0
1678815362764 0.02394509289210828 0
1678815371697 0.04281623013280701 0
1678815432818 2.152190449214218 0
1678815441973 0.38609417727087986 0
1678815451114 0.16197351180016994 0
1678815460305 0.09367520161120609 0
1678815469402 0.05420078148161716 0
1678815478811 0.06159775767770439 0
1678815487790 0.04105674138864373 0
1678815497188 0.048376603125788196 0
1678815506532 0.043762800025541594 0
1678815516085 0.048289032007503035 0
1678815583516 2.899020451720398 0
1678815593072 0.5581390922612482 0
1678815601918 0.20956110070911374 0
1678815611246 0.10576793121745681 0
1678815620662 0.07683514527017528 0
1678815629760 0.04884121739443871 0
1678815638659 0.07542040025686274 0
1678815647947 0.062497687387731996 0
1678815657146 0.08399849754785842 0
1678815666206 0.04088767534029661 0
1678815730125 2.9561540868022655 0
1678815744835 0.762448797721674 0
1678815759213 0.2991715367920328 0
1678815768573 0.20082562357777417 0
1678815778163 0.09555270196408919 0
1678815787723 0.09090108969387146 0
1678815796630 0.08663193165960878 0
1678815805786 0.09715428039210268 0
1678815814875 0.05195240178468204 0
1678815824005 0.0637745110520927 0
1678815885410 3.2686333738931337 0
1678815894512 0.939225431125943 0
1678815903741 0.37625937053177616 0
1678815912963 0.1804855570639714 0
1678815923518 0.132565112268128 0
1678815938430 0.09241157703765548 0
1678815953329 0.09977081058417807 0
1678815962509 0.05721522200078067 0
1678815971961 0.06353504132331893 0
1678815981518 0.06491228453077302 0
1678816043246 3.1888859142171273 0
1678816052471 0.8163534818899514 0
1678816061423 0.280524942396891 0
1678816070705 0.13443089294994232 0
1678816080224 0.10311118587113843 0
1678816089607 0.07720951064683423 0
1678816099122 0.05572700216481001 0
1678816108215 0.08472829689225643 0
1678816118483 0.09281281654787536 0
1678816133164 0.054018927553650176 0
1678816202538 3.0277377095552955 0
1678816211835 0.7683338511108172 0
1678816220815 0.2786730521238676 0
1678816229958 0.1304156844052348 0
1678816239407 0.11155928411327376 0
1678816248952 0.09580086265681403 0
1678816258396 0.04621790518228075 0
1678816267720 0.05602832524898914 0
1678816276978 0.07429216873122028 0
1678816286192 0.056098902598023415 0
1678816354696 3.086658576927563 0
1678816367013 0.8155094013355746 0
1678816376159 0.28998413445925947 0
1678816385331 0.1636429657182186 0
1678816394738 0.11484453773660826 0
1678816404019 0.07996446159806582 0
1678816413286 0.07294442115517535 0
1678816422541 0.08679962184021969 0
1678816431907 0.05418198373131823 0
1678816440955 0.04256620210143599 0
1678816502751 3.0430251182896075 0
1678816512055 0.6234763413667679 0
1678816521354 0.22300925245969602 0
1678816533894 0.11495595205907184 0
1678816548575 0.08802137538643166 0
1678816561552 0.05372449230992853 0
1678816571186 0.05874841607701365 0
1678816580429 0.0670167374802698 0
1678816590005 0.07627620082348585 0
1678816599260 0.06910775327077597 0
1678816660907 2.9528523105205875 0
1678816670023 0.6215295977521651 0
1678816679301 0.227467144479846 0
1678816688810 0.13153981166605902 0
1678816697913 0.09504795378756405 0
1678816707233 0.05600629334734513 0
1678816716353 0.04280104373793791 0
1678816728700 0.04854265916723721 0
1678816743484 0.04653477805233238 0
1678816756210 0.042888994393224765 0
1678816821600 2.8258036758640026 0
1678816830837 0.528262698930679 0
1678816840457 0.1901958865473176 0
1678816849990 0.09774507581265551 0
1678816859362 0.06516578702237641 0
1678816868477 0.05479536526421509 0
1678816877757 0.056901516918424926 0
1678816887050 0.02744620410485728 0
1678816896405 0.03574575387900419 0
1678816905836 0.05886280308892526 0
1678816968449 2.920248062303751 0
1678816977701 0.7015970169317605 0
1678816987028 0.2355967045272931 0
1678816996502 0.10885933384594351 0
1678817006053 0.07026683388849592 0
1678817016394 0.0604811318790411 0
1678817030998 0.0608760837631503 0
1678817045545 0.07514478743887774 0
1678817055439 0.05197632774747539 0
1678817064559 0.05182877900355523 0
1678817128299 2.7592181303713583 0
1678817137801 0.41874111878989945 0
1678817147095 0.13503172410891787 0
1678817156732 0.07532243635321018 0
1678817166196 0.07477414103612157 0
1678817175731 0.05710098019220156 0
1678817188714 0.03890314684387776 0
1678817203259 0.040709517831628274 0
1678817215736 0.05103159716149958 0
1678817224878 0.061019954179404395 0
1678817290199 2.476966828107834 0
1678817299524 0.3372378395778118 0
1678817308930 0.11554060782315118 0
1678817318114 0.07026423803429202 0
1678817327558 0.03562039700290649 0
1678817336894 0.03215839938804655 0
1678817345935 0.03435293819275823 0
1678817355478 0.03675141189210486 0
1678817365445 0.046105670862563765 0
1678817380227 0.05647159021089573 0
1678817451939 2.9343908139974766 0
1678817460963 0.7628861385406834 0
1678817470203 0.23293158478370987 0
1678817479365 0.1327921424688089 0
1678817488527 0.0859194000131718 0
1678817498030 0.06957883630316741 0
1678817507404 0.0525353232878122 0
1678817516613 0.04042802208868584 0
1678817525929 0.05816457794960773 0
1678817535064 0.044589012492411206 0
1678817605582 3.1459916948091866 0
1678817615926 0.3922792153783364 0
1678817625412 0.12314704252351628 0
1678817634825 0.06561305185798372 0
1678817644255 0.04958691651757696 0
1678817653784 0.04536355506296795 0
1678817663066 0.03573269645987761 0
1678817672224 0.02824312554543266 0
1678817681231 0.03227743808880891 0
1678817690421 0.0757806015818721 0
