1680266358671 19.24713701600558 0
1680266376881 17.86459635500796 0
1680266394940 17.71145946800243 0
1680266413547 18.256669037000393 0
1680266431897 17.988717207990703 0
1680266451225 18.980916508997325 0
1680266470330 18.757312152010854 0
1680266488597 17.931289555999683 0
1680266506787 17.8575574199931 0
1680266525333 18.184605907998048 0
1680266564889 26.682194890003302 0
1680266591913 26.671674463999807 0
1680266619182 26.915365399996517 0
1680266646255 26.7284773660067 0
1680266673239 26.623871511998004 0
1680266700105 26.506212245993083 0
1680266727426 26.96249614599219 0
1680266754408 26.611943502997747 0
1680266781889 27.120309908001218 0
1680266809460 27.217308124003466 0
1680266845567 27.323460542000248 0
1680266873483 27.577093403000617 0
1680266901228 27.382487939001294 0
1680266929199 27.601906048003002 0
1680266957043 27.48002371400071 0
1680266985027 27.622785725994618 0
1680267013039 27.638058073003776 0
1680267040592 27.196875195993925 0
1680267068253 27.31046766899817 0
1680267096255 27.651848133013118 0
1680267130179 27.127516163993278 0
1680267157690 27.1490081709926 0
1680267185059 26.992643074001535 0
1680267212479 27.080647850991227 0
1680267239622 26.79080995199911 0
1680267266693 26.722091892006574 0
1680267294053 27.005951763989287 0
1680267321246 26.833061615005136 0
1680267348758 27.149864952996722 0
1680267376182 27.06448124499002 0
1680267406827 24.462462815004983 0
1680267431418 24.213559611001983 0
1680267455815 24.045390001003398 0
1680267480226 24.092149400996277 0
1680267504568 24.020753656994202 0
1680267529313 24.389871321996907 0
1680267553912 24.270819584999117 0
1680267578568 24.282319745994755 0
1680267603207 24.294681543993647 0
1680267628194 24.645378080007504 0
1680267666739 32.63129133899929 0
1680267699878 32.742179099004716 0
1680267732844 32.597979168000165 0
1680267764849 31.604539071006002 0
1680267798106 32.8735693940107 0
1680267830962 32.485549486998934 0
1680267863083 31.7144524549949 0
1680267896641 33.17544829500548 0
1680267930011 33.00271847199474 0
1680267963126 32.73558298300486 0
1680267993443 22.448142201988958 0
1680268016482 22.707073410987505 0
1680268039679 22.862013896999997 0
1680268062612 22.58868255300331 0
1680268085763 22.805333804004476 0
1680268108755 22.661505183990812 0
1680268131455 22.353199873003177 0
1680268154734 22.92360069201095 0
1680268177795 22.71372700399661 0
1680268200852 22.719803614992998 0
1680268219248 11.30073610600084 0
1680268230911 11.366864629992051 0
1680268242610 11.35231454699533 0
1680268254502 11.576719165997929 0
1680268266183 11.372736328004976 0
1680268277704 11.176398816998699 0
1680268289151 11.121380440003122 0
1680268300816 11.36916971699975 0
1680268312520 11.399078807007754 0
1680268324109 11.263395297006355 0
1680268355533 25.658624346004217 0
1680268381472 25.597545486001763 0
1680268407506 25.665239926005597 0
1680268433205 25.369827647009515 0
1680268459328 25.785111094010063 0
1680268485273 25.612367650988745 0
1680268510931 25.30767831898993 0
1680268537094 25.81798552701366 0
1680268563156 25.712274039004114 0
1680268589117 25.602092999994056 0
1680268608329 10.726458856006502 0
1680268619834 11.195692127002985 0
1680268631297 11.164329829000053 0
1680268642988 11.387530088992207 0
1680268654352 11.060738625994418 0
1680268665649 10.998049504996743 0
1680268677103 11.131425181010854 0
1680268688585 11.181729731004452 0
1680268699834 10.943225563998567 0
1680268711474 11.31212054900243 0
1680268729117 10.896067528999993 0
1680268740359 10.922054743001354 0
1680268751090 10.43027712199546 0
1680268762362 10.954731359001016 0
1680268773629 10.955007772994577 0
1680268784535 10.596360158990137 0
1680268795837 10.983730704989284 0
1680268807304 11.16992266800662 0
1680268818751 11.107266487000743 0
1680268829890 10.842962525988696 0
1680268847590 10.740915192000102 0
1680268858694 10.793955087996437 0
1680268869901 10.89325032600027 0
1680268881035 10.803441776995896 0
1680268891989 10.657278444996336 0
1680268903176 10.878594195994083 0
1680268914415 10.933327532999101 0
1680268925453 10.741736189986113 0
1680268936625 10.851831758001936 0
1680268948251 11.327825952001149 0
1680268966239 10.872805296996376 0
1680268977305 10.711890530001256 0
1680268988422 10.809248655001284 0
1680268999579 10.8352552469878 0
1680269010786 10.889470515001449 0
1680269022153 11.063341118991957 0
1680269033609 11.14791762799723 0
1680269044696 10.770089988000109 0
1680269055737 10.719401142006973 0
1680269067147 11.099439527999493 0
