1680266358655 0.925229057591623 0
1680266376858 0.9991001308900523 0
1680266394913 0.9999181937172775 0
1680266413534 0.9999181937172775 0
1680266431862 1.0 0
1680266451197 1.0 0
1680266470313 1.0 0
1680266488579 0.9999181937172775 0
1680266506770 1.0 0
1680266525302 1.0 0
1680266564872 0.9986441115702479 0
1680266591895 0.99974173553719 0
1680266619160 0.9999354338842975 0
1680266646238 1.0 0
1680266673211 0.9999354338842975 0
1680266700074 1.0 0
1680266727395 1.0 0
1680266754379 0.9994834710743802 0
1680266781860 1.0 0
1680266809441 1.0 0
1680266845549 0.9821338383838384 0
1680266873465 0.9815656565656565 0
1680266901206 0.9825757575757575 0
1680266929169 0.9821969696969697 0
1680266957015 0.982449494949495 0
1680266985000 0.9837121212121213 0
1680267013008 0.9825757575757575 0
1680267040573 0.982260101010101 0
1680267068224 0.9827020202020202 0
1680267096232 0.9827020202020202 0
1680267130149 0.994813012295082 0
1680267157663 0.9950051229508197 0
1680267185029 0.9956454918032787 0
1680267212462 0.9957735655737705 0
1680267239596 0.9959656762295082 0
1680267266676 0.9962218237704918 0
1680267294035 0.9959656762295082 0
1680267321223 0.99609375 0
1680267348737 0.996734118852459 0
1680267376154 0.9966060450819673 0
1680267406798 0.9987787356321839 0
1680267431393 0.9987068965517242 0
1680267455792 0.9991379310344828 0
1680267480214 0.999066091954023 0
1680267504551 0.9989224137931034 0
1680267529280 0.9983477011494253 0
1680267553895 0.9992097701149425 0
1680267578535 0.9989224137931034 0
1680267603189 0.9989224137931034 0
1680267628172 0.9989224137931034 0
1680267666707 0.8269270833333333 0
1680267699849 0.8319270833333333 0
1680267732829 0.8309375 0
1680267764814 0.8309895833333333 0
1680267798082 0.8305208333333334 0
1680267830938 0.83078125 0
1680267863046 0.8307291666666666 0
1680267896615 0.83078125 0
1680267929992 0.8321875 0
1680267963108 0.8295833333333333 0
1680267993424 0.7536536069651741 0
1680268016460 0.7550528606965174 0
1680268039662 0.7550528606965174 0
1680268062593 0.7552083333333334 0
1680268085745 0.7551305970149254 0
1680268108739 0.7545087064676617 0
1680268131435 0.7552083333333334 0
1680268154706 0.7548973880597015 0
1680268177781 0.753886815920398 0
1680268200830 0.7547419154228856 0
1680268219219 0.4247159090909091 0
1680268230893 0.423828125 0
1680268242586 0.42347301136363635 0
1680268254480 0.4248934659090909 0
1680268266151 0.4240056818181818 0
1680268277674 0.423828125 0
1680268289114 0.4231178977272727 0
1680268300798 0.4247159090909091 0
1680268312494 0.4240056818181818 0
1680268324074 0.4236505681818182 0
1680268355515 0.7735222342733189 0
1680268381440 0.7733866594360087 0
1680268407472 0.7733866594360087 0
1680268433185 0.7732510845986985 0
1680268459310 0.7735222342733189 0
1680268485254 0.7735222342733189 0
1680268510911 0.7737933839479393 0
1680268537076 0.7736578091106291 0
1680268563130 0.7737933839479393 0
1680268589097 0.7734544468546638 0
1680268608309 0.38117732558139533 0
1680268619801 0.3793604651162791 0
1680268631276 0.38026889534883723 0
1680268642968 0.3808139534883721 0
1680268654331 0.3804505813953488 0
1680268665633 0.3797238372093023 0
1680268677083 0.3804505813953488 0
1680268688564 0.3808139534883721 0
1680268699813 0.3804505813953488 0
1680268711454 0.381359011627907 0
1680268729088 0.33308383233532934 0
1680268740338 0.33252245508982037 0
1680268751067 0.3336452095808383 0
1680268762332 0.33252245508982037 0
1680268773607 0.3313997005988024 0
1680268784501 0.3345808383233533 0
1680268795811 0.33327095808383234 0
1680268807285 0.3323353293413174 0
1680268818721 0.3319610778443114 0
1680268829869 0.3340194610778443 0
1680268847556 0.3358907185628742 0
1680268858671 0.33551646706586824 0
1680268869881 0.33626497005988026 0
1680268880999 0.33663922155688625 0
1680268891969 0.33663922155688625 0
1680268903156 0.33701347305389223 0
1680268914396 0.33532934131736525 0
1680268925433 0.33626497005988026 0
1680268936593 0.33701347305389223 0
1680268948232 0.33570359281437123 0
1680268966205 0.3306511976047904 0
1680268977269 0.3315868263473054 0
1680268988402 0.3317739520958084 0
1680268999546 0.33289670658682635 0
1680269010750 0.3315868263473054 0
1680269022133 0.33083832335329344 0
1680269033586 0.3315868263473054 0
1680269044674 0.33083832335329344 0
1680269055698 0.3300898203592814 0
1680269067124 0.3312125748502994 0
