1679595807520 0.9806931596884129 0
1679595870364 0.9947358812074002 0
1679595933443 0.9962268743914313 0
1679595997710 0.9977482960077897 0
1679596060803 0.9974592259006816 0
1679596124440 0.9986459347614411 0
1679596187397 0.9979765092502434 0
1679596250642 0.9988741480038948 0
1679596313686 0.9986155063291139 0
1679596377133 0.9990567185978578 0
1679596416709 0.9428 0
1679596436838 0.99645 0
1679596457300 0.998 0
1679596477493 0.99825 0
1679596497363 0.9974 0
1679596517405 0.9987 0
1679596537831 0.99925 0
1679596558393 0.99845 0
1679596578776 0.9976 0
1679596598830 0.99785 0
1679596639719 0.8875 0
1679596660149 0.98635 0
1679596680659 0.9932 0
1679596701113 0.99505 0
1679596722037 0.99635 0
1679596742200 0.99635 0
1679596762624 0.99805 0
1679596782682 0.99765 0
1679596803743 0.9966 0
1679596824700 0.9977 0
1679596866643 0.8541 0
1679596887472 0.9869 0
1679596907889 0.99175 0
1679596928647 0.995 0
1679596949188 0.9968 0
1679596969512 0.9964 0
1679596989992 0.99485 0
1679597010747 0.9964 0
1679597031144 0.99765 0
1679597051624 0.9979 0
1679597095272 0.84135 0
1679597115533 0.9855 0
1679597136202 0.9915 0
1679597156883 0.9942 0
1679597177155 0.9953 0
1679597197590 0.99545 0
1679597218075 0.9943 0
1679597238537 0.99645 0
1679597258816 0.9961 0
1679597279087 0.9967 0
1679597324672 0.7937 0
1679597344804 0.97355 0
1679597365141 0.98685 0
1679597386267 0.98925 0
1679597406825 0.9917 0
1679597426807 0.99405 0
1679597447642 0.99455 0
1679597467584 0.99445 0
1679597488114 0.99455 0
1679597508366 0.99575 0
1679597556027 0.7849 0
1679597576370 0.97105 0
1679597596630 0.986 0
1679597616935 0.9898 0
1679597639491 0.99425 0
1679597660513 0.9929 0
1679597681071 0.99175 0
1679597701608 0.99455 0
1679597722214 0.99575 0
1679597742784 0.99425 0
1679597792129 0.7784 0
1679597812746 0.97395 0
1679597833112 0.9873 0
1679597853334 0.99085 0
1679597873821 0.9936 0
1679597894549 0.99385 0
1679597915391 0.99295 0
1679597936390 0.9927 0
1679597956882 0.99485 0
1679597977607 0.99595 0
1679598028324 0.7689 0
1679598049134 0.96915 0
1679598070094 0.9843 0
1679598090848 0.9895 0
1679598111317 0.98955 0
1679598131921 0.99195 0
1679598152390 0.99295 0
1679598173439 0.99525 0
1679598194147 0.9935 0
1679598214870 0.9956 0
1679598267666 0.768 0
1679598288171 0.97185 0
1679598308481 0.9883 0
1679598329021 0.98935 0
1679598349319 0.99055 0
1679598369605 0.99375 0
1679598390397 0.99375 0
1679598411595 0.9934 0
1679598432114 0.99365 0
1679598452518 0.99485 0
1679598506746 0.72455 0
1679598527538 0.9593 0
1679598548569 0.98055 0
1679598569267 0.987 0
1679598590185 0.98925 0
1679598611070 0.98825 0
1679598632048 0.99055 0
1679598652598 0.9951 0
1679598673098 0.99135 0
1679598694055 0.993 0
1679598750893 0.8008 0
1679598771656 0.97345 0
1679598792521 0.9867 0
1679598813003 0.99005 0
1679598833757 0.99195 0
1679598854196 0.9921 0
1679598874807 0.99475 0
1679598895087 0.9942 0
1679598915867 0.99345 0
1679598936606 0.99415 0
1679598994744 0.77315 0
1679599015666 0.95875 0
1679599035997 0.98075 0
1679599056570 0.9868 0
1679599077141 0.9859 0
1679599097485 0.98965 0
1679599118297 0.9914 0
1679599138956 0.9927 0
1679599160201 0.99395 0
1679599180815 0.99125 0
1679599240570 0.7725 0
1679599261699 0.95985 0
1679599282862 0.9799 0
1679599303583 0.985 0
1679599324085 0.98855 0
1679599345005 0.99125 0
1679599365809 0.98885 0
1679599386810 0.99415 0
1679599407654 0.9928 0
1679599428093 0.9933 0
1679599490531 0.7617 0
1679599511022 0.95855 0
1679599531817 0.98225 0
1679599552108 0.9876 0
1679599572738 0.9892 0
1679599593843 0.98855 0
1679599614805 0.99195 0
1679599635686 0.9916 0
1679599656295 0.99275 0
1679599677220 0.99185 0
1679599741493 0.7514 0
1679599762421 0.96375 0
1679599783345 0.98485 0
1679599804422 0.98875 0
1679599825544 0.98735 0
1679599846498 0.9892 0
1679599867212 0.9904 0
1679599888205 0.9923 0
1679599909589 0.9918 0
1679599930484 0.9946 0
1679600002951 0.6748 0
1679600024009 0.92885 0
1679600044984 0.96825 0
1679600065736 0.9777 0
1679600086743 0.98225 0
1679600107666 0.98635 0
1679600129110 0.98795 0
1679600149952 0.9866 0
1679600171201 0.98975 0
1679600192231 0.9883 0
1679600260269 0.7248 0
1679600281326 0.9497 0
1679600301984 0.9781 0
1679600322947 0.9861 0
1679600344258 0.9832 0
1679600364738 0.9857 0
1679600385926 0.989 0
1679600406780 0.98825 0
1679600428039 0.9902 0
1679600449137 0.98905 0
1679600519895 0.72365 0
1679600541041 0.9402 0
1679600562562 0.9726 0
1679600583596 0.98145 0
1679600604697 0.98225 0
1679600625949 0.9851 0
1679600647521 0.9866 0
1679600668499 0.98765 0
1679600689650 0.98715 0
1679600710684 0.99035 0
1679600783889 0.6907 0
1679600804819 0.9346 0
1679600825512 0.96855 0
1679600846577 0.98085 0
1679600868063 0.98125 0
1679600889415 0.9829 0
1679600910279 0.98225 0
1679600931483 0.9865 0
1679600952519 0.9864 0
1679600973617 0.9885 0
