1679595807540 62.76853174797725 0
1679595870383 62.5369488929864 0
1679595933462 62.78109459893312 0
1679595997737 63.98560961498879 0
1679596060821 62.771772697917186 0
1679596124455 63.350619225995615 0
1679596187420 62.651101176044904 0
1679596250662 62.94293183705304 0
1679596313702 62.741440668003634 0
1679596377146 63.155822103028186 0
1679596416726 20.25402867293451 0
1679596436856 19.921261962037534 0
1679596457316 20.257097408059053 0
1679596477512 20.005028263898566 0
1679596497382 19.687884412007406 0
1679596517426 19.843837018008344 0
1679596537850 20.223449849057943 0
1679596558411 20.36258223396726 0
1679596578796 20.199279887019657 0
1679596598851 19.86235138401389 0
1679596639739 20.378082640003413 0
1679596660166 20.23097895097453 0
1679596680679 20.310642955941148 0
1679596701130 20.253457803977653 0
1679596722057 20.73503304005135 0
1679596742214 19.96724275802262 0
1679596762644 20.223325224011205 0
1679596782700 19.854144086013548 0
1679596803761 20.85270036396105 0
1679596824718 20.76183000090532 0
1679596866657 20.05194171704352 0
1679596887492 20.608184771961533 0
1679596907905 20.210762570030056 0
1679596928665 20.551990940002725 0
1679596949213 20.3383599400986 0
1679596969535 20.12335713999346 0
1679596990016 20.25121591205243 0
1679597010771 20.548772937967442 0
1679597031160 20.177138302009553 0
1679597051646 20.275498331990093 0
1679597095293 19.879792063962668 0
1679597115554 20.050934673985466 0
1679597136218 20.453263817937113 0
1679597156902 20.471243276959285 0
1679597177183 20.07005954196211 0
1679597197610 20.232357318978757 0
1679597218090 20.268993511912413 0
1679597238549 20.263354057096876 0
1679597258835 20.08157179201953 0
1679597279109 20.063010112033226 0
1679597324689 20.13831421593204 0
1679597344823 19.928256109938957 0
1679597365160 20.11324629606679 0
1679597386286 20.913051553070545 0
1679597406843 20.347269730991684 0
1679597426833 19.765756997978315 0
1679597447666 20.63141890906263 0
1679597467600 19.73349538492039 0
1679597488131 20.3121437280206 0
1679597508385 20.039862098987214 0
1679597556050 20.587797425920144 0
1679597576389 20.113044530968182 0
1679597596648 20.04155051498674 0
1679597616957 20.099563832045533 0
1679597639510 22.343222924042493 0
1679597660548 20.80321773898322 0
1679597681089 20.317040301975794 0
1679597701625 20.31945028505288 0
1679597722245 20.37897719698958 0
1679597742804 20.337289100978523 0
1679597792143 20.457493033027276 0
1679597812763 20.39669075992424 0
1679597833130 20.160948450909927 0
1679597853354 19.987501678057015 0
1679597873840 20.271736228023656 0
1679597894567 20.497977308928967 0
1679597915414 20.61030330590438 0
1679597936410 20.774943514959887 0
1679597956909 20.272157408995554 0
1679597977622 20.49269516696222 0
1679598028341 20.336653240025043 0
1679598049164 20.600533423945308 0
1679598070116 20.728509121923707 0
1679598090866 20.53277730604168 0
1679598111349 20.247569369967096 0
1679598131940 20.358377058058977 0
1679598152407 20.247327322955243 0
1679598173464 20.82597600808367 0
1679598194169 20.481997586088255 0
1679598214889 20.495405321009457 0
1679598267686 20.571963951922953 0
1679598288192 20.27885022596456 0
1679598308501 20.08691672293935 0
1679598329037 20.294139517005533 0
1679598349335 20.06335876591038 0
1679598369619 20.050328042008914 0
1679598390422 20.539557032985613 0
1679598411624 20.957423500018194 0
1679598432134 20.248872061958537 0
1679598452535 20.1742114929948 0
1679598506766 20.186843701056205 0
1679598527559 20.551880421000533 0
1679598548589 20.784271994023584 0
1679598569283 20.460598114994355 0
1679598590212 20.682872292934917 0
1679598611089 20.634014211012982 0
1679598632072 20.753963441005908 0
1679598652617 20.30187185900286 0
1679598673118 20.263166120043024 0
1679598694078 20.729760237969458 0
1679598750922 20.7101528350031 0
1679598771682 20.51847471506335 0
1679598792541 20.631232137908228 0
1679598813021 20.24979477096349 0
1679598833778 20.515052607050166 0
1679598854229 20.202217150945216 0
1679598874833 20.341428490937687 0
1679598895108 20.037911179941148 0
1679598915886 20.539702482055873 0
1679598936635 20.49336929898709 0
1679598994769 20.437275093980134 0
1679599015685 20.651977631961927 0
1679599036022 20.06991170893889 0
1679599056591 20.332177406991832 0
1679599077160 20.324017350096256 0
1679599097517 20.09539973398205 0
1679599118316 20.56774388498161 0
1679599138992 20.399748735013418 0
1679599160220 20.98790762294084 0
1679599180842 20.381277924985625 0
1679599240600 20.147986814030446 0
1679599261727 20.861895547946915 0
1679599282896 20.908266106969677 0
1679599303603 20.4509316990152 0
1679599324108 20.246210310957395 0
1679599345030 20.67962236807216 0
1679599365833 20.529977574013174 0
1679599386831 20.738991784048267 0
1679599407673 20.603264742996544 0
1679599428121 20.19108908099588 0
1679599490551 20.819092280929908 0
1679599511041 20.232087832991965 0
1679599531842 20.55737755796872 0
1679599552138 20.051862151012756 0
1679599572769 20.36028984398581 0
1679599593863 20.84100589004811 0
1679599614837 20.72401223203633 0
1679599635717 20.62173421808984 0
1679599656325 20.33126791298855 0
1679599677242 20.64916248503141 0
1679599741514 20.68056087102741 0
1679599762445 20.671548906946555 0
1679599783373 20.679824758088216 0
1679599804443 20.797719146939926 0
1679599825578 20.876293556997553 0
1679599846516 20.68346043000929 0
1679599867237 20.439772312995046 0
1679599888241 20.718388207955286 0
1679599909608 21.11398335103877 0
1679599930512 20.63021202199161 0
1679600002986 20.578832844039425 0
1679600024038 20.794631719007157 0
1679600045005 20.70071393402759 0
1679600065764 20.50081397406757 0
1679600086765 20.74009177694097 0
1679600107695 20.65265638695564 0
1679600129145 21.16541594499722 0
1679600149969 20.551100663957186 0
1679600171235 20.98978686798364 0
1679600192251 20.748959675896913 0
1679600260297 20.28448550705798 0
1679600281351 20.792987394030206 0
1679600302015 20.401124499971047 0
1679600322974 20.687598939985037 0
1679600344278 21.035074737039395 0
1679600364760 20.223031418048777 0
1679600385949 20.91971205500886 0
1679600406822 20.560560740996152 0
1679600428063 20.98327885195613 0
1679600449159 20.837590537965298 0
1679600519926 20.942395157995634 0
1679600541073 20.880906768958084 0
1679600562591 21.229181942064315 0
1679600583624 20.750918962061405 0
1679600604725 20.83773836994078 0
1679600625976 20.982405857997946 0
1679600647546 21.289199086022563 0
1679600668520 20.70198795897886 0
1679600689681 20.891605231910944 0
1679600710708 20.754067333997227 0
1679600783913 20.994526008027606 0
1679600804840 20.653315805946477 0
1679600825533 20.42414235707838 0
1679600846614 20.772562464000657 0
1679600868084 21.188952352036722 0
1679600889445 21.0724279320566 0
1679600910307 20.586581305018626 0
1679600931519 20.914728809031658 0
1679600952554 20.749149061040953 0
1679600973638 20.803640555939637 0
