1679595807531 0.058391139205990844 0
1679595870376 0.01987385507880345 0
1679595933454 0.014789338469315178 0
1679595997726 0.00786253446756504 0
1679596060814 0.00895868089615758 0
1679596124450 0.004373874001712899 0
1679596187410 0.00803199517116172 0
1679596250654 0.003983450132176492 0
1679596313696 0.0056946543443197935 0
1679596377140 0.0031404926291666475 0
1679596416720 0.43177242894076046 0
1679596436849 0.012742437831591815 0
1679596457310 0.007647913960274309 0
1679596477505 0.007404236815683544 0
1679596497374 0.010264507428434627 0
1679596517415 0.004475891070997568 0
1679596537842 0.0030092408285821875 0
1679596558404 0.007162483200970018 0
1679596578787 0.007581933630884532 0
1679596598843 0.008786718442431903 0
1679596639730 0.6627594100106508 0
1679596660160 0.045092503124009815 0
1679596680671 0.02223323233363917 0
1679596701123 0.015747361755149906 0
1679596722049 0.012245420102043136 0
1679596742207 0.012728857239078207 0
1679596762636 0.007052219398298621 0
1679596782693 0.00870113995339343 0
1679596803756 0.012424773665057363 0
1679596824711 0.006901878824956839 0
1679596866650 0.8348405011199415 0
1679596887483 0.04548540052990429 0
1679596907899 0.02772682537789224 0
1679596928658 0.020415852205769625 0
1679596949202 0.01063477187579847 0
1679596969521 0.013139644815880456 0
1679596990003 0.01794434921569191 0
1679597010760 0.012519332598598703 0
1679597031153 0.008434269068300637 0
1679597051637 0.0077626296938033195 0
1679597095285 0.8404008394502104 0
1679597115546 0.049497197602363305 0
1679597136212 0.028244057854474522 0
1679597156895 0.019389718487195205 0
1679597177175 0.014330616741193807 0
1679597197604 0.01545103341312788 0
1679597218084 0.016831906523386717 0
1679597238543 0.011380225136109949 0
1679597258828 0.01333116744843137 0
1679597279100 0.01130317452999734 0
1679597324683 0.9905558398410678 0
1679597344816 0.08676012370698154 0
1679597365152 0.042519551740027965 0
1679597386276 0.03424456945552956 0
1679597406835 0.025902593847515528 0
1679597426818 0.019779405977300483 0
1679597447655 0.016097112850393752 0
1679597467594 0.01624246795104409 0
1679597488125 0.016675722271240374 0
1679597508377 0.016615834322932642 0
1679597556040 1.023451861049235 0
1679597576382 0.09548257796270773 0
1679597596641 0.045871076558250935 0
1679597616948 0.03228289425324183 0
1679597639502 0.01933276568260044 0
1679597660534 0.02421333614705363 0
1679597681081 0.02839613464346621 0
1679597701618 0.01680721742733149 0
1679597722230 0.013770814845447604 0
1679597742795 0.018307764258462703 0
1679597792137 1.089491213184595 0
1679597812756 0.08237312574721872 0
1679597833124 0.04099003890901804 0
1679597853346 0.03015510988275055 0
1679597873832 0.021590140169661026 0
1679597894560 0.020044519415230024 0
1679597915403 0.021654576135403475 0
1679597936402 0.02234649390418781 0
1679597956894 0.01595193898420257 0
1679597977615 0.011456380197778344 0
1679598028334 1.0914471166729927 0
1679598049146 0.09692766111157834 0
1679598070108 0.0488349861973431 0
1679598090859 0.032189572561497334 0
1679598111329 0.033109504672978074 0
1679598131932 0.025223403108131606 0
1679598152401 0.021794227464022698 0
1679598173456 0.016629144214878034 0
1679598194160 0.02221331757041189 0
1679598214881 0.014877693629221903 0
1679598267678 1.1837025604516267 0
1679598288182 0.09203137042187154 0
1679598308493 0.03808587237386964 0
1679598329030 0.03153539076277521 0
1679598349328 0.02877718221580144 0
1679598369612 0.019841983063519 0
1679598390412 0.021949854088784197 0
1679598411612 0.021445559388081892 0
1679598432124 0.019389429152609956 0
1679598452528 0.016172989212177344 0
1679598506758 1.2668556080579758 0
1679598527550 0.12824382723495364 0
1679598548581 0.0600824049429968 0
1679598569276 0.038542586605716495 0
1679598590201 0.033487676532240586 0
1679598611082 0.03571440456894925 0
1679598632061 0.027698137164430228 0
1679598652609 0.015755207707968656 0
1679598673110 0.025110071549704297 0
1679598694068 0.024080094002507393 0
1679598750908 1.075128548783064 0
1679598771671 0.08149430149961263 0
1679598792533 0.040350281329452994 0
1679598813014 0.033719165666715706 0
1679598833770 0.026431772759021258 0
1679598854214 0.023750783701927868 0
1679598874823 0.017206090474230586 0
1679598895098 0.018884621160471578 0
1679598915879 0.020367240062655764 0
1679598936624 0.018524101553841318 0
1679598994759 1.096188136923313 0
1679599015677 0.12463933824449777 0
1679599036012 0.060132920898962765 0
1679599056582 0.039162776008527724 0
1679599077152 0.04189344108193181 0
1679599097497 0.03176173149032984 0
1679599118309 0.025170346151187552 0
1679599138978 0.021749315377447054 0
1679599160213 0.019960767260420835 0
1679599180832 0.027560637745117127 0
1679599240585 1.1305970567196608 0
1679599261717 0.12567730297409 0
1679599282883 0.06206890072524548 0
1679599303595 0.0450797966435086 0
1679599324099 0.03423296781403478 0
1679599345020 0.026814492934860754 0
1679599365824 0.03525830007882323 0
1679599386823 0.016887139186268905 0
1679599407665 0.02149485965286149 0
1679599428110 0.020951415629597615 0
1679599490543 1.1432594433307648 0
1679599511033 0.1304966666534543 0
1679599531832 0.05381025975719094 0
1679599552119 0.037660193519946185 0
1679599572758 0.030891553162632045 0
1679599593854 0.032900112523150164 0
1679599614825 0.025138218745437917 0
1679599635705 0.02724294041521498 0
1679599656314 0.022797110638208686 0
1679599677234 0.024604412448965014 0
1679599741506 1.2059306723058223 0
1679599762435 0.11073600712716579 0
1679599783357 0.04803239093590528 0
1679599804434 0.03408395092939027 0
1679599825562 0.03737331129524391 0
1679599846507 0.03317477000482613 0
1679599867225 0.029101938323641663 0
1679599888225 0.02162745691873133 0
1679599909600 0.02576528616673313 0
1679599930501 0.01731198564004153 0
1679600002974 1.416704269504547 0
1679600024019 0.21575980867445468 0
1679600044997 0.09519252647981048 0
1679600065747 0.0661436936320737 0
1679600086755 0.052345114064426164 0
1679600107684 0.04237732171444222 0
1679600129132 0.037012521440442654 0
1679600149961 0.041591407721466384 0
1679600171223 0.03052248936353717 0
1679600192242 0.035179148557863665 0
1679600260285 1.2956879951059819 0
1679600281336 0.15560532223284246 0
1679600302003 0.06441041699349881 0
1679600322961 0.04265843654656783 0
1679600344269 0.049148098520189525 0
1679600364751 0.04073460094782058 0
1679600385940 0.032188592931535094 0
1679600406804 0.03274859584432561 0
1679600428051 0.029580240206420423 0
1679600449150 0.030327096668328158 0
1679600519913 1.4361859557151795 0
1679600541054 0.18534139989763498 0
1679600562580 0.08508091684821993 0
1679600583613 0.05326310810763389 0
1679600604715 0.05459594813780859 0
1679600625961 0.043401140718278476 0
1679600647536 0.0423424260544125 0
1679600668511 0.034517522131465375 0
1679600689665 0.03844754361480009 0
1679600710699 0.029387342649349012 0
1679600783904 1.3850514989972114 0
1679600804830 0.1975065446048975 0
1679600825523 0.09214866520650684 0
1679600846596 0.05624564776569605 0
1679600868075 0.05317619597697631 0
1679600889426 0.05073280673949048 0
1679600910296 0.051193627410475166 0
1679600931506 0.039743520253663886 0
1679600952539 0.039532831241842356 0
1679600973629 0.03483877624464221 0
