1679237704957 3.9142370359622873 0
1679237708812 3.7493056869716384 0
1679237712607 3.6755875470116735 0
1679237716530 3.8089717650436796 0
1679237720153 3.518609038030263 0
1679237723873 3.598894660011865 0
1679237727979 3.9905060690362006 0
1679237731727 3.6295584599720314 0
1679237735540 3.6990076660295017 0
1679237739399 3.7456520830164663 0
1679237758423 6.784472750965506 0
1679237765289 6.757299059012439 0
1679237772279 6.879416759999003 0
1679237779625 7.216945032007061 0
1679237786416 6.658212800975889 0
1679237793361 6.826218974019866 0
1679237800356 6.874173944001086 0
1679237807430 6.909005539026111 0
1679237814517 6.967255429015495 0
1679237821230 6.606573964993004 0
1679237843583 9.868920884036925 0
1679237853621 9.927498343982734 0
1679237863524 9.785990786971524 0
1679237873339 9.695842051005457 0
1679237883208 9.75058882101439 0
1679237893119 9.791133932012599 0
1679237902758 9.521810125967022 0
1679237912673 9.794371073017828 0
1679237922463 9.675539716030471 0
1679237932504 9.931518022960518 0
1679237958025 13.278930473024957 0
1679237970943 12.793499768013135 0
1679237983883 12.832608438970055 0
1679237997603 13.58289965603035 0
1679238010343 12.617289782036096 0
1679238023247 12.789699597051367 0
1679238036393 13.025258780980948 0
1679238049609 13.094876980991103 0
1679238062986 13.257831066963263 0
1679238076247 13.149010864028241 0
1679238104925 16.231522705988027 0
1679238120921 15.887225581042003 0
1679238137392 16.347733767994214 0
1679238153683 16.169387629022822 0
1679238169840 16.039298816001974 0
1679238185965 16.011257074016612 0
1679238202383 16.297514186007902 0
1679238218942 16.415554293023888 0
1679238234560 15.500666501000524 0
1679238250622 15.94891065300908 0
1679238282360 19.222277341003064 0
1679238301457 18.976192672969773 0
1679238320741 19.166372818988748 0
1679238340024 19.17130502004875 0
1679238359438 19.29597520903917 0
1679238378983 19.431718890031334 0
1679238398363 19.269686946005095 0
1679238417894 19.42232806899119 0
1679238437286 19.274829430039972 0
1679238456249 18.84206577797886 0
1679238491210 22.292040261032525 0
1679238513614 22.279154958960135 0
1679238536268 22.54245767003158 0
1679238558603 22.200483410037123 0
1679238580723 22.000554555037525 0
1679238603422 22.582552436972037 0
1679238625599 22.068648422020487 0
1679238647707 21.98778860497987 0
1679238670130 22.285896555986255 0
1679238692017 21.766414238954894 0
1679238730373 25.464133622997906 0
1679238755600 25.100326792977285 0
1679238780924 25.19850713899359 0
1679238806194 25.1409839639673 0
1679238831747 25.433808670961298 0
1679238857042 25.175443052954506 0
1679238882534 25.35145770100644 0
1679238907086 24.43353353801649 0
1679238932413 25.209345944982488 0
1679238957842 25.30686272197636 0
1679238998899 28.178684755053837 0
1679239027444 28.425209937035106 0
1679239055629 28.068248449999373 0
1679239083716 27.964295128011145 0
1679239112027 28.187781324028037 0
1679239140317 28.168928555969615 0
1679239168724 28.28426397399744 0
1679239197549 28.687124213960487 0
1679239225909 28.236850239045452 0
1679239254204 28.170522111002356 0
1679239298699 31.475414633052424 0
1679239330268 31.447754408989567 0
1679239362067 31.664650054997765 0
1679239393346 31.146431214001495 0
1679239424924 31.443808807991445 0
1679239456001 30.936415801988915 0
1679239487214 31.089509101992007 0
1679239518435 31.100506384973414 0
1679239549689 31.1334811700508 0
1679239581134 31.321252326015383 0
1679239628975 34.06180050002877 0
1679239663854 34.74185809597839 0
1679239698364 34.37759233004181 0
1679239732704 34.21222118195146 0
1679239767223 34.389165097032674 0
1679239802337 34.9874428990297 0
1679239837643 35.13799057499273 0
1679239871938 34.15905656100949 0
1679239906829 34.75275484099984 0
1679239941395 34.4247599709779 0
1679239991931 36.843340304039884 0
1679240029395 37.32438190904213 0
1679240066535 36.977847469970584 0
1679240104044 37.35737366200192 0
1679240140592 36.40354226902127 0
1679240177607 36.883714951982256 0
1679240214675 36.92145464499481 0
1679240252302 37.47649025602732 0
1679240289889 37.43148908804869 0
1679240326438 36.40200165199349 0
1679240380641 40.553519868990406 0
1679240421767 40.96389300300507 0
1679240462078 40.17251054599183 0
1679240502830 40.59864927898161 0
1679240543605 40.62179889297113 0
1679240584017 40.257800756022334 0
1679240624674 40.51281090499833 0
1679240665722 40.89749291096814 0
1679240706586 40.711361490015406 0
1679240747270 40.5383026409545 0
1679240806194 44.52923628501594 0
1679240849698 43.34390810999321 0
1679240893470 43.62067527597537 0
1679240937510 43.888886278960854 0
1679240981205 43.56397603201913 0
1679241024759 43.39555918297265 0
1679241068132 43.22635594999883 0
1679241111784 43.48147091997089 0
1679241155494 43.56038024602458 0
1679241199102 43.46504077501595 0
1679241260136 47.635697032965254 0
1679241306910 46.62857880501542 0
1679241353051 45.99571471096715 0
1679241399802 46.61144373100251 0
1679241446585 46.61855386302341 0
1679241493264 46.51585223298753 0
1679241540275 46.850484178983606 0
1679241586635 46.200489121023566 0
1679241633743 46.95455129799666 0
1679241680999 47.09287052700529 0
1679241745501 49.70139267499326 0
1679241795024 49.37550199701218 0
1679241844977 49.80480110197095 0
1679241894338 49.212009440001566 0
1679241944417 49.92143221502192 0
1679241994471 49.9036096179625 0
1679242044067 49.43129434098955 0
1679242093343 49.125477247987874 0
1679242142865 49.37396065797657 0
1679242192455 49.42172283201944 0
1679242260085 52.7714035329991 0
1679242313849 53.60629627702292 0
1679242366750 52.70036049501505 0
1679242420055 53.15421665000031 0
1679242473022 52.82437749503879 0
1679242526681 53.49568965897197 0
1679242579691 52.86666623497149 0
1679242632147 52.30999627202982 0
1679242686111 53.81953502300894 0
1679242738630 52.37297928897897 0
1679242809517 56.00769964797655 0
1679242865668 55.97476536495378 0
1679242922058 56.23838465299923 0
1679242978355 56.15074807900237 0
1679243034997 56.496099409007 0
1679243090188 55.030756240012124 0
1679243146283 55.948727735027205 0
1679243202449 56.0210539069958 0
1679243258556 55.96176281099906 0
1679243315365 56.6457552560023 0
1679243390474 59.73124889499741 0
1679243449908 59.29081844998291 0
1679243509632 59.58449484797893 0
1679243568177 58.39124647498829 0
1679243627642 59.30100420198869 0
1679243686863 59.073626651021186 0
1679243746695 59.67949852900347 0
1679243806378 59.53117223700974 0
1679243865709 59.17271790700033 0
1679243924828 58.96417905803537 0
1679244002790 62.68661629001144 0
1679244065588 62.65715246403124 0
1679244127357 61.61736433103215 0
1679244189639 62.11577405099524 0
1679244251269 61.475857999990694 0
1679244313355 61.935719697969034 0
1679244375717 62.20145136298379 0
1679244437248 61.36582383303903 0
1679244499117 61.715471963980235 0
1679244561583 62.31913166301092 0
