1679237704949 0.33564182778126467 0
1679237708807 0.11347018779876332 0
1679237712600 0.0499806435560173 0
1679237716522 0.035613122898069505 0
1679237720146 0.03710940745876025 0
1679237723863 0.044877667912777384 0
1679237727974 0.021062179742704544 0
1679237731717 0.02251419546390774 0
1679237735533 0.018217315662446245 0
1679237739390 0.006913658510372853 0
1679237758414 0.25653658816136604 0
1679237765281 0.07414350765984415 0
1679237772272 0.028377481340714616 0
1679237779619 0.023236753337054012 0
1679237786409 0.026449945646766913 0
1679237793352 0.015406426911635563 0
1679237800347 0.007415027875118185 0
1679237807417 0.015224681267642242 0
1679237814509 0.0377604141223057 0
1679237821225 0.01681583168530956 0
1679237843571 0.3093892553023363 0
1679237853616 0.0508427645568205 0
1679237863514 0.02767686015116324 0
1679237873331 0.02568727853490496 0
1679237883202 0.03891026255153635 0
1679237893114 0.010554544108573113 0
1679237902751 0.008663627129803765 0
1679237912664 0.0136172816232518 0
1679237922456 0.020905031546022856 0
1679237932498 0.011600608715534482 0
1679237958019 0.394588652016913 0
1679237970938 0.07270958210801615 0
1679237983878 0.04920928697343121 0
1679237997594 0.02657138782920012 0
1679238010335 0.03843689053741755 0
1679238023240 0.014223622774123925 0
1679238036386 0.010486296132831939 0
1679238049600 0.026893523199360947 0
1679238062977 0.02086396948601227 0
1679238076239 0.015062927980475585 0
1679238104915 0.3414565102980305 0
1679238120916 0.07096295859651036 0
1679238137381 0.04123525208669321 0
1679238153674 0.028171816143654382 0
1679238169834 0.025627928558744628 0
1679238185955 0.04121245245229943 0
1679238202375 0.024968329598721084 0
1679238218934 0.013029730146431717 0
1679238234551 0.022813510990324914 0
1679238250615 0.01318210811295728 0
1679238282355 0.3345485018093018 0
1679238301446 0.05497520584049938 0
1679238320731 0.04363841991795878 0
1679238340019 0.035930466150046976 0
1679238359429 0.020030965458088728 0
1679238378976 0.01428983309006293 0
1679238398356 0.029026269482787533 0
1679238417888 0.027953116562796237 0
1679238437277 0.018267212719998437 0
1679238456244 0.01150673708770028 0
1679238491203 0.3926901567486066 0
1679238513606 0.09790522772531819 0
1679238536261 0.05481652866487656 0
1679238558591 0.04440198749905594 0
1679238580714 0.030287258234223634 0
1679238603417 0.02875692142330679 0
1679238625593 0.022831148201118815 0
1679238647697 0.026892444589484157 0
1679238670122 0.022033091569788353 0
1679238692008 0.012870516598033904 0
1679238730364 0.38154378367599284 0
1679238755587 0.1070514895727151 0
1679238780914 0.06127066136005607 0
1679238806188 0.051224424818065016 0
1679238831741 0.032447045352047295 0
1679238857035 0.03784192928642591 0
1679238882520 0.020971910379517882 0
1679238907079 0.02710046708959076 0
1679238932405 0.021704714293756717 0
1679238957835 0.027186550285209596 0
1679238998891 0.3906896892715072 0
1679239027437 0.11036793939863358 0
1679239055621 0.061426556049733856 0
1679239083706 0.03886988920045241 0
1679239112014 0.03433600703144312 0
1679239140310 0.03600276749776154 0
1679239168717 0.022727061532353446 0
1679239197532 0.02530551397113558 0
1679239225902 0.028085200097730183 0
1679239254198 0.022828263047026072 0
1679239298693 0.45283410860816153 0
1679239330260 0.14464246623524715 0
1679239362060 0.08399988426336388 0
1679239393335 0.05717574482330791 0
1679239424907 0.03982007453439221 0
1679239455993 0.03499064785947245 0
1679239487203 0.03798455389845469 0
1679239518428 0.024114784155647547 0
1679239549681 0.033252521102194586 0
1679239581127 0.025524109857747466 0
1679239628963 0.41065807845311386 0
1679239663842 0.12943526106876865 0
1679239698351 0.0713198485464413 0
1679239732695 0.052260844136349044 0
1679239767213 0.034128859031867215 0
1679239802329 0.03730842969073671 0
1679239837631 0.03397246379201327 0
1679239871927 0.026308787528541096 0
1679239906822 0.031068652198502206 0
1679239941388 0.027500725205227547 0
1679239991919 0.41578518127709335 0
1679240029387 0.16080003792146155 0
1679240066523 0.10563894300569801 0
1679240104036 0.08052129747490404 0
1679240140585 0.05792726724301514 0
1679240177601 0.04486768927150681 0
1679240214666 0.04316689715655389 0
1679240252294 0.0371947055159333 0
1679240289877 0.03408732290232464 0
1679240326429 0.03636315725220445 0
1679240380627 0.44638107855652653 0
1679240421756 0.15970575096240597 0
1679240462069 0.10317696008222288 0
1679240502823 0.0714287037366183 0
1679240543587 0.04820184919450677 0
1679240584010 0.04754287674571784 0
1679240624666 0.041780852514509685 0
1679240665711 0.037860992185612126 0
1679240706574 0.032889802689447675 0
1679240747255 0.038429241999647555 0
1679240806186 0.45312131091000246 0
1679240849686 0.18434525789089196 0
1679240893454 0.11211421046833306 0
1679240937497 0.0776008902775324 0
1679240981197 0.06348175519205368 0
1679241024748 0.04775910636741062 0
1679241068123 0.047646598527912865 0
1679241111767 0.04272411606763757 0
1679241155484 0.04285217758860652 0
1679241199091 0.03897970356217905 0
1679241260127 0.4494475917976958 0
1679241306899 0.18172229476988658 0
1679241353040 0.12497419054875507 0
1679241399794 0.08360416757446074 0
1679241446571 0.06699464068961813 0
1679241493253 0.05217467251243729 0
1679241540268 0.05079351573544156 0
1679241586626 0.045567817535420156 0
1679241633734 0.04306772870957086 0
1679241680984 0.04210722982433962 0
1679241745493 0.4591508857181692 0
1679241795016 0.22086965129717828 0
1679241844968 0.15098860819611498 0
1679241894329 0.10655833269776936 0
1679241944404 0.080941415756751 0
1679241994462 0.06472594406266642 0
1679242044054 0.05870586481980086 0
1679242093335 0.053419509120584 0
1679242142855 0.0508219215492244 0
1679242192437 0.04880397493965273 0
1679242260077 0.44947397568393416 0
1679242313841 0.2379909268264774 0
1679242366741 0.1738405610679223 0
1679242420038 0.13215309621201088 0
1679242473014 0.10331586671243112 0
1679242526663 0.08565458905024503 0
1679242579683 0.07120808902456718 0
1679242632139 0.06017550773153452 0
1679242686103 0.06038144242641824 0
1679242738623 0.05575128874125274 0
1679242809506 0.45975668614181336 0
1679242865652 0.24495436638171905 0
1679242922049 0.16795402995607375 0
1679242978347 0.1268215842563573 0
1679243034988 0.09553283475396122 0
1679243090170 0.0802724963219256 0
1679243146273 0.07024701341552243 0
1679243202431 0.06273005116769839 0
1679243258547 0.061910666672412365 0
1679243315356 0.05802019851240996 0
1679243390464 0.47520045793040433 0
1679243449899 0.2649694908254533 0
1679243509624 0.17946628262045167 0
1679243568169 0.1431673420358998 0
1679243627633 0.10295354833612826 0
1679243686855 0.08626781015196304 0
1679243746687 0.07190349462265953 0
1679243806369 0.07069616473316986 0
1679243865700 0.0662173494262348 0
1679243924819 0.06462972067510221 0
1679244002780 0.46736772690487816 0
1679244065579 0.2683215614618041 0
1679244127348 0.18676261533682223 0
1679244189628 0.13864597438656154 0
1679244251261 0.10900949134090883 0
1679244313339 0.09086774964708315 0
1679244375706 0.08162609699514062 0
1679244437239 0.072767423169609 0
1679244499107 0.06433897501972823 0
1679244561574 0.06818323031949676 0
