1679237704936 0.8844975490196079 0
1679237708798 0.9632352941176471 0
1679237712591 0.9828431372549019 0
1679237716508 0.9871323529411765 0
1679237720135 0.9886642156862745 0
1679237723852 0.9871323529411765 0
1679237727965 0.9932598039215687 0
1679237731705 0.9938725490196079 0
1679237735521 0.9947916666666666 0
1679237739377 0.9981617647058824 0
1679237758402 0.9454268292682927 0
1679237765269 0.9801829268292683 0
1679237772265 0.9929878048780488 0
1679237779610 0.99375 0
1679237786403 0.9920731707317073 0
1679237793342 0.9957317073170732 0
1679237800334 0.9980182926829269 0
1679237807403 0.9957317073170732 0
1679237814495 0.9900914634146342 0
1679237821214 0.9960365853658537 0
1679237843560 0.9333265472312704 0
1679237853609 0.9849348534201955 0
1679237863504 0.9924674267100977 0
1679237873318 0.9929763843648208 0
1679237883187 0.9888029315960912 0
1679237893105 0.9968444625407166 0
1679237902741 0.9972516286644951 0
1679237912645 0.9954193811074918 0
1679237922445 0.9950122149837134 0
1679237932488 0.9968444625407166 0
1679237958007 0.9126524390243902 0
1679237970932 0.9778963414634146 0
1679237983872 0.9845274390243902 0
1679237997580 0.9919207317073171 0
1679238010323 0.9877286585365853 0
1679238023228 0.9958841463414634 0
1679238036373 0.9971036585365853 0
1679238049586 0.9930640243902439 0
1679238062966 0.9940548780487805 0
1679238076227 0.9951219512195122 0
1679238104904 0.93377685546875 0
1679238120906 0.98046875 0
1679238137365 0.98809814453125 0
1679238153662 0.991943359375 0
1679238169822 0.99346923828125 0
1679238185943 0.98931884765625 0
1679238202363 0.9921875 0
1679238218919 0.99627685546875 0
1679238234540 0.99395751953125 0
1679238250603 0.99603271484375 0
1679238282344 0.9309959349593496 0
1679238301434 0.983790650406504 0
1679238320721 0.9876524390243903 0
1679238340009 0.989989837398374 0
1679238359417 0.9947662601626016 0
1679238378964 0.9957317073170732 0
1679238398345 0.9914126016260163 0
1679238417878 0.9921239837398373 0
1679238437268 0.9948678861788618 0
1679238456234 0.9969004065040651 0
1679238491192 0.9204387186629527 0
1679238513594 0.9692722841225627 0
1679238536254 0.9833739554317549 0
1679238558577 0.986725278551532 0
1679238580702 0.9907729805013927 0
1679238603404 0.9917740250696379 0
1679238625583 0.992775069637883 0
1679238647681 0.9923398328690808 0
1679238670110 0.9936455431754875 0
1679238691995 0.9965616295264624 0
1679238730352 0.9191310975609757 0
1679238755574 0.9671493902439025 0
1679238780901 0.9812118902439024 0
1679238806179 0.9844893292682927 0
1679238831726 0.9901295731707317 0
1679238857023 0.989329268292683 0
1679238882504 0.9933689024390244 0
1679238907067 0.9922637195121952 0
1679238932392 0.9935213414634146 0
1679238957824 0.9920731707317073 0
1679238998878 0.914511105092091 0
1679239027424 0.9657367280606717 0
1679239055609 0.9801259479956663 0
1679239083698 0.988048483206934 0
1679239112002 0.9898090465872156 0
1679239140298 0.9898429035752979 0
1679239168705 0.9936687432286024 0
1679239197514 0.9931947453954496 0
1679239225892 0.9921790357529794 0
1679239254186 0.993431744312026 0
1679239298682 0.9084146341463415 0
1679239330248 0.9548475609756097 0
1679239362048 0.9734451219512195 0
1679239393319 0.9832317073170732 0
1679239424893 0.9871951219512195 0
1679239455980 0.9898780487804878 0
1679239487192 0.9890853658536586 0
1679239518416 0.9932012195121951 0
1679239549669 0.9904268292682927 0
1679239581116 0.9934451219512195 0
1679239628952 0.9139239804964538 0
1679239663827 0.9605219414893617 0
1679239698339 0.977449024822695 0
1679239732682 0.984125664893617 0
1679239767198 0.9897772606382979 0
1679239802316 0.9886691046099291 0
1679239837605 0.9906637854609929 0
1679239871914 0.9926307624113475 0
1679239906810 0.9903036347517731 0
1679239941376 0.9918273492907801 0
1679239991902 0.9126472380178716 0
1679240029375 0.9496852152721365 0
1679240066499 0.9660337124289196 0
1679240104024 0.9750456945572705 0
1679240140577 0.9817983346872461 0
1679240177589 0.9859362307067425 0
1679240214650 0.9869516653127539 0
1679240252281 0.9886779041429732 0
1679240289861 0.9903533712428919 0
1679240326414 0.9900741267262388 0
1679240380603 0.9068595273818455 0
1679240421738 0.9501359714928732 0
1679240462056 0.9671792948237059 0
1679240502812 0.9779397974493623 0
1679240543576 0.9853010127531883 0
1679240583997 0.98548855963991 0
1679240624654 0.9874343585896475 0
1679240665698 0.9885596399099775 0
1679240706559 0.9906695423855963 0
1679240747243 0.9887003000750187 0
1679240806176 0.9075992339832869 0
1679240849671 0.9443767409470752 0
1679240893443 0.9644411559888579 0
1679240937481 0.9761055013927576 0
1679240981186 0.9806754874651811 0
1679241024733 0.9862900417827298 0
1679241068107 0.9858330431754875 0
1679241111750 0.986921135097493 0
1679241155473 0.9876175139275766 0
1679241199080 0.9884444637883009 0
1679241260113 0.9084647269180754 0
1679241306884 0.9454852080624188 0
1679241353027 0.9603990572171651 0
1679241399782 0.9735045513654096 0
1679241446554 0.9784216514954487 0
1679241493236 0.9841921326397919 0
1679241540256 0.9841718140442133 0
1679241586611 0.9862443107932379 0
1679241633721 0.986122399219766 0
1679241680968 0.9863865409622887 0
1679241745481 0.907316422912858 0
1679241795004 0.935348110907983 0
1679241844954 0.9526965265082267 0
1679241894318 0.9658935100548446 0
1679241944382 0.9748628884826326 0
1679241994448 0.9796998781230957 0
1679242044042 0.9822707190737355 0
1679242093324 0.9824992382693479 0
1679242142839 0.9842893053016454 0
1679242192425 0.9847653869591713 0
1679242260065 0.911751003440367 0
1679242313830 0.9341133887614679 0
1679242366731 0.9471043577981652 0
1679242420026 0.9582676318807339 0
1679242473002 0.9665280963302753 0
1679242526646 0.9722082855504587 0
1679242579669 0.976974627293578 0
1679242632126 0.9806658543577982 0
1679242686092 0.9810959002293578 0
1679242738611 0.9825473050458715 0
1679242809484 0.9106852654387866 0
1679242865628 0.9328615926327194 0
1679242922037 0.9485035211267606 0
1679242978336 0.960082611050921 0
1679243034976 0.9687669284940412 0
1679243090155 0.9740994041170098 0
1679243146255 0.9779760292524377 0
1679243202419 0.9801767334777898 0
1679243258536 0.9803290899241603 0
1679243315341 0.9820219393282773 0
1679243390450 0.9087352488455618 0
1679243449886 0.9311666239096973 0
1679243509613 0.9462384556182658 0
1679243568147 0.9553296562339662 0
1679243627620 0.9675634940995382 0
1679243686842 0.9719567727039508 0
1679243746675 0.9770234735761929 0
1679243806356 0.9776167265264238 0
1679243865689 0.979364417650077 0
1679243924807 0.9795247562852745 0
1679244002765 0.9098000975134081 0
1679244065567 0.9302169673330083 0
1679244127334 0.9451182350073135 0
1679244189610 0.956454168698196 0
1679244251249 0.9653675036567528 0
1679244313330 0.9709288152120916 0
1679244375690 0.9743570209653828 0
1679244437226 0.9772671867381765 0
1679244499095 0.980268771331058 0
1679244561563 0.9783642125792297 0
