1680114191788 4.518635995918885 0
1680114196439 4.217566200066358 0
1680114201249 4.3873567848932 0
1680114205975 4.301621897844598 0
1680114210735 4.335393026005477 0
1680114215383 4.246434074128047 0
1680114220094 4.294037473155186 0
1680114224904 4.381098109064624 0
1680114229730 4.388993327971548 0
1680114234475 4.325330371968448 0
1680114258977 4.648319819942117 0
1680114263888 4.4913457739166915 0
1680114268858 4.50843241205439 0
1680114274012 4.692208940861747 0
1680114279020 4.550862810108811 0
1680114284173 4.69541040295735 0
1680114289210 4.576804367126897 0
1680114294392 4.711007039994001 0
1680114299507 4.664775768993422 0
1680114304665 4.682542343856767 0
1680114327291 4.7773221069946885 0
1680114332420 4.646358859026805 0
1680114337564 4.66309359902516 0
1680114342910 4.870277764042839 0
1680114348172 4.765589510090649 0
1680114353333 4.678562792018056 0
1680114358628 4.806876071030274 0
1680114363894 4.7814229091163725 0
1680114369069 4.687466430012137 0
1680114374203 4.652124737156555 0
1680114397268 4.768024061108008 0
1680114402658 4.898591697216034 0
1680114407928 4.8118940440472215 0
1680114413152 4.7327843979001045 0
1680114418432 4.800345906056464 0
1680114423738 4.807083375984803 0
1680114428991 4.7829548991285264 0
1680114434213 4.727071285946295 0
1680114439418 4.738642244134098 0
1680114444611 4.708970610052347 0
1680114467705 4.835366247920319 0
1680114472950 4.751067858887836 0
1680114478360 4.905007726047188 0
1680114483687 4.8373244921676815 0
1680114489093 4.913521294016391 0
1680114494458 4.866761568933725 0
1680114499842 4.8932889071293175 0
1680114505190 4.8665100280195475 0
1680114510501 4.807283294154331 0
1680114515867 4.857404729118571 0
1680114539727 4.757710753008723 0
1680114545059 4.819766550092027 0
1680114550594 5.01101685105823 0
1680114556033 4.935247601941228 0
1680114561417 4.864197914022952 0
1680114566773 4.850479426095262 0
1680114572110 4.837914953939617 0
1680114577462 4.837979214033112 0
1680114582911 4.92606315203011 0
1680114588345 4.922003270126879 0
1680114612896 4.801722854143009 0
1680114618318 4.891299817012623 0
1680114623831 4.984327199170366 0
1680114629289 4.931348746875301 0
1680114634784 4.949713613837957 0
1680114640201 4.888863777043298 0
1680114645538 4.80753489700146 0
1680114650959 4.8878529670182616 0
1680114656391 4.905888898996636 0
1680114661826 4.906461048172787 0
1680114687094 4.934402690967545 0
1680114692671 5.039622820913792 0
1680114698121 4.9229146300349385 0
1680114703783 5.117371548898518 0
1680114709272 4.958685809047893 0
1680114714843 5.031741518061608 0
1680114720344 4.976366496877745 0
1680114725735 4.860098370118067 0
1680114731171 4.906817774986848 0
1680114736746 5.0309376020450145 0
1680114762773 5.073268270120025 0
1680114768345 5.00374013511464 0
1680114773901 4.9932176331058145 0
1680114779518 5.075984927127138 0
1680114785076 5.000782602000982 0
1680114790562 4.947471819119528 0
1680114796244 5.118458987213671 0
1680114801880 5.0901024849154055 0
1680114807481 5.040290847886354 0
1680114813045 4.996776569867507 0
1680114839560 5.140260578133166 0
1680114845292 5.159397660987452 0
1680114850868 5.005754620069638 0
1680114856533 5.112701711943373 0
1680114862272 5.1577926110476255 0
1680114867967 5.129869319032878 0
1680114873644 5.103229908971116 0
1680114879256 5.065000196918845 0
1680114884897 5.090260069118813 0
1680114890563 5.1060924851335585 0
1680114917476 5.151130622951314 0
1680114923182 5.105474753072485 0
1680114928936 5.169956855010241 0
1680114934634 5.117086714832112 0
1680114940208 4.9983548750169575 0
1680114945708 4.911413057940081 0
1680114951345 5.056784193962812 0
1680114957083 5.161185014992952 0
1680114962791 5.136732131009921 0
1680114968362 4.998736527049914 0
1680114995889 5.101128946989775 0
1680115001494 4.995190847897902 0
1680115007251 5.166479619918391 0
1680115013026 5.184784724842757 0
1680115018922 5.299765944015235 0
1680115024647 5.150122947990894 0
1680115030445 5.196592789143324 0
1680115036083 5.035079126013443 0
1680115041723 5.032775724073872 0
1680115047479 5.17162768705748 0
1680115075691 5.193316439166665 0
1680115081549 5.2593224418815225 0
1680115087505 5.343480271985754 0
1680115093382 5.291538038989529 0
1680115099288 5.280217145103961 0
1680115104959 5.062549545895308 0
1680115110810 5.239674691809341 0
1680115116494 5.077033596113324 0
1680115122325 5.231838517123833 0
1680115128089 5.1444353382103145 0
1680115157180 5.249924307921901 0
1680115163078 5.286485550925136 0
1680115168947 5.248909025918692 0
1680115174803 5.254316383041441 0
1680115180587 5.172030854970217 0
1680115186422 5.228934799088165 0
1680115192214 5.174401101889089 0
1680115198111 5.298389608971775 0
1680115204023 5.281347583979368 0
1680115210070 5.388855993049219 0
1680115239389 5.401647226884961 0
1680115245325 5.316395787987858 0
1680115251269 5.3036300300154835 0
1680115257172 5.27991855610162 0
1680115263098 5.295092300046235 0
1680115268922 5.205176958115771 0
1680115274687 5.133107986068353 0
1680115280554 5.227945881895721 0
1680115286569 5.377257062122226 0
1680115292541 5.32137336791493 0
1680115322657 5.4087375870440155 0
1680115328458 5.155421438161284 0
1680115334350 5.257516464218497 0
1680115340270 5.270121628884226 0
1680115346261 5.346169505966827 0
1680115352241 5.356045907828957 0
1680115358166 5.271497132023796 0
1680115364019 5.2198930599261075 0
1680115369846 5.182209253078327 0
1680115375855 5.394305729074404 0
1680115406612 5.410968599142507 0
1680115412640 5.37160184700042 0
1680115418520 5.241905461996794 0
1680115424590 5.406413662014529 0
1680115430530 5.272587992018089 0
1680115436578 5.398161004064605 0
1680115442513 5.298548924038187 0
1680115448377 5.224959423998371 0
1680115454353 5.32631616294384 0
1680115460327 5.330388554837555 0
1680115491795 5.433386618038639 0
1680115497679 5.235718542942777 0
1680115503795 5.454711224883795 0
1680115509908 5.448911929037422 0
1680115515977 5.4046645401977 0
1680115522121 5.466180887073278 0
1680115528122 5.3359630240593106 0
1680115534145 5.368194741895422 0
1680115540302 5.504657505080104 0
1680115546347 5.387639997061342 0
1680115578407 5.426950483117253 0
1680115584425 5.354241116903722 0
1680115590537 5.451404851861298 0
1680115596776 5.5520940399728715 0
1680115602982 5.529664621921256 0
1680115609081 5.415170940104872 0
1680115615365 5.6011716418433934 0
1680115621367 5.340218810830265 0
1680115627427 5.378773953998461 0
1680115633481 5.362842659000307 0
1680115666266 5.50508169317618 0
1680115672461 5.513646875042468 0
1680115678555 5.413148855790496 0
1680115684745 5.520639055874199 0
1680115690931 5.496904724044725 0
1680115697141 5.5331138470210135 0
1680115703362 5.524357210146263 0
1680115709466 5.401057773036882 0
1680115715715 5.548763172002509 0
1680115721876 5.477390249026939 0
