1680114191770 0.8009072580645161 0
1680114196411 0.9884072580645161 0
1680114201231 0.9944556451612904 0
1680114205944 0.9979838709677419 0
1680114210710 0.998991935483871 0
1680114215366 1.0 0
1680114220069 1.0 0
1680114224878 1.0 0
1680114229712 1.0 0
1680114234450 1.0 0
1680114258962 0.6935483870967742 0
1680114263872 0.9627016129032258 0
1680114268838 0.9914314516129032 0
1680114273992 0.9959677419354839 0
1680114279002 0.9994959677419355 0
1680114284156 1.0 0
1680114289190 1.0 0
1680114294367 1.0 0
1680114299490 0.998991935483871 0
1680114304631 0.9994959677419355 0
1680114327275 0.6335685483870968 0
1680114332393 0.9319556451612904 0
1680114337549 0.9873991935483871 0
1680114342889 0.9934475806451613 0
1680114348148 0.9994959677419355 0
1680114353313 1.0 0
1680114358599 0.998991935483871 0
1680114363866 0.9994959677419355 0
1680114369035 1.0 0
1680114374178 0.9994959677419355 0
1680114397245 0.592741935483871 0
1680114402638 0.921875 0
1680114407917 0.9828629032258065 0
1680114413136 0.9974798387096774 0
1680114418416 0.998991935483871 0
1680114423715 0.998991935483871 0
1680114428981 0.9994959677419355 0
1680114434193 1.0 0
1680114439408 1.0 0
1680114444592 1.0 0
1680114467687 0.5720766129032258 0
1680114472927 0.9122983870967742 0
1680114478334 0.9788306451612904 0
1680114483659 0.9959677419354839 0
1680114489073 0.9984879032258065 0
1680114494428 0.9994959677419355 0
1680114499824 0.9979838709677419 0
1680114505179 1.0 0
1680114510479 1.0 0
1680114515837 1.0 0
1680114539706 0.5740927419354839 0
1680114545028 0.8971774193548387 0
1680114550564 0.9773185483870968 0
1680114556013 0.9954637096774194 0
1680114561385 0.9969758064516129 0
1680114566755 0.998991935483871 0
1680114572093 1.0 0
1680114577429 1.0 0
1680114582875 1.0 0
1680114588321 0.9994959677419355 0
1680114612876 0.5680443548387096 0
1680114618289 0.9032258064516129 0
1680114623813 0.9858870967741935 0
1680114629261 0.9924395161290323 0
1680114634758 0.9994959677419355 0
1680114640183 0.9969758064516129 0
1680114645507 1.0 0
1680114650927 0.9994959677419355 0
1680114656354 1.0 0
1680114661790 1.0 0
1680114687074 0.5776209677419355 0
1680114692653 0.9087701612903226 0
1680114698101 0.9863911290322581 0
1680114703744 0.9969758064516129 0
1680114709254 0.9994959677419355 0
1680114714822 0.9984879032258065 0
1680114720323 0.9994959677419355 0
1680114725712 1.0 0
1680114731145 1.0 0
1680114736721 1.0 0
1680114762735 0.5630040322580645 0
1680114768308 0.9128024193548387 0
1680114773880 0.9848790322580645 0
1680114779495 0.9964717741935484 0
1680114785055 0.9979838709677419 0
1680114790544 0.998991935483871 0
1680114796216 1.0 0
1680114801861 1.0 0
1680114807450 0.9994959677419355 0
1680114813014 1.0 0
1680114839533 0.5549395161290323 0
1680114845274 0.9022177419354839 0
1680114850845 0.9813508064516129 0
1680114856514 0.9959677419354839 0
1680114862243 0.998991935483871 0
1680114867946 0.998991935483871 0
1680114873608 0.9994959677419355 0
1680114879238 1.0 0
1680114884877 0.998991935483871 0
1680114890536 0.998991935483871 0
1680114917451 0.5625 0
1680114923153 0.9269153225806451 0
1680114928914 0.9873991935483871 0
1680114934600 0.9979838709677419 0
1680114940177 0.998991935483871 0
1680114945679 1.0 0
1680114951313 1.0 0
1680114957051 1.0 0
1680114962775 1.0 0
1680114968341 1.0 0
1680114995851 0.5630040322580645 0
1680115001466 0.9344758064516129 0
1680115007225 0.9823588709677419 0
1680115013007 0.9959677419354839 0
1680115018899 0.998991935483871 0
1680115024630 0.998991935483871 0
1680115030411 0.9994959677419355 0
1680115036050 0.9994959677419355 0
1680115041703 1.0 0
1680115047455 1.0 0
1680115075672 0.5509072580645161 0
1680115081529 0.9279233870967742 0
1680115087476 0.9868951612903226 0
1680115093360 0.9919354838709677 0
1680115099248 0.998991935483871 0
1680115104922 0.9984879032258065 0
1680115110781 0.998991935483871 0
1680115116460 0.9994959677419355 0
1680115122298 0.9994959677419355 0
1680115128049 0.9994959677419355 0
1680115157155 0.5670362903225806 0
1680115163059 0.9173387096774194 0
1680115168928 0.9899193548387096 0
1680115174784 0.9969758064516129 0
1680115180566 0.9984879032258065 0
1680115186397 0.9979838709677419 0
1680115192183 1.0 0
1680115198090 0.9994959677419355 0
1680115203979 1.0 0
1680115210034 1.0 0
1680115239369 0.5504032258064516 0
1680115245301 0.9128024193548387 0
1680115251239 0.984375 0
1680115257153 0.9964717741935484 0
1680115263065 0.998991935483871 0
1680115268900 1.0 0
1680115274665 0.9979838709677419 0
1680115280527 1.0 0
1680115286527 1.0 0
1680115292497 1.0 0
1680115322629 0.5745967741935484 0
1680115328437 0.9188508064516129 0
1680115334320 0.9858870967741935 0
1680115340228 0.9964717741935484 0
1680115346222 0.998991935483871 0
1680115352221 1.0 0
1680115358118 1.0 0
1680115363992 1.0 0
1680115369814 0.9994959677419355 0
1680115375832 1.0 0
1680115406589 0.5625 0
1680115412611 0.9309475806451613 0
1680115418493 0.9914314516129032 0
1680115424566 0.9974798387096774 0
1680115430502 0.9994959677419355 0
1680115436551 0.9994959677419355 0
1680115442492 1.0 0
1680115448359 1.0 0
1680115454328 1.0 0
1680115460298 1.0 0
1680115491776 0.5539314516129032 0
1680115497660 0.9243951612903226 0
1680115503772 0.9899193548387096 0
1680115509879 0.9979838709677419 0
1680115515944 0.9979838709677419 0
1680115522097 0.9994959677419355 0
1680115528091 1.0 0
1680115534116 1.0 0
1680115540279 1.0 0
1680115546326 1.0 0
1680115578365 0.545866935483871 0
1680115584403 0.9299395161290323 0
1680115590516 0.9808467741935484 0
1680115596750 0.9969758064516129 0
1680115602962 0.9994959677419355 0
1680115609047 0.998991935483871 0
1680115615335 0.9994959677419355 0
1680115621346 1.0 0
1680115627400 1.0 0
1680115633432 1.0 0
1680115666240 0.5529233870967742 0
1680115672430 0.9248991935483871 0
1680115678534 0.9858870967741935 0
1680115684723 0.9994959677419355 0
1680115690907 0.9994959677419355 0
1680115697121 0.9994959677419355 0
1680115703335 0.9994959677419355 0
1680115709425 1.0 0
1680115715686 0.9994959677419355 0
1680115721851 1.0 0
