1680114191781 0.6791045865224253 0
1680114196427 0.070074982911108 0
1680114201242 0.03314259617529329 0
1680114205962 0.020340573913868395 0
1680114210723 0.008440459652187964 0
1680114215376 0.006007435108204523 0
1680114220085 0.00479236280079931 0
1680114224896 0.0037477099479386405 0
1680114229722 0.0032098431641521354 0
1680114234466 0.0026287212873989294 0
1680114258972 0.9737074488113003 0
1680114263883 0.16730834111090628 0
1680114268851 0.055592957869051926 0
1680114274004 0.02460816963725994 0
1680114279013 0.012784791869982597 0
1680114284167 0.008053053427682888 0
1680114289203 0.00489301654329944 0
1680114294382 0.004368399902652469 0
1680114299501 0.00863406944066106 0
1680114304649 0.00564297070283623 0
1680114327285 1.137594378282947 0
1680114332408 0.2602268964532883 0
1680114337557 0.0778957910294975 0
1680114342901 0.03488145903834412 0
1680114348163 0.014335289935491258 0
1680114353325 0.008241794164097238 0
1680114358617 0.009491391224606384 0
1680114363880 0.0068613207718778045 0
1680114369055 0.004879330587197816 0
1680114374194 0.0037701969098810468 0
1680114397259 1.213358243626933 0
1680114402650 0.29547166043231565 0
1680114407923 0.08932952633908679 0
1680114413145 0.032788917647614595 0
1680114418424 0.01779646636737931 0
1680114423729 0.013049032261234618 0
1680114428986 0.008174709842405132 0
1680114434203 0.006300896507567696 0
1680114439413 0.004810750516386883 0
1680114444603 0.003727651999196819 0
1680114467698 1.2768523467163886 0
1680114472938 0.3310812274294515 0
1680114478347 0.10912934426338441 0
1680114483671 0.03341405669737968 0
1680114489085 0.01869149973255492 0
1680114494446 0.011609382995013748 0
1680114499836 0.011996903434215535 0
1680114505185 0.0059337801949661826 0
1680114510489 0.005676716400851165 0
1680114515855 0.004909902643938098 0
1680114539717 1.3255035612852342 0
1680114545047 0.37395770679558477 0
1680114550579 0.11706339420690652 0
1680114556024 0.042105281950845834 0
1680114561405 0.024784351008072976 0
1680114566766 0.015804402143394035 0
1680114572104 0.009035508287319492 0
1680114577449 0.007469179816619162 0
1680114582895 0.004652453993912786 0
1680114588333 0.005286025769648052 0
1680114612888 1.3217327359222597 0
1680114618307 0.3507652064004252 0
1680114623824 0.09726725945309285 0
1680114629278 0.04817980296549297 0
1680114634774 0.0175432026228537 0
1680114640194 0.017471402459177037 0
1680114645527 0.009476431401356334 0
1680114650941 0.007595812691555869 0
1680114656375 0.004387465438940713 0
1680114661810 0.004691183276008815 0
1680114687086 1.3117136330373826 0
1680114692664 0.3196096148702406 0
1680114698113 0.10383021263706108 0
1680114703767 0.03844324195937764 0
1680114709266 0.01683993162136645 0
1680114714835 0.013156975202652956 0
1680114720334 0.009713359909402508 0
1680114725723 0.0059975405456498265 0
1680114731156 0.005333077297696183 0
1680114736733 0.004682076109137626 0
1680114762757 1.3502610085471984 0
1680114768329 0.34801835530707914 0
1680114773893 0.09975233358601408 0
1680114779507 0.04234797527052222 0
1680114785068 0.02141358837064716 0
1680114790555 0.013587929161956473 0
1680114796233 0.008697277449461962 0
1680114801873 0.006801514781170314 0
1680114807470 0.006982188842694966 0
1680114813032 0.003846825763297778 0
1680114839546 1.3692215955065143 0
1680114845284 0.3690459658541987 0
1680114850858 0.11494571234910719 0
1680114856526 0.03541154872565981 0
1680114862257 0.020724006162415588 0
1680114867959 0.014165230632399118 0
1680114873629 0.009609850371376641 0
1680114879249 0.007104613570376269 0
1680114884888 0.00733349995214432 0
1680114890548 0.011606995087687767 0
1680114917467 1.3670404168867296 0
1680114923171 0.3118490338806183 0
1680114928926 0.08869799298624839 0
1680114934622 0.03548643599835134 0
1680114940198 0.017251580487936735 0
1680114945698 0.010044247336355188 0
1680114951334 0.007425566230179562 0
1680114957063 0.006076005873300375 0
1680114962784 0.006399936782526633 0
1680114968354 0.004495603931812389 0
1680114995875 1.344973873707556 0
1680115001484 0.2978762092609559 0
1680115007240 0.09880796648682125 0
1680115013018 0.03685549493398397 0
1680115018911 0.02088412717585602 0
1680115024641 0.016302054297299154 0
1680115030429 0.010766077212118093 0
1680115036068 0.00846312581486399 0
1680115041715 0.005426394212390146 0
1680115047466 0.004088734083193084 0
1680115075683 1.3625511805857382 0
1680115081541 0.30688423170678075 0
1680115087491 0.09030078880248531 0
1680115093373 0.046540831561170275 0
1680115099267 0.020526951531909646 0
1680115104943 0.01407877431671706 0
1680115110796 0.016948895420007888 0
1680115116481 0.00784009462222457 0
1680115122313 0.007993695314883465 0
1680115128074 0.006444019821262167 0
1680115157171 1.3345168256951916 0
1680115163070 0.3137106917077495 0
1680115168939 0.08917555912968612 0
1680115174796 0.03346773846856048 0
1680115180578 0.023209293425503756 0
1680115186411 0.0166747008164924 0
1680115192200 0.0074569870053129575 0
1680115198103 0.007096185071033335 0
1680115204002 0.006030311826766739 0
1680115210047 0.004857922367180788 0
1680115239381 1.3867266812632162 0
1680115245313 0.3294060857545945 0
1680115251257 0.09183327871705255 0
1680115257164 0.036360600903149576 0
1680115263086 0.018553355798846292 0
1680115268914 0.01133154312358989 0
1680115274678 0.012937932200128994 0
1680115280542 0.006920130596676421 0
1680115286546 0.004599199512027084 0
1680115292519 0.004247328127554107 0
1680115322644 1.3452123691958766 0
1680115328450 0.32580072456790554 0
1680115334332 0.09070079383109847 0
1680115340248 0.03811764440709545 0
1680115346242 0.022064914235905293 0
1680115352233 0.01216889284701357 0
1680115358145 0.008673636490599282 0
1680115364007 0.0065657978993840516 0
1680115369834 0.00565562438550255 0
1680115375846 0.004314082766687798 0
1680115406603 1.3335062909510829 0
1680115412629 0.289820083987809 0
1680115418505 0.07186292171958954 0
1680115424581 0.030274107226080472 0
1680115430519 0.01771118955296134 0
1680115436568 0.01132440104735114 0
1680115442504 0.007896472962813513 0
1680115448369 0.0064873186375705464 0
1680115454343 0.005159262858796865 0
1680115460312 0.004484384313165661 0
1680115491787 1.352148490567361 0
1680115497671 0.3097216806584789 0
1680115503786 0.08055745648039926 0
1680115509896 0.03187147254544881 0
1680115515966 0.022069782687110767 0
1680115522112 0.010999103809045929 0
1680115528110 0.008105884185962139 0
1680115534129 0.006131574795055654 0
1680115540294 0.006787028619944449 0
1680115546338 0.004823141639316154 0
1680115578387 1.3956811081978582 0
1680115584416 0.3032917999211819 0
1680115590528 0.10340351142710255 0
1680115596767 0.036738322386818546 0
1680115602974 0.021563017913590995 0
1680115609068 0.012810614294252329 0
1680115615354 0.009248192865221251 0
1680115621358 0.006621697819941948 0
1680115627417 0.004631894432203544 0
1680115633459 0.005378310895344663 0
1680115666256 1.3803559387883833 0
1680115672442 0.3010180174343048 0
1680115678546 0.08170522007370187 0
1680115684736 0.027277154817936883 0
1680115690921 0.016270923105278803 0
1680115697132 0.012021987304662264 0
1680115703351 0.010385866618655142 0
1680115709446 0.007433558735365589 0
1680115715704 0.007921013665655929 0
1680115721867 0.004693353084862352 0
