1679409545855 0.9026243093922652 0
1679409552396 0.9454419889502762 0
1679409558854 0.9675414364640884 0
1679409565245 0.9844613259668509 0
1679409571957 0.9910220994475138 0
1679409578421 0.993439226519337 0
1679409585059 0.9965469613259669 0
1679409591703 0.9986187845303868 0
1679409598395 0.994475138121547 0
1679409604696 0.9968922651933702 0
1679409636175 0.9563190607734806 0
1679409653025 0.9967196132596685 0
1679409669718 0.99896408839779 0
1679409686329 0.9998273480662984 0
1679409702768 0.9998273480662984 0
1679409719334 1.0 0
1679409735882 0.9996546961325967 0
1679409752723 0.9998273480662984 0
1679409769499 1.0 0
1679409786393 0.9998273480662984 0
1679409815862 0.9090124309392266 0
1679409832588 0.9848066298342542 0
1679409849431 0.9948204419889503 0
1679409866273 0.9975828729281768 0
1679409883260 0.9998273480662984 0
1679409900358 1.0 0
1679409917373 1.0 0
1679409933983 1.0 0
1679409951015 1.0 0
1679409967959 1.0 0
1679409997883 0.8800069060773481 0
1679410015331 0.9782458563535912 0
1679410032686 0.9922306629834254 0
1679410049278 0.9967196132596685 0
1679410066381 0.9991367403314917 0
1679410083746 0.9996546961325967 0
1679410101149 1.0 0
1679410118251 1.0 0
1679410135464 0.9998273480662984 0
1679410152534 1.0 0
1679410182644 0.8506560773480663 0
1679410200311 0.9803176795580111 0
1679410217924 0.9905041436464088 0
1679410235244 0.9986187845303868 0
1679410252999 0.9998273480662984 0
1679410270712 0.9994820441988951 0
1679410288296 0.9996546961325967 0
1679410305871 1.0 0
1679410323140 1.0 0
1679410340762 1.0 0
1679410371406 0.8504834254143646 0
1679410389487 0.9801450276243094 0
1679410407555 0.9908494475138122 0
1679410425321 0.9982734806629834 0
1679410443075 0.9991367403314917 0
1679410461035 0.9996546961325967 0
1679410478466 0.9996546961325967 0
1679410496172 0.9994820441988951 0
1679410513958 0.9996546961325967 0
1679410532132 0.9994820441988951 0
1679410563446 0.8378798342541437 0
1679410581580 0.9810082872928176 0
1679410599676 0.9949930939226519 0
1679410617540 0.9996546961325967 0
1679410635317 0.9994820441988951 0
1679410653672 1.0 0
1679410672020 0.9996546961325967 0
1679410690352 0.9996546961325967 0
1679410708590 0.9998273480662984 0
1679410726932 1.0 0
1679410758576 0.8314917127071824 0
1679410776397 0.9763466850828729 0
1679410794776 0.9903314917127072 0
1679410813198 0.9967196132596685 0
1679410831550 0.9996546961325967 0
1679410849964 0.9996546961325967 0
1679410868329 1.0 0
1679410886637 0.9996546961325967 0
1679410905109 1.0 0
1679410923559 0.9998273480662984 0
1679410955940 0.8406422651933702 0
1679410974345 0.980835635359116 0
1679410993104 0.9968922651933702 0
1679411011146 0.99896408839779 0
1679411029742 0.9987914364640884 0
1679411048409 0.9987914364640884 0
1679411066687 0.9996546961325967 0
1679411085202 0.9996546961325967 0
1679411103664 1.0 0
1679411122136 0.9996546961325967 0
1679411154669 0.831664364640884 0
1679411173479 0.9799723756906077 0
1679411192546 0.9962016574585635 0
1679411211427 0.9991367403314917 0
1679411230200 0.9994820441988951 0
1679411248848 0.99896408839779 0
1679411267877 0.9994820441988951 0
1679411286642 1.0 0
1679411305759 1.0 0
1679411324435 1.0 0
1679411357566 0.7947168508287292 0
1679411376662 0.9730662983425414 0
1679411395905 0.9917127071823204 0
1679411415248 0.9974102209944752 0
1679411434058 0.9977555248618785 0
1679411453180 0.9981008287292817 0
1679411472278 0.99896408839779 0
1679411491341 0.9991367403314917 0
1679411510001 0.9994820441988951 0
1679411529113 0.9994820441988951 0
1679411560014 0.8090469613259669 0
1679411577466 0.9708218232044199 0
1679411594142 0.9908494475138122 0
1679411611854 0.9963743093922652 0
1679411629297 0.9974102209944752 0
1679411645849 0.9991367403314917 0
1679411663077 0.99896408839779 0
1679411680870 0.9991367403314917 0
1679411697699 1.0 0
1679411714891 0.9996546961325967 0
1679411747053 0.825103591160221 0
1679411764379 0.9739295580110497 0
1679411781443 0.9908494475138122 0
1679411799104 0.9974102209944752 0
1679411816860 0.9984461325966851 0
1679411834180 0.9996546961325967 0
1679411852065 0.9998273480662984 0
1679411868966 0.9998273480662984 0
1679411885570 0.99896408839779 0
1679411902116 0.9993093922651933 0
1679411934675 0.8323549723756906 0
1679411952686 0.9756560773480663 0
1679411970070 0.991885359116022 0
1679411988264 0.9965469613259669 0
1679412005102 0.9974102209944752 0
1679412022524 0.9972375690607734 0
1679412039809 0.9994820441988951 0
1679412057173 0.9994820441988951 0
1679412074756 0.9970649171270718 0
1679412091783 1.0 0
1679412124468 0.7738259668508287 0
1679412141953 0.9582182320441989 0
1679412160301 0.9829074585635359 0
1679412178651 0.9908494475138122 0
1679412196086 0.9960290055248618 0
1679412214031 0.9974102209944752 0
1679412232114 0.9987914364640884 0
1679412249626 0.99896408839779 0
1679412267301 0.9987914364640884 0
1679412284997 0.9991367403314917 0
1679412319349 0.8021408839779005 0
1679412337191 0.9602900552486188 0
1679412355529 0.9867058011049724 0
1679412373576 0.9962016574585635 0
1679412391743 0.9972375690607734 0
1679412409729 0.9975828729281768 0
1679412428051 0.9984461325966851 0
1679412446493 0.9982734806629834 0
1679412464988 0.9984461325966851 0
1679412482879 0.9998273480662984 0
1679412517538 0.8121546961325967 0
1679412535602 0.9637430939226519 0
1679412554028 0.9908494475138122 0
1679412572333 0.9977555248618785 0
1679412590446 0.9979281767955801 0
1679412609151 0.9987914364640884 0
1679412628207 0.9994820441988951 0
1679412646881 0.9968922651933702 0
1679412665416 0.9981008287292817 0
1679412683931 0.9987914364640884 0
1679412719115 0.7815953038674033 0
1679412738124 0.9520027624309392 0
1679412756661 0.981871546961326 0
1679412775581 0.9906767955801105 0
1679412794555 0.994475138121547 0
1679412813602 0.9972375690607734 0
1679412832340 0.9975828729281768 0
1679412850896 0.9986187845303868 0
1679412869600 0.9996546961325967 0
1679412888120 0.9977555248618785 0
1679412922234 0.8092196132596685 0
1679412941181 0.9494129834254144 0
1679412960260 0.9766919889502762 0
1679412979676 0.9865331491712708 0
1679412999139 0.9946477900552486 0
1679413018206 0.9977555248618785 0
1679413037243 0.9981008287292817 0
1679413055955 0.9974102209944752 0
1679413075159 0.9993093922651933 0
1679413094126 0.9951657458563536 0
1679413130253 0.7852209944751382 0
1679413149835 0.9552831491712708 0
1679413168835 0.9830801104972375 0
1679413188916 0.991885359116022 0
1679413207321 0.9974102209944752 0
1679413226976 0.9984461325966851 0
1679413247336 0.9972375690607734 0
1679413266840 0.9996546961325967 0
1679413286029 0.9981008287292817 0
1679413305994 0.99896408839779 0
