1679409545871 6.760044603026472 0
1679409552415 6.371274948003702 0
1679409558872 6.278363191988319 0
1679409565261 6.229542715009302 0
1679409571975 6.538857984938659 0
1679409578440 6.293253986048512 0
1679409585077 6.456671540043317 0
1679409591719 6.462630101945251 0
1679409598411 6.514327910030261 0
1679409604713 6.136402350966819 0
1679409636193 16.445485302014276 0
1679409653043 16.64980779401958 0
1679409669735 16.499207149958238 0
1679409686349 16.42187452595681 0
1679409702787 16.25228314998094 0
1679409719349 16.388130935956724 0
1679409735899 16.359006465994753 0
1679409752749 16.635361445019953 0
1679409769516 16.558719233958982 0
1679409786412 16.710920042940415 0
1679409815879 16.856859100982547 0
1679409832606 16.54164813493844 0
1679409849447 16.661204178002663 0
1679409866297 16.640904312953353 0
1679409883279 16.794239744078368 0
1679409900375 16.912002730066888 0
1679409917389 16.820126669947058 0
1679409934001 16.42649629910011 0
1679409951040 16.848834868054837 0
1679409967974 16.724084161105566 0
1679409997901 17.093385918065906 0
1679410015348 17.25992647802923 0
1679410032702 17.147303019068204 0
1679410049297 16.398233519983478 0
1679410066401 16.899741144967265 0
1679410083761 17.16872343106661 0
1679410101168 17.19307989801746 0
1679410118275 16.907435538014397 0
1679410135480 17.021609125076793 0
1679410152557 16.87357521406375 0
1679410182661 17.362840551999398 0
1679410200326 17.46342342090793 0
1679410217943 17.409706351929344 0
1679410235265 17.126508901943453 0
1679410253018 17.560821542982012 0
1679410270731 17.51494034798816 0
1679410288313 17.375543595990166 0
1679410305891 17.367917702067643 0
1679410323158 17.07171428797301 0
1679410340779 17.431931199971586 0
1679410371427 17.54838996194303 0
1679410389515 17.866354043013416 0
1679410407579 17.83168146200478 0
1679410425340 17.568103950936347 0
1679410443097 17.547447390970774 0
1679410461052 17.753428761963733 0
1679410478486 17.245264512952417 0
1679410496193 17.50641923805233 0
1679410513984 17.5878591039218 0
1679410532154 17.979369957000017 0
1679410563471 17.796057600993663 0
1679410581599 17.918860730016604 0
1679410599697 17.87735976895783 0
1679410617559 17.589027126086876 0
1679410635346 17.56378698395565 0
1679410653689 18.131269817939028 0
1679410672038 18.16324500995688 0
1679410690369 18.137385591981 0
1679410708618 18.019448855076917 0
1679410726952 18.130959333037026 0
1679410758592 17.907099906005897 0
1679410776413 17.611514126998372 0
1679410794794 18.183717604959384 0
1679410813215 18.208428224897943 0
1679410831570 18.14404609799385 0
1679410849977 18.21582066093106 0
1679410868346 18.168105767923407 0
1679410886662 18.11571130901575 0
1679410905120 18.25087894592434 0
1679410923575 18.260857856017537 0
1679410955959 18.42450414202176 0
1679410974362 18.213693918078206 0
1679410993123 18.546630644006655 0
1679411011165 17.84940793295391 0
1679411029760 18.36538512003608 0
1679411048427 18.46875668107532 0
1679411066707 18.07362349203322 0
1679411085223 18.31477562210057 0
1679411103686 18.238199236919172 0
1679411122157 18.261954348068684 0
1679411154687 18.583789613912813 0
1679411173505 18.61554413801059 0
1679411192567 18.863538216101006 0
1679411211455 18.684203000972047 0
1679411230220 18.558623175951652 0
1679411248861 18.455581229995005 0
1679411267898 18.830019315937534 0
1679411286663 18.56300829804968 0
1679411305781 18.915968984016217 0
1679411324453 18.471920592943206 0
1679411357586 18.73798044794239 0
1679411376679 18.881789637031034 0
1679411395925 19.0534385999199 0
1679411415260 19.140738266985863 0
1679411434084 18.600994728971273 0
1679411453198 18.896289120079018 0
1679411472297 18.879797206958756 0
1679411491367 18.833325965097174 0
1679411510022 18.439830879913643 0
1679411529132 18.910156336030923 0
1679411560035 16.19317353097722 0
1679411577484 17.199533102102578 0
1679411594158 16.412993891979568 0
1679411611877 17.444957455038093 0
1679411629316 17.16809735202696 0
1679411645888 16.295574889983982 0
1679411663095 16.927223624079488 0
1679411680888 17.50679545197636 0
1679411697723 16.54765243898146 0
1679411714908 16.922027497086674 0
1679411747076 17.18069558904972 0
1679411764398 17.039679406909272 0
1679411781459 16.801675388007425 0
1679411799135 17.405300611048006 0
1679411816880 17.481775157968514 0
1679411834202 17.046148243010975 0
1679411852087 17.59783097100444 0
1679411868991 16.614354100078344 0
1679411885591 16.323369632009417 0
1679411902139 16.27832251007203 0
1679411934699 17.26314013299998 0
1679411952712 17.753956579021178 0
1679411970100 17.097371291951276 0
1679411988295 17.88241309497971 0
1679412005125 16.559470245963894 0
1679412022547 17.150706893065944 0
1679412039827 17.02761966199614 0
1679412057196 17.08486990397796 0
1679412074776 17.32376185595058 0
1679412091801 16.752493062987924 0
1679412124504 17.472535875975154 0
1679412141974 17.188429086003453 0
1679412160334 18.056227050023153 0
1679412178678 18.07645583699923 0
1679412196106 17.160189428948797 0
1679412214058 17.674404061981477 0
1679412232138 17.80841420998331 0
1679412249646 17.242726946016774 0
1679412267325 17.397920858929865 0
1679412285020 17.43405703897588 0
1679412319379 18.336123929009773 0
1679412337206 17.5573237570934 0
1679412355545 18.057727063074708 0
1679412373597 17.75218595995102 0
1679412391766 17.91395953402389 0
1679412409750 17.71224943699781 0
1679412428085 18.04270530899521 0
1679412446514 18.138488417956978 0
1679412465020 18.202872705995105 0
1679412482899 17.593987142900005 0
1679412517558 18.2231674779905 0
1679412535624 17.785129774012603 0
1679412554046 18.15377123095095 0
1679412572355 18.039049568003975 0
1679412590467 17.84039121598471 0
1679412609170 18.430413168040104 0
1679412628232 18.79180812893901 0
1679412646901 18.400462873047218 0
1679412665436 18.25716807297431 0
1679412683951 18.23501933598891 0
1679412719135 18.57808838703204 0
1679412738148 18.7242744830437 0
1679412756682 18.26613380992785 0
1679412775613 18.620251166052185 0
1679412794576 18.707818513037637 0
1679412813635 18.762362494016998 0
1679412832359 18.456251860945486 0
1679412850915 18.273188335006125 0
1679412869623 18.422084952006117 0
1679412888141 18.23381782299839 0
1679412922255 18.38716535991989 0
1679412941201 18.68490820308216 0
1679412960279 18.799922125064768 0
1679412979699 19.12380880105775 0
1679412999160 19.194197980919853 0
1679413018226 18.77825136599131 0
1679413037267 18.759518331033178 0
1679413055975 18.446075106039643 0
1679413075180 18.893794180010445 0
1679413094145 18.69531295192428 0
1679413130283 19.18023153208196 0
1679413149854 19.290499772061594 0
1679413168862 18.68273026391398 0
1679413188940 19.79378161893692 0
1679413207343 18.116636765073054 0
1679413226998 19.369568118010648 0
1679413247360 20.07425033999607 0
1679413266860 19.231092463014647 0
1679413286049 18.92269396793563 0
1679413306021 19.68323537299875 0
