1679842172914 0.06375309935713075 0
1679842226324 0.013416006858395592 0
1679842278989 0.006651175988345928 0
1679842331936 0.00449016527403391 0
1679842385289 0.003227305932240719 0
1679842438755 0.0016939975439757948 0
1679842492094 0.0018389850901655697 0
1679842545506 0.0017780632661567079 0
1679842600475 0.0017153971593449277 0
1679842653765 0.0014224014012291003 0
1679842725592 0.8153328679109875 0
1679842731213 0.054523832370576106 0
1679842736821 0.025522883863825545 0
1679842742874 0.02007424196130351 0
1679842748499 0.01627092916322382 0
1679842754112 0.015147891277937513 0
1679842759651 0.014586643296244897 0
1679842765213 0.012603743541005411 0
1679842770829 0.010719984838444935 0
1679842776531 0.009649809822440148 0
1679842799989 0.8620181335430396 0
1679842806256 0.0786626046033282 0
1679842812394 0.038598673398557465 0
1679842818551 0.02944682654189436 0
1679842824538 0.028336111593403313 0
1679842830429 0.02430249760417562 0
1679842836408 0.02193677999863499 0
1679842842563 0.0209626332317528 0
1679842848643 0.019592762209082903 0
1679842854751 0.01795081017833007 0
1679842879882 2.1575177788734434 0
1679842886647 0.3365587825837888 0
1679842893622 0.11390189101037226 0
1679842900327 0.0492207033657714 0
1679842907060 0.03865979102097059 0
1679842913835 0.030515900352283527 0
1679842920553 0.02616941001462309 0
1679842927241 0.023382635100891714 0
1679842933722 0.022585778134433847 0
1679842940467 0.021305546399794126 0
1679842965956 1.1695052782955924 0
1679842973240 0.05578835869306012 0
1679842980202 0.030352091730425232 0
1679842987523 0.024787354802614764 0
1679842994759 0.02170986625316896 0
1679843001706 0.019881959690859444 0
1679843008968 0.018470776208529348 0
1679843015994 0.017253840146096128 0
1679843023244 0.016484992235506837 0
1679843030389 0.01588446671437276 0
1679843057389 1.8016333843532362 0
1679843065235 0.3953380834115179 0
1679843073186 0.12693632150951184 0
1679843081322 0.056153603937280805 0
1679843089349 0.0417563898979049 0
1679843097122 0.03312789676220793 0
1679843105250 0.029345484587707017 0
1679843113003 0.0259091935071506 0
1679843120841 0.02316439430180349 0
1679843128724 0.025503291993548994 0
1679843157036 1.6265198044086757 0
1679843165424 0.18750761237583663 0
1679843173937 0.11460508747320426 0
1679843182597 0.07305061317196018 0
1679843191258 0.04777326826986514 0
1679843199794 0.038222554933867954 0
1679843208133 0.028891817441112116 0
1679843216695 0.026447711747727896 0
1679843225523 0.022698288391295233 0
1679843233799 0.02285343773270908 0
1679843263272 1.0573387167171429 0
1679843272231 0.08758312224557525 0
1679843281361 0.03874371389025136 0
1679843290522 0.03324757257574483 0
1679843299563 0.025567687538109327 0
1679843308656 0.023029189184308053 0
1679843317633 0.02144411684651124 0
1679843326783 0.021472547281729547 0
1679843336006 0.020749820023775102 0
1679843344981 0.020073666384345608 0
1679843375459 1.4871536796030245 0
1679843385061 0.19502312533165278 0
1679843394851 0.07866453300965459 0
1679843404459 0.04463761362590288 0
1679843413850 0.03894185133670506 0
1679843423626 0.033701730401892414 0
1679843433294 0.02752091131712261 0
1679843442978 0.02669989441178347 0
1679843452364 0.026918172189279607 0
1679843462426 0.02282617703864449 0
1679843494131 0.8978878223582318 0
1679843504211 0.06583859559736754 0
1679843514521 0.0408303916846451 0
1679843524729 0.030339557559866653 0
1679843534969 0.027705720478766842 0
1679843545133 0.027642030974752024 0
1679843555333 0.025048853574614775 0
1679843565672 0.023486195936014777 0
1679843575773 0.023816094508296564 0
1679843586067 0.02205994091928005 0
1679843620053 2.0447376113188893 0
1679843630901 0.4624965769679923 0
1679843641666 0.23507549613714218 0
1679843652558 0.14018769056389208 0
1679843663563 0.07315513817103285 0
1679843674559 0.05569524043484738 0
1679843685330 0.045794195524956054 0
1679843696289 0.03884014493148578 0
1679843707288 0.03328811591000933 0
1679843718092 0.0306956368841623 0
1679843751338 0.7226610486052538 0
1679843762931 0.04969807057396362 0
1679843774315 0.03781224738218283 0
1679843785437 0.030870929615277994 0
1679843796688 0.02927108861898121 0
1679843807755 0.026575870459017 0
1679843819186 0.025969481527021058 0
1679843830689 0.024719914617507083 0
1679843842004 0.024261891077223575 0
1679843853377 0.024929432551327506 0
1679843888268 1.821877483945144 0
1679843899966 0.37744393489862743 0
1679843911642 0.15995908207014986 0
1679843923477 0.08060712900600936 0
1679843935204 0.05512024854358874 0
1679843947070 0.04809099351497073 0
1679843958727 0.042674203883660465 0
1679843970580 0.03549107030818337 0
1679843982576 0.03253582806179398 0
1679843994305 0.033815886237119376 0
1679844030167 1.1530774306701987 0
1679844042679 0.0708786200143789 0
1679844054753 0.05424199312141067 0
1679844067215 0.04992062306325687 0
1679844079843 0.039970130336127785 0
1679844092276 0.034952722744722116 0
1679844105013 0.03262512458390311 0
1679844117335 0.03392402747351872 0
1679844129865 0.029758476132625028 0
1679844142120 0.02907872799980013 0
1679844179588 2.085924472306904 0
1679844192625 0.4172563052491138 0
1679844205170 0.1427422863088156 0
1679844218253 0.08307050933179103 0
1679844231400 0.06922991009134995 0
1679844244316 0.05203899403935985 0
1679844257335 0.044785780028293004 0
1679844270132 0.04237302000585355 0
1679844283034 0.04097084677533099 0
1679844296181 0.03668833733781388 0
1679844334166 0.9131923797883486 0
1679844348333 0.05848356704962881 0
1679844362022 0.044339576755699356 0
1679844375695 0.040389286844353924 0
1679844389556 0.036340158354294924 0
1679844403022 0.03524150734669284 0
1679844416208 0.03356665170898563 0
1679844429483 0.03311946321474878 0
1679844443043 0.032100589985125945 0
1679844456421 0.03105448627550351 0
1679844496921 2.1025970220565795 0
1679844511040 0.5509941289299413 0
1679844525028 0.20846504514154635 0
1679844539042 0.09983756197126288 0
1679844553499 0.06481799177433314 0
1679844567629 0.060320680510056644 0
1679844582006 0.05571121565605465 0
1679844595974 0.04908060678525975 0
1679844610014 0.043024436384439466 0
1679844624362 0.043051544027893164 0
1679844665203 1.1692143713957386 0
1679844679739 0.1074781202564114 0
1679844694399 0.07786965872112074 0
1679844709206 0.055850209452603994 0
1679844723493 0.04739929951335255 0
1679844738266 0.045979983869351836 0
1679844752652 0.04295247636343304 0
1679844767039 0.045401538320277865 0
1679844781759 0.042331297068219434 0
1679844796334 0.039384394609614425 0
1679844838349 1.753320939289896 0
1679844853599 0.3311389638405097 0
1679844868759 0.15298457545669455 0
1679844883562 0.09331828238148439 0
1679844899254 0.07229897426931482 0
1679844914570 0.06064249453575988 0
1679844929987 0.05513728762927808 0
1679844945398 0.04866836349430837 0
1679844960603 0.04668109177758819 0
1679844976237 0.04426733835747367 0
1679845021940 0.8188379686129721 0
1679845038177 0.07746329303634794 0
1679845054071 0.05501825538905043 0
1679845069652 0.050405469262286236 0
1679845085347 0.04894423500487679 0
1679845101498 0.04485600080929304 0
1679845117427 0.043307266423576754 0
1679845133644 0.04160050141968225 0
1679845150187 0.04370525812632159 0
1679845166295 0.04057825458677192 0
