1679842172923 53.29064207198098 0
1679842226329 52.914221388986334 0
1679842279000 52.14709045505151 0
1679842331940 52.44063513400033 0
1679842385297 52.85653216508217 0
1679842438764 52.95683942805044 0
1679842492101 52.83371635200456 0
1679842545513 52.90577047690749 0
1679842600480 54.46592264401261 0
1679842653772 52.78047207009513 0
1679842725599 5.351873771985993 0
1679842731221 5.4348463179776445 0
1679842736828 5.402754630078562 0
1679842742883 5.843114660005085 0
1679842748508 5.406182843958959 0
1679842754119 5.420084099052474 0
1679842759655 5.345635447069071 0
1679842765222 5.356824522023089 0
1679842770838 5.4094740870641544 0
1679842776540 5.489304800983518 0
1679842799996 5.967563927057199 0
1679842806263 6.067569809034467 0
1679842812405 5.957766616018489 0
1679842818563 5.96338666905649 0
1679842824544 5.795970355975442 0
1679842830440 5.700036599999294 0
1679842836413 5.790656138909981 0
1679842842570 5.953168181935325 0
1679842848651 5.890854542027228 0
1679842854758 5.915648075984791 0
1679842879892 6.451091588009149 0
1679842886654 6.5668665380217135 0
1679842893631 6.772820400074124 0
1679842900332 6.508811234030873 0
1679842907069 6.539202877902426 0
1679842913840 6.585174383013509 0
1679842920563 6.525870385929011 0
1679842927247 6.493042141082697 0
1679842933731 6.284327546018176 0
1679842940471 6.552954118931666 0
1679842965963 6.879119212040678 0
1679842973246 7.104257772909477 0
1679842980208 6.783070361008868 0
1679842987529 7.127665588981472 0
1679842994765 7.046875823987648 0
1679843001715 6.76007891097106 0
1679843008974 7.072510777041316 0
1679843016001 6.848288510926068 0
1679843023253 7.060949933016673 0
1679843030401 6.955545177916065 0
1679843057397 7.704749930999242 0
1679843065248 7.659306538989767 0
1679843073192 7.757670436985791 0
1679843081333 7.94482983299531 0
1679843089354 7.841391336987726 0
1679843097129 7.570903630927205 0
1679843105257 7.922532001975924 0
1679843113009 7.567874194006436 0
1679843120851 7.647510240902193 0
1679843128732 7.682929098955356 0
1679843157047 8.22348475200124 0
1679843165430 8.171327806892805 0
1679843173947 8.318956751027144 0
1679843182604 8.460890608024783 0
1679843191276 8.44182055501733 0
1679843199800 8.324876413098536 0
1679843208144 8.147067024023272 0
1679843216710 8.333329746033996 0
1679843225532 8.627957727992907 0
1679843233808 8.075327733997256 0
1679843263281 8.708146836026572 0
1679843272239 8.74210008000955 0
1679843281371 8.93454914004542 0
1679843290529 8.940323327900842 0
1679843299571 8.851948856958188 0
1679843308664 8.897776528960094 0
1679843317643 8.761744871968403 0
1679843326789 8.939753563026898 0
1679843336014 9.018097986932844 0
1679843344989 8.780400738934986 0
1679843375465 9.442085125017911 0
1679843385068 9.412186125060543 0
1679843394858 9.590180097031407 0
1679843404465 9.420165369985625 0
1679843413861 9.190086451009847 0
1679843423636 9.543434498016723 0
1679843433307 9.454700966947712 0
1679843442985 9.4753100349335 0
1679843452374 9.173806467093527 0
1679843462433 9.849482362973504 0
1679843494141 10.059003114933148 0
1679843504220 9.870361052104272 0
1679843514537 10.08220488706138 0
1679843524740 9.977802679990418 0
1679843534981 10.016028580022976 0
1679843545147 9.945964012062177 0
1679843555341 9.981578344013542 0
1679843565679 10.12113569304347 0
1679843575784 9.879114327952266 0
1679843586073 10.068354026065208 0
1679843620060 10.691242082975805 0
1679843630909 10.637104913941585 0
1679843641672 10.56082414300181 0
1679843652565 10.678613009047695 0
1679843663573 10.758446448016912 0
1679843674573 10.761286820983514 0
1679843685340 10.550070764962584 0
1679843696297 10.759559842059389 0
1679843707302 10.787877766997553 0
1679843718105 10.576231346931309 0
1679843751349 10.94515918509569 0
1679843762948 11.378341317991726 0
1679843774321 11.146434308029711 0
1679843785445 10.886829375987872 0
1679843796696 11.027499745017849 0
1679843807761 10.865240886923857 0
1679843819194 11.200499247061089 0
1679843830697 11.266723069944419 0
1679843842012 11.105881073977798 0
1679843853391 11.161845639930107 0
1679843888274 11.66444814694114 0
1679843899973 11.485180440009572 0
1679843911651 11.45393819489982 0
1679843923492 11.621897769975476 0
1679843935212 11.486944566946477 0
1679843947077 11.659380563069135 0
1679843958740 11.420070872991346 0
1679843970587 11.63649024197366 0
1679843982588 11.755642418051139 0
1679843994312 11.52026854804717 0
1679844030175 12.031929022981785 0
1679844042688 12.299963888013735 0
1679844054760 11.866037660976872 0
1679844067222 12.232754322933033 0
1679844079850 12.405121898045763 0
1679844092284 12.221146196010523 0
1679844105021 12.490766116068698 0
1679844117346 12.077094809967093 0
1679844129878 12.299709866987541 0
1679844142130 12.030303380917758 0
1679844179595 12.800715466961265 0
1679844192634 12.79030567605514 0
1679844205178 12.304733015946113 0
1679844218260 12.848856351920404 0
1679844231412 12.925903215073049 0
1679844244324 12.691897209966555 0
1679844257353 12.781410146970302 0
1679844270140 12.55815174500458 0
1679844283042 12.69429777096957 0
1679844296199 12.891901560127735 0
1679844334176 13.409102716017514 0
1679844348343 13.944468958070502 0
1679844362032 13.431750684045255 0
1679844375707 13.446678834967315 0
1679844389571 13.642503389855847 0
1679844403030 13.226431926013902 0
1679844416228 12.969211908988655 0
1679844429492 13.015946582192555 0
1679844443050 13.335205559851602 0
1679844456434 13.090116946958005 0
1679844496929 14.038215815788135 0
1679844511052 13.86584540992044 0
1679844525037 13.75399820599705 0
1679844539050 13.791773516917601 0
1679844553510 14.242195870960131 0
1679844567640 13.877062898129225 0
1679844582014 14.149023662088439 0
1679844595983 13.758028271142393 0
1679844610022 13.815377952996641 0
1679844624376 14.134276702068746 0
1679844665212 14.455275181913748 0
1679844679747 14.302871110849082 0
1679844694408 14.422612858004868 0
1679844709223 14.5853583260905 0
1679844723509 14.052754824981093 0
1679844738275 14.54525211500004 0
1679844752660 14.172294958028942 0
1679844767049 14.179287143051624 0
1679844781767 14.502769797109067 0
1679844796345 14.347117533907294 0
1679844838359 15.04252360202372 0
1679844853615 15.031540832016617 0
1679844868768 14.934507837053388 0
1679844883579 14.585701934993267 0
1679844899271 15.450360071845353 0
1679844914582 15.050410035066307 0
1679844929996 15.191884759115055 0
1679844945422 15.19069640012458 0
1679844960615 14.95989079400897 0
1679844976245 15.37546854512766 0
1679845021956 15.983680570032448 0
1679845038186 15.993040742119774 0
1679845054080 15.669013380073011 0
1679845069670 15.346608090912923 0
1679845085358 15.43066027178429 0
1679845101514 15.904745643027127 0
1679845117441 15.655629003187642 0
1679845133654 15.96953088301234 0
1679845150195 16.31179756601341 0
1679845166304 15.879579726140946 0
