1678731361110 0.8848614072494669 0
1678731365688 0.9619250685348767 0
1678731370262 0.9753274444106 0
1678731374795 0.9841608285105087 0
1678731379349 0.9902528175449284 0
1678731383943 0.9966494060310691 0
1678731388552 0.9887298202863235 0
1678731393068 0.9926896131586963 0
1678731397644 0.9926896131586963 0
1678731402145 0.9835516296070667 0
1678731469131 0.9389664161938353 0
1678731476063 0.9889587486581812 0
1678731482971 0.9911056586413127 0
1678731489987 0.9907989572151511 0
1678731497034 0.9949394264683331 0
1678731504026 0.9973930378776261 0
1678731511019 0.9957061800337371 0
1678731517899 0.9957061800337371 0
1678731524794 0.9970863364514645 0
1678731531764 0.9978530900168686 0
1678731600562 0.9490167516387472 0
1678731609189 0.9935663996115562 0
1678731617770 0.9934450109249818 0
1678731626438 0.9961155620296188 0
1678731635122 0.9986647244476815 0
1678731643750 0.9969652828356397 0
1678731652302 0.9930808448652586 0
1678731660995 0.999393056567128 0
1678731669687 0.9981791697013839 0
1678731678298 0.9957513959698956 0
1678731747526 0.9218067022826615 0
1678731756186 0.9827586206896551 0
1678731764763 0.9936862554638174 0
1678731773387 0.9955075279261778 0
1678731782118 0.9945361826129189 0
1678731791055 0.99356483729966 0
1678731799851 0.9968431277319086 0
1678731808609 0.9993929091792132 0
1678731817225 0.9979358912093249 0
1678731825784 0.9958717824186498 0
1678731894797 0.8545763534838553 0
1678731903459 0.9552075746540423 0
1678731912064 0.984947802864773 0
1678731920722 0.991138625880068 0
1678731929383 0.9941733430444283 0
1678731938164 0.9910172371934935 0
1678731946851 0.9953872299101724 0
1678731955639 0.9927166788055353 0
1678731964235 0.996479728089342 0
1678731972919 0.9928380674921098 0
1678732042776 0.7879339645545035 0
1678732051855 0.8651371692158291 0
1678732060487 0.9461034231609614 0
1678732069111 0.9765719834911386 0
1678732077770 0.9868900218499636 0
1678732086482 0.987011410536538 0
1678732095123 0.9924739014323865 0
1678732103926 0.9944161204175771 0
1678732112750 0.9935663996115562 0
1678732121296 0.9853119689244962 0
1678732190980 0.7468431277319086 0
1678732199836 0.8281932977173385 0
1678732208430 0.921321029626032 0
1678732217173 0.9632102962603205 0
1678732225797 0.981665857212239 0
1678732234430 0.9849441476444876 0
1678732243032 0.986765420106848 0
1678732251654 0.9885866925692084 0
1678732260307 0.9932005828071879 0
1678732268888 0.9922292374939291 0
1678732338739 0.7070179698882952 0
1678732347459 0.7967459932005828 0
1678732356064 0.9242350655658087 0
1678732364750 0.9640602234094221 0
1678732373304 0.9775376396308888 0
1678732381917 0.9844584749878582 0
1678732390557 0.9888295288975231 0
1678732399212 0.9945361826129189 0
1678732408021 0.9911364740165128 0
1678732416696 0.9902865468674114 0
1678732486740 0.7118232580723477 0
1678732495415 0.827628065064336 0
1678732504059 0.93505705268269 0
1678732512673 0.9680747754309298 0
1678732521395 0.9774217042971595 0
1678732530158 0.984947802864773 0
1678732538812 0.9915027919397912 0
1678732547468 0.9877397426559844 0
1678732556142 0.9916241806263656 0
1678732564784 0.9854333576110706 0
1678732634720 0.7439572452326005 0
1678732643487 0.852423175027329 0
1678732652144 0.9408478076035467 0
1678732660744 0.9799587027814891 0
1678732669364 0.9908903194461314 0
1678732677965 0.9845742742621159 0
1678732686736 0.9907688570387465 0
1678732695473 0.9928337179642901 0
1678732704152 0.9874893720393538 0
1678732713105 0.9889469209279728 0
1678732783207 0.7313668366108279 0
1678732791958 0.8362466618111192 0
1678732800708 0.9359067734887109 0
1678732809424 0.9757222626851177 0
1678732818165 0.9822772517601359 0
1678732826836 0.9882252974022822 0
1678732835944 0.9934450109249818 0
1678732844689 0.9877397426559844 0
1678732853379 0.9879825200291333 0
1678732862152 0.9862830784170915 0
1678732932361 0.7145286686103013 0
1678732940940 0.8275024295432458 0
1678732949680 0.9433916423712342 0
1678732958323 0.9737609329446064 0
1678732966993 0.9857871720116618 0
1678732975626 0.984572400388727 0
1678732984269 0.9887026239067055 0
1678732992924 0.9907677356656949 0
1678733001605 0.9922254616132167 0
1678733010355 0.9873663751214772 0
1678733080868 0.762089914945322 0
1678733089553 0.8669501822600243 0
1678733098163 0.9558930741190765 0
1678733106874 0.9838396111786148 0
1678733115520 0.9934386391251518 0
1678733124133 0.9924665856622115 0
1678733132908 0.9925880923450789 0
1678733141629 0.9843256379100851 0
1678733150247 0.9843256379100851 0
1678733158919 0.9872417982989065 0
1678733229647 0.7466585662211421 0
1678733238264 0.8398541919805589 0
1678733247045 0.9458080194410693 0
1678733255734 0.9767922235722964 0
1678733264419 0.9905224787363305 0
1678733273132 0.9911300121506683 0
1678733281880 0.9921020656136087 0
1678733290489 0.991737545565006 0
1678733299200 0.9788578371810449 0
1678733307817 0.982138517618469 0
1678733378387 0.7163671685284119 0
1678733387192 0.8137445361826129 0
1678733395894 0.9292132102962604 0
1678733404608 0.9762020398251579 0
1678733413281 0.9873725109276348 0
1678733422070 0.9916221466731423 0
1678733430797 0.9944147644487615 0
1678733439431 0.9899222923749393 0
1678733448594 0.9870082564351627 0
1678733457503 0.9842156386595434 0
1678733528913 0.7047248876472731 0
1678733537593 0.8221790355884854 0
1678733546457 0.9387829466780031 0
1678733555300 0.973035345560549 0
1678733564092 0.9874893720393538 0
1678733572745 0.9876108344467387 0
1678733581434 0.990040082594437 0
1678733590105 0.9919834811125956 0
1678733598821 0.9867605975950443 0
1678733607649 0.9897971577796671 0
1678733678600 0.7048602673147023 0
1678733687385 0.8164034021871203 0
1678733696004 0.9356014580801945 0
1678733704785 0.9669501822600243 0
1678733713502 0.9804374240583232 0
1678733722313 0.9876063183475091 0
1678733731066 0.9867557715674362 0
1678733739937 0.9878493317132442 0
1678733748714 0.9924665856622115 0
1678733757513 0.9871202916160389 0
1678733828846 0.6980330257406508 0
1678733837565 0.8071879553181156 0
1678733846266 0.924356483729966 0
1678733854937 0.9653958232151529 0
1678733863656 0.9828800388538125 0
1678733872549 0.986401165614376 0
1678733881275 0.9882224380767363 0
1678733889974 0.9885866925692084 0
1678733898947 0.9855512384652744 0
1678733907738 0.9792374939290918 0
1678733979165 0.6943093385214008 0
1678733987863 0.8056906614785992 0
1678733996550 0.9263132295719845 0
1678734005295 0.9702091439688716 0
1678734013882 0.9828550583657587 0
1678734022557 0.9861381322957199 0
1678734031342 0.9863813229571985 0
1678734040059 0.9868677042801557 0
1678734048760 0.9827334630350194 0
1678734057516 0.9854085603112841 0
1678734129383 0.6977534911961142 0
1678734138175 0.8093503339404978 0
1678734146796 0.9239829993928355 0
1678734155522 0.970856102003643 0
1678734164341 0.980327868852459 0
1678734172949 0.9891924711596842 0
1678734181676 0.9861566484517305 0
1678734190414 0.9885853066180935 0
1678734199105 0.9896782027929569 0
1678734207807 0.9895567698846387 0
