1679244024778 6.980892634019256 0
1679244031576 6.667100569989998 0
1679244038489 6.785975438950118 0
1679244045010 6.385310907033272 0
1679244051694 6.542765762016643 0
1679244058244 6.425751250993926 0
1679244064721 6.361975003965199 0
1679244071532 6.671117955003865 0
1679244078152 6.488132953993045 0
1679244084581 6.290442920988426 0
1679244117096 17.537285257014446 0
1679244135025 17.782696303969715 0
1679244152529 17.36571299296338 0
1679244170320 17.649379975977354 0
1679244188102 17.639240999997128 0
1679244206036 17.788276784995105 0
1679244223747 17.558331420994364 0
1679244241883 17.98876454902347 0
1679244259945 17.908163958985824 0
1679244277611 17.520483371044975 0
1679244308335 17.997593195992522 0
1679244326593 18.12746306799818 0
1679244344558 17.82583235698985 0
1679244363144 18.42866742197657 0
1679244381435 18.14615527202841 0
1679244399689 18.098895161994733 0
1679244417984 18.152142056031153 0
1679244436516 18.402081782987807 0
1679244455083 18.420750566001516 0
1679244473138 17.903665329969954 0
1679244504579 18.640556790982373 0
1679244523258 18.536657276039477 0
1679244541967 18.56150290503865 0
1679244560539 18.42059455899289 0
1679244579665 18.96657193201827 0
1679244598328 18.509598764998373 0
1679244617088 18.596865455969237 0
1679244635612 18.375833170022815 0
1679244654324 18.49392119300319 0
1679244673180 18.695504164032172 0
1679244705391 19.054740402963944 0
1679244724024 18.470950283983257 0
1679244743182 18.931754270975944 0
1679244762707 19.363791590032633 0
1679244781701 18.844555689021945 0
1679244800673 18.820452095009387 0
1679244819673 18.854035505035426 0
1679244838584 18.762943339010235 0
1679244857507 18.763677519978955 0
1679244876968 19.301228365977295 0
1679244909220 19.1354774950305 0
1679244928249 18.86752513202373 0
1679244947571 19.165729374974035 0
1679244966618 18.894266533956397 0
1679244985852 19.0870716329664 0
1679245004988 18.976811411965173 0
1679245024411 19.25609382399125 0
1679245043615 19.04001531598624 0
1679245062790 19.01070443203207 0
1679245081988 19.02561849699123 0
1679245114784 19.05819666699972 0
1679245134181 19.236708026961423 0
1679245153547 19.20873843098525 0
1679245172753 19.04996500397101 0
1679245192339 19.422183554037474 0
1679245211608 19.098289103014395 0
1679245230657 18.878475265053567 0
1679245250043 19.228534890979063 0
1679245269220 19.01147209497867 0
1679245288819 19.444097689993214 0
1679245321424 19.2470804520417 0
1679245341087 19.50276046997169 0
1679245360520 19.270746496971697 0
1679245379929 19.242755085986573 0
1679245399261 19.170084899000358 0
1679245418970 19.52802754502045 0
1679245438900 19.76437299704412 0
1679245458482 19.418894915957935 0
1679245478201 19.552539099997375 0
1679245497307 18.95405501895584 0
1679245530612 19.66064642003039 0
1679245550760 19.9899200060172 0
1679245570278 19.368716678989585 0
1679245589696 19.25970837502973 0
1679245609115 19.261714852997102 0
1679245628708 19.423249576007947 0
1679245648768 19.894960982026532 0
1679245668884 19.953818932001013 0
1679245688933 19.882347189995926 0
1679245708535 19.455280683992896 0
1679245742256 20.018894867040217 0
1679245762333 19.908118818013463 0
1679245782250 19.760214507987257 0
1679245802164 19.756995532952715 0
1679245822429 20.10913140804041 0
1679245842799 20.20893798599718 0
1679245862918 19.953820424969308 0
1679245882965 19.88851340301335 0
1679245903028 19.91183638299117 0
1679245923072 19.882944123004563 0
1679245957314 19.996133137959987 0
1679245977685 20.21520752395736 0
1679245997744 19.895961525966413 0
1679246017785 19.877022258006036 0
1679246038159 20.21421314997133 0
1679246058476 20.157857624988537 0
1679246078423 19.759751724021044 0
1679246098804 20.21728645899566 0
1679246118708 19.736836034047883 0
1679246138926 20.066234077967238 0
1679246172967 19.96226934500737 0
1679246193543 20.407301336992532 0
1679246214151 20.43867245101137 0
1679246234756 20.44155069399858 0
1679246255538 20.61141143902205 0
1679246275447 19.744094115972985 0
1679246295713 20.096997960994486 0
1679246316385 20.502565729024354 0
1679246337022 20.484666561998893 0
1679246357576 20.387594799045473 0
1679246391935 20.06966969196219 0
1679246412549 20.4526491999859 0
1679246433403 20.686787135025952 0
1679246454147 20.576596416998655 0
1679246475128 20.81005221698433 0
1679246496033 20.72869645099854 0
1679246516426 20.222022411006037 0
1679246537513 20.91324041498592 0
1679246558210 20.543253762996756 0
1679246578858 20.4722536560148 0
1679246614326 20.758199311967473 0
1679246635253 20.76433590002125 0
1679246656492 21.07325574394781 0
1679246677402 20.749865460034925 0
1679246698206 20.631769929022994 0
1679246718588 20.226225113030523 0
1679246739435 20.690208887972403 0
1679246760327 20.713492901006248 0
1679246781102 20.608357322984375 0
1679246801602 20.321548104984686 0
1679246837512 20.682894038036466 0
1679246858447 20.73762720200466 0
1679246879374 20.759299820987508 0
1679246900466 20.87041459500324 0
1679246921778 21.144765066972468 0
1679246942697 20.757739028020296 0
1679246963784 20.925231419038028 0
1679246984951 20.99751123797614 0
1679247006259 21.1439480970148 0
1679247027175 20.74865735101048 0
1679247063253 21.106464372947812 0
1679247084633 21.210500748013146 0
1679247106062 21.263405481004156 0
1679247127174 20.951395510986913 0
1679247148754 21.41212437301874 0
1679247169762 20.83889122499386 0
1679247191217 21.27414026198676 0
1679247212588 21.206701085960958 0
1679247234057 21.287968296033796 0
1679247255479 21.229753169987816 0
1679247292158 21.586795364972204 0
1679247313710 21.388786541996524 0
1679247334862 20.982217053009663 0
1679247356482 21.44837800395908 0
1679247378097 21.37637715396704 0
1679247399874 21.606052730989177 0
1679247421994 21.956383581040427 0
1679247443365 21.20146495400695 0
1679247464954 21.415701346006244 0
1679247486367 21.2505919119576 0
1679247524147 21.997891022998374 0
1679247545880 21.563530619023368 0
1679247567765 21.70970462897094 0
1679247589945 21.98772396100685 0
1679247611458 21.341504207986873 0
1679247633479 21.84841800900176 0
1679247655569 21.914817108947318 0
1679247677239 21.508219657989684 0
1679247699367 21.956411408027634 0
1679247720956 21.417307830008212 0
1679247758274 22.14040647499496 0
1679247780215 21.767397812975105 0
1679247802520 22.13502302998677 0
1679247824635 21.92851632303791 0
1679247846490 21.655383130011614 0
1679247868541 21.875317912956234 0
1679247890617 21.91396520397393 0
1679247912530 21.72178427700419 0
1679247934591 21.870220224023797 0
1679247956736 21.953245385026094 0
1679247994738 22.13028188899625 0
1679248016952 22.048364979971666 0
1679248039251 22.122386306000408 0
1679248061540 22.118768997024745 0
1679248083778 22.063942724955268 0
1679248106213 22.256614001002163 0
1679248128890 22.504262485948857 0
1679248150950 21.8976636340376 0
1679248173166 22.047949281986803 0
1679248195745 22.41060559701873 0
