1679244024762 0.8362804878048781 0
1679244031559 0.9478658536585366 0
1679244038473 0.9746951219512195 0
1679244044990 0.9844512195121952 0
1679244051674 0.9896341463414634 0
1679244058222 0.9948170731707318 0
1679244064704 0.9957317073170732 0
1679244071510 0.998780487804878 0
1679244078135 0.9984756097560976 0
1679244084566 0.998780487804878 0
1679244117075 0.8882621951219513 0
1679244135005 0.9830792682926829 0
1679244152512 0.9946646341463414 0
1679244170304 0.9977134146341463 0
1679244188082 0.9996951219512196 0
1679244206016 1.0 0
1679244223720 0.9995426829268292 0
1679244241863 0.9998475609756098 0
1679244259921 1.0 0
1679244277591 0.9998475609756098 0
1679244308323 0.775 0
1679244326578 0.9545731707317073 0
1679244344540 0.9884146341463415 0
1679244363123 0.9971036585365853 0
1679244381415 0.9984756097560976 0
1679244399666 0.9990853658536586 0
1679244417961 0.9998475609756098 0
1679244436496 0.9995426829268292 0
1679244455064 0.999390243902439 0
1679244473118 1.0 0
1679244504566 0.7103658536585366 0
1679244523242 0.941920731707317 0
1679244541950 0.9878048780487805 0
1679244560519 0.9971036585365853 0
1679244579646 0.9992378048780488 0
1679244598305 0.9995426829268292 0
1679244617066 0.9990853658536586 0
1679244635596 0.9998475609756098 0
1679244654306 1.0 0
1679244673160 1.0 0
1679244705372 0.6548780487804878 0
1679244724002 0.917530487804878 0
1679244743164 0.9801829268292683 0
1679244762686 0.9958841463414634 0
1679244781685 0.999390243902439 0
1679244800656 1.0 0
1679244819650 0.9992378048780488 0
1679244838563 1.0 0
1679244857487 1.0 0
1679244876951 1.0 0
1679244909201 0.6469512195121951 0
1679244928228 0.9286585365853659 0
1679244947555 0.9853658536585366 0
1679244966597 0.9961890243902439 0
1679244985839 0.9989329268292683 0
1679245004971 0.9996951219512196 0
1679245024391 0.9998475609756098 0
1679245043587 0.9996951219512196 0
1679245062765 0.9998475609756098 0
1679245081969 0.9998475609756098 0
1679245114764 0.6315548780487805 0
1679245134161 0.9184451219512195 0
1679245153526 0.9844512195121952 0
1679245172737 0.9961890243902439 0
1679245192322 0.9996951219512196 0
1679245211582 0.9996951219512196 0
1679245230632 1.0 0
1679245250024 1.0 0
1679245269200 1.0 0
1679245288803 1.0 0
1679245321405 0.6361280487804878 0
1679245341066 0.9246951219512195 0
1679245360502 0.9876524390243903 0
1679245379907 0.9964939024390244 0
1679245399245 0.999390243902439 0
1679245418935 0.9996951219512196 0
1679245438883 0.9996951219512196 0
1679245458464 1.0 0
1679245478184 1.0 0
1679245497290 1.0 0
1679245530594 0.6410060975609756 0
1679245550742 0.9140243902439025 0
1679245570260 0.9830792682926829 0
1679245589676 0.9984756097560976 0
1679245609097 0.9992378048780488 0
1679245628679 0.9984756097560976 0
1679245648751 0.9996951219512196 0
1679245668864 0.9998475609756098 0
1679245688912 1.0 0
1679245708523 0.9995426829268292 0
1679245742223 0.614329268292683 0
1679245762311 0.9221036585365854 0
1679245782233 0.9875 0
1679245802148 0.9948170731707318 0
1679245822410 0.9995426829268292 0
1679245842783 0.9998475609756098 0
1679245862895 0.9996951219512196 0
1679245882940 0.9998475609756098 0
1679245903006 1.0 0
1679245923053 1.0 0
1679245957296 0.6070121951219513 0
1679245977667 0.9129573170731707 0
1679245997724 0.9844512195121952 0
1679246017761 0.9986280487804878 0
1679246038141 0.9989329268292683 0
1679246058457 0.9992378048780488 0
1679246078393 1.0 0
1679246098783 0.9996951219512196 0
1679246118689 1.0 0
1679246138904 0.9998475609756098 0
1679246172949 0.5769817073170732 0
1679246193522 0.8875 0
1679246214132 0.9724085365853659 0
1679246234736 0.9948170731707318 0
1679246255509 0.9996951219512196 0
1679246275427 0.998780487804878 0
1679246295690 0.9992378048780488 0
1679246316364 1.0 0
1679246337002 1.0 0
1679246357552 0.9998475609756098 0
1679246391915 0.5713414634146341 0
1679246412532 0.8923780487804878 0
1679246433379 0.9771341463414634 0
1679246454121 0.9951219512195122 0
1679246475100 0.9990853658536586 0
1679246496004 0.9996951219512196 0
1679246516397 0.9996951219512196 0
1679246537488 1.0 0
1679246558184 1.0 0
1679246578825 0.998780487804878 0
1679246614307 0.5382621951219512 0
1679246635233 0.8789634146341463 0
1679246656475 0.9698170731707317 0
1679246677383 0.9905487804878049 0
1679246698180 0.9983231707317073 0
1679246718568 0.9992378048780488 0
1679246739415 0.9998475609756098 0
1679246760308 0.9992378048780488 0
1679246781078 0.999390243902439 0
1679246801573 0.9995426829268292 0
1679246837491 0.5236280487804879 0
1679246858408 0.8454268292682927 0
1679246879353 0.9544207317073171 0
1679246900446 0.9920731707317073 0
1679246921757 0.9986280487804878 0
1679246942677 0.999390243902439 0
1679246963765 1.0 0
1679246984915 0.9996951219512196 0
1679247006240 1.0 0
1679247027151 0.9998475609756098 0
1679247063226 0.5074695121951219 0
1679247084614 0.8410060975609757 0
1679247106029 0.9634146341463414 0
1679247127156 0.9919207317073171 0
1679247148732 0.9992378048780488 0
1679247169739 0.9980182926829269 0
1679247191185 0.9989329268292683 0
1679247212568 1.0 0
1679247234016 0.9995426829268292 0
1679247255460 0.9996951219512196 0
1679247292133 0.5051829268292682 0
1679247313690 0.8439024390243902 0
1679247334842 0.9620426829268293 0
1679247356456 0.9917682926829269 0
1679247378076 0.9984756097560976 0
1679247399850 0.9990853658536586 0
1679247421973 0.9995426829268292 0
1679247443342 0.9990853658536586 0
1679247464934 0.9995426829268292 0
1679247486347 0.9996951219512196 0
1679247524126 0.4902439024390244 0
1679247545854 0.8315548780487805 0
1679247567742 0.9536585365853658 0
1679247589924 0.9900914634146342 0
1679247611436 0.9957317073170732 0
1679247633450 0.9975609756097561 0
1679247655540 0.999390243902439 0
1679247677219 0.9992378048780488 0
1679247699346 0.9998475609756098 0
1679247720935 0.9998475609756098 0
1679247758251 0.4891768292682927 0
1679247780195 0.8051829268292683 0
1679247802491 0.9397865853658537 0
1679247824603 0.9836890243902439 0
1679247846451 0.9966463414634147 0
1679247868510 0.9978658536585366 0
1679247890596 0.998780487804878 0
1679247912501 0.9989329268292683 0
1679247934562 0.9995426829268292 0
1679247956698 0.9989329268292683 0
1679247994718 0.4455792682926829 0
1679248016931 0.7847560975609756 0
1679248039224 0.9304878048780488 0
1679248061520 0.9739329268292682 0
1679248083753 0.9948170731707318 0
1679248106189 0.9978658536585366 0
1679248128869 0.998780487804878 0
1679248150922 0.9992378048780488 0
1679248173145 0.999390243902439 0
1679248195724 0.9995426829268292 0
