1679244024772 0.49918642578328526 0
1679244031570 0.14046063628956312 0
1679244038484 0.07471922910772263 0
1679244045002 0.04561662215955283 0
1679244051686 0.038977744023985704 0
1679244058236 0.022088891438992193 0
1679244064715 0.01304697080283914 0
1679244071522 0.006243872152862888 0
1679244078146 0.005650255668101969 0
1679244084575 0.004556893747443299 0
1679244117088 0.5174852044298881 0
1679244135016 0.05818944685842569 0
1679244152523 0.024174145964633038 0
1679244170314 0.012357601019122252 0
1679244188094 0.006056870223397798 0
1679244206028 0.003338111543363505 0
1679244223734 0.00383247782109964 0
1679244241875 0.0023920447672092604 0
1679244259935 0.002000854506864349 0
1679244277603 0.0021517437913244953 0
1679244308331 1.0179851159816835 0
1679244326588 0.16205258532995132 0
1679244344551 0.05289851944984459 0
1679244363136 0.022144730981984516 0
1679244381427 0.014453297549654253 0
1679244399679 0.008618062104257505 0
1679244417975 0.005205819865109445 0
1679244436508 0.004387187625838035 0
1679244455076 0.004780278466613509 0
1679244473130 0.0029898334349925835 0
1679244504574 1.3067117323235768 0
1679244523252 0.21124743457611014 0
1679244541961 0.061423376402476935 0
1679244560532 0.023405316922949945 0
1679244579657 0.011958341456086534 0
1679244598318 0.006716349157618313 0
1679244617079 0.008529086154601651 0
1679244635606 0.004781308802832827 0
1679244654315 0.0032786649698675497 0
1679244673172 0.0026979968045474736 0
1679244705384 1.6006396555319065 0
1679244724015 0.2997815868113099 0
1679244743174 0.09188121460923335 0
1679244762699 0.031511169667469294 0
1679244781695 0.014671695568576091 0
1679244800667 0.00825134929916935 0
1679244819663 0.008664051049797818 0
1679244838575 0.005269347634677571 0
1679244857499 0.004239729795570872 0
1679244876961 0.004105634217309515 0
1679244909213 1.658238093009809 0
1679244928240 0.27143943727743336 0
1679244947565 0.07592162360414499 0
1679244966609 0.029785290380894412 0
1679244985846 0.01501304567110066 0
1679245004982 0.009142057035436354 0
1679245024403 0.007778885927074021 0
1679245043604 0.0061240779678905155 0
1679245062780 0.004414910850648927 0
1679245081980 0.004556672994001973 0
1679245114776 1.7967114782914884 0
1679245134173 0.3113726703495514 0
1679245153538 0.08411709651260114 0
1679245172748 0.032753552001242234 0
1679245192332 0.014510291526321231 0
1679245211594 0.009148599532796297 0
1679245230647 0.0063781196938645915 0
1679245250036 0.005261138419438972 0
1679245269212 0.004369941710994193 0
1679245288813 0.004001939041744463 0
1679245321417 1.785908045710587 0
1679245341078 0.28777220321864616 0
1679245360513 0.0749836740152138 0
1679245379920 0.0309233684819646 0
1679245399255 0.014551400882759837 0
1679245418958 0.010751927845043743 0
1679245438894 0.008407845906913281 0
1679245458475 0.0054709598910426946 0
1679245478194 0.005365487891987602 0
1679245497300 0.003991537274247626 0
1679245530606 1.7921449200409214 0
1679245550753 0.3261844145088661 0
1679245570272 0.09220619688673717 0
1679245589688 0.029269997657435695 0
1679245609108 0.0154892333374336 0
1679245628697 0.015199737274655845 0
1679245648760 0.010421804844106479 0
1679245668876 0.006578760313313091 0
1679245688922 0.005683861799231481 0
1679245708529 0.005886902352340701 0
1679245742244 1.8766261432229019 0
1679245762325 0.3054757485665926 0
1679245782244 0.07619031064394044 0
1679245802158 0.03878688321835021 0
1679245822422 0.015586814418344235 0
1679245842793 0.010328004961242762 0
1679245862909 0.008187304351410669 0
1679245882957 0.006066119633955745 0
1679245903017 0.004966926877386868 0
1679245923065 0.003986754189756495 0
1679245957307 1.9428359684420795 0
1679245977678 0.3318847978987345 0
1679245997736 0.09149687800829004 0
1679246017771 0.02873330319572876 0
1679246038152 0.0174516784049934 0
1679246058469 0.012594002982737815 0
1679246078410 0.007889003484373594 0
1679246098794 0.007386750262798514 0
1679246118700 0.0053566558241117295 0
1679246138918 0.0050644751609780075 0
1679246172960 1.9761798585333474 0
1679246193535 0.41322877487031423 0
1679246214144 0.12446030308378905 0
1679246234748 0.04203721755070657 0
1679246255525 0.017739494876345484 0
1679246275439 0.015128269467911706 0
1679246295703 0.012366491846921967 0
1679246316377 0.00805740704158003 0
1679246337014 0.006206986193386156 0
1679246357566 0.005593824337759032 0
1679246391927 2.0564342367939834 0
1679246412542 0.4056177640833506 0
1679246433394 0.11967298203125233 0
1679246454137 0.042994959720569416 0
1679246475115 0.020136574296871337 0
1679246496019 0.011352998683819683 0
1679246516415 0.009678689843588849 0
1679246537500 0.0066554377213256756 0
1679246558200 0.00592522374240727 0
1679246578841 0.010855451430103219 0
1679246614318 2.160164898779334 0
1679246635245 0.44931337477230443 0
1679246656485 0.1367197932175747 0
1679246677395 0.05758896363762821 0
1679246698196 0.025623029963363235 0
1679246718578 0.015244523374500071 0
1679246739427 0.011327655318124992 0
1679246760319 0.008535825601983361 0
1679246781093 0.008593830071594111 0
1679246801591 0.007064909272168468 0
1679246837503 2.2381967974872126 0
1679246858430 0.5454621906687573 0
1679246879365 0.18263461143687004 0
1679246900458 0.05762275699071768 0
1679246921769 0.024818459450744273 0
1679246942690 0.01659929162209354 0
1679246963776 0.010059408645895196 0
1679246984938 0.008325847834575831 0
1679247006251 0.007249666281362496 0
1679247027163 0.0055321384493897605 0
1679247063242 2.298496762136134 0
1679247084625 0.5617174691543346 0
1679247106045 0.1723671211883789 0
1679247127166 0.059598555379524465 0
1679247148742 0.02866351342101286 0
1679247169752 0.019540447932554453 0
1679247191205 0.015016060802949274 0
1679247212579 0.0093563562594127 0
1679247234043 0.007702070274731008 0
1679247255467 0.006716617342175507 0
1679247292148 2.2550686388480954 0
1679247313702 0.5473818704122451 0
1679247334854 0.17019984540415972 0
1679247356472 0.05949297642744169 0
1679247378088 0.027261318132372165 0
1679247399864 0.015580646113333542 0
1679247421985 0.01302611910987918 0
1679247443356 0.010280536957335 0
1679247464946 0.0075140300354488735 0
1679247486359 0.006934165246443959 0
1679247524138 2.3670894087814704 0
1679247545869 0.6046010148234484 0
1679247567756 0.20316506693275962 0
1679247589936 0.07551550837915118 0
1679247611449 0.03424888700701115 0
1679247633468 0.023440167653124507 0
1679247655558 0.01557857995716537 0
1679247677231 0.012437562563842753 0
1679247699359 0.008605471799695273 0
1679247720948 0.007144091657090296 0
1679247758265 2.343995666213152 0
1679247780206 0.6825142491154554 0
1679247802504 0.2502210661768913 0
1679247824619 0.09542952850461006 0
1679247846475 0.03856329603075254 0
1679247868527 0.026590836547860285 0
1679247890608 0.016921343083107252 0
1679247912520 0.01390355901860791 0
1679247934574 0.011740442221166521 0
1679247956713 0.010998984799356903 0
1679247994729 2.5730849143935415 0
1679248016943 0.7328753847901414 0
1679248039241 0.28299087442275955 0
1679248061531 0.1288612732709181 0
1679248083768 0.048313013732251595 0
1679248106204 0.027578457983256113 0
1679248128881 0.017484530560081687 0
1679248150940 0.01357718997112498 0
1679248173157 0.010768231216863525 0
1679248195737 0.009513329146089168 0
