1679806713008 0.060158316957406206 0
1679806830634 0.005331623722750736 0
1679806946680 0.0025197091410491834 0
1679807062640 0.0016291848087714484 0
1679807178492 0.0008641766276068891 0
1679807293161 0.0005366882069275746 0
1679807409548 0.00028973733496552963 0
1679807526950 0.0001858894828058642 0
1679807645002 0.0003760554446624153 0
1679807758981 0.00021845822954676207 0
1679807889446 0.12194126018732786 0
1679807994276 0.011446522758714855 0
1679808097863 0.00458201574885461 0
1679808201604 0.002294349727818917 0
1679808304422 0.0014204695825479575 0
1679808407652 0.0012133431700087386 0
1679808510870 0.0006930444768353482 0
1679808616784 0.0007122765300511673 0
1679808721566 0.0010262638961270568 0
1679808826148 0.0005061430392517651 0
1679808954107 0.26400096075776963 0
1679809060482 0.02405376699536573 0
1679809167146 0.009797313350538024 0
1679809273821 0.00527332395578851 0
1679809379301 0.0035678516927087913 0
1679809486393 0.0029536210816397215 0
1679809593100 0.002534889483502775 0
1679809698018 0.001696195914360578 0
1679809804264 0.0013455525694989773 0
1679809909036 0.0016857221477133862 0
1679810041555 0.35517285527344794 0
1679810149076 0.03203488588854671 0
1679810256133 0.010501660101744347 0
1679810364015 0.004396533405815717 0
1679810471822 0.003370594950718805 0
1679810581344 0.002368053970375331 0
1679810691655 0.002418062132480554 0
1679810800970 0.0012540861182642402 0
1679810909996 0.0012989599565247773 0
1679811019773 0.001264680322977074 0
1679811155545 0.4013353913974017 0
1679811264589 0.04506269752373919 0
1679811374121 0.018717094838200138 0
1679811483162 0.009839387982012704 0
1679811593529 0.005981509972800268 0
1679811704602 0.005526806974824285 0
1679811812706 0.004414788308998686 0
1679811922450 0.003087308640757692 0
1679812031745 0.0032042794673267055 0
1679812140872 0.00236102075468807 0
1679812278860 0.44112353995889425 0
1679812388914 0.048665282622165976 0
1679812500961 0.021583651743456722 0
1679812612982 0.01168273733087117 0
1679812725249 0.008997430699883261 0
1679812838699 0.00477883724917483 0
1679812949884 0.004862164726966876 0
1679813061881 0.0034091026087291537 0
1679813172543 0.003095124788681278 0
1679813284426 0.002032636247965274 0
1679813428401 0.40744325641579926 0
1679813539689 0.037769905798323455 0
1679813652801 0.016258978295349516 0
1679813764567 0.008028318114532158 0
1679813876063 0.006432732880860567 0
1679813988042 0.004174789699725807 0
1679814099019 0.002711933627119288 0
1679814210833 0.002354425311680825 0
1679814322526 0.002614464421660523 0
1679814434856 0.0020508814830580376 0
1679814581183 0.39404855476021766 0
1679814696402 0.039245329738873985 0
1679814811467 0.015049831929756329 0
1679814925856 0.01223499191934243 0
1679815040205 0.006795267258118838 0
1679815155227 0.0039622151036834115 0
1679815268074 0.002737669079774059 0
1679815384276 0.0020532815542683236 0
1679815497681 0.001378260882847826 0
1679815612727 0.0014177305121891549 0
1679815760218 0.45588401496186853 0
1679815875308 0.05262966095395386 0
1679815989292 0.021859058080799878 0
1679816103725 0.012210971930716187 0
1679816218406 0.008228550245030783 0
1679816333954 0.00584397002760088 0
1679816450966 0.003229985015367856 0
1679816567538 0.0028097470842913027 0
1679816683993 0.0028181349931823206 0
1679816801101 0.0032944293057109463 0
1679816954572 0.4918118693180382 0
1679817072710 0.05311202064473182 0
1679817191558 0.01992538596079685 0
1679817309824 0.010059594446758274 0
1679817429716 0.0077601991457282565 0
1679817547820 0.006962173263495788 0
1679817665683 0.004525489367637784 0
1679817776652 0.002668181523383828 0
1679817885489 0.002477544578706147 0
1679817995548 0.0019522116378182545 0
1679818144343 0.4795056481704116 0
1679818253169 0.05516142284842208 0
1679818362181 0.024839423137740232 0
1679818473586 0.013456024495442398 0
1679818584164 0.008353133654361591 0
1679818695246 0.005595853221684229 0
1679818804330 0.005278271175076952 0
1679818913879 0.004402396507575759 0
1679819024307 0.003755902015362517 0
1679819136565 0.002486833550738811 0
1679819292305 0.5302417473264038 0
1679819410638 0.06503218240253628 0
1679819527321 0.0240842907382641 0
1679819643643 0.01636428337409161 0
1679819759628 0.013233875390212051 0
1679819876995 0.008721911916416138 0
1679819993787 0.005135364796494833 0
1679820110478 0.0036367278733756394 0
1679820226646 0.0031631955403077882 0
1679820343467 0.0038905000890561495 0
1679820503742 0.5587669265121221 0
1679820622554 0.06418391317874193 0
1679820740135 0.028893411695817484 0
1679820859699 0.01542302276720293 0
1679820978102 0.009844495004601777 0
1679821095132 0.008222124280355637 0
1679821214255 0.007428008843999123 0
1679821332762 0.00668291568265413 0
1679821448145 0.00571681485378067 0
1679821562800 0.0072798103154811545 0
1679821721957 0.6130524337634444 0
1679821838496 0.07854574410114437 0
1679821953309 0.03389511095401831 0
1679822069336 0.022231838454701936 0
1679822184782 0.015639128710119986 0
1679822300423 0.013056113741383888 0
1679822414315 0.011896886594872922 0
1679822529443 0.0070900709411478606 0
1679822645278 0.0061142135691363364 0
1679822763173 0.0042781043930794115 0
1679822931294 0.59841503803581 0
1679823053065 0.07000424600150436 0
1679823174458 0.030612225519167258 0
1679823295763 0.019592188688227905 0
1679823416167 0.013228489291958977 0
1679823537189 0.01041409550050157 0
1679823658140 0.008388952203461668 0
1679823778352 0.005297034442552831 0
1679823899903 0.004647632067237282 0
1679824021014 0.0041083256541460285 0
1679824192374 0.6353019185215235 0
1679824316010 0.0886823195077479 0
1679824439704 0.038788108124909924 0
1679824562419 0.026787781866593287 0
1679824685958 0.018220109356124885 0
1679824809674 0.018370626482577063 0
1679824933372 0.011603720648412127 0
1679825056370 0.007498030742781703 0
1679825176430 0.006302011109120213 0
1679825297065 0.004910158928579767 0
1679825469171 0.6527236847817898 0
1679825589947 0.09656395541224629 0
1679825710829 0.03835248391339555 0
1679825833025 0.01865882078395225 0
1679825954227 0.01425245843033772 0
1679826074429 0.00884641181989573 0
1679826196499 0.006945360862108646 0
1679826318601 0.00727295330503257 0
1679826443316 0.0044234189979615625 0
1679826568944 0.0049615954670327485 0
1679826750635 0.6604422829732299 0
1679826879424 0.0888946119396016 0
1679827007412 0.03646872775964439 0
1679827135298 0.02265223294456955 0
1679827263038 0.014367678963113577 0
1679827391300 0.011034659301594365 0
1679827519434 0.009474683382018702 0
1679827647794 0.006948577743564965 0
1679827777278 0.005713899939716794 0
1679827905339 0.004782555876375409 0
1679828090585 0.672782068155706 0
1679828218411 0.10531080520413816 0
1679828347025 0.039037458822177726 0
1679828475194 0.02379881501409691 0
1679828605143 0.01665136861021165 0
1679828730677 0.01241021502034273 0
1679828857491 0.007440751260868274 0
1679828982148 0.004990198970970232 0
1679829108177 0.005856770123483147 0
1679829232547 0.003949678994313581 0
1679829418079 0.6946620808809996 0
1679829545032 0.11654019213952124 0
1679829672824 0.04847428409704007 0
1679829798401 0.02874480467159301 0
1679829925534 0.01836192403805908 0
1679830053817 0.015752567340596577 0
1679830185059 0.015822397490800357 0
1679830317459 0.012015092604100937 0
1679830449208 0.010774493812641594 0
1679830581590 0.010978512706008041 0
