1679806712995 0.9802063047711782 0
1679806830623 0.998356864654333 0
1679806946667 0.9992849318403116 0
1679807062627 0.9995435735150925 0
1679807178479 0.9998326436222006 0
1679807293151 0.9998478578383642 0
1679807409535 0.9999695715676729 0
1679807526939 0.9999847857838364 0
1679807644990 0.9999543573515093 0
1679807758970 0.9999391431353457 0
1679807889433 0.97605 0
1679807994262 0.9966 0
1679808097851 0.998875 0
1679808201592 0.999425 0
1679808304411 0.999775 0
1679808407641 0.9998 0
1679808510858 0.99995 0
1679808616776 0.9998 0
1679808721556 0.9997 0
1679808826136 0.9999 0
1679808954095 0.9381 0
1679809060468 0.99315 0
1679809167133 0.9973 0
1679809273810 0.99855 0
1679809379290 0.9992 0
1679809486383 0.999325 0
1679809593088 0.999425 0
1679809698006 0.99965 0
1679809804253 0.999725 0
1679809909025 0.999675 0
1679810041543 0.919275 0
1679810149070 0.990875 0
1679810256119 0.997475 0
1679810364003 0.9992 0
1679810471807 0.999375 0
1679810581331 0.999575 0
1679810691642 0.999525 0
1679810800964 0.999875 0
1679810909984 0.99975 0
1679811019757 0.999775 0
1679811155539 0.909925 0
1679811264577 0.986775 0
1679811374109 0.99475 0
1679811483150 0.997475 0
1679811593517 0.99865 0
1679811704590 0.998525 0
1679811812690 0.998825 0
1679811922442 0.99925 0
1679812031739 0.99915 0
1679812140860 0.999325 0
1679812278848 0.899875 0
1679812388904 0.9852 0
1679812500948 0.9939 0
1679812612971 0.99685 0
1679812725237 0.997375 0
1679812838689 0.99895 0
1679812949871 0.9988 0
1679813061866 0.999275 0
1679813172532 0.999275 0
1679813284414 0.99955 0
1679813428388 0.913175 0
1679813539677 0.988625 0
1679813652789 0.99525 0
1679813764554 0.99795 0
1679813876052 0.998475 0
1679813988029 0.9991 0
1679814099005 0.999575 0
1679814210822 0.999525 0
1679814322514 0.9994 0
1679814434841 0.999525 0
1679814581173 0.916175 0
1679814696388 0.988125 0
1679814811456 0.99585 0
1679814925845 0.996475 0
1679815040194 0.9983 0
1679815155214 0.999175 0
1679815268061 0.99945 0
1679815384263 0.99975 0
1679815497674 0.999875 0
1679815612714 0.9998 0
1679815760204 0.895975 0
1679815875295 0.984425 0
1679815989277 0.9939 0
1679816103712 0.99665 0
1679816218390 0.9978 0
1679816333935 0.998575 0
1679816450954 0.999375 0
1679816567526 0.9994 0
1679816683981 0.99945 0
1679816801091 0.99915 0
1679816954558 0.891025 0
1679817072701 0.984375 0
1679817191546 0.994175 0
1679817309812 0.99745 0
1679817429705 0.998075 0
1679817547809 0.99805 0
1679817665672 0.9991 0
1679817776639 0.99955 0
1679817885476 0.999475 0
1679817995535 0.9997 0
1679818144330 0.895025 0
1679818253156 0.983325 0
1679818362169 0.992725 0
1679818473572 0.9963 0
1679818584156 0.99765 0
1679818695234 0.9986 0
1679818804316 0.99875 0
1679818913866 0.99875 0
1679819024294 0.999025 0
1679819136552 0.99945 0
1679819292294 0.882425 0
1679819410624 0.9805 0
1679819527307 0.993225 0
1679819643630 0.995075 0
1679819759617 0.9961 0
1679819876983 0.997775 0
1679819993772 0.998825 0
1679820110466 0.9994 0
1679820226635 0.999225 0
1679820343456 0.999075 0
1679820503728 0.877225 0
1679820622540 0.980775 0
1679820740122 0.99175 0
1679820859686 0.995725 0
1679820978090 0.9973 0
1679821095119 0.99795 0
1679821214244 0.9978 0
1679821332749 0.998075 0
1679821448131 0.998675 0
1679821562787 0.9979 0
1679821721945 0.858625 0
1679821838483 0.97615 0
1679821953293 0.989625 0
1679822069322 0.99355 0
1679822184769 0.99525 0
1679822300411 0.99605 0
1679822414302 0.99645 0
1679822529430 0.997975 0
1679822645263 0.998375 0
1679822763156 0.999025 0
1679822931281 0.86995 0
1679823053051 0.978825 0
1679823174447 0.9909 0
1679823295749 0.99385 0
1679823416153 0.9965 0
1679823537176 0.996925 0
1679823658129 0.997975 0
1679823778339 0.9988 0
1679823899887 0.998825 0
1679824020999 0.998975 0
1679824192361 0.855725 0
1679824315996 0.9727 0
1679824439687 0.988675 0
1679824562405 0.992275 0
1679824685944 0.994575 0
1679824809665 0.9946 0
1679824933358 0.9968 0
1679825056353 0.99795 0
1679825176418 0.998475 0
1679825297051 0.998775 0
1679825469157 0.853 0
1679825589931 0.969325 0
1679825710815 0.9891 0
1679825833015 0.995225 0
1679825954213 0.99605 0
1679826074413 0.997825 0
1679826196482 0.998375 0
1679826318576 0.99835 0
1679826443300 0.998875 0
1679826568930 0.99885 0
1679826750617 0.851325 0
1679826879413 0.973025 0
1679827007401 0.9895 0
1679827135283 0.99345 0
1679827263025 0.99615 0
1679827391284 0.997075 0
1679827519417 0.997575 0
1679827647778 0.99795 0
1679827777263 0.99875 0
1679827905322 0.998775 0
1679828090570 0.84335 0
1679828218396 0.967575 0
1679828347012 0.9889 0
1679828475174 0.9932 0
1679828605122 0.9953 0
1679828730657 0.996375 0
1679828857474 0.9981 0
1679828982133 0.999 0
1679829108163 0.99855 0
1679829232532 0.99925 0
1679829418064 0.839975 0
1679829545017 0.9636 0
1679829672809 0.98505 0
1679829798387 0.99125 0
1679829925517 0.994525 0
1679830053806 0.9953 0
1679830185047 0.99525 0
1679830317438 0.9963 0
1679830449195 0.996825 0
1679830581568 0.99685 0
