1679806713015 114.38909180706833 0
1679806830639 117.2789693060331 0
1679806946687 115.71404800494201 0
1679807062649 115.63185646303464 0
1679807178501 115.51111608895008 0
1679807293167 114.34134699089918 0
1679807409556 116.04713777406141 0
1679807526956 117.0510855630273 0
1679807645008 117.70198885095306 0
1679807758990 113.65221915300936 0
1679807889455 105.35680690698791 0
1679807994288 104.56742884602863 0
1679808097869 103.3390130380867 0
1679808201615 103.3924784619594 0
1679808304430 102.57764015998691 0
1679808407658 102.98976195708383 0
1679808510878 102.99168399104383 0
1679808616790 105.67708716006018 0
1679808721572 104.53462444699835 0
1679808826155 104.32800677791238 0
1679808954115 106.01679705199786 0
1679809060493 106.12233300600201 0
1679809167154 106.40567415009718 0
1679809273826 106.4181638029404 0
1679809379307 105.12117686297279 0
1679809486401 106.83766951004509 0
1679809593107 106.45666858309414 0
1679809698027 104.68142453895416 0
1679809804269 105.98503294796683 0
1679809909042 104.52107668400276 0
1679810041564 107.56575887801591 0
1679810149084 107.28236277599353 0
1679810256143 106.81286353699397 0
1679810364023 107.63640009809751 0
1679810471831 107.52844265999738 0
1679810581356 109.25954738503788 0
1679810691663 110.0385564720491 0
1679810800976 109.0742448810488 0
1679810910004 108.77085184503812 0
1679811019783 109.52374848898035 0
1679811155552 109.65191985096317 0
1679811264601 108.79193415096961 0
1679811374129 109.25924827193376 0
1679811483170 108.73147038090974 0
1679811593545 110.10453669994604 0
1679811704611 110.7510998561047 0
1679811812718 107.833034056006 0
1679811922456 109.49361645698082 0
1679812031751 109.05174916400574 0
1679812140879 108.87625315703917 0
1679812278869 109.4885703510372 0
1679812388928 109.79881443700287 0
1679812500968 111.77992736699525 0
1679812612989 111.76210589392576 0
1679812725258 111.93782035796903 0
1679812838707 113.19193647394422 0
1679812949892 110.93339158594608 0
1679813061896 111.7330829630373 0
1679813172550 110.39021253900137 0
1679813284435 111.51598366198596 0
1679813428408 113.0939357560128 0
1679813539697 111.03285390196834 0
1679813652808 112.84508621005807 0
1679813764579 111.47935498401057 0
1679813876071 111.2331830849871 0
1679813988051 111.72447127394844 0
1679814099037 110.71665782097261 0
1679814210840 111.5442951010773 0
1679814322535 111.42996130906977 0
1679814434871 112.06394125299994 0
1679814581190 115.19480429799296 0
1679814696411 114.95439958805218 0
1679814811474 114.79860216390807 0
1679814925863 114.12626735900994 0
1679815040212 114.08154361497145 0
1679815155242 114.75734472507611 0
1679815268085 112.5832361660432 0
1679815384287 115.92935899598524 0
1679815497688 113.03250598104205 0
1679815612741 114.78704516100697 0
1679815760232 115.13488481193781 0
1679815875316 114.82140901999082 0
1679815989301 113.7039037339855 0
1679816103737 114.16390755493194 0
1679816218413 114.39521452202462 0
1679816333971 115.28029655199498 0
1679816450974 116.70530308200978 0
1679816567545 116.28215882205404 0
1679816684001 116.18020559998695 0
1679816801109 116.7464549310971 0
1679816954582 118.38177690305747 0
1679817072718 117.8827645770507 0
1679817191576 118.56605311098974 0
1679817309831 118.00163137505297 0
1679817429727 119.57006337493658 0
1679817547828 117.83154612604994 0
1679817665693 117.46710040397011 0
1679817776659 110.55535125394817 0
1679817885497 108.44284003600478 0
1679817995558 109.66716472501867 0
1679818144354 110.91149628604762 0
1679818253180 108.4343378370395 0
1679818362190 108.60261691408232 0
1679818473599 111.02585544099566 0
1679818584171 110.18357777805068 0
1679818695253 110.70064918196294 0
1679818804342 108.79361331101973 0
1679818913892 109.11417785205413 0
1679819024319 110.00215348799247 0
1679819136576 111.85815918899607 0
1679819292313 116.37898083298933 0
1679819410649 117.89157836302184 0
1679819527332 116.26924855192192 0
1679819643655 115.86001007806044 0
1679819759636 115.68985253898427 0
1679819877012 117.07495252706576 0
1679819993800 116.39515346393455 0
1679820110489 116.4017931970302 0
1679820226657 115.82670943601988 0
1679820343479 116.391495001968 0
1679820503753 119.08260503096972 0
1679820622566 118.40866687998641 0
1679820740147 117.14303210098296 0
1679820859711 119.16670992504805 0
1679820978110 118.09769977501128 0
1679821095144 116.65399343310855 0
1679821214262 118.83012234000489 0
1679821332776 118.04158686299343 0
1679821448156 114.9834353979677 0
1679821562815 114.22330194700044 0
1679821721966 115.39725324104074 0
1679821838505 116.10883972502779 0
1679821953321 114.38120555994101 0
1679822069348 115.63378169189673 0
1679822184795 115.01139510795474 0
1679822300435 115.16052313894033 0
1679822414327 113.47862815391272 0
1679822529452 114.69039479503408 0
1679822645288 115.43203251308296 0
1679822763186 117.48682853905484 0
1679822931307 121.0029278480215 0
1679823053077 121.34155891090631 0
1679823174466 121.09701241808943 0
1679823295776 120.87358455499634 0
1679823416179 120.06363850599155 0
1679823537201 120.61665931809694 0
1679823658149 120.53812741697766 0
1679823778361 119.92174213693943 0
1679823899915 121.12091954308562 0
1679824021027 120.81370116397738 0
1679824192391 123.43370752700139 0
1679824316026 123.20738213509321 0
1679824439716 123.26525000901893 0
1679824562431 122.291071098065 0
1679824685971 123.12755047506653 0
1679824809683 123.33284009702038 0
1679824933385 123.27866444201209 0
1679825056384 122.57706103695091 0
1679825176438 119.62859834299888 0
1679825297078 120.23942037206143 0
1679825469184 121.07889078895096 0
1679825589963 120.31748179602437 0
1679825710845 120.41396210005041 0
1679825833034 121.78114424599335 0
1679825954246 120.76478253898676 0
1679826074445 119.72597194602713 0
1679826196513 121.59362277504988 0
1679826318614 121.65527059102897 0
1679826443331 124.3007024320541 0
1679826568960 125.20013965305407 0
1679826750652 128.70563040103298 0
1679826879434 128.34247405303176 0
1679827007421 127.55332957603969 0
1679827135314 127.43943311192561 0
1679827263047 127.27816090499982 0
1679827391310 127.94497585995123 0
1679827519448 127.67405465093907 0
1679827647808 128.0510410349816 0
1679827777293 129.174551955075 0
1679827905353 127.58347340498585 0
1679828090598 128.31072990200482 0
1679828218425 127.40029009594582 0
1679828347043 128.30282197601628 0
1679828475207 127.83450704300776 0
1679828605158 129.61262065602932 0
1679828730692 125.06422274198849 0
1679828857506 126.34733973699622 0
1679828982162 124.22389623103663 0
1679829108194 125.50449425494298 0
1679829232561 123.93004707293585 0
1679829418094 126.4024757220177 0
1679829545046 126.46947669202928 0
1679829672839 127.32596801908221 0
1679829798413 125.07446026499383 0
1679829925549 126.65062513295561 0
1679830053827 127.96503171999939 0
1679830185070 130.9259636310162 0
1679830317477 131.95756741194054 0
1679830449219 131.25086215802003 0
1679830581601 131.98929787590168 0
