1679283681601 0.8094362745098039 0
1679283685983 0.9629289215686274 0
1679283690425 0.9868259803921569 0
1679283694996 0.9972426470588235 0
1679283699287 0.9990808823529411 0
1679283703842 0.9996936274509803 0
1679283708196 1.0 0
1679283712812 1.0 0
1679283717352 1.0 0
1679283721728 1.0 0
1679283742255 0.7105368589743589 0
1679283748613 0.9360977564102564 0
1679283755079 0.9823717948717948 0
1679283761516 0.9909855769230769 0
1679283767778 0.9967948717948718 0
1679283774141 0.9963942307692307 0
1679283780525 0.999198717948718 0
1679283786813 0.9987980769230769 0
1679283793450 0.9997996794871795 0
1679283799740 0.9995993589743589 0
1679283817874 0.6504407051282052 0
1679283824127 0.930488782051282 0
1679283830272 0.9783653846153846 0
1679283836581 0.991386217948718 0
1679283842817 0.9935897435897436 0
1679283848709 0.9989983974358975 0
1679283854704 0.9985977564102564 0
1679283861101 1.0 0
1679283867289 0.999198717948718 0
1679283873478 0.9993990384615384 0
1679283894364 0.6125801282051282 0
1679283900670 0.9220753205128205 0
1679283906975 0.9801682692307693 0
1679283913178 0.9921875 0
1679283919318 0.9963942307692307 0
1679283925857 0.9985977564102564 0
1679283932595 0.9995993589743589 0
1679283938821 0.9989983974358975 0
1679283945227 0.9989983974358975 0
1679283951478 1.0 0
1679283971639 0.6001602564102564 0
1679283977841 0.9286858974358975 0
1679283984255 0.9771634615384616 0
1679283990832 0.9943910256410257 0
1679283997364 0.9979967948717948 0
1679284003860 0.9949919871794872 0
1679284010268 0.9987980769230769 0
1679284016190 0.9995993589743589 0
1679284022858 0.9987980769230769 0
1679284029051 0.9997996794871795 0
1679284049038 0.5733173076923077 0
1679284055384 0.9176682692307693 0
1679284061885 0.9797676282051282 0
1679284067697 0.992988782051282 0
1679284074070 0.9975961538461539 0
1679284080756 0.9985977564102564 0
1679284086817 0.9985977564102564 0
1679284093171 0.9995993589743589 0
1679284099444 0.999198717948718 0
1679284105849 0.9989983974358975 0
1679284126300 0.5757211538461539 0
1679284132832 0.9176682692307693 0
1679284139225 0.9799679487179487 0
1679284145521 0.9939903846153846 0
1679284152270 0.9983974358974359 0
1679284158089 0.9989983974358975 0
1679284164380 0.9989983974358975 0
1679284170753 0.999198717948718 0
1679284177228 0.9995993589743589 0
1679284183807 0.9993990384615384 0
1679284203843 0.5627003205128205 0
1679284210474 0.9154647435897436 0
1679284216852 0.9785657051282052 0
1679284223408 0.992988782051282 0
1679284230064 0.9973958333333334 0
1679284236655 0.9983974358974359 0
1679284243281 0.9983974358974359 0
1679284249055 0.9995993589743589 0
1679284255563 0.9997996794871795 0
1679284261865 0.9997996794871795 0
1679284282655 0.5534855769230769 0
1679284289477 0.9146634615384616 0
1679284295963 0.9829727564102564 0
1679284302524 0.9951923076923077 0
1679284309102 0.9971955128205128 0
1679284315510 0.999198717948718 0
1679284322039 0.9995993589743589 0
1679284328893 0.9995993589743589 0
1679284335120 0.9997996794871795 0
1679284341954 0.9997996794871795 0
1679284362880 0.5582932692307693 0
1679284369255 0.9178685897435898 0
1679284375802 0.9789663461538461 0
1679284382279 0.9943910256410257 0
1679284388638 0.9969951923076923 0
1679284395308 0.9981971153846154 0
1679284402172 0.999198717948718 0
1679284408854 0.9993990384615384 0
1679284415326 0.9995993589743589 0
1679284422365 0.9997996794871795 0
1679284442472 0.5606971153846154 0
1679284449148 0.9144631410256411 0
1679284455611 0.9791666666666666 0
1679284462070 0.9947916666666666 0
1679284468707 0.9963942307692307 0
1679284475329 0.9975961538461539 0
1679284482128 0.9997996794871795 0
1679284488527 0.9997996794871795 0
1679284494841 0.9993990384615384 0
1679284501441 0.9995993589743589 0
1679284523949 0.5528846153846154 0
1679284530771 0.9160657051282052 0
1679284537593 0.9745592948717948 0
1679284544380 0.9935897435897436 0
1679284550978 0.9941907051282052 0
1679284557523 0.9989983974358975 0
1679284564031 0.9989983974358975 0
1679284570547 0.999198717948718 0
1679284577072 0.9997996794871795 0
1679284583824 0.999198717948718 0
1679284605248 0.5480769230769231 0
1679284611891 0.9224759615384616 0
1679284618933 0.9763621794871795 0
1679284625469 0.9921875 0
1679284632231 0.9971955128205128 0
1679284638866 0.9979967948717948 0
1679284645571 0.9987980769230769 0
1679284652254 0.9993990384615384 0
1679284658874 0.9995993589743589 0
1679284665477 0.9993990384615384 0
1679284687246 0.5478766025641025 0
1679284693933 0.9124599358974359 0
1679284700294 0.9779647435897436 0
1679284707111 0.9947916666666666 0
1679284713653 0.9975961538461539 0
1679284720380 0.9993990384615384 0
1679284727023 0.9989983974358975 0
1679284733673 0.9993990384615384 0
1679284740440 1.0 0
1679284747183 0.9997996794871795 0
1679284769297 0.5474759615384616 0
1679284775901 0.9162660256410257 0
1679284782771 0.9797676282051282 0
1679284788844 0.992988782051282 0
1679284795467 0.9971955128205128 0
1679284801949 0.9993990384615384 0
1679284808544 0.9985977564102564 0
1679284815416 0.9987980769230769 0
1679284822151 1.0 0
1679284828727 0.9993990384615384 0
1679284850877 0.5612980769230769 0
1679284857216 0.9206730769230769 0
1679284863973 0.9839743589743589 0
1679284870734 0.9947916666666666 0
1679284876849 0.9987980769230769 0
1679284883723 0.9979967948717948 0
1679284890689 0.9993990384615384 0
1679284897563 0.9989983974358975 0
1679284904336 0.9995993589743589 0
1679284910990 0.9995993589743589 0
1679284933257 0.5536858974358975 0
1679284940168 0.9162660256410257 0
1679284947073 0.9837740384615384 0
1679284953889 0.9965945512820513 0
1679284960846 0.9975961538461539 0
1679284967667 0.9987980769230769 0
1679284974807 0.9997996794871795 0
1679284981737 0.9997996794871795 0
1679284988292 0.9995993589743589 0
1679284994955 0.9997996794871795 0
1679285018027 0.5546875 0
1679285024896 0.9188701923076923 0
1679285031664 0.9823717948717948 0
1679285038246 0.9941907051282052 0
1679285044909 0.9979967948717948 0
1679285051716 0.999198717948718 0
1679285058657 0.999198717948718 0
1679285065705 0.9997996794871795 0
1679285072475 1.0 0
1679285079213 1.0 0
1679285103126 0.5620993589743589 0
1679285109843 0.9182692307692307 0
1679285116748 0.9831730769230769 0
1679285123241 0.9957932692307693 0
1679285129966 0.9979967948717948 0
1679285136505 0.999198717948718 0
1679285143332 0.999198717948718 0
1679285150139 0.9997996794871795 0
1679285157135 1.0 0
1679285163853 0.9997996794871795 0
1679285187333 0.5556891025641025 0
1679285194119 0.9124599358974359 0
1679285200791 0.9809695512820513 0
1679285207477 0.9969951923076923 0
1679285214173 0.9967948717948718 0
1679285221007 0.9987980769230769 0
1679285227922 0.9993990384615384 0
1679285234972 1.0 0
1679285241888 0.9997996794871795 0
1679285248653 1.0 0
