1679283681611 0.5909508528808752 0
1679283685994 0.10630110077852127 0
1679283690436 0.04957564619789813 0
1679283695008 0.01833765479215585 0
1679283699298 0.009988064766980196 0
1679283703850 0.006095668243349292 0
1679283708209 0.0037824133457844238 0
1679283712823 0.0037239241349857812 0
1679283717363 0.00274279951083693 0
1679283721739 0.0021720782873065523 0
1679283742263 0.8752276265086272 0
1679283748621 0.1857266381669503 0
1679283755090 0.06692868138615711 0
1679283761526 0.03322297294224159 0
1679283767790 0.017441943171434104 0
1679283774151 0.01698070152167183 0
1679283780534 0.008179763530512365 0
1679283786826 0.00820689299535633 0
1679283793460 0.0038938313071132423 0
1679283799750 0.003744908496185254 0
1679283817884 1.0877763714927893 0
1679283824139 0.21592947016828334 0
1679283830283 0.0758137656435466 0
1679283836593 0.04159677193428461 0
1679283842828 0.023767146252047937 0
1679283848721 0.011820217779574867 0
1679283854716 0.008406200186865859 0
1679283861112 0.005748365116186249 0
1679283867300 0.005819824792501421 0
1679283873493 0.00512417351292709 0
1679283894376 1.1831329052264874 0
1679283900682 0.2510471172535267 0
1679283906987 0.0793294802081222 0
1679283913190 0.037369642669382766 0
1679283919329 0.019574320782572985 0
1679283925869 0.013602604665674077 0
1679283932610 0.009234790226820713 0
1679283938832 0.009242819654247843 0
1679283945237 0.006797736745703822 0
1679283951488 0.004317824138128437 0
1679283971650 1.2209301623396385 0
1679283977855 0.244265576514105 0
1679283984264 0.08349519934600745 0
1679283990843 0.03451976757974197 0
1679283997377 0.016359120750656493 0
1679284003868 0.01888868818955066 0
1679284010279 0.011171100494744351 0
1679284016202 0.008563954827901071 0
1679284022871 0.007720077003259809 0
1679284029062 0.005942743810010143 0
1679284049050 1.2888504104354443 0
1679284055394 0.27272805156042945 0
1679284061900 0.08392855688595237 0
1679284067709 0.03601060431295385 0
1679284074081 0.0190459278319628 0
1679284080767 0.013154180243593426 0
1679284086830 0.01151269219759016 0
1679284093184 0.006884559540478035 0
1679284099458 0.008366265512170056 0
1679284105866 0.006678762692899909 0
1679284126312 1.3013049711783726 0
1679284132841 0.27010447942675686 0
1679284139237 0.08630859195135343 0
1679284145540 0.03617805982521998 0
1679284152283 0.018641677523891512 0
1679284158101 0.012730890741715064 0
1679284164396 0.010079244740504341 0
1679284170765 0.008387021751005728 0
1679284177241 0.006105480141018351 0
1679284183819 0.005565948646667844 0
1679284203853 1.3268753668436637 0
1679284210485 0.2820326021084419 0
1679284216863 0.08684425889394987 0
1679284223421 0.03729880738179558 0
1679284230074 0.020590420194471683 0
1679284236666 0.015585741274452839 0
1679284243293 0.01091051634433918 0
1679284249062 0.007995458451123575 0
1679284255577 0.005313195931823709 0
1679284261877 0.005217227912791527 0
1679284282666 1.347801240399862 0
1679284289489 0.29325002971559 0
1679284295975 0.08291685895827146 0
1679284302537 0.03257247857833042 0
1679284309116 0.022124460123730108 0
1679284315523 0.01234529802772718 0
1679284322054 0.008716581477738846 0
1679284328905 0.007346075158028935 0
1679284335129 0.005039997017518498 0
1679284341970 0.0047032419642140996 0
1679284362893 1.3480582294555812 0
1679284369266 0.2849903548470674 0
1679284375814 0.0872730262673054 0
1679284382290 0.03410496010492819 0
1679284388652 0.020450076622625765 0
1679284395319 0.013178383061387695 0
1679284402187 0.00884868003329477 0
1679284408866 0.007694309655702314 0
1679284415338 0.006199105165134638 0
1679284422382 0.0045056991743294 0
1679284442495 1.3484909626153798 0
1679284449159 0.2870484105287454 0
1679284455625 0.09110448559602866 0
1679284462083 0.03361795380269774 0
1679284468719 0.02213328538868481 0
1679284475341 0.016872830474032804 0
1679284482144 0.009236919194406185 0
1679284488539 0.006787806273235056 0
1679284494852 0.0057261798740513865 0
1679284501460 0.004809663576545576 0
1679284523960 1.3614041587481132 0
1679284530782 0.2935030102156676 0
1679284537604 0.09533403050870849 0
1679284544394 0.03768217009313118 0
1679284550989 0.025521498855549652 0
1679284557535 0.012792908985060282 0
1679284564044 0.010711305072525134 0
1679284570558 0.0082770674840177 0
1679284577081 0.006481060620922691 0
1679284583838 0.0059128679597798064 0
1679284605259 1.3491589371592572 0
1679284611906 0.28415584812561673 0
1679284618947 0.0945817772537852 0
1679284625484 0.041219190530216276 0
1679284632242 0.0211032002310579 0
1679284638878 0.01535218600064325 0
1679284645582 0.010498180616055973 0
1679284652269 0.0074852358397597876 0
1679284658888 0.006464372518866395 0
1679284665489 0.005635853375842532 0
1679284687260 1.363160408078096 0
1679284693944 0.3020861947383636 0
1679284700308 0.09136087868888026 0
1679284707121 0.0344473713179095 0
1679284713665 0.017491527053957377 0
1679284720392 0.010608155163190065 0
1679284727034 0.011383570418006573 0
1679284733683 0.007831666770074755 0
1679284740457 0.005394871592169437 0
1679284747195 0.005387778202510582 0
1679284769309 1.3667313032425368 0
1679284775917 0.29329087184025693 0
1679284782783 0.08893280120518728 0
1679284788855 0.03979692683041764 0
1679284795479 0.02463738128202609 0
1679284801959 0.01288801084424799 0
1679284808558 0.01106284748022564 0
1679284815432 0.009867577401634593 0
1679284822163 0.006427346530239074 0
1679284828745 0.0066079144039227124 0
1679284850885 1.3215838563747895 0
1679284857232 0.2774091681990868 0
1679284863983 0.07808306951147433 0
1679284870745 0.034396039229483366 0
1679284876861 0.018447477648106333 0
1679284883735 0.013685087910674226 0
1679284890711 0.010477664595386252 0
1679284897574 0.007967311735205257 0
1679284904347 0.006159179196961654 0
1679284911006 0.0056989013265149715 0
1679284933275 1.3352844518346665 0
1679284940179 0.2771080477306476 0
1679284947086 0.07833161843845095 0
1679284953905 0.030542639657281913 0
1679284960856 0.019178192814788185 0
1679284967680 0.013104492720837394 0
1679284974824 0.009247121860822424 0
1679284981749 0.006775930228356559 0
1679284988304 0.006655582373824496 0
1679284994965 0.005011104917801463 0
1679285018044 1.3369844095447125 0
1679285024913 0.28626353226793116 0
1679285031676 0.08210206989389963 0
1679285038257 0.03548328108631839 0
1679285044921 0.021724559906989526 0
1679285051729 0.012334844919864852 0
1679285058669 0.010092247815545982 0
1679285065718 0.006339091238959764 0
1679285072493 0.005163902513464937 0
1679285079236 0.004701448113430673 0
1679285103136 1.331758548051883 0
1679285109860 0.2931939935645996 0
1679285116764 0.08112759589074323 0
1679285123256 0.03308439195657579 0
1679285129990 0.018712198827415705 0
1679285136514 0.012006775165597597 0
1679285143351 0.00856260943468302 0
1679285150151 0.00622640100631636 0
1679285157147 0.00555965313105844 0
1679285163872 0.00493685791204767 0
1679285187344 1.3361463626989951 0
1679285194131 0.3068352584273387 0
1679285200803 0.08806031283277732 0
1679285207489 0.03390935056795103 0
1679285214187 0.020341652606685575 0
1679285221018 0.013028877868633479 0
1679285227936 0.009293371676437508 0
1679285234984 0.0066764022631105036 0
1679285241899 0.006194974539446263 0
1679285248664 0.004578461986966431 0
