1679283681616 4.507375961984508 0
1679283686001 4.215556562994607 0
1679283690441 4.280934603011701 0
1679283695016 4.41500569996424 0
1679283699305 4.130098762980197 0
1679283703855 4.38914822897641 0
1679283708218 4.188626944029238 0
1679283712828 4.43834405002417 0
1679283717370 4.3885252949548885 0
1679283721745 4.223517110978719 0
1679283742268 5.306330226012506 0
1679283748627 6.176329583977349 0
1679283755100 6.270686928997748 0
1679283761532 6.252481647010427 0
1679283767798 6.087462253984995 0
1679283774158 6.16463712399127 0
1679283780539 6.175289501959924 0
1679283786834 6.1086059960071 0
1679283793465 6.43371474504238 0
1679283799755 6.107173832016997 0
1679283817890 5.903617005969863 0
1679283824147 6.06656385702081 0
1679283830288 5.940228722989559 0
1679283836601 6.108803495008033 0
1679283842835 6.018280834017787 0
1679283848728 5.701255825988483 0
1679283854724 5.790888404008001 0
1679283861120 6.202114927989896 0
1679283867307 5.9888171660131775 0
1679283873501 5.9914009529748 0
1679283894384 6.397784903994761 0
1679283900693 6.108013638993725 0
1679283906997 6.0853977060178295 0
1679283913202 6.000025710032787 0
1679283919336 5.935357958020177 0
1679283925882 6.313163313025143 0
1679283932619 6.502814186038449 0
1679283938844 6.016326595970895 0
1679283945242 6.201502322976012 0
1679283951495 6.060444887029007 0
1679283971656 6.3556824999977835 0
1679283977864 5.981276264006738 0
1679283984276 6.189193420985248 0
1679283990849 6.342479074024595 0
1679283997388 6.312527838977985 0
1679284003881 6.256491215957794 0
1679284010287 6.196599930990487 0
1679284016210 5.72018714301521 0
1679284022880 6.444839673989918 0
1679284029070 5.973935596004594 0
1679284049058 6.09807331499178 0
1679284055400 6.109031075029634 0
1679284061909 6.2725752830156125 0
1679284067717 5.602963560028002 0
1679284074087 6.158585634024348 0
1679284080776 6.466939728008583 0
1679284086837 5.83993667998584 0
1679284093193 6.133556195010897 0
1679284099468 6.062423127004877 0
1679284105878 6.1782744789961725 0
1679284126323 6.256019859982189 0
1679284132847 6.31972621101886 0
1679284139243 6.19006430299487 0
1679284145556 6.052873451961204 0
1679284152291 6.517299131024629 0
1679284158109 5.5924239729647525 0
1679284164409 6.076702727004886 0
1679284170774 6.138754499028437 0
1679284177254 6.238484110974241 0
1679284183826 6.349183054990135 0
1679284203860 6.093730722030159 0
1679284210492 6.396481001982465 0
1679284216871 6.168356932990719 0
1679284223432 6.323304815974552 0
1679284230084 6.4164259340032 0
1679284236674 6.36025431798771 0
1679284243300 6.355140791973099 0
1679284249068 5.543156514992006 0
1679284255586 6.2965637349989265 0
1679284261886 6.085451191000175 0
1679284282674 6.349891609977931 0
1679284289497 6.565169488021638 0
1679284295982 6.25288389401976 0
1679284302550 6.326556508021895 0
1679284309123 6.333142618997954 0
1679284315531 6.176231649995316 0
1679284322062 6.296774111047853 0
1679284328912 6.594794036005624 0
1679284335139 5.949646428052802 0
1679284341984 6.60161098302342 0
1679284362900 6.262777018011548 0
1679284369273 6.134747430973221 0
1679284375821 6.307474553992506 0
1679284382303 6.240781389002223 0
1679284388662 6.13370715995552 0
1679284395327 6.424917068972718 0
1679284402195 6.62080762500409 0
1679284408876 6.444252074987162 0
1679284415345 6.216548470954876 0
1679284422393 6.7950627009849995 0
1679284442507 6.190569440019317 0
1679284449169 6.40788638201775 0
1679284455636 6.221402972005308 0
1679284462091 6.213055845990311 0
1679284468728 6.397092184983194 0
1679284475349 6.374596418987494 0
1679284482156 6.552980446955189 0
1679284488550 6.159283410990611 0
1679284494860 6.084461891034152 0
1679284501472 6.353017081972212 0
1679284523969 6.490621603035834 0
1679284530789 6.570159609022085 0
1679284537612 6.5691703069605865 0
1679284544406 6.550114985031541 0
1679284550996 6.343807969009504 0
1679284557545 6.296758199983742 0
1679284564055 6.259293369017541 0
1679284570565 6.266836581053212 0
1679284577088 6.268271392968018 0
1679284583849 6.513914763985667 0
1679284605270 6.132852185983211 0
1679284611916 6.382668423000723 0
1679284618957 6.792025015049148 0
1679284625504 6.283525184961036 0
1679284632249 6.498909718997311 0
1679284638886 6.3989229910075665 0
1679284645589 6.459217440977227 0
1679284652278 6.439305930980481 0
1679284658902 6.363199363986496 0
1679284665496 6.325671861006413 0
1679284687270 6.676671262015589 0
1679284693952 6.4426267120288685 0
1679284700325 6.11342125403462 0
1679284707128 6.53604900900973 0
1679284713676 6.2912752439733595 0
1679284720399 6.453075893979985 0
1679284727042 6.3939316800097 0
1679284733694 6.395268621039577 0
1679284740468 6.505812198040076 0
1679284747203 6.48520950198872 0
1679284769316 6.340914483007509 0
1679284775928 6.329485650989227 0
1679284782791 6.592406115029007 0
1679284788864 5.814684520999435 0
1679284795487 6.375233135011513 0
1679284801967 6.188379989005625 0
1679284808567 6.321168583992403 0
1679284815449 6.608695234986953 0
1679284822171 6.460852865013294 0
1679284828756 6.305960263998713 0
1679284850893 6.298345467017498 0
1679284857244 6.076360725972336 0
1679284863997 6.474273216968868 0
1679284870753 6.469018730975222 0
1679284876873 5.799899853009265 0
1679284883743 6.604748092009686 0
1679284890723 6.680528927012347 0
1679284897591 6.598916350980289 0
1679284904357 6.499440983985551 0
1679284911017 6.3857646670076065 0
1679284933286 6.191545860958286 0
1679284940194 6.638652032997925 0
1679284947100 6.634103120013606 0
1679284953916 6.544078226026613 0
1679284960864 6.688651310978457 0
1679284967692 6.500759268994443 0
1679284974835 6.867334128997754 0
1679284981757 6.642373085021973 0
1679284988314 6.293733670958318 0
1679284994975 6.391159584978595 0
1679285018054 6.49878715001978 0
1679285024924 6.5882862659636885 0
1679285031685 6.495775523013435 0
1679285038274 6.31147575302748 0
1679285044941 6.302597604983021 0
1679285051737 6.457039016997442 0
1679285058682 6.664037735026795 0
1679285065727 6.745372083038092 0
1679285072503 6.493059372995049 0
1679285079249 6.437316893017851 0
1679285103146 6.56203569000354 0
1679285109892 6.443308911984786 0
1679285116780 6.576508665981237 0
1679285123276 6.187893323018216 0
1679285130008 6.431644926022273 0
1679285136523 6.243787373008672 0
1679285143362 6.56434789695777 0
1679285150160 6.427449487964623 0
1679285157155 6.717286458995659 0
1679285163883 6.424794403021224 0
1679285187353 6.741283761977684 0
1679285194140 6.489416121970862 0
1679285200812 6.387734380026814 0
1679285207498 6.3916541439830326 0
1679285214206 6.41168993501924 0
1679285221037 6.5367946840124205 0
1679285227946 6.566019064048305 0
1679285234996 6.739892890967894 0
1679285241908 6.60100624198094 0
1679285248674 6.4689268069923855 0
