1679439560118 0.29359106567377846 0
1679439568613 0.13766795282976496 0
1679439577545 0.09335202696319256 0
1679439586189 0.05860369893877457 0
1679439594578 0.0774311433520375 0
1679439603420 0.0401665025520035 0
1679439611943 0.035219122968717584 0
1679439620444 0.07428340522261957 0
1679439629106 0.03365073791355826 0
1679439637870 0.01758722445220984 0
1679439660473 0.5797045362699363 0
1679439669176 0.06112909677127997 0
1679439677894 0.03150479652556694 0
1679439687008 0.03723323107438369 0
1679439695707 0.020986380133156974 0
1679439704705 0.004524105981302758 0
1679439714021 0.025293531928521892 0
1679439722814 0.016794806242816977 0
1679439731582 0.00524222845884247 0
1679439740332 0.013807074849804242 0
1679439761006 0.6501964945035676 0
1679439770089 0.04776165594812483 0
1679439778824 0.033129393881083366 0
1679439787677 0.02710987771085153 0
1679439796474 0.024090576451271772 0
1679439805485 0.037174538554002844 0
1679439814241 0.03422977053819017 0
1679439822884 0.012350921555318766 0
1679439831720 0.017174788890406488 0
1679439840579 0.028565195627096626 0
1679439861611 0.8568857252520199 0
1679439870433 0.060507424734532834 0
1679439879090 0.0441150112879566 0
1679439887966 0.039454533126101726 0
1679439896824 0.027779461215767597 0
1679439905770 0.01041452998502387 0
1679439914730 0.011050906917080282 0
1679439923605 0.016977990144449805 0
1679439932652 0.03146550550849901 0
1679439941402 0.014038507428227199 0
1679439962668 0.9415128210559487 0
1679439971917 0.11904147672984335 0
1679439981197 0.0650717603482513 0
1679439990499 0.051935021835379305 0
1679439999654 0.02660845474133061 0
1679440008944 0.052587573046589065 0
1679440017715 0.02435770541843441 0
1679440026429 0.036312819163625436 0
1679440035515 0.017124606017023324 0
1679440044186 0.014257225140722262 0
1679440065827 0.7818740728932122 0
1679440074683 0.0666420177427224 0
1679440083435 0.03596726064570248 0
1679440092356 0.02162578908416132 0
1679440101337 0.011915763118304312 0
1679440110317 0.006762245051666267 0
1679440118966 0.008007714783565866 0
1679440127690 0.015025322700643705 0
1679440136532 0.030519043400676713 0
1679440145513 0.008101868484583165 0
1679440167399 1.0182880448384417 0
1679440176072 0.16885937601327897 0
1679440185284 0.11291489186696708 0
1679440194393 0.06883468601024813 0
1679440203170 0.06798669965420333 0
1679440212221 0.049814929280223116 0
1679440221091 0.03222214546468523 0
1679440229813 0.045263371037112345 0
1679440238722 0.02863299751447307 0
1679440247590 0.017282485522122845 0
1679440269474 0.7807463037108795 0
1679440278134 0.07598091061227023 0
1679440287029 0.046175948918486635 0
1679440295947 0.03886509383511212 0
1679440304890 0.0318293485014389 0
1679440314059 0.02549500978137884 0
1679440322931 0.022765150702454977 0
1679440331871 0.026883052361922132 0
1679440340688 0.021637994889169933 0
1679440349593 0.013708157004374596 0
1679440371899 0.8381430772443612 0
1679440380628 0.18073212815862563 0
1679440389653 0.09672748113775419 0
1679440398635 0.09033849200026857 0
1679440407401 0.050774337899767694 0
1679440416299 0.04876837126082844 0
1679440424959 0.04054315307488044 0
1679440433961 0.024028514444621073 0
1679440443065 0.03525257320660684 0
1679440451890 0.03640770791615877 0
1679440474601 0.5680720160922242 0
1679440483547 0.04714269909179873 0
1679440492397 0.03636601747324069 0
1679440501043 0.02965449002674884 0
1679440509931 0.030299359885975718 0
1679440518940 0.02301979779990183 0
1679440527795 0.014286119330467448 0
1679440536681 0.012256709325851666 0
1679440545590 0.010888889390561316 0
1679440554392 0.0157045488168175 0
1679440578028 1.1785150468349457 0
1679440586940 0.286133946892288 0
1679440596032 0.20059588723298577 0
1679440605017 0.1403440558248096 0
1679440613668 0.11399596221745015 0
1679440622654 0.09586377930827439 0
1679440631741 0.0667334694829252 0
1679440640578 0.05438350635166797 0
1679440649470 0.04331923737190664 0
1679440658353 0.026835080701857805 0
1679440682004 1.0404198893449372 0
1679440690765 0.08397933941127525 0
1679440699654 0.03913444229401648 0
1679440708731 0.02150759193011456 0
1679440717560 0.01585332081756658 0
1679440726713 0.008432695424805086 0
1679440735732 0.03875520915931298 0
1679440744805 0.006960752999616994 0
1679440753598 0.005661727819177839 0
1679440762623 0.006957827710236112 0
1679440786364 0.7039780993428495 0
1679440795177 0.07811246561921305 0
1679440804349 0.086580864735879 0
1679440813292 0.03291922702660991 0
1679440822014 0.030384992394182415 0
1679440831170 0.01467995834019449 0
1679440840146 0.010854934986370305 0
1679440849059 0.027422798885446457 0
1679440858358 0.030830637132748962 0
1679440867398 0.018130804349978765 0
1679440891084 0.8860174627353747 0
1679440900014 0.1193963342346251 0
1679440909047 0.0669410192873329 0
1679440917988 0.04415791539164881 0
1679440926915 0.031161554033557574 0
1679440935976 0.026973299868404865 0
1679440944808 0.020182712096720935 0
1679440953983 0.014812911012106472 0
1679440962851 0.015921878892307482 0
1679440971969 0.015010096055145064 0
1679440996304 0.8679057402794974 0
1679441004962 0.06630661785602569 0
1679441014132 0.052916954623328315 0
1679441023143 0.04414258587898479 0
1679441032132 0.02331163615712689 0
1679441041106 0.029757201904430985 0
1679441049911 0.022309957217011185 0
1679441059007 0.022091787044579782 0
1679441067933 0.03251757906335923 0
1679441076843 0.027624027943238615 0
1679441101172 0.7174321749765012 0
1679441109969 0.10579674484001265 0
1679441119128 0.04737358603419529 0
1679441128203 0.03440055297170248 0
1679441137009 0.01716855187486443 0
1679441145814 0.013636157718590565 0
1679441154484 0.031243623487858307 0
1679441163344 0.02291998700238764 0
1679441172530 0.02644985756940312 0
1679441181488 0.009811634482401941 0
1679441205545 0.9997145014711553 0
1679441214309 0.18996091652661562 0
1679441223322 0.13069835843828817 0
1679441232344 0.09531654614127344 0
1679441241382 0.07492264890008503 0
1679441250221 0.053968597467367846 0
1679441259348 0.047333416311691204 0
1679441268330 0.029894442406172554 0
1679441277469 0.02761122868396342 0
1679441286360 0.030638083970795076 0
1679441311666 1.1752515580919054 0
1679441320821 0.12362065342151457 0
1679441329971 0.07368549597967002 0
1679441339384 0.03774702105050286 0
1679441348549 0.03261641199804015 0
1679441358056 0.02705146335065365 0
1679441367083 0.01726630758494139 0
1679441375846 0.01606029570620093 0
1679441384863 0.016204616530901855 0
1679441393838 0.015282088161135713 0
1679441418851 0.9488698411525951 0
1679441427682 0.11739918107373847 0
1679441436615 0.058350025381272035 0
1679441445598 0.03349805280255775 0
1679441454766 0.02909949268731806 0
1679441463809 0.013946106641863782 0
1679441472753 0.041910130727208325 0
1679441481876 0.029283480739427936 0
1679441490618 0.013298043939802382 0
1679441499495 0.01496452338890069 0
1679441526818 0.8966899123663704 0
1679441536691 0.07365945390322143 0
1679441546141 0.036272284191929634 0
1679441555591 0.029101421140755215 0
1679441564941 0.04183096440715922 0
1679441573972 0.031255089212208986 0
1679441583321 0.018222382188671164 0
1679441592662 0.016655362366388243 0
1679441601909 0.02041150769736204 0
1679441611047 0.008216881550227602 0
