1679443691801 0.9131944444444444 0
1679443699824 0.9628472222222222 0
1679443707950 0.9715277777777778 0
1679443716205 0.9732638888888889 0
1679443724511 0.9847222222222223 0
1679443733099 0.984375 0
1679443741579 0.9923611111111111 0
1679443750415 0.990625 0
1679443758631 0.9840277777777777 0
1679443767293 0.9892361111111111 0
1679443789671 0.9114583333333334 0
1679443798447 0.9861111111111112 0
1679443807345 0.9913194444444444 0
1679443815983 0.9975694444444444 0
1679443824456 0.9847222222222223 0
1679443832914 0.9930555555555556 0
1679443841636 0.9944444444444445 0
1679443850441 0.9989583333333333 0
1679443859367 0.9982638888888888 0
1679443868118 0.9972222222222222 0
1679443889271 0.8552083333333333 0
1679443897934 0.965625 0
1679443906690 0.9836805555555556 0
1679443915551 0.9909722222222223 0
1679443924377 0.9934027777777777 0
1679443933273 0.9934027777777777 0
1679443941922 0.9895833333333334 0
1679443950901 0.99375 0
1679443959583 0.9958333333333333 0
1679443968346 0.9875 0
1679443989543 0.8663194444444444 0
1679443998503 0.9680555555555556 0
1679444007316 0.971875 0
1679444016044 0.9833333333333333 0
1679444024831 0.9947916666666666 0
1679444033585 0.9958333333333333 0
1679444042259 0.9947916666666666 0
1679444051207 0.996875 0
1679444060016 0.9989583333333333 0
1679444068758 0.9902777777777778 0
1679444089502 0.9048611111111111 0
1679444098137 0.9739583333333334 0
1679444107006 0.9871527777777778 0
1679444115671 0.9916666666666667 0
1679444124365 0.9975694444444444 0
1679444133040 0.9902777777777778 0
1679444141743 0.9927083333333333 0
1679444150549 0.9993055555555556 0
1679444159295 1.0 0
1679444167763 1.0 0
1679444188923 0.8677083333333333 0
1679444197737 0.9642361111111111 0
1679444206526 0.9798611111111111 0
1679444215312 0.9850694444444444 0
1679444224032 0.9923611111111111 0
1679444232753 0.9913194444444444 0
1679444241344 0.9947916666666666 0
1679444250138 0.9944444444444445 0
1679444259437 0.9972222222222222 0
1679444268314 0.9954861111111111 0
1679444289929 0.8638888888888889 0
1679444298531 0.9604166666666667 0
1679444307520 0.9739583333333334 0
1679444316247 0.9763888888888889 0
1679444324830 0.9795138888888889 0
1679444333929 0.9878472222222222 0
1679444343041 0.9913194444444444 0
1679444351847 0.9913194444444444 0
1679444360456 0.9833333333333333 0
1679444369181 0.9913194444444444 0
1679444390897 0.8121527777777777 0
1679444399617 0.9694444444444444 0
1679444408108 0.9774305555555556 0
1679444416753 0.9822916666666667 0
1679444425666 0.9875 0
1679444434493 0.9875 0
1679444443032 0.9895833333333334 0
1679444451930 0.9822916666666667 0
1679444460810 0.9972222222222222 0
1679444469627 0.996875 0
1679444493229 0.8576388888888888 0
1679444501962 0.9670138888888888 0
1679444510718 0.9680555555555556 0
1679444519530 0.9795138888888889 0
1679444528358 0.9861111111111112 0
1679444537186 0.9913194444444444 0
1679444546175 0.9954861111111111 0
1679444555149 0.9982638888888888 0
1679444564174 0.9934027777777777 0
1679444573042 0.9940972222222222 0
1679444595545 0.8993055555555556 0
1679444604265 0.9743055555555555 0
1679444613236 0.9850694444444444 0
1679444621626 0.9888888888888889 0
1679444630625 0.9902777777777778 0
1679444639487 0.9951388888888889 0
1679444648310 0.990625 0
1679444657063 0.99375 0
1679444666039 0.9986111111111111 0
1679444674770 0.9979166666666667 0
1679444696794 0.8892361111111111 0
1679444705804 0.9618055555555556 0
1679444714912 0.9628472222222222 0
1679444723902 0.96875 0
1679444733039 0.9739583333333334 0
1679444742095 0.9809027777777778 0
1679444751490 0.9847222222222223 0
1679444760627 0.9864583333333333 0
1679444769545 0.9934027777777777 0
1679444778622 0.9923611111111111 0
1679444801542 0.865625 0
1679444810573 0.9690972222222223 0
1679444819586 0.9777777777777777 0
1679444828355 0.9819444444444444 0
1679444837496 0.9822916666666667 0
1679444846716 0.9881944444444445 0
1679444855713 0.9934027777777777 0
1679444864661 0.9826388888888888 0
1679444873480 0.9975694444444444 0
1679444882471 0.996875 0
1679444905979 0.8875 0
1679444914879 0.9875 0
1679444923989 0.9885416666666667 0
1679444932974 0.9923611111111111 0
1679444941900 0.9913194444444444 0
1679444950912 0.9965277777777778 0
1679444959864 0.9940972222222222 0
1679444968906 0.9972222222222222 0
1679444977833 1.0 0
1679444987219 1.0 0
1679445010601 0.8541666666666666 0
1679445019520 0.9659722222222222 0
1679445028452 0.9791666666666666 0
1679445037622 0.9798611111111111 0
1679445046707 0.9871527777777778 0
1679445055656 0.9927083333333333 0
1679445064877 0.9972222222222222 0
1679445073741 0.9961805555555555 0
1679445082608 0.9916666666666667 0
1679445091648 0.990625 0
1679445115710 0.85 0
1679445124594 0.9722222222222222 0
1679445134009 0.9802083333333333 0
1679445143942 0.9868055555555556 0
1679445153330 0.984375 0
1679445162587 0.9885416666666667 0
1679445171721 0.9958333333333333 0
1679445180818 0.996875 0
1679445189842 0.9986111111111111 0
1679445198975 0.9979166666666667 0
1679445223606 0.8055555555555556 0
1679445232797 0.978125 0
1679445241803 0.9902777777777778 0
1679445250637 0.9888888888888889 0
1679445259891 0.9909722222222223 0
1679445268972 0.9972222222222222 0
1679445277829 0.9972222222222222 0
1679445286730 0.9986111111111111 0
1679445295774 1.0 0
1679445304830 1.0 0
1679445328970 0.7652777777777777 0
1679445338096 0.946875 0
1679445347429 0.9704861111111112 0
1679445356668 0.9788194444444445 0
1679445365776 0.9888888888888889 0
1679445375017 0.9861111111111112 0
1679445384391 0.9875 0
1679445393571 0.996875 0
1679445402606 0.9989583333333333 0
1679445411552 0.9930555555555556 0
1679445437298 0.8763888888888889 0
1679445446239 0.9913194444444444 0
1679445455493 0.9934027777777777 0
1679445464440 0.9975694444444444 0
1679445473367 0.9975694444444444 0
1679445482362 0.9982638888888888 0
1679445491520 1.0 0
1679445500629 0.9993055555555556 0
1679445509947 1.0 0
1679445519218 1.0 0
1679445545224 0.8628472222222222 0
1679445554246 0.9690972222222223 0
1679445563255 0.9798611111111111 0
1679445572195 0.9746527777777778 0
1679445580959 0.9840277777777777 0
1679445590526 0.9916666666666667 0
1679445599740 0.9947916666666666 0
1679445608652 0.9996527777777777 0
1679445618001 0.9954861111111111 0
1679445627151 0.99375 0
1679445651772 0.8621527777777778 0
1679445660771 0.9795138888888889 0
1679445669897 0.9923611111111111 0
1679445679197 0.9944444444444445 0
1679445688382 0.9972222222222222 0
1679445697769 0.9951388888888889 0
1679445706957 0.9954861111111111 0
1679445716005 0.9996527777777777 0
1679445725288 0.9899305555555555 0
1679445734305 0.9996527777777777 0
