1679976032638 0.7731854838709677 0
1679976036626 0.9616935483870968 0
1679976040840 0.9879032258064516 0
1679976045017 0.9984879032258065 0
1679976049123 1.0 0
1679976053224 1.0 0
1679976057288 1.0 0
1679976061447 1.0 0
1679976065599 1.0 0
1679976069642 1.0 0
1679976096720 0.6129032258064516 0
1679976101178 0.8971774193548387 0
1679976105754 0.9732862903225806 0
1679976110287 0.9959677419354839 0
1679976114865 0.9984879032258065 0
1679976119377 0.9994959677419355 0
1679976123982 1.0 0
1679976128481 1.0 0
1679976133068 1.0 0
1679976137713 0.9994959677419355 0
1679976164056 0.5015120967741935 0
1679976168793 0.8492943548387096 0
1679976173515 0.9632056451612904 0
1679976178119 0.9894153225806451 0
1679976182913 0.9979838709677419 0
1679976187598 0.9994959677419355 0
1679976192280 0.998991935483871 0
1679976196947 0.998991935483871 0
1679976201609 0.9984879032258065 0
1679976206316 1.0 0
1679976234417 0.4813508064516129 0
1679976239205 0.8402217741935484 0
1679976243989 0.9601814516129032 0
1679976248874 0.9924395161290323 0
1679976253645 0.9984879032258065 0
1679976258395 0.998991935483871 0
1679976263207 0.998991935483871 0
1679976268108 0.9994959677419355 0
1679976272897 1.0 0
1679976277725 0.9994959677419355 0
1679976307664 0.4128024193548387 0
1679976312686 0.8261088709677419 0
1679976317713 0.9556451612903226 0
1679976322755 0.9889112903225806 0
1679976327613 0.9969758064516129 0
1679976332706 1.0 0
1679976337688 0.9984879032258065 0
1679976342682 0.9984879032258065 0
1679976347632 1.0 0
1679976352558 0.9984879032258065 0
1679976383985 0.39768145161290325 0
1679976389000 0.8094758064516129 0
1679976394137 0.9601814516129032 0
1679976399315 0.9924395161290323 0
1679976404349 0.9984879032258065 0
1679976409331 0.9984879032258065 0
1679976414436 1.0 0
1679976419458 0.9994959677419355 0
1679976424545 1.0 0
1679976429489 0.9994959677419355 0
1679976462881 0.3704637096774194 0
1679976468039 0.7953629032258065 0
1679976473351 0.9586693548387096 0
1679976478533 0.9939516129032258 0
1679976483727 0.998991935483871 0
1679976488895 0.9994959677419355 0
1679976494129 1.0 0
1679976499579 1.0 0
1679976504787 1.0 0
1679976510024 1.0 0
1679976545549 0.3649193548387097 0
1679976550918 0.8150201612903226 0
1679976556423 0.9621975806451613 0
1679976561744 0.9949596774193549 0
1679976567226 1.0 0
1679976572595 0.9994959677419355 0
1679976578019 1.0 0
1679976583368 0.9994959677419355 0
1679976588727 1.0 0
1679976594066 1.0 0
1679976631250 0.34475806451612906 0
1679976636809 0.8104838709677419 0
1679976642420 0.9672379032258065 0
1679976648078 0.9924395161290323 0
1679976653543 0.9984879032258065 0
1679976658942 0.998991935483871 0
1679976664536 0.9994959677419355 0
1679976669961 1.0 0
1679976675446 1.0 0
1679976680912 1.0 0
1679976719737 0.3659274193548387 0
1679976725410 0.8245967741935484 0
1679976731065 0.9642137096774194 0
1679976736657 0.9934475806451613 0
1679976742202 0.9994959677419355 0
1679976747782 0.9994959677419355 0
1679976753542 1.0 0
1679976759046 1.0 0
1679976764567 1.0 0
1679976770190 0.9984879032258065 0
1679976811084 0.3543346774193548 0
1679976816709 0.8316532258064516 0
1679976822439 0.9692540322580645 0
1679976828333 0.9959677419354839 0
1679976834057 1.0 0
1679976839782 1.0 0
1679976845518 1.0 0
1679976851371 1.0 0
1679976857115 1.0 0
1679976862779 1.0 0
1679976906154 0.36088709677419356 0
1679976911893 0.8256048387096774 0
1679976917887 0.9667338709677419 0
1679976923742 0.9974798387096774 0
1679976929729 0.9994959677419355 0
1679976935587 1.0 0
1679976941674 0.9994959677419355 0
1679976947505 1.0 0
1679976953365 1.0 0
1679976959381 1.0 0
1679977004713 0.3538306451612903 0
1679977010778 0.8301411290322581 0
1679977016803 0.9672379032258065 0
1679977022772 0.9974798387096774 0
1679977028677 0.9984879032258065 0
1679977034813 0.998991935483871 0
1679977040714 0.9994959677419355 0
1679977046641 0.9994959677419355 0
1679977052647 1.0 0
1679977058554 1.0 0
1679977106026 0.3432459677419355 0
1679977112182 0.8301411290322581 0
1679977118158 0.9707661290322581 0
1679977124266 0.9979838709677419 0
1679977130495 0.9994959677419355 0
1679977136494 0.9979838709677419 0
1679977142590 0.9994959677419355 0
1679977148637 0.9994959677419355 0
1679977154619 1.0 0
1679977160804 1.0 0
1679977213279 0.3382056451612903 0
1679977219465 0.8346774193548387 0
1679977225562 0.9722782258064516 0
1679977231776 0.9959677419354839 0
1679977237828 0.998991935483871 0
1679977243947 1.0 0
1679977250363 1.0 0
1679977256604 1.0 0
1679977262788 1.0 0
1679977269009 1.0 0
1679977320703 0.34627016129032256 0
1679977326932 0.8301411290322581 0
1679977333196 0.9637096774193549 0
1679977339548 0.9964717741935484 0
1679977345983 0.9979838709677419 0
1679977352459 0.9994959677419355 0
1679977358876 1.0 0
1679977365328 0.9994959677419355 0
1679977371665 1.0 0
1679977377871 0.9994959677419355 0
