1679976032665 3.999832795932889 0
1679976036648 3.6992205341812223 0
1679976040869 3.9303196168038994 0
1679976045039 3.8831999781541526 0
1679976049145 3.814378611976281 0
1679976053256 3.826885568909347 0
1679976057319 3.766225405037403 0
1679976061467 3.85692649288103 0
1679976065617 3.8711091440636665 0
1679976069659 3.7537672738544643 0
1679976096742 4.260554993990809 0
1679976101207 4.1270054508931935 0
1679976105778 4.233839453896508 0
1679976110308 4.199378617107868 0
1679976114885 4.239894691156223 0
1679976119395 4.168471746146679 0
1679976124006 4.268241178011522 0
1679976128498 4.167124966857955 0
1679976133091 4.246051371097565 0
1679976137737 4.308035903144628 0
1679976164077 4.337110208114609 0
1679976168816 4.370987896109 0
1679976173535 4.344061256153509 0
1679976178154 4.22858893009834 0
1679976182945 4.405673595843837 0
1679976187622 4.314366143895313 0
1679976192302 4.31687167705968 0
1679976196976 4.302661544876173 0
1679976201639 4.293212166056037 0
1679976206349 4.333655636990443 0
1679976234437 4.349778715055436 0
1679976239234 4.4000251579564065 0
1679976244013 4.383143370039761 0
1679976248905 4.497178307035938 0
1679976253665 4.378317134920508 0
1679976258419 4.360866863979027 0
1679976263227 4.415727814193815 0
1679976268130 4.509224247187376 0
1679976272919 4.409328172216192 0
1679976277749 4.432361659128219 0
1679976307681 4.725167177151889 0
1679976312708 4.59663276001811 0
1679976317739 4.608374325092882 0
1679976322780 4.619094036985189 0
1679976327631 4.4519231570884585 0
1679976332731 4.673758724005893 0
1679976337705 4.564148789038882 0
1679976342711 4.581297715893015 0
1679976347662 4.518720278982073 0
1679976352583 4.4957556701265275 0
1679976384015 4.61298940400593 0
1679976389026 4.565563744166866 0
1679976394163 4.668854794930667 0
1679976399332 4.731598160928115 0
1679976404369 4.593012520810589 0
1679976409364 4.533199260942638 0
1679976414456 4.649142340989783 0
1679976419479 4.566695234039798 0
1679976424566 4.6315439669415355 0
1679976429507 4.492869274923578 0
1679976462910 4.749628507066518 0
1679976468075 4.6814156889449805 0
1679976473377 4.81907494016923 0
1679976478561 4.712963635101914 0
1679976483757 4.710069688037038 0
1679976488926 4.686645874986425 0
1679976494150 4.7392272090073675 0
1679976499596 4.985311576863751 0
1679976504814 4.732878379989415 0
1679976510053 4.775856629945338 0
1679976545570 5.06523844297044 0
1679976550942 4.868501659948379 0
1679976556449 5.003435791935772 0
1679976561763 4.815911893034354 0
1679976567246 4.988309486070648 0
1679976572619 4.880357089918107 0
1679976578056 4.9172242460772395 0
1679976583395 4.834640946937725 0
1679976588754 4.866606972180307 0
1679976594086 4.847013753838837 0
1679976631276 5.0341532449238 0
1679976636832 5.0210215309634805 0
1679976642458 5.094607280101627 0
1679976648106 5.110560595057905 0
1679976653563 4.931727447779849 0
1679976658961 4.872270501917228 0
1679976664565 5.059374054893851 0
1679976669992 4.88523035007529 0
1679976675465 4.944002508185804 0
1679976680943 4.9285984840244055 0
1679976719761 4.976132870884612 0
1679976725433 5.107216975884512 0
1679976731099 5.1087612779811025 0
1679976736677 5.016681564971805 0
1679976742218 4.995746751083061 0
1679976747816 5.030700532021001 0
1679976753562 5.19040120090358 0
1679976759077 4.950460244901478 0
1679976764591 4.966444568010047 0
1679976770217 5.059223613003269 0
1679976811111 5.110961955972016 0
1679976816733 5.050169524969533 0
1679976822481 5.1421678711194545 0
1679976828358 5.294052792014554 0
1679976834090 5.150484720012173 0
1679976839822 5.130951780127361 0
1679976845536 5.153969286009669 0
1679976851402 5.273332960903645 0
1679976857145 5.159112977096811 0
1679976862798 5.085924766026437 0
1679976906177 5.292919951025397 0
1679976911926 5.134954292094335 0
1679976917915 5.367378928000107 0
1679976923765 5.2462654581759125 0
1679976929754 5.389244046993554 0
1679976935626 5.243417900055647 0
1679976941706 5.446544747799635 0
1679976947538 5.230902845971286 0
1679976953386 5.251500410959125 0
1679976959418 5.413138569099829 0
1679977004759 5.362826030002907 0
1679977010801 5.402162562124431 0
1679977016826 5.408150813076645 0
1679977022799 5.324069306021556 0
1679977028698 5.259941373951733 0
1679977034845 5.522010441869497 0
1679977040750 5.264619525056332 0
1679977046660 5.285096478881314 0
1679977052684 5.387964783934876 0
1679977058578 5.275655045872554 0
1679977106066 5.506403394043446 0
1679977112209 5.476125915069133 0
1679977118180 5.310894458089024 0
1679977124301 5.435732963960618 0
1679977130515 5.557875371072441 0
1679977136515 5.358325032051653 0
1679977142625 5.446845021098852 0
1679977148657 5.41957092192024 0
1679977154635 5.338333769934252 0
1679977160837 5.531050457153469 0
1679977213308 5.4155016739387065 0
1679977219500 5.498387832893059 0
1679977225583 5.408720806939527 0
1679977231794 5.537617337889969 0
1679977237857 5.390322123887017 0
1679977243971 5.452178354142234 0
1679977250394 5.719526597997174 0
1679977256628 5.547285778913647 0
1679977262818 5.502635424956679 0
1679977269039 5.523787955986336 0
1679977320727 5.438833907013759 0
1679977326954 5.517076067859307 0
1679977333217 5.5566817570943385 0
1679977339588 5.633473383961245 0
1679977346009 5.701994297094643 0
1679977352485 5.754934265045449 0
1679977358911 5.703268632991239 0
1679977365353 5.725188066018745 0
1679977371687 5.614120965125039 0
1679977377918 5.488426954951137 0
