1680236760190 15.814927232997434 0
1680236774372 13.898952955001732 0
1680236788842 14.17997246500454 0
1680236803173 14.041157302999636 0
1680236817382 13.925445249995391 0
1680236831547 13.888311586000782 0
1680236845620 13.795773707999615 0
1680236859724 13.826698857999872 0
1680236874203 14.20818364200386 0
1680236888668 14.178457206005987 0
1680236905601 16.379205406003166 0
1680236922130 16.32266578900453 0
1680236938706 16.352093348999915 0
1680236954918 15.985391621004965 0
1680236971546 16.421708196998225 0
1680236988099 16.346082015996217 0
1680237004886 16.588215243995364 0
1680237021328 16.239820676004456 0
1680237037453 15.930266240000492 0
1680237053990 16.317632655001944 0
1680237070881 16.023915341997053 0
1680237087175 16.070909761998337 0
1680237103358 15.968871632001537 0
1680237119697 16.132126158001483 0
1680237135893 15.978130294999573 0
1680237152149 16.040515749002225 0
1680237168790 16.430257813000935 0
1680237185030 16.03528028299479 0
1680237201227 15.977461545000551 0
1680237217807 16.37362098000449 0
1680237234942 15.996801351000613 0
1680237248691 13.539979235996725 0
1680237264863 15.966605964997143 0
1680237280887 15.80508104999899 0
1680237296785 15.689464492003026 0
1680237313139 16.147709646000294 0
1680237329118 15.769488077996357 0
1680237345240 15.900281233996793 0
1680237361678 16.2104386179999 0
1680237378164 16.252938931000244 0
1680237393838 14.112709305001772 0
1680237408453 14.407830254000146 0
1680237422991 14.317920868001238 0
1680237437735 14.514963205998356 0
1680237452300 14.360798125999281 0
1680237466899 14.389254393994634 0
1680237480196 13.094006236002315 0
1680237494988 14.565520042000571 0
1680237509440 14.257781801999954 0
1680237524135 14.490388013000484 0
1680237545507 19.627388806002273 0
1680237565256 19.53991126600158 0
1680237584730 19.26974386099755 0
1680237604304 19.362990613000875 0
1680237623689 19.143998403000296 0
1680237643339 19.431174135999754 0
1680237663263 19.718235120999452 0
1680237682722 19.250198543995793 0
1680237698752 15.793710026999179 0
1680237711977 12.999189075999311 0
1680237723814 9.05490004499734 0
1680237733174 9.079541371000232 0
1680237742704 9.293671024002833 0
1680237751694 8.765899079997325 0
1680237761347 9.462613529001828 0
1680237770504 8.924467269003799 0
1680237780841 10.104815860002418 0
1680237789717 8.661313251002866 0
1680237799928 9.971436628002266 0
1680237809430 9.308118385997659 0
1680237817653 4.521136438001122 0
1680237822792 4.935438412998337 0
1680237827537 4.510197862000496 0
1680237833054 5.3339328590009245 0
1680237837663 4.396685756997613 0
1680237842263 4.355970661999891 0
1680237846815 4.338716819998808 0
1680237852487 5.410449385999527 0
1680237857435 4.713556350005092 0
1680237861986 4.355603900999995 0
1680237876859 11.05294190999848 0
1680237886960 9.890814938000403 0
1680237898214 11.021914495999226 0
1680237908786 10.333454813000571 0
1680237920691 11.664930003003974 0
1680237931595 10.663948337001784 0
1680237942954 11.156980259998818 0
1680237954444 11.254777756003023 0
1680237964659 9.977466994998395 0
1680237975665 10.768205521999334 0
1680237984885 4.581640221003909 0
1680237989541 4.392188032004924 0
1680237995003 5.227080491000379 0
1680237999574 4.338462086998334 0
1680238004052 4.281832859996939 0
1680238008547 4.254993900001864 0
1680238014449 5.670709340003668 0
1680238019051 4.408219229000679 0
1680238023840 4.5558304820006015 0
1680238028473 4.3977929879984 0
1680238037039 4.159890861999884 0
1680238041585 4.3117077729984885 0
1680238046137 4.311849243000324 0
1680238051022 4.66781407599774 0
1680238055817 4.564881946003879 0
1680238060221 4.196017717003997 0
1680238064676 4.21786889500072 0
1680238069393 4.485740602001897 0
1680238074987 5.3582369110008585 0
1680238079444 4.218518645997392 0
1680238088735 4.159747165002045 0
1680238093269 4.299778667002101 0
1680238099450 5.951367132998712 0
1680238106166 6.5136672430016915 0
1680238112468 6.067059918997984 0
1680238118770 6.0959234409965575 0
1680238125272 6.283388379997632 0
1680238131346 5.853701402003935 0
1680238137602 6.04677933199855 0
1680238143817 6.001155653000751 0
1680238154323 5.99385134899785 0
1680238160629 6.078580828005215 0
1680238167038 6.204243417996622 0
1680238173091 5.833147536999604 0
1680238179288 6.0002700189943425 0
1680238185677 6.152034302001994 0
1680238192077 6.166746347000299 0
1680238198503 6.2076015020065825 0
1680238204611 5.896167316001083 0
1680238210812 5.996412173000863 0
