1680236760184 0.015244503113809557 0
1680236774365 8.737929318983395e-05 0
1680236788832 2.238898707093459e-05 0
1680236803161 9.402350511635256e-06 0
1680236817374 5.238729664184999e-06 0
1680236831537 3.4491296485118672e-06 0
1680236845611 2.6602428345531008e-06 0
1680236859717 3.0044116825012303e-06 0
1680236874198 2.2631019578961903e-06 0
1680236888658 1.1747889915320315e-06 0
1680236905595 0.006838328542920206 0
1680236922124 0.003731081284432255 0
1680236938700 0.0014479114094694957 0
1680236954910 3.3085949464814766e-05 0
1680236971540 0.002871150784455885 0
1680236988093 0.0006321892426651725 0
1680237004880 0.0003888088821638324 0
1680237021320 2.0066315184979672e-05 0
1680237037446 6.499071183223205e-06 0
1680237053979 5.173922675105758e-06 0
1680237070873 0.0028077674221521154 0
1680237087169 3.932516582332958e-05 0
1680237103351 4.819501374148447e-06 0
1680237119691 8.38978520097006e-06 0
1680237135887 2.5577595536287204e-06 0
1680237152141 0.004590844210173068 0
1680237168783 0.0001220913812836474 0
1680237185021 2.227422185778498e-05 0
1680237201219 2.0082457835155007e-06 0
1680237217801 1.6491277790636743e-06 0
1680237234936 0.012236621694800871 0
1680237248684 8.491204287558334e-05 0
1680237264856 3.2364746677670435e-05 0
1680237280881 1.2370141161809963e-05 0
1680237296776 7.82387534371452e-06 0
1680237313132 4.119279438161554e-06 0
1680237329110 3.092516255279803e-06 0
1680237345233 2.2589136109690054e-06 0
1680237361664 3.0639970963219147e-06 0
1680237378149 1.741024620687729e-06 0
1680237393832 0.0015488301406147264 0
1680237408447 2.9766925836647367e-06 0
1680237422985 1.7423131905281105e-06 0
1680237437720 1.2442127212620485e-06 0
1680237452293 7.121312499113293e-07 0
1680237466890 5.593339925347405e-07 0
1680237480189 4.7007349795509726e-07 0
1680237494980 1.4771721004765785e-06 0
1680237509433 7.062393376329013e-07 0
1680237524128 3.5890889722364047e-07 0
1680237545496 0.041330517363572655 0
1680237565249 0.014078345609509664 0
1680237584723 0.010249182169831297 0
1680237604298 0.008221722568481391 0
1680237623678 0.007716215172140302 0
1680237643332 0.0060033656945167645 0
1680237663256 0.006021227737024561 0
1680237682711 0.0052673648285437085 0
1680237698742 0.0031603585889615916 0
1680237711968 0.007269942994648097 0
1680237723804 0.010157919410560505 0
1680237733163 0.0027853505756001706 0
1680237742694 0.005989026935090389 0
1680237751687 0.0011998586827505406 0
1680237761340 0.0025146220155629973 0
1680237770494 0.002192178854350553 0
1680237780831 5.908343458902738e-05 0
1680237789708 0.0033941993435887634 0
1680237799917 0.0026622926723191154 0
1680237809420 0.002251474470174202 0
1680237817642 0.035893877878920954 0
1680237822782 0.006761251704229249 0
1680237827527 0.004691761388032076 0
1680237833047 0.012773078411318257 0
1680237837653 0.011531030650498967 0
1680237842252 0.004931814403899221 0
1680237846806 0.0020085309008818714 0
1680237852477 0.004301562889270846 0
1680237857425 0.004665956806474262 0
1680237861975 0.002154125328418902 0
1680237876848 0.05649141960823918 0
1680237886950 0.0085344102966162 0
1680237898204 0.013037896237105136 0
1680237908775 0.003097815928286518 0
1680237920680 0.0029706997715069493 0
1680237931584 0.003480979153023221 0
1680237942944 0.0023464594527101766 0
1680237954433 0.0021212159472813754 0
1680237964648 0.0001230587205160666 0
1680237975654 0.0006846989596867375 0
1680237984874 0.05994433201478383 0
1680237989534 0.03977477540339611 0
1680237994992 0.0323125868006505 0
1680237999563 0.01051661306225088 0
1680238004037 0.010672967170527419 0
1680238008536 0.00714786379037412 0
1680238014438 0.0021297817439655605 0
1680238019040 0.0004953921116459609 0
1680238023829 0.00021433955111183287 0
1680238028462 0.0002463264130823785 0
1680238037027 0.02581223572910609 0
1680238041574 0.01569664256881006 0
1680238046125 0.005262054537287972 0
1680238051014 0.004236374582897207 0
1680238055806 0.0038769261954637066 0
1680238060209 0.0002969227926598822 0
1680238064664 0.0007151275532977797 0
1680238069382 0.031764383796680146 0
1680238074976 0.03150657086022297 0
1680238079432 0.004955146032534804 0
1680238088724 0.07846474703168017 0
1680238093258 0.020009343776788167 0
1680238099439 0.0068078932302764045 0
1680238106158 0.012148197994890572 0
1680238112451 0.0066270000855544724 0
1680238118763 0.0012003238199793204 0
1680238125263 0.0004630547839251743 0
1680238131337 0.0005986460700468043 0
1680238137594 0.0025602324302310044 0
1680238143809 0.0011648330680542954 0
1680238154315 0.022271738148694858 0
1680238160621 0.009967369305909001 0
1680238167030 0.004090121377018715 0
1680238173074 0.00957941628173491 0
1680238179280 0.0017219056651699219 0
1680238185663 0.005515044276613898 0
1680238192059 0.005821812429017072 0
1680238198495 0.0016761045489422327 0
1680238204603 0.002980838642402397 0
1680238210804 0.003624094003549784 0
