1679854496980 112.67461932287551 0
1679854611062 113.7973476559855 0
1679854723443 112.03536675916985 0
1679854836517 112.73001928301528 0
1679854949572 112.6513185261283 0
1679855062577 112.67757083196193 0
1679855175607 112.7060918379575 0
1679855287750 111.8014861708507 0
1679855396419 108.32388439006172 0
1679855508208 111.45767265208997 0
1679855637965 104.80529194301926 0
1679855741858 103.65758881904185 0
1679855846344 104.24481499008834 0
1679855951338 104.74555190699175 0
1679856055579 104.00308914016932 0
1679856160338 104.52149249613285 0
1679856263720 103.12687180610374 0
1679856368221 104.25206145690754 0
1679856471483 103.03080535004847 0
1679856574522 102.79911153391004 0
1679856703472 104.90704371593893 0
1679856809232 105.51716403011233 0
1679856914449 104.97456434601918 0
1679857019986 105.21400221600197 0
1679857127062 106.82556403102353 0
1679857234258 106.98153296695091 0
1679857341293 106.7846326159779 0
1679857449475 107.93203591788188 0
1679857556419 106.70154558401555 0
1679857662894 106.23808589205146 0
1679857797142 109.59697424899787 0
1679857905664 108.27945566503331 0
1679858014259 108.35331499692984 0
1679858123206 108.68635009392165 0
1679858231417 107.94136897381395 0
1679858340402 108.73021652502939 0
1679858449658 109.00750005990267 0
1679858558609 108.70922323106788 0
1679858667668 108.81860594497994 0
1679858776538 108.58886576700024 0
1679858913969 110.46748606301844 0
1679859024528 110.30316874408163 0
1679859133438 108.65050790901296 0
1679859242659 108.96884131710976 0
1679859351068 108.15770554798655 0
1679859459655 108.33601127401926 0
1679859570036 110.11507953004912 0
1679859681617 111.31973601598293 0
1679859792213 110.33623938402161 0
1679859903813 111.33058704785071 0
1679860044819 112.28968480695039 0
1679860157311 112.24393079290166 0
1679860269341 111.77604220621288 0
1679860382119 112.50513639301062 0
1679860494741 112.36014319001697 0
1679860606532 111.53125354810618 0
1679860719281 112.48467731615528 0
1679860830775 111.24525768612511 0
1679860942920 111.8750470681116 0
1679861054910 111.73703187098727 0
1679861197057 112.96361104096286 0
1679861310353 112.92425243393518 0
1679861423960 113.35882198810577 0
1679861535855 111.63395707705058 0
1679861648386 112.21728013292886 0
1679861760617 111.98634100798517 0
1679861871918 111.0364117489662 0
1679861983025 110.85156080801971 0
1679862095145 111.83248352701776 0
1679862208623 113.19480779999867 0
1679862354698 114.513683316065 0
1679862470784 115.80398247600533 0
1679862584875 113.81960404501297 0
1679862699446 114.3052657500375 0
1679862815106 115.3852263528388 0
1679862929485 114.10365088400431 0
1679863043022 113.28490994684398 0
1679863157174 113.88143173907883 0
1679863272993 115.54419895494357 0
1679863387237 113.94049513689242 0
1679863536345 115.896290426841 0
1679863652106 115.48576182499528 0
1679863767856 115.48225171491504 0
1679863884867 116.68818308296613 0
1679864000491 115.36028284113854 0
1679864115625 114.85195728484541 0
1679864230848 114.94350395700894 0
1679864346060 114.9424117221497 0
1679864460101 113.7796829501167 0
1679864576018 115.63690718496218 0
1679864730935 118.29713643714786 0
1679864848789 117.58072573086247 0
1679864966774 117.70897610718384 0
1679865085418 118.36190078500658 0
1679865203910 118.22139412490651 0
1679865321298 117.10133793391287 0
1679865438493 116.93366925511509 0
1679865555515 116.74296946404502 0
1679865673369 117.49935769988224 0
1679865791877 118.21555645903572 0
1679865945951 117.02585413889028 0
1679866064914 118.68525124085136 0
1679866182370 117.17498927912675 0
1679866299617 116.96872914186679 0
1679866417975 118.07402393594384 0
1679866535316 117.06301399716176 0
1679866653261 117.6675434790086 0
1679866772065 118.53180664894171 0
1679866892689 120.34135906514712 0
1679867012845 119.85101511981338 0
1679867172596 120.39208753593266 0
1679867294223 121.33820612099953 0
1679867415305 120.78222907707095 0
1679867536160 120.5685047940351 0
1679867656277 119.81546484492719 0
1679867777405 120.8351830940228 0
1679867897147 119.46577345090918 0
1679868017649 120.23772352188826 0
1679868137831 119.89708596095443 0
1679868258141 120.0282283059787 0
1679868420873 120.88443481503054 0
1679868541978 120.84517144807614 0
1679868663358 121.0925252570305 0
1679868784532 120.88507418707013 0
1679868907172 122.35070877010003 0
1679869029721 122.14392394805327 0
1679869152530 122.52824574802071 0
1679869274156 121.33171660709195 0
1679869397309 122.84255537693389 0
1679869519490 121.89202604885213 0
1679869686436 124.07644240604714 0
1679869810334 123.5988052750472 0
1679869932909 122.28636188316159 0
1679870057547 124.35301069915295 0
1679870179265 121.42407323303632 0
1679870302376 122.82245665392838 0
1679870424632 121.95807964494452 0
1679870547072 122.15176143404096 0
1679870669838 122.48671812796965 0
1679870791866 121.73480208590627 0
1679870961120 124.02550624194555 0
1679871085821 124.40107052004896 0
1679871211587 125.45057030697353 0
1679871336915 125.0463034119457 0
1679871460663 123.44165595597588 0
1679871585452 124.4904263340868 0
1679871710724 124.98208938608877 0
1679871835873 124.84615348419175 0
1679871959849 123.67855318705551 0
1679872084698 124.55324358609505 0
1679872256906 126.01081151887774 0
1679872384414 127.20717269810848 0
1679872509853 125.13688653102145 0
1679872635296 125.1585473518353 0
1679872761078 125.5006879249122 0
1679872886487 125.11950418306515 0
1679873012959 126.19704012107104 0
1679873139699 126.42362251901068 0
1679873266872 126.87091691000387 0
1679873393156 125.96668416704051 0
1679873570768 126.9998445729725 0
1679873698489 127.4088664718438 0
1679873826925 128.1256005698815 0
1679873955153 127.9369510691613 0
1679874083375 127.91851516906172 0
1679874211068 127.39916135603562 0
1679874338150 126.63511898485012 0
1679874466609 128.1611373189371 0
1679874591598 124.67351187509485 0
1679874717308 125.36002837889828 0
1679874892791 126.91925276000984 0
1679875020751 127.63296661712229 0
1679875148417 127.32186915096827 0
1679875275757 126.99511077790521 0
1679875402925 126.82506284490228 0
1679875529894 126.62818254600279 0
1679875657168 126.9315576851368 0
1679875784135 126.64196198689751 0
1679875911040 126.56062263716012 0
1679876037941 126.55279472889379 0
1679876216725 127.69890790083446 0
1679876344589 127.51809404999949 0
1679876472863 127.94428555900231 0
1679876600065 126.85344245587476 0
1679876727984 127.5766874330584 0
1679876855324 126.98724019294605 0
1679876983522 127.8568961780984 0
1679877110627 126.75510759907775 0
1679877238420 127.45361705194227 0
1679877365581 126.80489379400387 0
1679877547350 128.93747409479693 0
1679877676865 129.16425309400074 0
1679877806031 128.81574715906754 0
1679877935497 129.1095944950357 0
1679878064209 128.37094817589968 0
1679878193829 129.266159189865 0
1679878323150 128.98022529110312 0
1679878452529 129.0323466679547 0
1679878581850 128.9770903249737 0
1679878711618 129.42709428700618 0
