1679854496965 0.9792782375851996 0
1679854611047 0.998463364167478 0
1679854723422 0.9988893622200584 0
1679854836505 0.9995283592989289 0
1679854949556 0.9996652872444012 0
1679855062556 0.9998326436222006 0
1679855175587 0.9997261441090555 0
1679855287729 0.999817429406037 0
1679855396404 0.9998630720545277 0
1679855508190 0.9999543573515093 0
1679855637948 0.96645 0
1679855741840 0.99615 0
1679855846326 0.998225 0
1679855951315 0.999 0
1679856055554 0.999425 0
1679856160322 0.999825 0
1679856263699 0.99995 0
1679856368195 0.999875 0
1679856471466 0.9999 0
1679856574503 0.999925 0
1679856703451 0.9419 0
1679856809208 0.992225 0
1679856914432 0.996475 0
1679857019967 0.998075 0
1679857127042 0.99895 0
1679857234242 0.999275 0
1679857341267 0.9997 0
1679857449452 0.9995 0
1679857556397 0.999475 0
1679857662877 0.9999 0
1679857797121 0.928575 0
1679857905644 0.99295 0
1679858014242 0.997625 0
1679858123188 0.999275 0
1679858231397 0.999475 0
1679858340383 0.999625 0
1679858449637 0.9997 0
1679858558583 0.99985 0
1679858667650 0.9999 0
1679858776524 0.999925 0
1679858913946 0.927925 0
1679859024512 0.992025 0
1679859133420 0.9969 0
1679859242640 0.99875 0
1679859351051 0.99915 0
1679859459637 0.999325 0
1679859570010 0.999375 0
1679859681592 0.999725 0
1679859792187 0.999825 0
1679859903786 0.9997 0
1679860044791 0.91335 0
1679860157293 0.98895 0
1679860269322 0.99605 0
1679860382093 0.997875 0
1679860494723 0.9988 0
1679860606506 0.999325 0
1679860719259 0.999725 0
1679860830753 0.999675 0
1679860942899 0.99975 0
1679861054897 0.99995 0
1679861197039 0.912 0
1679861310326 0.987425 0
1679861423942 0.9944 0
1679861535837 0.99715 0
1679861648354 0.998925 0
1679861760602 0.999275 0
1679861871891 0.999425 0
1679861983007 0.9996 0
1679862095110 0.999825 0
1679862208598 0.999675 0
1679862354681 0.9007 0
1679862470759 0.98565 0
1679862584858 0.993975 0
1679862699424 0.9969 0
1679862815083 0.9983 0
1679862929467 0.999 0
1679863043007 0.998925 0
1679863157151 0.99955 0
1679863272972 0.99975 0
1679863387211 0.999775 0
1679863536327 0.8961 0
1679863652084 0.985525 0
1679863767839 0.993975 0
1679863884846 0.99595 0
1679864000473 0.9984 0
1679864115600 0.999 0
1679864230824 0.9991 0
1679864346035 0.9995 0
1679864460079 0.999625 0
1679864575992 0.999825 0
1679864730921 0.8877 0
1679864848770 0.98395 0
1679864966754 0.994525 0
1679865085391 0.996 0
1679865203882 0.99735 0
1679865321275 0.997975 0
1679865438474 0.99885 0
1679865555483 0.999225 0
1679865673348 0.999475 0
1679865791853 0.999025 0
1679865945928 0.89315 0
1679866064885 0.984975 0
1679866182343 0.994275 0
1679866299593 0.997225 0
1679866417949 0.998275 0
1679866535287 0.998575 0
1679866653239 0.9986 0
1679866772046 0.999325 0
1679866892667 0.99895 0
1679867012815 0.999075 0
1679867172563 0.8943 0
1679867294194 0.98295 0
1679867415287 0.9926 0
1679867536130 0.9972 0
1679867656258 0.998 0
1679867777385 0.998525 0
1679867897127 0.99885 0
1679868017635 0.999275 0
1679868137811 0.9995 0
1679868258122 0.999575 0
1679868420849 0.8757 0
1679868541958 0.97865 0
1679868663337 0.990725 0
1679868784512 0.9924 0
1679868907142 0.995075 0
1679869029697 0.996475 0
1679869152511 0.9966 0
1679869274120 0.997025 0
1679869397281 0.99835 0
1679869519463 0.9982 0
1679869686416 0.8834 0
1679869810309 0.9831 0
1679869932890 0.994625 0
1679870057516 0.997025 0
1679870179244 0.9983 0
1679870302349 0.998725 0
1679870424601 0.999175 0
1679870547043 0.999625 0
1679870669815 0.99975 0
1679870791842 0.99925 0
1679870961091 0.8714 0
1679871085793 0.97835 0
1679871211562 0.9912 0
1679871336889 0.9941 0
1679871460631 0.995875 0
1679871585431 0.996875 0
1679871710704 0.997675 0
1679871835854 0.997925 0
1679871959828 0.9981 0
1679872084678 0.99855 0
1679872256884 0.8658 0
1679872384391 0.97885 0
1679872509831 0.9908 0
1679872635276 0.9946 0
1679872761056 0.99665 0
1679872886465 0.997175 0
1679873012941 0.997 0
1679873139663 0.9984 0
1679873266849 0.99795 0
1679873393130 0.998775 0
1679873570746 0.866475 0
1679873698459 0.9776 0
1679873826900 0.990275 0
1679873955127 0.99525 0
1679874083353 0.997175 0
1679874211047 0.99785 0
1679874338118 0.99815 0
1679874466589 0.998575 0
1679874591572 0.998375 0
1679874717266 0.997325 0
1679874892759 0.8632 0
1679875020720 0.9773 0
1679875148383 0.991675 0
1679875275724 0.99635 0
1679875402889 0.9965 0
1679875529862 0.997 0
1679875657133 0.99785 0
1679875784114 0.998875 0
1679875911008 0.998175 0
1679876037918 0.99785 0
1679876216704 0.8412 0
1679876344559 0.9675 0
1679876472841 0.9886 0
1679876600031 0.99285 0
1679876727948 0.9951 0
1679876855288 0.995775 0
1679876983488 0.996 0
1679877110594 0.9973 0
1679877238383 0.997275 0
1679877365548 0.997125 0
1679877547328 0.85165 0
1679877676832 0.970425 0
1679877805990 0.989125 0
1679877935458 0.99375 0
1679878064186 0.99685 0
1679878193799 0.99735 0
1679878323130 0.9984 0
1679878452492 0.998225 0
1679878581811 0.9984 0
1679878711594 0.99795 0
