1679854496975 0.060689583263609265 0
1679854611057 0.005292072413590243 0
1679854723434 0.0036057771655109636 0
1679854836511 0.0016650418392379445 0
1679854949564 0.0014351871080966166 0
1679855062568 0.000658384804267278 0
1679855175598 0.0010449982548705152 0
1679855287741 0.0006992998014040204 0
1679855396414 0.000613485494178187 0
1679855508201 0.00024489637084173507 0
1679855637958 0.14795578786791302 0
1679855741851 0.01375005193297402 0
1679855846337 0.006178790166770341 0
1679855951325 0.0041763881145161575 0
1679856055567 0.002029930658842204 0
1679856160333 0.0011015605244145263 0
1679856263711 0.0006741354913603572 0
1679856368210 0.0006644925057567889 0
1679856471477 0.0006017329880451144 0
1679856574515 0.0005731097067884548 0
1679856703464 0.25506398610370234 0
1679856809222 0.026484258335898632 0
1679856914442 0.012824483068817063 0
1679857019978 0.007177269155124668 0
1679857127055 0.004653404657213832 0
1679857234252 0.0031532956045499305 0
1679857341281 0.0018579756098573853 0
1679857449464 0.0023276527022033405 0
1679857556410 0.001864664868939144 0
1679857662888 0.000895502931271767 0
1679857797132 0.34181867669727656 0
1679857905655 0.024545945108286105 0
1679858014253 0.009261296431545633 0
1679858123199 0.004108555647579487 0
1679858231409 0.00312877130418492 0
1679858340395 0.0020641071731981354 0
1679858449649 0.0018482548368090647 0
1679858558596 0.0012868074501428055 0
1679858667661 0.000772149964653363 0
1679858776532 0.0007275993373536039 0
1679858913958 0.34952373300269246 0
1679859024522 0.02759620681386441 0
1679859133431 0.010778618605912197 0
1679859242651 0.005587590225663735 0
1679859351062 0.0038659503605245845 0
1679859459649 0.003077130426641088 0
1679859570023 0.0026767322008105113 0
1679859681603 0.0017039583307254362 0
1679859792203 0.0012705915793281748 0
1679859903797 0.0013795855346412282 0
1679860044805 0.38850592414662244 0
1679860157304 0.03835993832815438 0
1679860269334 0.014766987085680012 0
1679860382107 0.008622153461934068 0
1679860494734 0.005355684759875294 0
1679860606518 0.0033015022029721877 0
1679860719272 0.0019300351841520752 0
1679860830766 0.0019669168901993543 0
1679860942909 0.0016405492925070575 0
1679861054903 0.000896339827128395 0
1679861197048 0.4121868492048234 0
1679861310339 0.0424638244391419 0
1679861423953 0.01885829367071856 0
1679861535847 0.01024496997295646 0
1679861648375 0.0048632716406718825 0
1679861760610 0.0034014544032805135 0
1679861871905 0.0033629537423898 0
1679861983018 0.001910386026269407 0
1679862095128 0.0012825568228989142 0
1679862208613 0.001714458970486885 0
1679862354692 0.46577538111954925 0
1679862470775 0.049669094140920786 0
1679862584869 0.021455167251918466 0
1679862699438 0.01149728097564075 0
1679862815096 0.007717161921982188 0
1679862929476 0.00439278175701038 0
1679863043015 0.004666370423149783 0
1679863157165 0.002320587423190591 0
1679863272984 0.001784485392642091 0
1679863387223 0.0017103134572447744 0
1679863536339 0.4715169431649148 0
1679863652094 0.04841546278069727 0
1679863767849 0.021082462708372624 0
1679863884856 0.01439538605120033 0
1679864000483 0.0069140955784241665 0
1679864115614 0.004871497253223788 0
1679864230836 0.003944675067308708 0
1679864346050 0.0029383121407794534 0
1679864460092 0.002198442780712503 0
1679864576005 0.001421649817483558 0
1679864730928 0.5071842348903418 0
1679864848782 0.05315978740919381 0
1679864966765 0.020856002810341306 0
1679865085403 0.013622525993047748 0
1679865203900 0.009959449594351463 0
1679865321289 0.007543030316068325 0
1679865438485 0.005133632415992907 0
1679865555500 0.0037370102934277385 0
1679865673358 0.00256164880329452 0
1679865791869 0.0036559228674770566 0
1679865945942 0.49675302032828333 0
1679866064906 0.048901378174312414 0
1679866182355 0.022283927441807464 0
1679866299609 0.011178939124732279 0
1679866417959 0.006776434043364134 0
1679866535304 0.005609596677828813 0
1679866653252 0.004882730921771145 0
1679866772058 0.003020698736104532 0
1679866892674 0.004165492748431279 0
1679867012832 0.0037357103274203835 0
1679867172579 0.5041914680220186 0
1679867294207 0.057391963256709276 0
1679867415298 0.025574767911899835 0
1679867536143 0.011461785776750185 0
1679867656269 0.008074053279054352 0
1679867777397 0.005908814754156629 0
1679867897139 0.004960566571430536 0
1679868017642 0.0033938194277143337 0
1679868137823 0.0028464016006939344 0
1679868258133 0.002154190584892058 0
1679868420863 0.553915106870234 0
1679868541970 0.07089988141283393 0
1679868663350 0.032369734665984286 0
1679868784524 0.02558811359431129 0
1679868907161 0.016964073849632406 0
1679869029709 0.012509304269985295 0
1679869152522 0.010791087877890095 0
1679869274136 0.009881511276745004 0
1679869397298 0.005970143780880607 0
1679869519475 0.006776555863730028 0
1679869686428 0.5538090837985277 0
1679869810323 0.05567409726185724 0
1679869932901 0.02083188060470857 0
1679870057531 0.011287568796495907 0
1679870179256 0.006660278225596995 0
1679870302365 0.005374697909853421 0
1679870424614 0.004167436108668335 0
1679870547057 0.002520989152009133 0
1679870669827 0.0019677167574496707 0
1679870791856 0.0026378926909703298 0
1679870961102 0.5683272677734494 0
1679871085803 0.0747076713862829 0
1679871211575 0.030298067105654625 0
1679871336905 0.019138158880430273 0
1679871460644 0.014328374268207699 0
1679871585443 0.011384200204629451 0
1679871710716 0.009134766944893636 0
1679871835865 0.0074555271290417295 0
1679871959839 0.0069119809718860776 0
1679872084690 0.006232013912955881 0
1679872256897 0.5974852854728698 0
1679872384403 0.07029456255789847 0
1679872509843 0.031391600014315915 0
1679872635288 0.019264244277984836 0
1679872761069 0.012308677097130566 0
1679872886477 0.010770991644368042 0
1679873012951 0.010397124976187479 0
1679873139677 0.006779273005953291 0
1679873266863 0.007289849144441541 0
1679873393145 0.004863369216831052 0
1679873570759 0.590091629128158 0
1679873698473 0.07329399199569597 0
1679873826915 0.031863857188634576 0
1679873955143 0.01676551774283871 0
1679874083366 0.011206810138444417 0
1679874211060 0.007949857357470318 0
1679874338138 0.006785088967258344 0
1679874466601 0.0054322699658048805 0
1679874591583 0.005477638677813229 0
1679874717282 0.009136813243239885 0
1679874892775 0.6077650282204151 0
1679875020733 0.07449204219635576 0
1679875148402 0.029714152232371272 0
1679875275738 0.01463770771631971 0
1679875402912 0.013000371779908891 0
1679875529875 0.010087437503912952 0
1679875657154 0.008143105691520032 0
1679875784126 0.005203817581530893 0
1679875911021 0.006635593730217079 0
1679876037932 0.007745051798259374 0
1679876216715 0.6852360361725092 0
1679876344578 0.10317981215752661 0
1679876472854 0.0388130609549582 0
1679876600050 0.024117995748855172 0
1679876727970 0.018715053011570126 0
1679876855308 0.015036496318655555 0
1679876983509 0.013273344296746654 0
1679877110606 0.009843755115009845 0
1679877238399 0.00918774888413609 0
1679877365564 0.010029113905050326 0
1679877547341 0.6606399934567511 0
1679877676845 0.09398006613589824 0
1679877806017 0.03721358733810484 0
1679877935483 0.020972018012707122 0
1679878064200 0.012694699568033685 0
1679878193817 0.010305393327446654 0
1679878323140 0.007061533319798764 0
1679878452514 0.006342053799048881 0
1679878581830 0.006171964433864923 0
1679878711608 0.00740869171966915 0
