1679410643931 3.9392934649949893 0
1679410647838 3.767882280983031 0
1679410651813 3.831674305954948 0
1679410655795 3.841893912991509 0
1679410659897 3.9529512439621612 0
1679410663941 3.9003082079580054 0
1679410667889 3.8052217109361663 0
1679410671874 3.8346073830034584 0
1679410676015 3.985162002965808 0
1679410679999 3.8455349849537015 0
1679410697777 6.371776796062477 0
1679410704268 6.34026281000115 0
1679410710973 6.558158420026302 0
1679410717603 6.475162746035494 0
1679410724465 6.712620154954493 0
1679410730925 6.297816826030612 0
1679410737898 6.758088515023701 0
1679410744337 6.29400660097599 0
1679410750976 6.475023170001805 0
1679410757756 6.6357403449947014 0
1679410778338 9.273879374028184 0
1679410787743 9.263480936991982 0
1679410797156 9.254995933966711 0
1679410806511 9.200877029099502 0
1679410816048 9.386057478026487 0
1679410825384 9.194700147025287 0
1679410835015 9.471327036968432 0
1679410844811 9.641560393036343 0
1679410854218 9.25422978703864 0
1679410863793 9.422726574004628 0
1679410887717 12.17981449200306 0
1679410899575 11.731432848027907 0
1679410911928 12.202256220043637 0
1679410923960 11.847850244957954 0
1679410936605 12.450181119027548 0
1679410949035 12.270600554998964 0
1679410961344 12.149719379027374 0
1679410973637 12.138764316914603 0
1679410985786 11.992072628927417 0
1679410998122 12.174162504961714 0
1679411025275 15.019505877047777 0
1679411040807 15.386272712959908 0
1679411055698 14.73463039204944 0
1679411070653 14.799023362924345 0
1679411085413 14.601918714004569 0
1679411100792 15.229267184971832 0
1679411115716 14.762073943042196 0
1679411130650 14.751339962007478 0
1679411145331 14.537382235983387 0
1679411160581 15.079644522978924 0
1679411190648 18.14107882999815 0
1679411208525 17.717400449095294 0
1679411226113 17.42507396696601 0
1679411244388 18.116483037010767 0
1679411262357 17.808424856048077 0
1679411280275 17.76733765110839 0
1679411298103 17.669816865003668 0
1679411315842 17.58748868701514 0
1679411333093 17.074154361966066 0
1679411350882 17.64053850597702 0
1679411383796 20.378054676926695 0
1679411404868 20.919644822948612 0
1679411425262 20.234509701956995 0
1679411445926 20.505263093975373 0
1679411466476 20.394589743111283 0
1679411486993 20.34900073101744 0
1679411507396 20.223497855942696 0
1679411528014 20.46698678098619 0
1679411547075 18.84978071297519 0
1679411561179 13.94565937295556 0
1679411587398 16.468248179997317 0
1679411603320 15.709214953938499 0
1679411619280 15.7722738890443 0
1679411635328 15.836963241919875 0
1679411651201 15.65928110992536 0
1679411667163 15.759411460952833 0
1679411682593 15.280532867996953 0
1679411697817 15.07852164504584 0
1679411713320 15.272087242105044 0
1679411734467 20.94700698996894 0
1679411761668 17.265099324984476 0
1679411780189 18.312355716945603 0
1679411797852 17.446176061988808 0
1679411815588 17.511754591949284 0
1679411833465 17.672485479037277 0
1679411850718 17.021655311109498 0
1679411868501 17.5502423690632 0
1679411885915 17.243732161005028 0
1679411903022 16.875259516993538 0
1679411925608 22.38802094908897 0
1679411955860 20.275600211927667 0
1679411975643 19.57878445996903 0
1679411996386 20.51560867507942 0
1679412015489 18.864624022040516 0
1679412035002 19.2905888260575 0
1679412054544 19.301714287954383 0
1679412073854 19.10744379996322 0
1679412093084 19.035222145961598 0
1679412117423 24.10646367899608 0
1679412136920 19.287952034035698 0
1679412169163 20.864193962072022 0
1679412191213 21.803963985992596 0
1679412212852 21.4267806019634 0
1679412234792 21.721784626017325 0
1679412255830 20.834859989001416 0
1679412277412 21.375819673063233 0
1679412303741 26.119445567950606 0
1679412325803 21.85314120107796 0
1679412346686 20.66144646902103 0
1679412367993 21.08656231907662 0
1679412402444 22.470291760982946 0
1679412425592 22.916530944989063 0
1679412449779 23.92992172006052 0
1679412472641 22.66560046200175 0
1679412500458 27.649204905028455 0
1679412523579 22.876383684924804 0
1679412547185 23.370415413053706 0
1679412570193 22.77355469192844 0
1679412594848 24.422249912982807 0
1679412618052 22.97344454494305 0
1679412653774 24.299918011995032 0
1679412678271 24.286555831087753 0
1679412708360 29.858109371038154 0
1679412732770 24.186967183020897 0
1679412757327 24.391106453957036 0
1679412782083 24.532138371956535 0
1679412807439 25.133866329910234 0
1679412834262 26.64164352498483 0
1679412859062 24.580892132013105 0
1679412883347 24.046734860050492 0
1679412925091 30.321015393012203 0
1679412951913 26.59314427000936 0
1679412978798 26.632278970093466 0
1679413006138 27.084143388085067 0
1679413032561 26.163251427933574 0
1679413060322 27.54637197300326 0
1679413087095 26.560649547958747 0
1679413118563 31.239901118911803 0
1679413145705 26.91235942696221 0
1679413173189 27.253645869903266 0
1679413214011 28.793835213058628 0
1679413241809 27.56720850302372 0
1679413270913 28.87594951002393 0
1679413298873 27.71301584993489 0
1679413336107 37.0134477840038 0
1679413379370 43.07604854099918 0
1679413421694 42.14983114111237 0
1679413464337 42.45614602800924 0
1679413506360 41.84572895709425 0
1679413548418 41.87718028703239 0
1679413608809 45.40439459402114 0
1679413653838 44.8414231389761 0
1679413699514 45.49369879695587 0
1679413745322 45.61582437297329 0
1679413790926 45.43480494199321 0
1679413836138 45.02551508997567 0
1679413881940 45.61203725496307 0
1679413927433 45.32023960608058 0
1679413972830 45.215507589047775 0
1679414017894 44.88146171299741 0
1679414080942 47.91179879009724 0
1679414128737 47.61891880002804 0
1679414175714 46.78619020001497 0
1679414223020 47.122569567058235 0
1679414270855 47.659361678990535 0
1679414319259 48.21074660704471 0
1679414367425 47.97908209194429 0
1679414415577 47.95738483406603 0
1679414463757 48.009273902047426 0
1679414511161 47.22539736202452 0
1679414579392 50.39786013599951 0
1679414630404 50.82927235204261 0
1679414680926 50.33996986504644 0
1679414730964 49.83179956697859 0
1679414782482 51.32043558801524 0
1679414833280 50.608548721065745 0
1679414883375 49.909531448967755 0
1679414933692 50.11092784802895 0
1679414984504 50.626145795104094 0
1679415035665 50.985298260929994 0
1679415105160 53.414995881030336 0
1679415158427 53.06670049496461 0
1679415212028 53.39543597504962 0
1679415265316 53.0917496799957 0
1679415319300 53.77582916803658 0
1679415355778 36.22331700799987 0
1679415392643 36.60226296307519 0
1679415429026 36.14021221897565 0
1679415465001 35.72159377997741 0
1679415505697 40.44761275406927 0
1679415557262 37.90186827396974 0
1679415596147 38.63783195510041 0
1679415633959 37.57861721992958 0
1679415671170 36.95813937508501 0
1679415712945 41.57558283896651 0
1679415751130 37.93377282808069 0
1679415789214 37.85281402699184 0
1679415827042 37.57790872710757 0
1679415865071 37.75478670501616 0
1679415908091 42.783012651023455 0
