1679903346985 0.9774981742940604 0
1679903480220 0.9980830087633885 0
1679903613680 0.9991023612463485 0
1679903746521 0.9994218597857838 0
1679903879764 0.9996044303797469 0
1679904012900 0.9997870009737099 0
1679904145098 0.9998478578383642 0
1679904277916 0.9999087147030185 0
1679904410037 0.9998630720545277 0
1679904543762 0.9999847857838364 0
1679904670673 0.972075 0
1679904776161 0.997325 0
1679904881216 0.998525 0
1679904986773 0.999025 0
1679905091283 0.999325 0
1679905195599 0.9999 0
1679905300887 0.999775 0
1679905406011 0.99985 0
1679905511114 0.99995 0
1679905616884 0.99985 0
1679905745611 0.9408 0
1679905852694 0.9929 0
1679905959830 0.9982 0
1679906066531 0.99825 0
1679906174286 0.99905 0
1679906280566 0.99925 0
1679906387770 0.99985 0
1679906494574 0.9998 0
1679906601997 0.999775 0
1679906709610 0.9998 0
1679906843258 0.923375 0
1679906953176 0.99105 0
1679907061754 0.997525 0
1679907171089 0.999075 0
1679907280115 0.99855 0
1679907388356 0.999575 0
1679907496922 0.99955 0
1679907606236 0.99975 0
1679907715919 0.99985 0
1679907825453 0.99985 0
1679907961027 0.9119 0
1679908073127 0.986675 0
1679908183424 0.99455 0
1679908292945 0.997725 0
1679908403105 0.998925 0
1679908512113 0.99905 0
1679908621491 0.999275 0
1679908731813 0.999625 0
1679908841781 0.99985 0
1679908952280 0.999825 0
1679909091244 0.90195 0
1679909203213 0.987625 0
1679909315942 0.994825 0
1679909426596 0.997825 0
1679909537979 0.998275 0
1679909650848 0.999275 0
1679909763183 0.9993 0
1679909875363 0.999325 0
1679909987029 0.9997 0
1679910098467 0.999875 0
1679910240596 0.9157 0
1679910353265 0.990225 0
1679910464859 0.99455 0
1679910578715 0.9966 0
1679910692525 0.998175 0
1679910805586 0.9992 0
1679910918392 0.999275 0
1679911030990 0.9991 0
1679911144367 0.9995 0
1679911257471 0.999625 0
1679911401259 0.89935 0
1679911515316 0.987075 0
1679911628873 0.9944 0
1679911743065 0.99815 0
1679911855540 0.99875 0
1679911970361 0.999325 0
1679912084360 0.9993 0
1679912199265 0.999525 0
1679912314691 0.99925 0
1679912428964 0.999775 0
1679912575008 0.8972 0
1679912689878 0.9849 0
1679912804697 0.994725 0
1679912919958 0.997425 0
1679913035004 0.9984 0
1679913149964 0.998675 0
1679913264241 0.999075 0
1679913378597 0.999425 0
1679913493068 0.9997 0
1679913608346 0.999675 0
1679913757445 0.90295 0
1679913873847 0.98435 0
1679913990242 0.99505 0
1679914106099 0.99815 0
1679914222295 0.9977 0
1679914338266 0.9989 0
1679914454065 0.9988 0
1679914569209 0.9992 0
1679914684928 0.9992 0
1679914801174 0.999475 0
1679914953223 0.8925 0
1679915070500 0.98615 0
1679915187823 0.99545 0
1679915304681 0.99735 0
1679915422156 0.9987 0
1679915539123 0.99895 0
1679915656775 0.9994 0
1679915773642 0.99935 0
1679915890099 0.9996 0
1679916006798 0.9997 0
1679916161139 0.8821 0
1679916279644 0.98175 0
1679916397064 0.992 0
1679916515506 0.9952 0
1679916634238 0.996 0
1679916752453 0.996125 0
1679916870284 0.997 0
1679916988775 0.9981 0
1679917108016 0.99815 0
1679917227068 0.99755 0
1679917386263 0.856325 0
1679917506227 0.97415 0
1679917625920 0.990225 0
1679917745808 0.993475 0
1679917864824 0.99575 0
1679917984379 0.99605 0
1679918104648 0.99765 0
1679918223699 0.998025 0
1679918342652 0.9985 0
1679918462664 0.99855 0
1679918623147 0.870425 0
1679918744408 0.976275 0
1679918864596 0.990275 0
1679918986847 0.994075 0
1679919107218 0.996375 0
1679919227534 0.996325 0
1679919348230 0.99705 0
1679919470250 0.99805 0
1679919591298 0.997675 0
1679919712490 0.997675 0
1679919877024 0.832325 0
1679919998898 0.9622 0
1679920120830 0.98195 0
1679920242796 0.98775 0
1679920365514 0.99155 0
1679920487269 0.9913 0
1679920608129 0.9922 0
1679920729490 0.9929 0
1679920851822 0.9936 0
1679920973690 0.995 0
1679921142625 0.850575 0
1679921268204 0.9735 0
1679921392739 0.9868 0
1679921517827 0.99245 0
1679921643499 0.9956 0
1679921767913 0.9971 0
1679921892226 0.996975 0
1679922016982 0.99815 0
1679922140508 0.998125 0
1679922265651 0.998325 0
1679922438548 0.854425 0
1679922563225 0.973775 0
1679922689585 0.990175 0
1679922815281 0.99485 0
1679922940553 0.99645 0
1679923065890 0.9977 0
1679923191396 0.99785 0
1679923317476 0.998075 0
1679923443291 0.9991 0
1679923568622 0.999075 0
1679923744334 0.8452 0
1679923871040 0.96945 0
1679923997912 0.98635 0
1679924125010 0.9926 0
1679924252150 0.994025 0
1679924379376 0.99475 0
1679924507133 0.994575 0
1679924634714 0.995975 0
1679924762021 0.996025 0
1679924889161 0.996575 0
1679925067589 0.834775 0
1679925195042 0.9705 0
1679925323164 0.990375 0
1679925451427 0.993725 0
1679925578942 0.997025 0
1679925705680 0.9979 0
1679925832998 0.997825 0
1679925960417 0.9983 0
1679926088891 0.998625 0
1679926217259 0.9988 0
1679926399447 0.83305 0
1679926529095 0.964 0
1679926658404 0.98395 0
1679926788518 0.990525 0
1679926917839 0.9938 0
1679927047418 0.994825 0
1679927177051 0.994 0
1679927306160 0.9948 0
1679927435217 0.994525 0
1679927564041 0.996275 0
