1679903347014 133.48655597609468 0
1679903480233 132.85603243787773 0
1679903613697 133.10516774305142 0
1679903746541 132.5014969811309 0
1679903879787 132.88931715791114 0
1679904012919 132.77076747408137 0
1679904145115 131.8463252701331 0
1679904277936 132.4591726739891 0
1679904410064 131.76022846996784 0
1679904543783 133.36203938908875 0
1679904670705 104.19477351009846 0
1679904776183 105.21760895405896 0
1679904881241 104.79916677903384 0
1679904986799 105.29084753710777 0
1679905091300 104.26443465193734 0
1679905195629 104.0628707560245 0
1679905300904 105.01376134599559 0
1679905406037 104.86716394894756 0
1679905511147 104.84428790700622 0
1679905616906 105.49954413296655 0
1679905745631 106.99436309398152 0
1679905852724 106.82532243803144 0
1679905959848 106.86877805297263 0
1679906066556 106.43910196819343 0
1679906174306 107.48714848607779 0
1679906280586 106.01602726592682 0
1679906387807 106.94680804689415 0
1679906494608 106.51676807599142 0
1679906602027 107.15202868706547 0
1679906709632 107.34848096594214 0
1679906843278 110.26857130299322 0
1679906953199 109.64358907891437 0
1679907061779 108.31234340695664 0
1679907171108 109.06761439004913 0
1679907280133 108.74856050196104 0
1679907388377 108.00151041802019 0
1679907496941 108.30507138208486 0
1679907606257 109.04170113010332 0
1679907715941 109.41942042903975 0
1679907825471 109.2694167480804 0
1679907961062 110.60710950987414 0
1679908073148 111.81666670786217 0
1679908183455 110.02614723006263 0
1679908292958 109.26394581911154 0
1679908403128 109.89588477695361 0
1679908512133 108.7377722680103 0
1679908621521 109.11070974799804 0
1679908731847 110.02852608007379 0
1679908841799 109.68315421184525 0
1679908952307 110.22164115216583 0
1679909091273 112.58349657710642 0
1679909203235 111.68132131383754 0
1679909315981 112.44509323593229 0
1679909426633 110.38610884407535 0
1679909537998 111.0891491600778 0
1679909650869 112.58781698090024 0
1679909763205 112.04915559990332 0
1679909875375 111.9084827399347 0
1679909987046 111.40526108583435 0
1679910098488 111.17318041413091 0
1679910240622 114.02643560385332 0
1679910353288 112.38830387708731 0
1679910464877 111.32776313414797 0
1679910578735 113.58974874997512 0
1679910692546 113.51728608692065 0
1679910805607 112.79767214506865 0
1679910918428 112.53937349608168 0
1679911031010 112.30779303284362 0
1679911144386 113.1062871220056 0
1679911257500 112.82899859198369 0
1679911401287 114.03483695187606 0
1679911515336 113.77035913802683 0
1679911628904 113.28965552593581 0
1679911743095 113.89072726806626 0
1679911855569 112.20131663884968 0
1679911970397 114.51965494616888 0
1679912084381 113.67913861898705 0
1679912199285 114.62456895993091 0
1679912314728 115.16220189887099 0
1679912428985 113.96838917094283 0
1679912575022 114.5659112399444 0
1679912689897 114.58687883196399 0
1679912804727 114.551093069138 0
1679912919988 114.98645332199521 0
1679913035026 114.74749609199353 0
1679913149997 114.68507704185322 0
1679913264260 113.9869534431491 0
1679913378618 114.07844449300319 0
1679913493098 114.19228643504903 0
1679913608370 114.98312830203213 0
1679913757483 116.16714953398332 0
1679913873889 116.09739355999045 0
1679913990271 116.07919448497705 0
1679914106120 115.55095748580061 0
1679914222316 115.90971393603832 0
1679914338285 115.69262657011859 0
1679914454096 115.52228458598256 0
1679914569244 114.84078088006936 0
1679914684950 115.41729759494774 0
1679914801209 115.94560480699874 0
1679914953251 116.86169715994038 0
1679915070517 116.98137935507111 0
1679915187838 117.03788074920885 0
1679915304718 116.57322488399222 0
1679915422173 117.1942779449746 0
1679915539156 116.6834045748692 0
1679915656791 117.35067398496903 0
1679915773671 116.5840865529608 0
1679915890125 116.16458203503862 0
1679916006831 116.39968246896751 0
1679916161168 117.25309960194863 0
1679916279673 118.20303131220862 0
1679916397094 117.12810948607512 0
1679916515538 118.13275681110099 0
1679916634259 118.42371297697537 0
1679916752486 117.92157352296636 0
1679916870309 117.52540263393894 0
1679916988813 118.1984283910133 0
1679917108045 118.91216024011374 0
1679917227111 118.7521751220338 0
1679917386289 120.38675443502143 0
1679917506244 119.64913244708441 0
1679917625941 119.3977485159412 0
1679917745835 119.57774105318822 0
1679917864846 118.72259137686342 0
1679917984413 119.26002132403664 0
1679918104669 119.95148924994282 0
1679918223726 118.75356372911483 0
1679918342672 118.64117011707276 0
1679918462684 119.71664483612403 0
1679918623177 119.8099225750193 0
1679918744428 120.96190211409703 0
1679918864630 119.88551573106088 0
1679918986871 121.938582733972 0
1679919107238 120.07835859805346 0
1679919227569 120.01433938997798 0
1679919348253 120.39902885607444 0
1679919470288 121.71939801005647 0
1679919591319 120.72693578503095 0
1679919712519 120.89582953392528 0
1679919877050 122.05628606211394 0
1679919998917 121.56112582306378 0
1679920120865 121.62107475008816 0
1679920242830 121.64057747204788 0
1679920365544 122.39427951909602 0
1679920487290 121.45006070099771 0
1679920608150 120.56423960695975 0
1679920729522 121.0592473030556 0
1679920851842 122.02142368908972 0
1679920973721 121.55852019111626 0
1679921142644 124.45173818594776 0
1679921268229 125.27644451404922 0
1679921392768 124.23210697621107 0
1679921517847 124.77189510501921 0
1679921643529 125.36749805393629 0
1679921767946 124.08568030991592 0
1679921892261 124.00224835402332 0
1679922017009 124.41995703987777 0
1679922140529 123.20926911919378 0
1679922265672 124.83555603702553 0
1679922438577 126.23060963489115 0
1679922563247 124.3676151172258 0
1679922689606 126.04572931700386 0
1679922815306 125.37650310597382 0
1679922940584 124.9385235151276 0
1679923065914 125.02376222284511 0
1679923191428 125.18092083907686 0
1679923317509 125.75388930994086 0
1679923443328 125.4936467721127 0
1679923568643 125.00215331814252 0
1679923744364 126.85065909312107 0
1679923871061 126.38167055998929 0
1679923997934 126.55899751698598 0
1679924125032 126.77521984488703 0
1679924252183 126.82896823412739 0
1679924379407 126.89317575702444 0
1679924507161 127.42515166499652 0
1679924634736 127.25570546393283 0
1679924762043 126.99490261403844 0
1679924889185 126.82469870196655 0
1679925067622 127.52664384897798 0
1679925195076 127.12875526305288 0
1679925323185 127.79112063487992 0
1679925451457 127.92965342407115 0
1679925578973 127.1812836250756 0
1679925705712 126.42928559309803 0
1679925833020 126.996777147986 0
1679925960439 127.09181864699349 0
1679926088929 128.14689887710847 0
1679926217289 128.03354966407642 0
1679926399469 129.2812572689727 0
1679926529118 129.31365992408246 0
1679926658426 129.00755306705832 0
1679926788539 129.78647409006953 0
1679926917873 128.995055278996 0
1679927047451 129.23384881112725 0
1679927177073 129.29528681421652 0
1679927306190 128.79413121193647 0
1679927435241 128.72391440393403 0
1679927564062 128.49775701691397 0
