1679432345041 0.42195328937636484 0
1679432349628 0.194616575870249 0
1679432354218 0.16019845315151746 0
1679432358878 0.13667104898227586 0
1679432363464 0.12024883114629321 0
1679432368146 0.108521299643649 0
1679432372878 0.09725650706224971 0
1679432377570 0.09048898638122611 0
1679432382347 0.0838230386376381 0
1679432386930 0.07649933873779244 0
1679432427917 0.08922853015570177 0
1679432435921 0.08489067503251135 0
1679432443831 0.0832783796876255 0
1679432451861 0.08390199982871611 0
1679432459777 0.08344497645480765 0
1679432467665 0.08363159952892198 0
1679432476004 0.08361936596015261 0
1679432484076 0.08353373118572766 0
1679432491982 0.08267065693831278 0
1679432500037 0.08296995860938397 0
1679432533336 0.06304941606898624 0
1679432542497 0.060752793854798176 0
1679432551555 0.059983532000557484 0
1679432560616 0.06025239235037062 0
1679432569815 0.060731547267501615 0
1679432578849 0.06015173300921199 0
1679432588104 0.05925692281270602 0
1679432597200 0.05954816183411932 0
1679432605406 0.058784550123185994 0
1679432614751 0.059295631496303056 0
1679432644349 0.05248902847661691 0
1679432653760 0.05145684235236224 0
1679432663372 0.05050099549048087 0
1679432672848 0.05238912045298254 0
1679432682143 0.05095964409410954 0
1679432691326 0.05076435351853861 0
1679432700496 0.05155331019093009 0
1679432710115 0.05078333172508899 0
1679432719555 0.05115702254149844 0
1679432728788 0.05048611698781743 0
1679432760956 0.04669415759127264 0
1679432770134 0.047115260390618634 0
1679432779589 0.046205123391196215 0
1679432789317 0.04705967198562071 0
1679432798525 0.04648291666297554 0
1679432807763 0.04646183293032853 0
1679432817431 0.04672160978305202 0
1679432826941 0.04667262373373687 0
1679432836118 0.04657940201547449 0
1679432845454 0.04651342599378156 0
1679432876729 0.04403566455436965 0
1679432886815 0.04407246757067193 0
1679432896421 0.044453257168669484 0
1679432905927 0.0444742350465497 0
1679432915461 0.04428483364777376 0
1679432924913 0.04451128384782433 0
1679432934598 0.044540255767224875 0
1679432944196 0.04375117745692447 0
1679432953945 0.0438938871299648 0
1679432963594 0.04354050917561445 0
1679432995549 0.042774159585436185 0
1679433005516 0.042464986515955795 0
1679433015479 0.04223129807247056 0
1679433025316 0.04226134910972582 0
1679433035342 0.042571848972390094 0
1679433044766 0.04256907298953997 0
1679433054622 0.042243649820900626 0
1679433064553 0.042267544774545564 0
1679433074229 0.042487172016667 0
1679433083721 0.0418527150216202 0
1679433116563 0.03899042535308606 0
1679433126698 0.03842478315727633 0
1679433136121 0.03825463528638003 0
1679433146183 0.038631833814939516 0
1679433156046 0.038104837689080524 0
1679433165876 0.03832835289827787 0
1679433175752 0.03833463477591673 0
1679433185485 0.03817609262963136 0
1679433195605 0.038529950809853324 0
1679433205546 0.03822090267076518 0
1679433239213 0.03737930652690444 0
1679433249464 0.037366258847044115 0
1679433259618 0.03718120844805623 0
1679433269820 0.03742901598387224 0
1679433279769 0.03736396385904621 0
1679433290268 0.037466119915087595 0
1679433300627 0.037330550196416235 0
1679433310765 0.036944779701889516 0
1679433320831 0.03692248005439891 0
1679433330860 0.037299307909878815 0
1679433364447 0.03396833334118128 0
1679433374654 0.03377149466817316 0
1679433384840 0.03362908282954442 0
1679433395083 0.03393688024462838 0
1679433405519 0.03378782456642703 0
1679433415782 0.03395883040992837 0
1679433426190 0.03388634341719903 0
1679433436313 0.03375314130496822 0
1679433446568 0.03375693676307013 0
1679433456844 0.033772976784721805 0
1679433492248 0.03266720992025625 0
1679433502733 0.032664190080267774 0
1679433512822 0.032622489325431964 0
1679433523341 0.03244179295173272 0
1679433533662 0.032669165340575526 0
1679433544120 0.03270411441208785 0
1679433554362 0.03250589717777899 0
1679433564914 0.03256520867309113 0
1679433575270 0.03264196463160873 0
1679433585689 0.03264903921846281 0
1679433621277 0.03043762438453091 0
1679433631994 0.03050739539380606 0
1679433642611 0.030528430557493026 0
1679433653110 0.03057189171349034 0
1679433663581 0.030364755966563517 0
1679433673787 0.03033491231614563 0
1679433685069 0.03032889077203528 0
1679433695817 0.03046425795986265 0
1679433706471 0.030281228821743562 0
1679433717098 0.030397059443184566 0
1679433753502 0.02861050576902926 0
1679433764278 0.028782311538234354 0
1679433775215 0.0288041908480227 0
1679433785960 0.028731596171855927 0
1679433796708 0.02852200980298221 0
1679433807876 0.028812578981742262 0
1679433818759 0.02868346754461527 0
1679433829727 0.02844539515208453 0
1679433840773 0.02867250901646912 0
1679433851220 0.02845677322242409 0
1679433888855 0.027614871342781143 0
1679433899965 0.027350783274678762 0
1679433910725 0.02765843281843539 0
1679433921825 0.02751308359811312 0
1679433932136 0.02763945713015319 0
1679433943251 0.02772214065026033 0
1679433954332 0.02756634810159506 0
1679433965370 0.027755448796552392 0
1679433976351 0.027513202261454952 0
1679433987377 0.027674791288419896 0
1679434024832 0.02622248479662445 0
1679434036120 0.026072545221202004 0
1679434047156 0.02620463466579185 0
1679434058008 0.02601363156804616 0
1679434068656 0.02614870027286335 0
1679434079783 0.026175855726763172 0
1679434091066 0.026124671345703232 0
1679434102300 0.02609334017141062 0
1679434113503 0.026017179518250874 0
1679434124595 0.026016292379246752 0
1679434162967 0.024939038958488764 0
1679434174029 0.025027960481484073 0
1679434185415 0.025214169871821224 0
1679434197018 0.024989059071334616 0
1679434207798 0.025078325907554107 0
1679434219045 0.025022017103024003 0
1679434230503 0.025030739923224066 0
1679434241952 0.024942186493338285 0
1679434253178 0.0249679106027241 0
1679434264880 0.025011972696365903 0
1679434305231 0.02467514344539161 0
1679434316700 0.024489701834852707 0
1679434328067 0.024707058724453192 0
1679434339535 0.024685021739085794 0
1679434350456 0.024688522799264097 0
1679434362544 0.02462228532758117 0
1679434374250 0.024556411504570587 0
1679434385659 0.02461768254777635 0
1679434397156 0.02461317024180587 0
1679434408700 0.0246255828784735 0
1679434447961 0.024507176644099807 0
1679434459719 0.02440389184522684 0
1679434471342 0.024451128621068265 0
1679434482892 0.02440745142047052 0
1679434494497 0.024358589111620352 0
1679434505388 0.024398815684468934 0
1679434517046 0.02431534404469723 0
1679434528888 0.02437031592880548 0
1679434540784 0.024300080085932103 0
1679434552485 0.024459536997946323 0
1679434594285 0.024799092736554472 0
1679434605885 0.024823781073127434 0
1679434617718 0.02485935892229347 0
1679434629721 0.02479681640131969 0
1679434641840 0.024734840588006256 0
1679434653458 0.024768115208403434 0
1679434664372 0.02476031010434644 0
1679434676372 0.02483139983186983 0
1679434688535 0.024836454179018874 0
1679434700291 0.024802459778102564 0
1679434742217 0.024728158256039023 0
1679434754530 0.024746629517591958 0
1679434766700 0.024739526440888376 0
1679434778998 0.02472002519477558 0
1679434791082 0.02480950001959822 0
1679434803448 0.024742298339593356 0
1679434815893 0.024674175976542756 0
1679434827225 0.02473200997753468 0
1679434840228 0.024737533705774695 0
1679434852602 0.024778904389157624 0
