1675342508965 0.9339655172413793 0
1675342512681 0.9691379310344828 0
1675342516391 0.9758620689655172 0
1675342519874 0.9832758620689656 0
1675342523537 0.981551724137931 0
1675342529565 0.9744444444444444 0
1675342533261 0.9798148148148148 0
1675342536851 0.9874074074074074 0
1675342540194 0.9898148148148148 0
1675342543592 0.9933333333333333 0
1675342549943 0.9807407407407407 0
1675342553418 0.9905555555555555 0
1675342556951 0.9894444444444445 0
1675342560760 0.9942592592592593 0
1675342564476 0.9916666666666667 0
1675342571178 0.9824074074074074 0
1675342574732 0.9890740740740741 0
1675342578216 0.9937037037037038 0
1675342581667 0.9898148148148148 0
1675342585120 0.9929629629629629 0
1675342592622 0.9744444444444444 0
1675342596040 0.9924074074074074 0
1675342599704 0.9927777777777778 0
1675342603418 0.9887037037037038 0
1675342606804 0.9944444444444445 0
1675342614069 0.9518518518518518 0
1675342617625 0.9874074074074074 0
1675342621311 0.9966666666666667 0
1675342625108 0.9972222222222222 0
1675342628969 0.9866666666666667 0
1675342636793 0.9296296296296296 0
1675342640475 0.9835185185185186 0
1675342643963 0.9898148148148148 0
1675342647762 0.9907407407407407 0
1675342651472 0.9898148148148148 0
1675342659490 0.9203703703703704 0
1675342663229 0.975 0
1675342667025 0.9912962962962963 0
1675342670562 0.9872222222222222 0
1675342674300 0.9898148148148148 0
1675342682898 0.905 0
1675342686659 0.9711111111111111 0
1675342690400 0.9859259259259259 0
1675342693925 0.9912962962962963 0
1675342697426 0.9896296296296296 0
1675342706064 0.8838888888888888 0
1675342709772 0.9622222222222222 0
1675342713379 0.9872222222222222 0
1675342717095 0.9835185185185186 0
1675342721119 0.9812962962962963 0
