1675342508981 0.22932483743233928 0
1675342512697 0.09527152324416514 0
1675342516396 0.07939707774219328 0
1675342519892 0.055523115530417395 0
1675342523541 0.062350108244231546 0
1675342529582 0.09162775082755144 0
1675342533267 0.07578742743228321 0
1675342536867 0.04913514786796575 0
1675342540211 0.02853057500160368 0
1675342543597 0.025814965270649366 0
1675342549960 0.061619817855923124 0
1675342553423 0.031668121002666236 0
1675342556957 0.03662685603670845 0
1675342560777 0.018199404543761545 0
1675342564493 0.028187469830176 0
1675342571195 0.053340754556228165 0
1675342574750 0.03590467199980695 0
1675342578220 0.018774534326167432 0
1675342581684 0.03044565169748643 0
1675342585137 0.024563559388862576 0
1675342592640 0.07954112545345668 0
1675342596046 0.023890838367105635 0
1675342599709 0.02278662976851963 0
1675342603434 0.03558705789692424 0
1675342606821 0.01863848103891575 0
1675342614086 0.1376018932654902 0
1675342617642 0.037432004133308376 0
1675342621328 0.010432635604046043 0
1675342625114 0.00997901667395598 0
1675342628986 0.044274673062307694 0
1675342636810 0.20475196387480807 0
1675342640482 0.04714370261739802 0
1675342643969 0.029285512202660794 0
1675342647779 0.026146391468312314 0
1675342651489 0.027460282439348737 0
1675342659507 0.24925774689073915 0
1675342663246 0.07052550774688522 0
1675342667042 0.02613679570145905 0
1675342670579 0.03408448181666986 0
1675342674317 0.035061030899933364 0
1675342682914 0.31794083302771603 0
1675342686676 0.08477213618656 0
1675342690416 0.04301688653727372 0
1675342693942 0.0274033085398238 0
1675342697433 0.03148557823944699 0
1675342706071 0.35746934639083017 0
1675342709790 0.1112762069646959 0
1675342713396 0.039361280725096114 0
1675342717101 0.04867707267955498 0
1675342721124 0.05471762734430807 0
