1679280272033 4.352254080993589 0
1679280276186 4.017551468976308 0
1679280280352 4.029724836000241 0
1679280284986 4.5001614760258235 0
1679280289302 4.191581872000825 0
1679280293688 4.242675757966936 0
1679280298056 4.247185835032724 0
1679280302361 4.184553362021688 0
1679280306708 4.209306899982039 0
1679280311040 4.211518575029913 0
1679280331285 7.317623847979121 0
1679280338869 7.451936999976169 0
1679280345333 6.33718792401487 0
1679280352657 7.184687095985282 0
1679280359690 6.906330597004853 0
1679280366711 6.891015841974877 0
1679280373794 6.960670658037998 0
1679280381203 7.280538009013981 0
1679280388601 7.265063465980347 0
1679280395841 7.098709643003531 0
1679280416287 7.501573304994963 0
1679280422845 6.411247187992558 0
1679280430063 7.094010751985479 0
1679280437406 7.21810167998774 0
1679280444715 7.161153049033601 0
1679280452186 7.333371774991974 0
1679280459482 7.141406825976446 0
1679280466692 7.074797766050324 0
1679280473955 7.128581312019378 0
1679280481121 7.004315606027376 0
1679280502100 7.9548011110164225 0
1679280509428 7.194346592994407 0
1679280516521 6.942852660024073 0
1679280523687 7.00679685396608 0
1679280531204 7.369298230973072 0
1679280538627 7.26586614898406 0
1679280546486 7.709623078000732 0
1679280554116 7.498676656978205 0
1679280561796 7.515606503002346 0
1679280569773 7.832199944998138 0
1679280590304 7.403945461963303 0
1679280597868 7.410898178000934 0
1679280605404 7.3943557680468075 0
1679280612740 7.186373699980322 0
1679280620312 7.42963631200837 0
1679280627867 7.410127702984028 0
1679280635241 7.23930862598354 0
1679280642624 7.223412356048357 0
1679280650208 7.449204122996889 0
1679280657057 6.686111796996556 0
1679280677312 7.0725407860009 0
1679280684590 7.151069420971908 0
1679280691929 7.2030314420117065 0
1679280699275 7.198702089022845 0
1679280706690 7.259220670966897 0
1679280714125 7.308911603002343 0
1679280721994 7.709379856009036 0
1679280728851 6.7196302019874565 0
1679280736135 7.144065784988925 0
1679280743350 7.065606748976279 0
1679280764349 7.314423484029248 0
1679280771487 6.999013565015048 0
1679280778903 7.27061029599281 0
1679280786231 7.183427981974091 0
1679280793935 7.544407434004825 0
1679280801267 7.180835184000898 0
1679280808505 7.092958815977909 0
1679280816170 7.525267429999076 0
1679280823448 7.137525170983281 0
1679280831110 7.524519389029592 0
1679280851957 7.103080331988167 0
1679280859330 7.255205201043282 0
1679280866529 7.034748057951219 0
1679280874511 7.819214458053466 0
1679280881124 6.453725687984843 0
1679280888567 7.298729710048065 0
1679280895867 7.156626662996132 0
1679280903148 7.142411573964637 0
1679280910572 7.304452406009659 0
1679280918321 7.588186711014714 0
1679280939288 7.3181967929704115 0
1679280947302 7.8320677390438505 0
1679280954773 7.2936575500061736 0
1679280962207 7.295829144015443 0
1679280969634 7.266727145994082 0
1679280976939 7.167343162000179 0
1679280984332 7.229811382014304 0
1679280991923 7.425728272006381 0
1679280999818 7.681916412955616 0
1679281007310 7.34945823403541 0
1679281028420 7.445910904032644 0
1679281035076 6.513370137021411 0
1679281042758 7.533795466006268 0
1679281050235 7.329031376983039 0
1679281057803 7.3945544000016525 0
1679281065138 7.190348862030078 0
1679281072437 7.153004050953314 0
1679281080138 7.546701080980711 0
1679281087643 7.356153170985635 0
1679281094954 7.168941964977421 0
1679281117335 7.367085537989624 0
1679281124824 7.341207761957776 0
1679281132245 7.2740330480155535 0
1679281139914 7.52535892900778 0
1679281147541 7.4596039919997565 0
1679281155077 7.40337430202635 0
1679281162394 7.164445702044759 0
1679281169982 7.438273581035901 0
1679281177363 7.232855461013969 0
1679281185466 7.933979414985515 0
1679281205556 7.212379014992621 0
1679281212845 7.141177620040253 0
1679281220364 7.355409873009194 0
1679281227837 7.304285874997731 0
1679281235386 7.404763525992166 0
1679281242679 7.155636877985671 0
1679281250334 7.503588421037421 0
1679281257877 7.376331980980467 0
1679281265824 7.768559782009106 0
1679281272680 6.70898442302132 0
1679281294726 7.6548545000259764 0
1679281302202 7.320640841964632 0
1679281309660 7.29372992797289 0
1679281317128 7.319397146988194 0
1679281324488 7.215879168012179 0
1679281331951 7.308985842042603 0
1679281339533 7.41072228399571 0
1679281347086 7.350050885987002 0
1679281354879 7.6499970549484715 0
1679281362451 7.416817670979071 0
1679281385028 7.561659945989959 0
1679281392360 7.175434545031749 0
1679281400013 7.514229880995117 0
1679281407716 7.5585235329926945 0
1679281415249 7.349940437008627 0
1679281423003 7.591250733996276 0
1679281429585 6.420403602998704 0
1679281437070 7.337935920979362 0
1679281444569 7.332433975010645 0
1679281452108 7.370677630009595 0
1679281474310 7.47702027799096 0
1679281481663 7.192124094988685 0
1679281489247 7.430642056977376 0
1679281496907 7.493832434993237 0
1679281504254 7.203513838001527 0
1679281511006 6.60372189496411 0
1679281518479 7.3274128820048645 0
1679281525931 7.2890771009842865 0
1679281533662 7.58412153396057 0
1679281541279 7.46328960696701 0
1679281563750 7.400458568008617 0
1679281571106 7.19432363397209 0
1679281578984 7.7162568010389805 0
1679281586560 7.3904030050034635 0
1679281594217 7.40606890298659 0
1679281601465 7.102117612957954 0
1679281609235 7.605031514016446 0
1679281616784 7.387146221997682 0
1679281624204 7.272776783967856 0
1679281631695 7.347315472958144 0
1679281654368 7.3179860999807715 0
1679281662508 7.966631369024981 0
1679281669196 6.540725408005528 0
1679281676653 7.309774280991405 0
1679281684132 7.312409690057393 0
1679281691518 7.242317597963847 0
1679281698670 6.995687056041788 0
1679281706047 7.226155280950479 0
1679281713453 7.258499098010361 0
1679281721055 7.400571353035048 0
1679281744053 7.65513515600469 0
1679281750868 6.662636226974428 0
1679281758690 7.664580765995197 0
1679281766155 7.302654748025816 0
1679281773655 7.345654401986394 0
1679281781252 7.424311448994558 0
1679281788678 7.271563857968431 0
1679281796135 7.2967341630137525 0
1679281803849 7.556935471016914 0
1679281811688 7.703878827975132 0
1679281834291 6.379720469994936 0
1679281841955 7.496359454991762 0
1679281849615 7.508951325027738 0
1679281857169 7.395196572004352 0
1679281864412 7.085498148982879 0
1679281871980 7.422987978963647 0
1679281879559 7.4354079170152545 0
1679281887009 7.288501285016537 0
1679281894508 7.341277877043467 0
1679281902064 7.385615923034493 0
1679281925845 7.401550485985354 0
1679281933269 7.257371040992439 0
1679281940462 6.994887240987737 0
1679281947885 7.255608147999737 0
1679281955220 7.159644465951715 0
1679281962950 7.5876200959901325 0
1679281970515 7.378158093022648 0
1679281977933 7.256801737006754 0
1679281985492 7.399779619008768 0
1679281993329 7.665351323026698 0
