1679280272014 0.8777573529411765 0
1679280276168 0.9546568627450981 0
1679280280335 0.9708946078431373 0
1679280284968 0.9782475490196079 0
1679280289282 0.9889705882352942 0
1679280293667 0.9920343137254902 0
1679280298038 0.9892769607843137 0
1679280302345 0.9957107843137255 0
1679280306687 0.9957107843137255 0
1679280311024 0.9981617647058824 0
1679280331268 0.866421568627451 0
1679280338847 0.9788602941176471 0
1679280345314 0.9859068627450981 0
1679280352640 0.9856004901960784 0
1679280359671 0.9877450980392157 0
1679280366692 0.9941789215686274 0
1679280373776 0.9947916666666666 0
1679280381185 0.9944852941176471 0
1679280388582 0.9908088235294118 0
1679280395818 0.9901960784313726 0
1679280416270 0.7843137254901961 0
1679280422835 0.9555759803921569 0
1679280430043 0.9788602941176471 0
1679280437390 0.9874387254901961 0
1679280444691 0.9800857843137255 0
1679280452166 0.9901960784313726 0
1679280459459 0.9892769607843137 0
1679280466676 0.992953431372549 0
1679280473940 0.9975490196078431 0
1679280481101 0.9963235294117647 0
1679280502081 0.6688112745098039 0
1679280509412 0.9227941176470589 0
1679280516510 0.9638480392156863 0
1679280523664 0.9761029411764706 0
1679280531179 0.9874387254901961 0
1679280538610 0.9831495098039216 0
1679280546466 0.9923406862745098 0
1679280554096 0.9935661764705882 0
1679280561775 0.9779411764705882 0
1679280569754 0.9862132352941176 0
1679280590284 0.6446078431372549 0
1679280597850 0.9335171568627451 0
1679280605383 0.9620098039215687 0
1679280612715 0.9776348039215687 0
1679280620290 0.9803921568627451 0
1679280627841 0.9911151960784313 0
1679280635221 0.9895833333333334 0
1679280642601 0.9886642156862745 0
1679280650194 0.992953431372549 0
1679280657031 0.9908088235294118 0
1679280677290 0.6305147058823529 0
1679280684569 0.9096200980392157 0
1679280691910 0.9571078431372549 0
1679280699254 0.9782475490196079 0
1679280706668 0.9825367647058824 0
1679280714110 0.9874387254901961 0
1679280721974 0.9871323529411765 0
1679280728832 0.9822303921568627 0
1679280736115 0.9941789215686274 0
1679280743330 0.9932598039215687 0
1679280764327 0.5465686274509803 0
1679280771468 0.9056372549019608 0
1679280778882 0.9638480392156863 0
1679280786211 0.9754901960784313 0
1679280793911 0.9871323529411765 0
1679280801249 0.9834558823529411 0
1679280808484 0.9950980392156863 0
1679280816149 0.9889705882352942 0
1679280823429 0.9969362745098039 0
1679280831094 0.9944852941176471 0
1679280851938 0.47855392156862747 0
1679280859316 0.8514093137254902 0
1679280866508 0.9433210784313726 0
1679280874486 0.9699754901960784 0
1679280881106 0.9754901960784313 0
1679280888543 0.9816176470588235 0
1679280895847 0.9938725490196079 0
1679280903134 0.9892769607843137 0
1679280910560 0.9908088235294118 0
1679280918300 0.9917279411764706 0
1679280939266 0.5551470588235294 0
1679280947274 0.9050245098039216 0
1679280954754 0.9568014705882353 0
1679280962189 0.9791666666666666 0
1679280969605 0.9794730392156863 0
1679280976921 0.9886642156862745 0
1679280984302 0.9886642156862745 0
1679280991898 0.9886642156862745 0
1679280999786 0.9889705882352942 0
1679281007284 0.9935661764705882 0
1679281028386 0.44669117647058826 0
1679281035054 0.8100490196078431 0
1679281042735 0.9261642156862745 0
1679281050213 0.9644607843137255 0
1679281057788 0.977328431372549 0
1679281065113 0.9917279411764706 0
1679281072413 0.9877450980392157 0
1679281080117 0.9950980392156863 0
1679281087616 0.9932598039215687 0
1679281094936 0.9816176470588235 0
1679281117317 0.5309436274509803 0
1679281124798 0.9028799019607843 0
1679281132213 0.9650735294117647 0
1679281139892 0.9770220588235294 0
1679281147511 0.9846813725490197 0
1679281155062 0.9905024509803921 0
1679281162374 0.9859068627450981 0
1679281169960 0.9892769607843137 0
1679281177339 0.9880514705882353 0
1679281185446 0.9944852941176471 0
1679281205531 0.5009191176470589 0
1679281212823 0.8979779411764706 0
1679281220341 0.9662990196078431 0
1679281227809 0.9806985294117647 0
1679281235367 0.9742647058823529 0
1679281242660 0.9892769607843137 0
1679281250311 0.9846813725490197 0
1679281257859 0.9898897058823529 0
1679281265805 0.9871323529411765 0
1679281272654 0.992953431372549 0
1679281294693 0.5649509803921569 0
1679281302173 0.8930759803921569 0
1679281309634 0.9488357843137255 0
1679281317109 0.9715073529411765 0
1679281324468 0.9852941176470589 0
1679281331930 0.9917279411764706 0
1679281339512 0.9938725490196079 0
1679281347064 0.991421568627451 0
1679281354853 0.9923406862745098 0
1679281362427 0.9754901960784313 0
1679281385002 0.46139705882352944 0
1679281392331 0.835171568627451 0
1679281399992 0.9243259803921569 0
1679281407696 0.9589460784313726 0
1679281415220 0.9724264705882353 0
1679281422979 0.9917279411764706 0
1679281429553 0.9852941176470589 0
1679281437047 0.9871323529411765 0
1679281444537 0.9745710784313726 0
1679281452087 0.984375 0
1679281474278 0.45925245098039214 0
1679281481635 0.8137254901960784 0
1679281489221 0.9338235294117647 0
1679281496887 0.9678308823529411 0
1679281504225 0.9739583333333334 0
1679281510986 0.9702818627450981 0
1679281518452 0.9834558823529411 0
1679281525905 0.9883578431372549 0
1679281533643 0.9923406862745098 0
1679281541252 0.9871323529411765 0
1679281563717 0.5021446078431373 0
1679281571089 0.8771446078431373 0
1679281578965 0.9641544117647058 0
1679281586536 0.9846813725490197 0
1679281594194 0.9828431372549019 0
1679281601442 0.9898897058823529 0
1679281609201 0.9932598039215687 0
1679281616763 0.9901960784313726 0
1679281624183 0.9822303921568627 0
1679281631676 0.9791666666666666 0
1679281654340 0.4580269607843137 0
1679281662479 0.8333333333333334 0
1679281669171 0.9295343137254902 0
1679281676627 0.9653799019607843 0
1679281684111 0.9794730392156863 0
1679281691497 0.9871323529411765 0
1679281698639 0.9874387254901961 0
1679281706025 0.9834558823529411 0
1679281713430 0.9889705882352942 0
1679281721023 0.9883578431372549 0
1679281744013 0.44485294117647056 0
1679281750845 0.8042279411764706 0
1679281758669 0.9160539215686274 0
1679281766135 0.9540441176470589 0
1679281773628 0.9736519607843137 0
1679281781228 0.9813112745098039 0
1679281788658 0.9886642156862745 0
1679281796115 0.9898897058823529 0
1679281803822 0.9892769607843137 0
1679281811668 0.9908088235294118 0
1679281834265 0.4325980392156863 0
1679281841931 0.8030024509803921 0
1679281849594 0.9215686274509803 0
1679281857143 0.9635416666666666 0
1679281864392 0.9715073529411765 0
1679281871959 0.9831495098039216 0
1679281879538 0.9908088235294118 0
1679281886987 0.984375 0
1679281894488 0.9969362745098039 0
1679281902034 0.9917279411764706 0
1679281925818 0.4430147058823529 0
1679281933241 0.8403799019607843 0
1679281940427 0.9267769607843137 0
1679281947863 0.9672181372549019 0
1679281955185 0.9770220588235294 0
1679281962929 0.9865196078431373 0
1679281970476 0.9859068627450981 0
1679281977912 0.9846813725490197 0
1679281985471 0.9834558823529411 0
1679281993295 0.9892769607843137 0
