1679863985228 0.07932484155700252 0
1679864043618 0.032820679746787706 0
1679864101838 0.02096422248785588 0
1679864160522 0.02106337670976951 0
1679864218579 0.01417896537206643 0
1679864276788 0.013344540905260731 0
1679864335288 0.01203850848192753 0
1679864393459 0.009343815204393865 0
1679864451384 0.007879536750160687 0
1679864510260 0.009491020300557141 0
1679864531158 0.9133518056318223 0
1679864537014 0.05307515318737376 0
1679864542574 0.023190385365137175 0
1679864548354 0.024518406101623955 0
1679864554070 0.017859811413381617 0
1679864560110 0.016746282988787435 0
1679864565877 0.021975053940520514 0
1679864571669 0.014429526764019705 0
1679864577166 0.030418944769132174 0
1679864583235 0.010729389378788104 0
1679864605230 0.8928276515054138 0
1679864611313 0.12165802408878511 0
1679864616966 0.021099506312127227 0
1679864622816 0.0134589195917747 0
1679864628528 0.005879129856533147 0
1679864634505 0.0049315701034048885 0
1679864640366 0.005952173350595137 0
1679864646175 0.006959767221807219 0
1679864651915 0.009326208173797748 0
1679864657730 0.005153179332487867 0
1679864678923 0.806818724904149 0
1679864684558 0.3864358622667675 0
1679864690431 0.08043372055707877 0
1679864696307 0.024108451599613886 0
1679864702100 0.011553740349829126 0
1679864707974 0.034060137066511405 0
1679864713497 0.026056169909518985 0
1679864719394 0.014260537558268003 0
1679864725160 0.007048283162816421 0
1679864730863 0.009155947634326636 0
1679864753334 0.728360089379926 0
1679864759191 0.24785295338498745 0
1679864764925 0.0504277802262043 0
1679864770751 0.020300783231815788 0
1679864776420 0.01971547931663714 0
1679864782260 0.015255662740949954 0
1679864788011 0.030259985172533956 0
1679864793579 0.017921742903742308 0
1679864799463 0.009631734805422275 0
1679864805257 0.02835124909301222 0
1679864827811 0.8272098051700667 0
1679864833784 0.3046940066155944 0
1679864839515 0.0901487115726405 0
1679864845338 0.028588602025238538 0
1679864851292 0.025841322005450314 0
1679864857015 0.014337188406413046 0
1679864862872 0.03912191653123545 0
1679864868679 0.017868747795276755 0
1679864874595 0.006396272872310507 0
1679864880447 0.015717826314498726 0
1679864903393 0.7410837209191705 0
1679864909196 0.22203970496487882 0
1679864914780 0.0446921625405111 0
1679864920600 0.042321980788533387 0
1679864926407 0.020556556551428875 0
1679864932401 0.01767502611714937 0
1679864938368 0.07514347296249388 0
1679864944281 0.030444670408128583 0
1679864950103 0.012934221106866053 0
1679864955967 0.005552328443919286 0
1679864979773 0.6795170855760928 0
1679864985780 0.18509146080939165 0
1679864991528 0.05389332411466231 0
1679864997169 0.01747723117891725 0
1679865002975 0.02195638846173057 0
1679865008723 0.028553301303575605 0
1679865014711 0.015327174423528931 0
1679865020545 0.013622144804797646 0
1679865026517 0.013243247485516038 0
1679865032540 0.025970489664959448 0
1679865056883 0.6496304069358576 0
1679865062680 0.13755713764821056 0
1679865068594 0.028914637966523233 0
1679865074464 0.017312582428548707 0
1679865080468 0.025346844121095956 0
1679865086505 0.02005631728215132 0
1679865092245 0.053701072778477306 0
1679865098030 0.03128463692860512 0
1679865104075 0.035046002298240134 0
1679865110045 0.00441712000942881 0
1679865135463 0.42779828483123183 0
1679865141525 0.0766824094606059 0
1679865147353 0.0227561696684695 0
1679865153232 0.014751109804123266 0
1679865159019 0.019089511012577092 0
1679865164781 0.009270418891180089 0
1679865170530 0.009018088962767953 0
1679865176444 0.016811908973082084 0
1679865182433 0.04549000145814622 0
1679865188303 0.01136987288469368 0
1679865213626 0.8698825447926879 0
1679865219566 0.21939498216149364 0
1679865225333 0.05282412726770748 0
1679865231241 0.03338134860318051 0
1679865236964 0.02879652029175768 0
1679865242945 0.04363139417011423 0
1679865248785 0.04710572954182598 0
1679865254633 0.019301313552462493 0
1679865260563 0.01600434269568342 0
1679865266364 0.011124591424848642 0
1679865292429 0.6478310921886751 0
1679865298282 0.12077433904631082 0
1679865304322 0.02633348216382531 0
1679865310319 0.013346883069023738 0
1679865316213 0.006834671933110268 0
1679865322125 0.017738783007497427 0
1679865327999 0.030942599756716562 0
1679865333633 0.02659167792348269 0
1679865339613 0.03578882487214659 0
1679865345437 0.015034856211226836 0
1679865372290 0.6510725826001412 0
1679865378369 0.16927662941015909 0
1679865384210 0.05075326692040122 0
1679865390129 0.028053969194963634 0
1679865396098 0.021075986510548986 0
1679865402270 0.03441159368068848 0
1679865408222 0.03250892044554336 0
1679865414144 0.01873522571903585 0
1679865420178 0.016226072088417635 0
1679865426137 0.013331144411659373 0
1679865452958 0.6320638549411741 0
1679865458917 0.14231804530247882 0
1679865464822 0.02625432293329024 0
1679865470789 0.009979677443625174 0
1679865476575 0.015717146219674145 0
1679865482473 0.013168493731967629 0
1679865488503 0.002562273054216393 0
1679865494413 0.0022625405977809 0
1679865500338 0.001617004644518965 0
1679865506321 0.0012520624435993313 0
1679865533767 0.7230796198553971 0
1679865539537 0.21212159859078528 0
1679865545377 0.07955173323471129 0
1679865551393 0.0400755052165484 0
1679865557466 0.032766787613492616 0
1679865563419 0.022391656757108778 0
1679865569291 0.024559937649138608 0
1679865575252 0.032463397137214106 0
1679865581225 0.038524171366081786 0
1679865587024 0.04121679352820008 0
1679865615838 0.5798612951392236 0
1679865621587 0.1381860967762363 0
1679865627667 0.02663527551037098 0
1679865633643 0.012197413856972426 0
1679865639516 0.00914562410231897 0
1679865645556 0.01584895926994722 0
1679865651240 0.020664959493350895 0
1679865657196 0.012167192634832394 0
1679865662990 0.006980649439220037 0
1679865668922 0.01635680058123553 0
1679865697899 1.1499068275270725 0
1679865704020 0.4683825125100584 0
1679865710177 0.21366281471999266 0
1679865716130 0.11633585145027034 0
1679865721858 0.066708443564153 0
1679865727957 0.036660246377656226 0
1679865733802 0.05187977213088585 0
1679865739584 0.08698331047099805 0
1679865745587 0.054463590429764494 0
1679865751315 0.060715845509951294 0
1679865782540 0.6912929898182881 0
1679865788716 0.13583704198226051 0
1679865794798 0.038074869711542676 0
1679865800869 0.020443849460822974 0
1679865807072 0.017143237505792084 0
1679865813800 0.010128301579177702 0
1679865820479 0.004722928687167193 0
1679865826796 0.010435431934288112 0
1679865832339 0.010495436545681237 0
1679865838452 0.02983580611233113 0
1679865869079 1.0381433818534977 0
1679865874975 0.3482367255768789 0
1679865880999 0.13528403246200052 0
1679865886916 0.07522691105749825 0
1679865893004 0.05279317186219554 0
1679865899152 0.04105142037763149 0
1679865905281 0.03114986239489464 0
1679865911259 0.08444578697799623 0
1679865917249 0.05314784568390883 0
1679865923237 0.09481389713781113 0
1679865954760 0.7935037896552968 0
1679865960864 0.17848762033984403 0
1679865967022 0.04480663400795587 0
1679865973189 0.02213894178117621 0
1679865979166 0.013846185999442515 0
1679865985095 0.013334915014633283 0
1679865991276 0.02057092625294968 0
1679865997328 0.0348148886950799 0
1679866003266 0.06398013844868697 0
1679866009150 0.03359869394250474 0
