1679863985219 0.9765926640926641 0
1679864043607 0.9913299779371207 0
1679864101826 0.994415333701048 0
1679864160512 0.9944842801985659 0
1679864218567 0.9961389961389961 0
1679864276777 0.9965182018753447 0
1679864335276 0.9968456977385549 0
1679864393452 0.9975868725868726 0
1679864451374 0.9982418643132929 0
1679864510247 0.9976558190843905 0
1679864531147 0.824505928853755 0
1679864537004 0.9849802371541502 0
1679864542564 0.9926877470355732 0
1679864548343 0.991699604743083 0
1679864554059 0.9948616600790514 0
1679864560099 0.9962450592885376 0
1679864565865 0.9928853754940712 0
1679864571659 0.9962450592885376 0
1679864577155 0.990909090909091 0
1679864583225 0.9964426877470356 0
1679864605221 0.8140316205533596 0
1679864611307 0.9681818181818181 0
1679864616956 0.9946640316205534 0
1679864622805 0.9964426877470356 0
1679864628517 0.9984189723320158 0
1679864634493 0.9992094861660079 0
1679864640355 0.9984189723320158 0
1679864646164 0.9984189723320158 0
1679864651904 0.9976284584980237 0
1679864657720 0.9984189723320158 0
1679864678911 0.8042704626334519 0
1679864684548 0.9221035982601818 0
1679864690420 0.977856860419138 0
1679864696296 0.9936733886911823 0
1679864702095 0.9978252273625939 0
1679864707964 0.9905100830367735 0
1679864713486 0.9928825622775801 0
1679864719384 0.9954527481217873 0
1679864725150 0.9978252273625939 0
1679864730852 0.9972321075523922 0
1679864753322 0.841304347826087 0
1679864759181 0.9438735177865613 0
1679864764913 0.9841897233201581 0
1679864770739 0.9942687747035573 0
1679864776410 0.9956521739130435 0
1679864782253 0.9956521739130435 0
1679864787999 0.9903162055335968 0
1679864793568 0.9930830039525692 0
1679864799451 0.9966403162055336 0
1679864805245 0.9932806324110672 0
1679864827800 0.8142292490118577 0
1679864833764 0.9213438735177866 0
1679864839504 0.9735177865612649 0
1679864845326 0.9922924901185771 0
1679864851281 0.9926877470355732 0
1679864857004 0.9966403162055336 0
1679864862862 0.991304347826087 0
1679864868668 0.9950592885375494 0
1679864874585 0.9984189723320158 0
1679864880436 0.9948616600790514 0
1679864903382 0.8436140767101621 0
1679864909184 0.9400948991696323 0
1679864914770 0.9875444839857651 0
1679864920590 0.9879398971925663 0
1679864926397 0.9938710952945828 0
1679864932390 0.9956504547251879 0
1679864938358 0.979636219849743 0
1679864944269 0.990707789640174 0
1679864950091 0.9966389877421906 0
1679864955956 0.9988137603795967 0
1679864979763 0.848862512363996 0
1679864985769 0.9459940652818991 0
1679864991517 0.9833827893175074 0
1679864997158 0.9958456973293769 0
1679865002964 0.9944609297725024 0
1679865008712 0.991295746785361 0
1679865014701 0.9964391691394658 0
1679865020534 0.9964391691394658 0
1679865026496 0.9958456973293769 0
1679865032529 0.991295746785361 0
1679865056871 0.8723320158102766 0
1679865062669 0.9610671936758893 0
1679865068582 0.9928853754940712 0
1679865074454 0.9962450592885376 0
1679865080456 0.9946640316205534 0
1679865086499 0.9948616600790514 0
1679865092234 0.9843873517786561 0
1679865098018 0.9907114624505929 0
1679865104064 0.9922924901185771 0
1679865110035 0.999604743083004 0
1679865135452 0.9139976275207592 0
1679865141514 0.976077500988533 0
1679865147342 0.9948596283115856 0
1679865153221 0.9960458679319889 0
1679865159007 0.9960458679319889 0
1679865164770 0.9974298141557928 0
1679865170519 0.9974298141557928 0
1679865176433 0.9948596283115856 0
1679865182421 0.9839857651245552 0
1679865188292 0.9962435745353895 0
1679865213615 0.8381422924901186 0
1679865219555 0.9343873517786562 0
1679865225322 0.9865612648221344 0
1679865231230 0.9899209486166007 0
1679865236953 0.991304347826087 0
1679865242938 0.9867588932806324 0
1679865248774 0.9867588932806324 0
1679865254622 0.9942687747035573 0
1679865260552 0.9950592885375494 0
1679865266353 0.9970355731225297 0
1679865292418 0.861413581469016 0
1679865298267 0.9631756087903386 0
1679865304311 0.9930706790734508 0
1679865310305 0.9974262522272818 0
1679865316202 0.9986141358146902 0
1679865322114 0.9958424074440705 0
1679865327987 0.9906949118986339 0
1679865333622 0.9924767372797466 0
1679865339600 0.9895070283112255 0
1679865345426 0.9960403880419719 0
1679865372278 0.8709422011084719 0
1679865378358 0.9511084718923198 0
1679865384198 0.9857482185273159 0
1679865390117 0.9918844022169437 0
1679865396086 0.9930720506730008 0
1679865402258 0.9897070467141726 0
1679865408210 0.9924782264449723 0
1679865414132 0.9958432304038005 0
1679865420167 0.994061757719715 0
1679865426126 0.996437054631829 0
1679865452946 0.8831451772628244 0
1679865458898 0.9629629629629629 0
1679865464810 0.9946524064171123 0
1679865470778 0.9980194097841156 0
1679865476564 0.9970291146761735 0
1679865482457 0.9970291146761735 0
1679865488496 0.9994058229352347 0
1679865494402 0.9998019409784116 0
1679865500326 0.9998019409784116 0
1679865506307 1.0 0
1679865533755 0.8298335974643423 0
1679865539526 0.937797147385103 0
1679865545366 0.9776148969889065 0
1679865551380 0.9883122028526149 0
1679865557452 0.9916798732171157 0
1679865563407 0.993066561014263 0
1679865569279 0.993066561014263 0
1679865575237 0.9891045958795562 0
1679865581206 0.9883122028526149 0
1679865587012 0.9877179080824089 0
1679865615827 0.8840751730959446 0
1679865621575 0.961028684470821 0
1679865627655 0.9940652818991098 0
1679865633630 0.9980217606330366 0
1679865639505 0.9978239366963403 0
1679865645544 0.9964391691394658 0
1679865651224 0.9922848664688427 0
1679865657184 0.9968348170128586 0
1679865662979 0.9978239366963403 0
1679865668908 0.9954500494559841 0
1679865697887 0.7164031620553359 0
1679865704003 0.849802371541502 0
1679865710165 0.9306324110671936 0
1679865716114 0.9622529644268775 0
1679865721846 0.9802371541501976 0
1679865727939 0.9889328063241106 0
1679865733788 0.9822134387351779 0
1679865739572 0.9741106719367589 0
1679865745575 0.983596837944664 0
1679865751303 0.9818181818181818 0
1679865782529 0.8700732818379877 0
1679865788704 0.9607843137254902 0
1679865794786 0.9900970489205784 0
1679865800857 0.9952465834818776 0
1679865807060 0.9968310556545851 0
1679865813780 0.9974252327193504 0
1679865820467 0.9994058229352347 0
1679865826784 0.9974252327193504 0
1679865832323 0.9978213507625272 0
1679865838440 0.9916815210932858 0
1679865869067 0.7548438117833136 0
1679865874964 0.8979833926453143 0
1679865880982 0.957493080268881 0
1679865886906 0.9780545670225386 0
1679865892985 0.9841834717279557 0
1679865899140 0.9877421905891657 0
1679865905268 0.9918940292605773 0
1679865911247 0.9737050217477263 0
1679865917236 0.9847765915381573 0
1679865923219 0.966785290628707 0
1679865954748 0.8241345202769536 0
1679865960852 0.9485657764589516 0
1679865967009 0.9875370919881306 0
1679865973175 0.9942631058358061 0
1679865979153 0.9972304648862512 0
1679865985075 0.9962413452027695 0
1679865991264 0.9946587537091988 0
1679865997316 0.9905044510385757 0
1679866003254 0.9810089020771513 0
1679866009131 0.990702274975272 0
