1679863985233 58.34226047503762 0
1679864043623 57.87549000396393 0
1679864101844 57.70558382989839 0
1679864160527 58.169583451002836 0
1679864218586 57.54991380800493 0
1679864276794 57.69286378193647 0
1679864335295 57.987617280101404 0
1679864393466 57.64711522613652 0
1679864451389 57.422639729920775 0
1679864510267 58.36963593401015 0
1679864531165 5.614650199888274 0
1679864537019 5.685367013094947 0
1679864542580 5.384611579822376 0
1679864548360 5.620719811879098 0
1679864554075 5.551075094845146 0
1679864560115 5.8816322279162705 0
1679864565885 5.597177678020671 0
1679864571678 5.62434465601109 0
1679864577175 5.304557312047109 0
1679864583240 5.893893806962296 0
1679864605237 6.081881325924769 0
1679864611320 5.930768087040633 0
1679864616972 5.483967826003209 0
1679864622824 5.677968396805227 0
1679864628533 5.534849472111091 0
1679864634513 5.797286427812651 0
1679864640374 5.682690361049026 0
1679864646180 5.620433609932661 0
1679864651920 5.557217301800847 0
1679864657735 5.634803724940866 0
1679864678929 5.5979998600669205 0
1679864684564 5.464105075923726 0
1679864690438 5.703809106023982 0
1679864696313 5.693921534111723 0
1679864702105 5.620332957012579 0
1679864707979 5.6916141679976135 0
1679864713505 5.326089579146355 0
1679864719399 5.715688880067319 0
1679864725165 5.58721474208869 0
1679864730868 5.480146011104807 0
1679864753342 5.692382059060037 0
1679864759196 5.673964714165777 0
1679864764933 5.54890289506875 0
1679864770759 5.6337221309076995 0
1679864776427 5.4916721931658685 0
1679864782266 5.663765432080254 0
1679864788018 5.559362574014813 0
1679864793585 5.388060919009149 0
1679864799471 5.700277749914676 0
1679864805263 5.608209039084613 0
1679864827817 5.4389311817940325 0
1679864833794 5.780374737922102 0
1679864839523 5.536715482128784 0
1679864845345 5.638766322052106 0
1679864851298 5.76708382810466 0
1679864857021 5.538878117920831 0
1679864862877 5.674862483981997 0
1679864868685 5.634085074998438 0
1679864874600 5.7248079718556255 0
1679864880453 5.675756613025442 0
1679864903398 5.701525188051164 0
1679864909202 5.614323029993102 0
1679864914787 5.407490767072886 0
1679864920606 5.629281752044335 0
1679864926413 5.621808137977496 0
1679864932407 5.812511917902157 0
1679864938374 5.787644580937922 0
1679864944292 5.715725763933733 0
1679864950114 5.630701507907361 0
1679864955980 5.661285776179284 0
1679864979780 5.570515217026696 0
1679864985786 5.819029989885166 0
1679864991534 5.576509725069627 0
1679864997175 5.4668884018901736 0
1679865002982 5.606517789885402 0
1679865008736 5.542671493953094 0
1679865014717 5.800754835130647 0
1679865020552 5.653655794914812 0
1679865026529 5.763800885062665 0
1679865032553 5.817588933976367 0
1679865056895 5.737671981099993 0
1679865062694 5.5944572139997035 0
1679865068600 5.710102905984968 0
1679865074470 5.691985555924475 0
1679865080474 5.81710094306618 0
1679865086510 5.859219230012968 0
1679865092254 5.545378474052995 0
1679865098036 5.600368533981964 0
1679865104083 5.864580323919654 0
1679865110051 5.770402017980814 0
1679865135477 5.875562394969165 0
1679865141532 5.863328824052587 0
1679865147360 5.633012052159756 0
1679865153239 5.689394066110253 0
1679865159026 5.59226143010892 0
1679865164788 5.578047282062471 0
1679865170537 5.5521786760073155 0
1679865176451 5.727382926037535 0
1679865182440 5.792567569995299 0
1679865188309 5.675091279903427 0
1679865213634 5.822446363046765 0
1679865219572 5.7225270548369735 0
1679865225340 5.58001646399498 0
1679865231247 5.718922126106918 0
1679865236971 5.536426708102226 0
1679865242952 5.783594032051042 0
1679865248791 5.6478646588511765 0
1679865254640 5.644359089899808 0
1679865260570 5.749590946827084 0
1679865266373 5.604591611074284 0
1679865292436 5.694979534018785 0
1679865298297 5.641126076923683 0
1679865304329 5.848403951153159 0
1679865310332 5.784446245990694 0
1679865316220 5.687819201033562 0
1679865322133 5.7163209489081055 0
1679865328006 5.694421842927113 0
1679865333640 5.4310479471459985 0
1679865339620 5.774043483892456 0
1679865345444 5.6331564739812165 0
1679865372298 5.683842296013609 0
1679865378376 5.888298584148288 0
1679865384217 5.6364170929882675 0
1679865390136 5.715906911063939 0
1679865396104 5.773733420064673 0
1679865402278 5.977048204978928 0
1679865408229 5.748283316846937 0
1679865414151 5.71341599104926 0
1679865420185 5.84356163116172 0
1679865426144 5.758660767925903 0
1679865452965 5.885122088016942 0
1679865458925 5.740182861220092 0
1679865464830 5.713552948087454 0
1679865470797 5.782557429047301 0
1679865476583 5.591841866960749 0
1679865482485 5.6816550239454955 0
1679865488510 5.829873327864334 0
1679865494421 5.7044112351723015 0
1679865500345 5.7194358529523015 0
1679865506332 5.758466842118651 0
1679865533774 5.6740355340298265 0
1679865539545 5.571761678904295 0
1679865545385 5.6282632851507515 0
1679865551408 5.792159123113379 0
1679865557474 5.833356912015006 0
1679865563426 5.748495972948149 0
1679865569298 5.665893986122683 0
1679865575265 5.74952251999639 0
1679865581237 5.746822203975171 0
1679865587031 5.596369307022542 0
1679865615845 5.877556784078479 0
1679865621595 5.546721789054573 0
1679865627674 5.867764600086957 0
1679865633652 5.764059128938243 0
1679865639524 5.668481708969921 0
1679865645563 5.835475111845881 0
1679865651250 5.455878200940788 0
1679865657204 5.748458068817854 0
1679865662998 5.598263114923611 0
1679865668937 5.717259897151962 0
1679865697906 5.843682218808681 0
1679865704031 5.8846289080102 0
1679865710185 5.9554264231119305 0
1679865716141 5.734115262981504 0
1679865721866 5.500819355016574 0
1679865727968 5.870040056062862 0
1679865733810 5.629319758852944 0
1679865739593 5.58680399809964 0
1679865745595 5.785342579009011 0
1679865751327 5.532703510019928 0
1679865782548 6.074372765142471 0
1679865788724 5.968974362825975 0
1679865794806 5.869809869211167 0
1679865800877 5.868253181921318 0
1679865807080 5.9921488768886775 0
1679865813811 6.507445698836818 0
1679865820486 6.4521698269527406 0
1679865826804 6.112545785028487 0
1679865832355 5.32827507192269 0
1679865838460 5.88775384100154 0
1679865869087 5.7754999520257115 0
1679865874983 5.652578229783103 0
1679865881015 5.801418351940811 0
1679865886925 5.693069681059569 0
1679865893015 5.833033315837383 0
1679865899160 5.930086703971028 0
1679865905290 5.901244996115565 0
1679865911268 5.760518337832764 0
1679865917258 5.771342096151784 0
1679865923249 5.766537440009415 0
1679865954769 5.742003317922354 0
1679865960872 5.8993589950259775 0
1679865967038 5.942985474830493 0
1679865973200 5.925724850036204 0
1679865979174 5.753083822084591 0
1679865985107 5.6815578900277615 0
1679865991293 5.96470470004715 0
1679865997337 5.835698157083243 0
1679866003274 5.725217765197158 0
1679866009163 5.639056154061109 0
