1679270081485 9.315679866995197 0
1679270090573 8.891493398987222 0
1679270100106 9.329915873007849 0
1679270109436 9.135216081049293 0
1679270118600 8.978238969983067 0
1679270128303 9.481946932035498 0
1679270137683 9.178440925024915 0
1679270146988 9.09917477099225 0
1679270156181 8.985261553956661 0
1679270165507 9.119552174001 0
1679270189673 9.445663866004907 0
1679270199169 9.253273174981587 0
1679270208822 9.418993716011755 0
1679270218759 9.71134052897105 0
1679270228656 9.65323079196969 0
1679270238216 9.310679365007672 0
1679270247765 9.30657680699369 0
1679270257084 9.102534295001533 0
1679270267197 9.893488795030862 0
1679270276889 9.457803589990363 0
1679270299160 9.390667534025852 0
1679270308665 9.277662469015922 0
1679270318476 9.569177414989099 0
1679270328141 9.448771578026935 0
1679270337798 9.414394057996105 0
1679270347483 9.459918419015594 0
1679270357309 9.596278317971155 0
1679270367209 9.663472565996926 0
1679270376841 9.404265683959238 0
1679270386773 9.668783019005787 0
1679270409504 9.505951408005785 0
1679270419211 9.475764898990747 0
1679270428884 9.43959276098758 0
1679270438236 9.114829356025439 0
1679270447981 9.508338137005921 0
1679270457529 9.305450170009863 0
1679270467006 9.223416890017688 0
1679270476469 9.224042823014315 0
1679270485970 9.27533323597163 0
1679270495612 9.388103577017318 0
1679270519458 9.444613223022316 0
1679270529058 9.355267582985107 0
1679270538551 9.23406436399091 0
1679270548096 9.31626753997989 0
1679270557710 9.390876477991696 0
1679270567352 9.396553277038038 0
1679270576930 9.323670709971339 0
1679270586406 9.248071720008738 0
1679270595829 9.160164304019418 0
1679270605392 9.327044326986652 0
1679270628606 9.626048733014613 0
1679270638115 9.280537832994014 0
1679270648067 9.71703499398427 0
1679270657731 9.403563084022608 0
1679270667598 9.560204961977433 0
1679270677255 9.409779444045853 0
1679270686998 9.510925162991043 0
1679270696472 9.224635108024813 0
1679270706105 9.383549636986572 0
1679270715731 9.368577310000546 0
1679270738242 9.559520451992285 0
1679270748284 9.797984889999498 0
1679270757869 9.35738980100723 0
1679270767520 9.410521915997379 0
1679270777122 9.33659051998984 0
1679270786760 9.382099723967258 0
1679270796303 9.296045300958212 0
1679270805687 9.154989456001204 0
1679270815280 9.33709715900477 0
1679270825077 9.561939254985191 0
1679270848244 9.406273379048798 0
1679270857902 9.406349144992419 0
1679270867756 9.613102606032044 0
1679270877391 9.387286017998122 0
1679270886838 9.19526671199128 0
1679270896527 9.437255983997602 0
1679270906226 9.424313513969537 0
1679270915995 9.517985539976507 0
1679270925408 9.160436690959614 0
1679270934920 9.265610825037584 0
1679270958174 9.643611451960169 0
1679270967809 9.393959438020829 0
1679270977242 9.152043080015574 0
1679270987061 9.576766373007558 0
1679270996802 9.438650781055912 0
1679271006371 9.303822121990379 0
1679271015962 9.357644470001105 0
1679271025528 9.319445644970983 0
1679271034776 8.998856656020507 0
1679271044202 9.180754756031092 0
1679271067546 9.166691927006468 0
1679271076934 9.123434406996239 0
1679271086377 9.213415061996784 0
1679271095769 9.144485647964757 0
1679271105188 9.16393243096536 0
1679271114797 9.370327284967061 0
1679271124232 9.16557329299394 0
1679271133756 9.242841081984807 0
1679271143282 9.295661064970773 0
1679271152847 9.32280606997665 0
1679271176943 9.58070263004629 0
1679271186278 9.074374725983944 0
1679271195710 9.212752759980503 0
1679271205214 9.251180847990327 0
1679271214767 9.288277333020233 0
1679271224213 9.203672413015738 0
1679271233978 9.501117414969485 0
1679271243429 9.191432623018045 0
1679271252847 9.148869775992353 0
1679271262352 9.276093907014001 0
1679271287007 9.822866834991146 0
1679271296496 9.225994061038364 0
1679271305928 9.179938560002483 0
1679271315840 9.671889924968127 0
1679271325482 9.397141835012008 0
1679271335001 9.25812217098428 0
1679271344902 9.66553770902101 0
1679271354405 9.262221576005686 0
1679271364193 9.526130230980925 0
1679271373847 9.409701531985775 0
1679271397687 9.433230641006958 0
1679271407130 9.209651715995278 0
1679271416734 9.354403170000296 0
1679271426274 9.276853321003728 0
1679271436087 9.557529328973033 0
1679271445685 9.354530390992295 0
1679271455627 9.664495820004959 0
1679271465328 9.453394942975137 0
1679271475130 9.552447364025284 0
1679271484937 9.547643966972828 0
1679271508962 9.23559518600814 0
1679271518511 9.306766800989863 0
1679271528413 9.643676997977309 0
1679271538258 9.595237146015279 0
1679271548049 9.529041819041595 0
1679271557728 9.419952904980164 0
1679271567110 9.164357923029456 0
1679271576697 9.338467709952965 0
1679271586570 9.627880773041397 0
1679271596761 9.843716441013385 0
1679271621001 9.348698779009283 0
1679271630672 9.421429920010269 0
1679271640180 9.244828585011419 0
1679271649643 9.204664426972158 0
1679271659481 9.576372832991183 0
1679271668890 9.152139787969645 0
1679271678263 9.104801565001253 0
1679271687758 9.235332450014539 0
1679271697460 9.44007412303472 0
1679271706991 9.26118733099429 0
1679271731725 9.28735914902063 0
1679271741427 9.434605197981 0
1679271751216 9.509176246996503 0
1679271761239 9.762191059009638 0
1679271771109 9.58090819499921 0
1679271780641 9.270362893003039 0
1679271790754 9.85407372697955 0
1679271800563 9.556950539990794 0
1679271809829 9.008891506004147 0
1679271819768 9.681942439987324 0
1679271844715 9.508824346004985 0
1679271854302 9.339398165000603 0
1679271864095 9.539409918012097 0
1679271873768 9.425629619974643 0
1679271883401 9.381016761995852 0
1679271892906 9.256012791011017 0
1679271902828 9.667132987000514 0
1679271912525 9.464651171001606 0
1679271922040 9.267751812003553 0
1679271931623 9.313453079026658 0
1679271957485 9.539506274973974 0
1679271967232 9.504128232016228 0
1679271977180 9.674862259998918 0
1679271987071 9.65096497000195 0
1679271996820 9.517214623047039 0
1679272006408 9.318911189038772 0
1679272016243 9.546071966004092 0
1679272026130 9.629161416960414 0
1679272035761 9.38316854502773 0
1679272045473 9.454147326003294 0
1679272070751 9.555069276015274 0
1679272080508 9.49575524602551 0
1679272090280 9.529329834971577 0
1679272100157 9.604127692000475 0
1679272109587 9.165743928984739 0
1679272119517 9.674369140993804 0
1679272129418 9.629587854957208 0
1679272139114 9.43456577003235 0
1679272148647 9.267350672977045 0
1679272158071 9.136736664979253 0
1679272183380 9.508372070034966 0
1679272192717 9.058842553000432 0
1679272202485 9.528172780002933 0
1679272212423 9.652923938003369 0
1679272222107 9.406954566948116 0
1679272231645 9.298116217018105 0
1679272241138 9.216139196010772 0
1679272250635 9.235488909005653 0
1679272260430 9.54155725298915 0
1679272270048 9.333064404025208 0
