1679270081466 0.8844975490196079 0
1679270090551 0.9632352941176471 0
1679270100090 0.9828431372549019 0
1679270109419 0.9871323529411765 0
1679270118583 0.9886642156862745 0
1679270128287 0.9871323529411765 0
1679270137669 0.9932598039215687 0
1679270146972 0.9938725490196079 0
1679270156167 0.9947916666666666 0
1679270165491 0.9981617647058824 0
1679270189658 0.883578431372549 0
1679270199150 0.9822303921568627 0
1679270208811 0.9895833333333334 0
1679270218744 0.9886642156862745 0
1679270228638 0.991421568627451 0
1679270238202 0.9908088235294118 0
1679270247745 0.9950980392156863 0
1679270257070 0.9981617647058824 0
1679270267181 0.9963235294117647 0
1679270276872 0.9889705882352942 0
1679270299140 0.7607230392156863 0
1679270308648 0.9604779411764706 0
1679270318457 0.9886642156862745 0
1679270328126 0.9898897058823529 0
1679270337778 0.9908088235294118 0
1679270347466 0.9954044117647058 0
1679270357290 0.9895833333333334 0
1679270367187 0.9935661764705882 0
1679270376826 0.9963235294117647 0
1679270386747 0.9966299019607843 0
1679270409487 0.7239583333333334 0
1679270419195 0.9503676470588235 0
1679270428867 0.9730392156862745 0
1679270438218 0.9806985294117647 0
1679270447961 0.9868259803921569 0
1679270457507 0.9905024509803921 0
1679270466989 0.9947916666666666 0
1679270476453 0.9905024509803921 0
1679270485949 0.991421568627451 0
1679270495594 0.9966299019607843 0
1679270519442 0.6268382352941176 0
1679270529036 0.9071691176470589 0
1679270538521 0.9534313725490197 0
1679270548083 0.96875 0
1679270557689 0.9810049019607843 0
1679270567331 0.9892769607843137 0
1679270576913 0.9908088235294118 0
1679270586390 0.9886642156862745 0
1679270595807 0.9901960784313726 0
1679270605375 0.9950980392156863 0
1679270628586 0.5772058823529411 0
1679270638097 0.9151348039215687 0
1679270648050 0.960171568627451 0
1679270657705 0.9806985294117647 0
1679270667581 0.9822303921568627 0
1679270677231 0.9883578431372549 0
1679270686980 0.9883578431372549 0
1679270696452 0.9947916666666666 0
1679270706087 1.0 0
1679270715714 0.9960171568627451 0
1679270738225 0.6167279411764706 0
1679270748268 0.9292279411764706 0
1679270757858 0.9733455882352942 0
1679270767496 0.9825367647058824 0
1679270777102 0.9892769607843137 0
1679270786738 0.9877450980392157 0
1679270796289 0.9898897058823529 0
1679270805669 0.9963235294117647 0
1679270815255 0.9947916666666666 0
1679270825058 0.9944852941176471 0
1679270848215 0.6387867647058824 0
1679270857882 0.928921568627451 0
1679270867739 0.9730392156862745 0
1679270877371 0.9840686274509803 0
1679270886812 0.9886642156862745 0
1679270896501 0.9889705882352942 0
1679270906198 0.9941789215686274 0
1679270915977 0.9880514705882353 0
1679270925389 0.9917279411764706 0
1679270934895 0.9892769607843137 0
1679270958155 0.5425857843137255 0
1679270967788 0.8918504901960784 0
1679270977210 0.9525122549019608 0
1679270987046 0.9767156862745098 0
1679270996779 0.9816176470588235 0
1679271006351 0.9908088235294118 0
1679271015943 0.9862132352941176 0
1679271025505 0.9963235294117647 0
1679271034749 0.984375 0
1679271044181 0.9874387254901961 0
1679271067524 0.5386029411764706 0
1679271076914 0.8903186274509803 0
1679271086355 0.9564950980392157 0
1679271095744 0.9742647058823529 0
1679271105169 0.9859068627450981 0
1679271114779 0.9877450980392157 0
1679271124203 0.9944852941176471 0
1679271133724 0.9898897058823529 0
1679271143263 0.9880514705882353 0
1679271152828 0.9978553921568627 0
1679271176905 0.5333946078431373 0
1679271186258 0.8952205882352942 0
1679271195694 0.9672181372549019 0
1679271205200 0.9816176470588235 0
1679271214748 0.9908088235294118 0
1679271224196 0.991421568627451 0
1679271233946 0.9920343137254902 0
1679271243406 0.9874387254901961 0
1679271252827 0.9911151960784313 0
1679271262333 0.992953431372549 0
1679271286988 0.5741421568627451 0
1679271296466 0.9451593137254902 0
1679271305908 0.9705882352941176 0
1679271315815 0.9880514705882353 0
1679271325463 0.9932598039215687 0
1679271334985 0.9889705882352942 0
1679271344879 0.9941789215686274 0
1679271354386 0.9944852941176471 0
1679271364172 0.9923406862745098 0
1679271373829 0.9984681372549019 0
1679271397669 0.5664828431372549 0
1679271407111 0.9022671568627451 0
1679271416707 0.960171568627451 0
1679271426253 0.9764093137254902 0
1679271436064 0.9865196078431373 0
1679271445668 0.9923406862745098 0
1679271455588 0.9926470588235294 0
1679271465308 0.9905024509803921 0
1679271475108 0.992953431372549 0
1679271484910 0.9920343137254902 0
1679271508929 0.5582107843137255 0
1679271518492 0.8982843137254902 0
1679271528395 0.9684436274509803 0
1679271538239 0.9797794117647058 0
1679271548028 0.9880514705882353 0
1679271557707 0.9880514705882353 0
1679271567093 0.9938725490196079 0
1679271576679 0.9917279411764706 0
1679271586548 0.9954044117647058 0
1679271596734 0.9935661764705882 0
1679271620966 0.5750612745098039 0
1679271630652 0.9145220588235294 0
1679271640161 0.9635416666666666 0
1679271649620 0.9810049019607843 0
1679271659460 0.9880514705882353 0
1679271668870 0.9957107843137255 0
1679271678243 0.9920343137254902 0
1679271687728 0.9859068627450981 0
1679271697432 0.9917279411764706 0
1679271706969 0.9960171568627451 0
1679271731698 0.5919117647058824 0
1679271741401 0.9356617647058824 0
1679271751183 0.9727328431372549 0
1679271761217 0.9736519607843137 0
1679271771078 0.9905024509803921 0
1679271780620 0.992953431372549 0
1679271790735 0.9923406862745098 0
1679271800542 0.9901960784313726 0
1679271809809 0.9908088235294118 0
1679271819735 0.9905024509803921 0
1679271844694 0.6571691176470589 0
1679271854280 0.9353553921568627 0
1679271864072 0.9681372549019608 0
1679271873748 0.9846813725490197 0
1679271883375 0.9849877450980392 0
1679271892885 0.9874387254901961 0
1679271902800 0.9923406862745098 0
1679271912505 0.9917279411764706 0
1679271922021 0.9917279411764706 0
1679271931584 0.9969362745098039 0
1679271957466 0.5955882352941176 0
1679271967211 0.9243259803921569 0
1679271977158 0.9684436274509803 0
1679271987052 0.9856004901960784 0
1679271996800 0.9898897058823529 0
1679272006388 0.9898897058823529 0
1679272016213 0.9932598039215687 0
1679272026110 0.9898897058823529 0
1679272035742 0.9926470588235294 0
1679272045453 0.9920343137254902 0
1679272070731 0.5658700980392157 0
1679272080486 0.9047181372549019 0
1679272090252 0.9675245098039216 0
1679272100136 0.9794730392156863 0
1679272109562 0.9825367647058824 0
1679272119483 0.9883578431372549 0
1679272129397 0.9892769607843137 0
1679272139090 0.9969362745098039 0
1679272148625 0.9950980392156863 0
1679272158033 0.9947916666666666 0
1679272183352 0.5024509803921569 0
1679272192695 0.8578431372549019 0
1679272202463 0.9375 0
1679272212399 0.9705882352941176 0
1679272222080 0.9797794117647058 0
1679272231624 0.9846813725490197 0
1679272241097 0.9920343137254902 0
1679272250615 0.9917279411764706 0
1679272260403 0.9877450980392157 0
1679272270008 0.9874387254901961 0
