1679839048509 52.80757533595897 0
1679839102091 53.06924397801049 0
1679839155783 53.172016063006595 0
1679839209629 53.31614052108489 0
1679839263245 53.11230454093311 0
1679839316653 52.91580925800372 0
1679839370229 53.07048326393124 0
1679839423487 52.754159786971286 0
1679839477033 53.04191247699782 0
1679839530987 53.44551555009093 0
1679839603158 5.549259672057815 0
1679839608817 5.471737288986333 0
1679839614274 5.271717449999414 0
1679839619830 5.364083353080787 0
1679839625331 5.301645001978613 0
1679839631018 5.486517341108993 0
1679839636653 5.416272004018538 0
1679839642504 5.669665519963019 0
1679839648210 5.504809451056644 0
1679839653922 5.5070878899423406 0
1679839678145 5.992039325996302 0
1679839684565 6.212775108986534 0
1679839690840 6.083688177051954 0
1679839697117 6.047244687913917 0
1679839703643 6.325680372072384 0
1679839709618 5.791947863064706 0
1679839715838 6.028617850039154 0
1679839722002 5.953603334957734 0
1679839728258 6.0393596910871565 0
1679839734761 6.307424358907156 0
1679839759784 6.7744053630158305 0
1679839766706 6.723109312006272 0
1679839773479 6.583733189036138 0
1679839780588 6.910830053966492 0
1679839787566 6.754357755999081 0
1679839794539 6.773099562968127 0
1679839801553 6.8022059799404815 0
1679839808308 6.548292443039827 0
1679839815311 6.829960332019255 0
1679839822050 6.527105469023809 0
1679839848429 7.076584537979215 0
1679839855939 7.293830574955791 0
1679839863303 7.163287412957288 0
1679839870688 7.176714065019041 0
1679839877779 6.856469333986752 0
1679839885067 7.0999427230563015 0
1679839892318 7.0272235670126975 0
1679839899341 6.819244266953319 0
1679839906700 7.1435165769653395 0
1679839913990 7.073529954999685 0
1679839940749 7.671453929971904 0
1679839948691 7.719031392014585 0
1679839956606 7.6870625499868765 0
1679839964587 7.751338248956017 0
1679839972358 7.553967554937117 0
1679839980319 7.762483280035667 0
1679839988366 7.826150675071403 0
1679839996239 7.676176492939703 0
1679840004194 7.761022655991837 0
1679840012128 7.705977592035197 0
1679840040304 8.593983869999647 0
1679840048684 8.191171429003589 0
1679840057098 8.20576456899289 0
1679840065530 8.206617383984849 0
1679840073964 8.226932439021766 0
1679840082655 8.49831858696416 0
1679840091435 8.577211756957695 0
1679840100067 8.423524323967285 0
1679840108573 8.311571298982017 0
1679840117123 8.355812383000739 0
1679840146810 8.862364439060912 0
1679840155947 8.938404235988855 0
1679840165107 8.919403973035514 0
1679840174639 9.287698442931287 0
1679840183827 8.976391891948879 0
1679840193103 9.056097889901139 0
1679840202093 8.777262054034509 0
1679840211383 9.086621596012264 0
1679840220497 8.908252177992836 0
1679840229629 8.92003462894354 0
1679840261243 9.74461486400105 0
1679840270787 9.320083964965306 0
1679840280440 9.440507334074937 0
1679840290182 9.523647477966733 0
1679840300065 9.656387082999572 0
1679840310055 9.756571987993084 0
1679840319693 9.387873330968432 0
1679840329726 9.799730115919374 0
1679840339327 9.356430997955613 0
1679840349026 9.456111989100464 0
1679840381598 10.171966271009296 0
1679840391815 10.014522804995067 0
1679840402144 10.126340841059573 0
1679840412462 10.107334628002718 0
1679840422765 10.048274519038387 0
1679840433022 10.009702636976726 0
1679840443817 10.578843564959243 0
1679840453919 9.891005898010917 0
1679840464179 10.052790883928537 0
1679840474866 10.453675125958398 0
1679840508191 10.325238040997647 0
1679840518984 10.567383348941803 0
1679840529872 10.639275643974543 0
1679840541007 10.915348962997086 0
1679840552286 11.039498409023508 0
1679840563024 10.500677061034366 0
1679840573901 10.667941934079863 0
1679840584701 10.579809890012257 0
1679840595460 10.52493165107444 0
1679840606297 10.603941985988058 0
1679840640312 11.158704352914356 0
1679840651582 11.033421252970584 0
1679840663165 11.363330275984481 0
1679840674705 11.312080981908366 0
1679840686213 11.273932149983011 0
1679840697752 11.308420895016752 0
1679840709118 11.116453973925672 0
1679840720536 11.197615550016053 0
1679840731954 11.195356625015847 0
1679840743806 11.600752614904195 0
1679840778545 11.532601373968646 0
1679840790430 11.667281528934836 0
1679840802312 11.65521646104753 0
1679840814081 11.523995666997507 0
1679840826176 11.86222943093162 0
1679840838294 11.892114884918556 0
1679840850183 11.65853989799507 0
1679840862485 12.066976316040382 0
1679840874461 11.745770688983612 0
1679840886540 11.702568673994392 0
1679840923582 12.434700476005673 0
1679840936182 12.361166322021745 0
1679840948655 12.238328394014388 0
1679840961265 12.39773437101394 0
1679840973785 12.29891936504282 0
1679840986642 12.619693581946194 0
1679840999324 12.46205861296039 0
1679841011687 12.143148968112655 0
1679841024145 12.229874931974337 0
1679841036800 12.431162953958847 0
1679841074572 13.406916742096655 0
1679841087853 13.023771370062605 0
1679841100886 12.785058225039393 0
1679841114075 12.942015944048762 0
1679841127185 12.893892256077379 0
1679841140530 13.13103654596489 0
1679841154043 13.260377482976764 0
1679841167688 13.393760593025945 0
1679841181233 13.290653489995748 0
1679841194761 13.303614614065737 0
1679841233485 13.609252849011682 0
1679841247607 13.896946438006125 0
1679841261650 13.808491050032899 0
1679841275503 13.615805787034333 0
1679841289164 13.433618781971745 0
1679841303072 13.655556442099623 0
1679841317022 13.728688305011019 0
1679841330973 13.717795531032607 0
1679841345101 13.855015801033005 0
1679841359027 13.686971609015018 0
1679841407961 14.074281767010689 0
1679841422309 14.122753706993535 0
1679841436583 14.045671351952478 0
1679841451152 14.289650377002545 0
1679841465572 14.16519451898057 0
1679841480197 14.387615447980352 0
1679841494375 13.950879532960244 0
1679841508697 14.077172752004117 0
1679841523742 14.807369220070541 0
1679841538112 14.135824547032826 0
1679841581049 14.799453886924312 0
1679841595734 14.44645632605534 0
1679841610541 14.562280236044899 0
1679841625154 14.359394985018298 0
1679841640394 14.97701389202848 0
1679841655411 14.781789763015695 0
1679841670088 14.43701852497179 0
1679841684869 14.547338768956251 0
1679841699800 14.685083718970418 0
1679841714724 14.685080448980443 0
1679841757161 15.177548880921677 0
1679841772725 15.31020335003268 0
1679841788398 15.415697188000195 0
1679841803776 15.117035806993954 0
1679841819457 15.458918645977974 0
1679841834789 15.101899124099873 0
1679841850309 15.26706678897608 0
1679841865971 15.362513286061585 0
1679841881356 15.151642479002476 0
1679841896706 15.112750297994353 0
1679841939828 15.567357889958657 0
1679841955777 15.701981546008028 0
1679841971917 15.887283663032576 0
1679841988515 16.347874974948354 0
1679842004341 15.5891544270562 0
1679842020531 15.927111575962044 0
1679842036704 15.905809925985523 0
1679842052993 16.0534268070478 0
1679842069166 15.901056805974804 0
1679842085215 15.812304539955221 0
