1680191449817 32.458927826000945 0
1680191480465 30.303000119998615 0
1680191511662 30.87313076999999 0
1680191542551 30.513692861999516 0
1680191573564 30.670067379998727 0
1680191604994 31.06780530099968 0
1680191635652 30.324103277000177 0
1680191667302 31.329105889000857 0
1680191698165 30.501981078001336 0
1680191729389 30.789011143999232 0
1680191764632 34.34052705200156 0
1680191799810 34.84598341000128 0
1680191835128 34.96703100999912 0
1680191870339 34.848141825999846 0
1680191905787 35.095810395003355 0
1680191940854 34.70878353099761 0
1680191976609 35.401808066999365 0
1680192011301 34.266597097997874 0
1680192046439 34.803366512998764 0
1680192081557 34.78095356599806 0
1680192117337 34.70593169999847 0
1680192152734 35.06106362100036 0
1680192187452 34.36095794300127 0
1680192222143 34.34612489800202 0
1680192256783 34.27093978300036 0
1680192291962 34.79406244799975 0
1680192326984 34.64958656399904 0
1680192362002 34.66874316999747 0
1680192396717 34.39179736200094 0
1680192431498 34.43150584900286 0
1680192465986 33.10755881200021 0
1680192500133 33.81360501200106 0
1680192534648 34.18706517999817 0
1680192568562 33.57679753299817 0
1680192603845 34.89018260299781 0
1680192637202 33.02436747400134 0
1680192672121 34.579445686002146 0
1680192705940 33.46063344199865 0
1680192740260 34.00429012799941 0
1680192773921 33.308994393999455 0
1680192805881 30.249224985000183 0
1680192836234 29.986341272000573 0
1680192866736 30.135115092998603 0
1680192896973 29.895721525997942 0
1680192927445 30.121397194001474 0
1680192957474 29.671379389998037 0
1680192988151 30.337584830002015 0
1680193018296 29.808291029999964 0
1680193048657 30.0115566759996 0
1680193079101 30.102595797001413 0
1680193123030 41.98548219199802 0
1680193166360 42.987879674001306 0
1680193209267 42.5362612429999 0
1680193251804 42.183110850997764 0
1680193294262 42.06949306999741 0
1680193337626 42.99435495000216 0
1680193379989 41.99578767300045 0
1680193422650 42.299247487000684 0
1680193464701 41.68662294599926 0
1680193507746 42.699705189999804 0
1680193537781 27.130062134998298 0
1680193565550 27.405411122999794 0
1680193593178 27.285898360001738 0
1680193620901 27.384791423002753 0
1680193648686 27.430255673003558 0
1680193676307 27.296296165000967 0
1680193704175 27.536237850999896 0
1680193731879 27.346812784002395 0
1680193759849 27.609833245998743 0
1680193786821 26.6243796259987 0
1680193800674 10.48921423900174 0
1680193811561 10.534747106001305 0
1680193822386 10.473014871000487 0
1680193833238 10.503860379998514 0
1680193844145 10.567892364997533 0
1680193855065 10.564491657001781 0
1680193866141 10.69749511199916 0
1680193876856 10.356364829000086 0
1680193887774 10.594492381002055 0
1680193898393 10.255032967997977 0
1680193934256 32.3471832039977 0
1680193966255 31.651024654001958 0
1680193998004 31.39217978799934 0
1680194029703 31.34882937600196 0
1680194061516 31.375214745999983 0
1680194093780 31.932181465999747 0
1680194125155 31.03623417199924 0
1680194157011 31.510616604999086 0
1680194189250 31.869528823997825 0
1680194221715 32.12671638699976 0
1680194235813 10.203332523000427 0
1680194246761 10.603442602998257 0
1680194257195 10.127482722000423 0
1680194267638 10.132478045998141 0
1680194278725 10.740539087000798 0
1680194289693 10.649770297997748 0
1680194300746 10.751783392002835 0
1680194311221 10.123083418999158 0
1680194321694 10.13387577300091 0
1680194332036 9.990368209000735 0
1680194346167 9.895003395999083 0
1680194356260 9.727719122001872 0
1680194366167 9.563902591999067 0
1680194376482 9.967236882999714 0
1680194386833 10.017888828999276 0
1680194396901 9.73785270100052 0
1680194407048 9.803923750998365 0
1680194417488 10.1231335880002 0
1680194427672 9.858886013000301 0
1680194437910 9.898617519000254 0
1680194452090 9.819229876000463 0
1680194462670 10.224647075003304 0
1680194472881 9.866579062996607 0
1680194483159 9.94631681300234 0
1680194493571 10.042366308000055 0
1680194503897 9.98792639399835 0
1680194514484 10.258262070998171 0
1680194525087 10.222269622001477 0
1680194535191 9.762429931000952 0
1680194545873 10.364251898001385 0
1680194560862 9.923765835999802 0
1680194570973 9.762142969000706 0
1680194581352 10.051077977001114 0
1680194591786 10.103977697999653 0
1680194601945 9.828942249998363 0
1680194612401 10.11068764799711 0
1680194622488 9.766754759999458 0
1680194632854 10.036502072998701 0
1680194643736 10.53540661399893 0
1680194654266 10.19389663700349 0
