1680191449782 0.996482329842932 0
1680191480443 1.0 0
1680191511644 1.0 0
1680191542533 1.0 0
1680191573547 1.0 0
1680191604975 0.9986092931937173 0
1680191635629 1.0 0
1680191667282 1.0 0
1680191698142 1.0 0
1680191729361 1.0 0
1680191764608 0.9997152619589977 0
1680191799786 1.0 0
1680191835105 1.0 0
1680191870315 1.0 0
1680191905767 1.0 0
1680191940836 1.0 0
1680191976589 1.0 0
1680192011281 1.0 0
1680192046420 1.0 0
1680192081537 1.0 0
1680192117317 0.9999278290993071 0
1680192152713 1.0 0
1680192187427 1.0 0
1680192222124 1.0 0
1680192256751 1.0 0
1680192291938 1.0 0
1680192326959 1.0 0
1680192361980 1.0 0
1680192396698 1.0 0
1680192431481 1.0 0
1680192465962 0.9995598591549296 0
1680192500113 1.0 0
1680192534626 1.0 0
1680192568545 1.0 0
1680192603820 1.0 0
1680192637185 1.0 0
1680192672102 1.0 0
1680192705911 1.0 0
1680192740243 1.0 0
1680192773901 1.0 0
1680192805863 1.0 0
1680192836208 0.9994135388739946 0
1680192866710 1.0 0
1680192896955 1.0 0
1680192927414 1.0 0
1680192957452 1.0 0
1680192988129 1.0 0
1680193018282 1.0 0
1680193048637 1.0 0
1680193079083 1.0 0
1680193123013 0.9836475791433892 0
1680193166341 0.9954027001862198 0
1680193209249 0.997846834264432 0
1680193251784 0.9974976722532588 0
1680193294246 0.9991270949720671 0
1680193337609 0.9980796089385475 0
1680193379969 0.9992434823091247 0
1680193422632 0.9998254189944135 0
1680193464680 0.9968575418994413 0
1680193507729 0.9988361266294227 0
1680193537758 0.9981563421828908 0
1680193565529 0.9997234513274337 0
1680193593160 0.9994469026548672 0
1680193620883 0.9990781710914455 0
1680193648668 1.0 0
1680193676290 1.0 0
1680193704158 1.0 0
1680193731853 1.0 0
1680193759832 1.0 0
1680193786802 1.0 0
1680193800653 0.9770464601769911 0
1680193811534 0.9964048672566371 0
1680193822370 0.9944690265486725 0
1680193833207 0.9983407079646017 0
1680193844125 0.9994469026548672 0
1680193855037 1.0 0
1680193866109 0.9925331858407079 0
1680193876834 0.9980641592920354 0
1680193887755 0.9944690265486725 0
1680193898371 0.9980641592920354 0
1680193934238 0.9781484962406015 0
1680193966238 0.9984335839598998 0
1680193997983 0.9990601503759399 0
1680194029683 0.9980419799498746 0
1680194061493 0.999608395989975 0
1680194093762 0.9998433583959899 0
1680194125135 0.9994517543859649 0
1680194156978 0.999921679197995 0
1680194189233 1.0 0
1680194221696 0.9985119047619048 0
1680194235794 0.9716169724770642 0
1680194246744 0.9985665137614679 0
1680194257176 1.0 0
1680194267619 0.9965596330275229 0
1680194278705 1.0 0
1680194289673 0.9994266055045872 0
1680194300727 0.9974197247706422 0
1680194311201 0.9939793577981652 0
1680194321677 1.0 0
1680194332014 1.0 0
1680194346147 0.9915865384615384 0
1680194356234 0.9996995192307693 0
1680194366145 0.9972956730769231 0
1680194376450 0.9987980769230769 0
1680194386808 1.0 0
1680194396882 0.9990985576923077 0
1680194407029 0.9996995192307693 0
1680194417468 0.9987980769230769 0
1680194427653 1.0 0
1680194437891 0.9996995192307693 0
1680194452068 0.96875 0
1680194462651 0.9948918269230769 0
1680194472857 0.9954927884615384 0
1680194483142 0.9987980769230769 0
1680194493552 0.9993990384615384 0
1680194503873 0.9981971153846154 0
1680194514465 0.9987980769230769 0
1680194525049 0.9972956730769231 0
1680194535168 0.9975961538461539 0
1680194545853 1.0 0
1680194560837 0.9966947115384616 0
1680194570953 0.9987980769230769 0
1680194581330 0.9993990384615384 0
1680194591767 0.9957932692307693 0
1680194601925 0.9987980769230769 0
1680194612382 1.0 0
1680194622469 1.0 0
1680194632829 1.0 0
1680194643714 1.0 0
1680194654249 1.0 0
