1678728495857 4.550423006992787 0
1678728500408 4.394621824845672 0
1678728504871 4.284725347999483 0
1678728509499 4.442644715774804 0
1678728513991 4.312738480977714 0
1678728518624 4.45054384926334 0
1678728523180 4.384402472991496 0
1678728527689 4.332322889007628 0
1678728532109 4.2577415350824594 0
1678728536664 4.379409778863192 0
1678728603468 6.9300025179982185 0
1678728610466 6.873842739965767 0
1678728617425 6.83894238434732 0
1678728624398 6.861839746125042 0
1678728631408 6.884649499785155 0
1678728638332 6.795279839076102 0
1678728645294 6.8336689551360905 0
1678728652230 6.8192876460962 0
1678728659199 6.844773307908326 0
1678728666126 6.808714655227959 0
1678728734613 8.645381059031934 0
1678728743346 8.610475214663893 0
1678728752031 8.56633502105251 0
1678728760639 8.469325165264308 0
1678728769163 8.388006822671741 0
1678728777808 8.522442562039942 0
1678728786437 8.505370975006372 0
1678728795034 8.4805234442465 0
1678728803618 8.4397539710626 0
1678728812323 8.562380300834775 0
1678728881039 8.482964722905308 0
1678728889781 8.607327254954726 0
1678728898326 8.431700197979808 0
1678728907056 8.608975023962557 0
1678728915680 8.511726428288966 0
1678728924282 8.457899270113558 0
1678728933002 8.570168400648981 0
1678728941631 8.516137288883328 0
1678728950219 8.447451936081052 0
1678728958996 8.643394306767732 0
1678729027778 8.464412084780633 0
1678729036424 8.514449445996433 0
1678729045159 8.599485786631703 0
1678729053861 8.568958085030317 0
1678729062424 8.448809845838696 0
1678729071105 8.548101630061865 0
1678729079710 8.455734650138766 0
1678729088374 8.518734328914434 0
1678729096987 8.469789748080075 0
1678729105804 8.672132885083556 0
1678729174389 8.484775436110795 0
1678729183075 8.558926603291184 0
1678729191733 8.540050697978586 0
1678729200339 8.479581020772457 0
1678729209013 8.528125760145485 0
1678729217542 8.389154891949147 0
1678729226097 8.423460985068232 0
1678729234695 8.461019747890532 0
1678729243340 8.530333939939737 0
1678729251948 8.477905375882983 0
1678729321032 8.533557488117367 0
1678729329821 8.653965711127967 0
1678729338376 8.401454896200448 0
1678729346947 8.428055081982166 0
1678729355654 8.563618834130466 0
1678729364225 8.434401893988252 0
1678729372960 8.598444373812526 0
1678729381561 8.467485676053911 0
1678729390081 8.392131487838924 0
1678729398789 8.594334562774748 0
1678729467906 8.59381610667333 0
1678729476477 8.44189389469102 0
1678729485358 8.74713803268969 0
1678729493966 8.494291184004396 0
1678729502646 8.541511530987918 0
1678729511336 8.551826598122716 0
1678729519983 8.513877558987588 0
1678729528552 8.433240844868124 0
1678729537232 8.544937693979591 0
1678729545816 8.453490630257875 0
1678729615881 8.601343321148306 0
1678729624526 8.520551198162138 0
1678729633142 8.49664257420227 0
1678729641714 8.436131665948778 0
1678729650350 8.500449237879366 0
1678729658959 8.477049312088639 0
1678729667618 8.52891387604177 0
1678729676187 8.41901383921504 0
1678729685020 8.69530289620161 0
1678729693733 8.57414514478296 0
1678729763963 8.66279581002891 0
1678729772610 8.532377418130636 0
1678729781274 8.482027649879456 0
1678729789906 8.494970585219562 0
1678729798592 8.552960488945246 0
1678729807373 8.647737127263099 0
1678729816106 8.591653995215893 0
1678729824740 8.51596261607483 0
1678729833447 8.56610771175474 0
1678729842068 8.469358707778156 0
1678729912174 8.613209364935756 0
1678729920854 8.538475184235722 0
1678729929540 8.53472464112565 0
1678729938267 8.581071190070361 0
1678729946895 8.492321718018502 0
1678729955514 8.487863423768431 0
1678729964282 8.635184199083596 0
1678729972962 8.52984659280628 0
1678729981758 8.659295635297894 0
1678729990392 8.48456608876586 0
1678730060352 8.737254987936467 0
1678730068984 8.483868985902518 0
1678730077632 8.526551988907158 0
1678730086307 8.538279904052615 0
1678730094846 8.400569865945727 0
1678730103538 8.545652003958821 0
1678730112188 8.533484461251646 0
1678730120953 8.625542176421732 0
1678730129702 8.59081809176132 0
1678730138439 8.615992831997573 0
1678730208594 8.572004685178399 0
1678730217334 8.571020212955773 0
1678730225963 8.482518083881587 0
1678730234586 8.455975446850061 0
1678730243304 8.595730571076274 0
1678730252046 8.605482862796634 0
1678730260674 8.470740492921323 0
1678730269323 8.500077334232628 0
1678730278015 8.540042997803539 0
1678730286628 8.449120529927313 0
1678730356705 8.60109110083431 0
1678730365343 8.501902090851218 0
1678730374025 8.554017510265112 0
1678730382685 8.512747664935887 0
1678730391441 8.606098000891507 0
1678730400151 8.552122386638075 0
1678730408768 8.48165360186249 0
1678730417424 8.529636221006513 0
1678730426018 8.46388423582539 0
1678730434701 8.553365313913673 0
1678730504977 8.496107772924006 0
1678730513835 8.705648525618017 0
1678730522462 8.480896925088018 0
1678730531193 8.594672633800656 0
1678730539903 8.559347023721784 0
1678730548479 8.429258838295937 0
1678730557183 8.562982483301312 0
1678730565885 8.571172947995365 0
1678730574525 8.505739731248468 0
1678730583285 8.616823572665453 0
1678730653981 8.74210873618722 0
1678730662686 8.533504523802549 0
1678730671528 8.706281499937177 0
1678730680146 8.491491400171071 0
1678730688854 8.566034717019647 0
1678730697546 8.569941265042871 0
1678730706171 8.486922477837652 0
1678730714882 8.565998866222799 0
1678730723651 8.628368842881173 0
1678730732308 8.505359665025026 0
1678730802906 8.523375584743917 0
1678730811587 8.529113343916833 0
1678730820288 8.549637319985777 0
1678730828988 8.564527886919677 0
1678730837777 8.64513508696109 0
1678730846460 8.558402048889548 0
1678730855144 8.533187576103956 0
1678730863845 8.574271006044 0
1678730872494 8.495705015026033 0
1678730881157 8.522679123096168 0
1678730952019 8.521469273604453 0
1678730960838 8.652242788579315 0
1678730969600 8.612129674758762 0
1678730978239 8.466446849051863 0
1678730986867 8.497520813252777 0
1678730995589 8.572567460127175 0
1678731004305 8.56876931199804 0
1678731013018 8.566813933197409 0
1678731021798 8.629147412721068 0
1678731030404 8.45245955279097 0
1678731101777 8.686822961084545 0
1678731110372 8.467687694821507 0
1678731119058 8.525325153023005 0
1678731127649 8.438738897908479 0
1678731136384 8.592040562070906 0
1678731144986 8.460419750772417 0
1678731153727 8.598178779240698 0
1678731162371 8.492805355694145 0
1678731171048 8.518387833144516 0
1678731179659 8.458605762105435 0
1678731250748 8.480336369946599 0
1678731259415 8.51799538731575 0
1678731268111 8.548269158229232 0
1678731276770 8.508272507227957 0
1678731285453 8.545321294106543 0
1678731294284 8.664256951771677 0
1678731302936 8.512511112727225 0
1678731311608 8.542258775327355 0
1678731320361 8.58303451584652 0
1678731329160 8.648879650980234 0
