1678728495834 0.8732866280840694 0
1678728500382 0.9582698751142248 0
1678728504846 0.9805056350898569 0
1678728509474 0.9844654279622297 0
1678728513966 0.9875114224794396 0
1678728518600 0.9844654279622297 0
1678728523154 0.9786780383795309 0
1678728527665 0.9917758148035334 0
1678728532081 0.9826378312519037 0
1678728536644 0.9890344197380445 0
1678728603451 0.9348259469406532 0
1678728610444 0.9952461278944947 0
1678728617398 0.9906456065020702 0
1678728624383 0.9961662321729796 0
1678728631392 0.9914123600674744 0
1678728638311 0.9949394264683331 0
1678728645275 0.9980064407299494 0
1678728652209 0.9989265450084343 0
1678728659178 0.9952461278944947 0
1678728666102 0.9976997393037877 0
1678728734594 0.9593347899975723 0
1678728743328 0.9922311240592376 0
1678728752009 0.9924739014323865 0
1678728760612 0.9933236222384074 0
1678728769145 0.9974508375819373 0
1678728777787 0.9979363923282351 0
1678728786415 0.9969652828356397 0
1678728795013 0.9940519543578539 0
1678728803596 0.9975722262685117 0
1678728812303 0.9975722262685117 0
1678728881012 0.9122146673142302 0
1678728889750 0.9860369111219038 0
1678728898310 0.9946576007770762 0
1678728907030 0.9957503642544925 0
1678728915665 0.9961146187469645 0
1678728924263 0.9939290917921321 0
1678728932983 0.9950218552695483 0
1678728941614 0.9964788732394366 0
1678728950191 0.9969645458960661 0
1678728958966 0.9973288003885381 0
1678729027749 0.8062636562272396 0
1678729036394 0.9401553775188153 0
1678729045136 0.9787569798494781 0
1678729053844 0.9860403010439427 0
1678729062408 0.9934450109249818 0
1678729071074 0.9967225054624909 0
1678729079688 0.9951444525370235 0
1678729088355 0.9929594561786842 0
1678729096956 0.9953872299101724 0
1678729105781 0.9947802864773003 0
1678729174367 0.771546491866958 0
1678729183053 0.8709638261714008 0
1678729191715 0.9469531439669823 0
1678729200320 0.9788783685360525 0
1678729208978 0.9864044671036659 0
1678729217519 0.9900461277008983 0
1678729226074 0.9889536295217286 0
1678729234676 0.9916241806263656 0
1678729243322 0.9908958485069191 0
1678729251920 0.9916241806263656 0
1678729321015 0.7247450218552696 0
1678729329789 0.8437348227294803 0
1678729338357 0.940990772219524 0
1678729346920 0.9751092763477416 0
1678729355630 0.9866440019426906 0
1678729364201 0.9888295288975231 0
1678729372936 0.9906508013598835 0
1678729381536 0.9860369111219038 0
1678729390058 0.9890723652258377 0
1678729398772 0.991500728508985 0
1678729467872 0.7128460417678485 0
1678729476458 0.8126517727051967 0
1678729485341 0.9283632831471588 0
1678729493948 0.9678241864983002 0
1678729502627 0.9838513841670714 0
1678729511299 0.9843370568237009 0
1678729519958 0.9884652744050509 0
1678729528526 0.9825157843613405 0
1678729537196 0.9870082564351627 0
1678729545784 0.9950218552695483 0
1678729615845 0.7021121631463948 0
1678729624507 0.8113619810633649 0
1678729633123 0.9289876183539694 0
1678729641688 0.9663753338188881 0
1678729650329 0.9839766933721777 0
1678729658933 0.9871327992231124 0
1678729667587 0.9854333576110706 0
1678729676158 0.9878611313425588 0
1678729684994 0.9839766933721777 0
1678729693711 0.984340859431901 0
1678729763943 0.7233086359771651 0
1678729772592 0.8329891898457428 0
1678729781245 0.9379327098263087 0
1678729789881 0.971699259079315 0
1678729798570 0.9822664885218025 0
1678729807343 0.9899186201870521 0
1678729816075 0.9859103607433499 0
1678729824717 0.9874893720393538 0
1678729833428 0.9816591764848779 0
1678729842037 0.992955180371675 0
1678729912141 0.7521243020150522 0
1678729920828 0.8542121874241321 0
1678729929501 0.953386744355426 0
1678729938241 0.9798494780286477 0
1678729946864 0.9853119689244962 0
1678729955489 0.988468074775431 0
1678729964249 0.9921097353726632 0
1678729972925 0.9935663996115562 0
1678729981740 0.9855547462976451 0
1678729990366 0.9867686331633891 0
1678730060329 0.7356656948493683 0
1678730068952 0.8366132167152576 0
1678730077611 0.9467930029154519 0
1678730086275 0.9789844509232264 0
1678730094812 0.9839650145772595 0
1678730103514 0.9916180758017493 0
1678730112171 0.9889455782312925 0
1678730120924 0.9912536443148688 0
1678730129670 0.9856656948493683 0
1678730138420 0.9889455782312925 0
1678730208569 0.7336573511543135 0
1678730217306 0.8493317132442284 0
1678730225930 0.9458080194410693 0
1678730234544 0.9775212636695019 0
1678730243284 0.9928311057108141 0
1678730252014 0.9904009720534629 0
1678730260648 0.994775212636695 0
1678730269304 0.9867557715674362 0
1678730277997 0.988213851761847 0
1678730286608 0.9867557715674362 0
1678730356690 0.7373025516403402 0
1678730365310 0.8512758201701094 0
1678730374006 0.951640340218712 0
1678730382658 0.9804374240583232 0
1678730391422 0.9865127582017011 0
1678730400132 0.9901579586877278 0
1678730408737 0.9818955042527339 0
1678730417406 0.9782503037667072 0
1678730425998 0.9901579586877278 0
1678730434681 0.9927095990279465 0
1678730504948 0.740165128703254 0
1678730513795 0.8355998057309374 0
1678730522436 0.950461389023798 0
1678730531160 0.9839728023312287 0
1678730539883 0.9890723652258377 0
1678730548447 0.9946576007770762 0
1678730557158 0.9883438562408936 0
1678730565853 0.9902865468674114 0
1678730574501 0.9884652744050509 0
1678730583245 0.985065565808645 0
1678730653948 0.753066925786469 0
1678730662660 0.8646908781732054 0
1678730671510 0.9497145633426455 0
1678730680127 0.9775294546337908 0
1678730688833 0.9861532855581198 0
1678730697527 0.9860318231507349 0
1678730706137 0.9863962103728896 0
1678730714838 0.9857888983359651 0
1678730723632 0.9846957366695008 0
1678730732283 0.9894327705575124 0
1678730802890 0.7561360874848116 0
1678730811559 0.8503037667071689 0
1678730820265 0.9530984204131228 0
1678730828962 0.9739975698663427 0
1678730837751 0.983232077764277 0
1678730846439 0.9770352369380316 0
1678730855120 0.9840826245443499 0
1678730863824 0.9904009720534629 0
1678730872471 0.9886998784933171 0
1678730881137 0.9848116646415553 0
1678730951988 0.7548567265662943 0
1678730960807 0.8915735794074794 0
1678730969566 0.9641816415735794 0
1678730978211 0.9814230208839242 0
1678730986847 0.9837299660029141 0
1678730995557 0.9870082564351627 0
1678731004276 0.9871296745993201 0
1678731012973 0.9821515298688683 0
1678731021770 0.9828800388538125 0
1678731030375 0.9865225837785333 0
1678731101753 0.7259241245136187 0
1678731110351 0.8028939688715954 0
1678731119023 0.9361624513618677 0
1678731127626 0.9660749027237354 0
1678731136362 0.9796935797665369 0
1678731144954 0.9806663424124513 0
1678731153703 0.9792071984435797 0
1678731162341 0.9832198443579766 0
1678731171014 0.984192607003891 0
1678731179632 0.9827334630350194 0
1678731250730 0.7046751669702489 0
1678731259378 0.8190649666059502 0
1678731268091 0.9222829386763813 0
1678731276739 0.9578627808136004 0
1678731285417 0.9827565270188221 0
1678731294254 0.9843351548269581 0
1678731302902 0.9856709168184578 0
1678731311587 0.9806921675774135 0
1678731320326 0.980327868852459 0
1678731329130 0.9789921068609593 0
