1678728495847 0.36489173869125513 0
1678728500397 0.13195483292107751 0
1678728504861 0.06408903681132132 0
1678728509489 0.041754168176021005 0
1678728513981 0.03594491445776296 0
1678728518615 0.054167686855778475 0
1678728523170 0.0706137323260144 0
1678728527680 0.031888618896335354 0
1678728532097 0.06054470878737822 0
1678728536656 0.03429243951908815 0
1678728603461 0.2437295677513684 0
1678728610456 0.01653909860557834 0
1678728617415 0.033998075061876326 0
1678728624393 0.01381748421800338 0
1678728631402 0.02774019144029722 0
1678728638322 0.01967889703447098 0
1678728645286 0.008014085408185692 0
1678728652221 0.003935953099726369 0
1678728659189 0.01428360641073529 0
1678728666117 0.007961636254497213 0
1678728734606 0.18305327210907263 0
1678728743339 0.026017222706733612 0
1678728752022 0.024941733769088228 0
1678728760625 0.02175650311260364 0
1678728769156 0.00705059925816084 0
1678728777798 0.00762362749491368 0
1678728786430 0.016724621836158242 0
1678728795025 0.022681007175281535 0
1678728803609 0.01139371985658752 0
1678728812316 0.0064863355784992045 0
1678728881030 0.43318276856711563 0
1678728889769 0.04504126863027283 0
1678728898321 0.018155215260746423 0
1678728907046 0.014709815470537513 0
1678728915675 0.01249425833465819 0
1678728924275 0.01935484511984694 0
1678728932993 0.019677983205976943 0
1678728941625 0.011797873342356074 0
1678728950204 0.011434540612366236 0
1678728958985 0.01012618561499865 0
1678729027768 0.7713359152411164 0
1678729036413 0.19290774363620128 0
1678729045150 0.06767435242657299 0
1678729053855 0.044624608772730855 0
1678729062418 0.020849973214308624 0
1678729071090 0.011532988722087252 0
1678729079699 0.013546956366850106 0
1678729088366 0.023890242457561557 0
1678729096972 0.014811239790246112 0
1678729105795 0.016020583070863334 0
1678729174378 0.9342735270963013 0
1678729183063 0.4301900463352854 0
1678729191727 0.1650492292748591 0
1678729200329 0.06759062544430278 0
1678729208997 0.04003144526534446 0
1678729217530 0.03270886895041275 0
1678729226086 0.03242937896965837 0
1678729234686 0.024817774138198797 0
1678729243334 0.028511992131811405 0
1678729251938 0.025075566501346035 0
1678729321026 1.1654109080304447 0
1678729329807 0.5068991687067392 0
1678729338369 0.1803552318453036 0
1678729346932 0.07667442376717687 0
1678729355645 0.04489922188828514 0
1678729364213 0.03489075142156555 0
1678729372950 0.03024429594736045 0
1678729381549 0.04709267890783712 0
1678729390069 0.035849883006464994 0
1678729398782 0.025412618906279928 0
1678729467893 1.2134285071858393 0
1678729476469 0.5887257029212407 0
1678729485351 0.22389219732409602 0
1678729493959 0.10412446575916873 0
1678729502639 0.05579390983047953 0
1678729511319 0.05096995045673853 0
1678729519971 0.03955939374416307 0
1678729528540 0.05717112259186656 0
1678729537215 0.040443349457646695 0
1678729545804 0.014597992823167915 0
1678729615864 1.3016103540817838 0
1678729624519 0.6152380532534211 0
1678729633135 0.2352020143549125 0
1678729641700 0.11929990811728829 0
1678729650340 0.054276922375368936 0
1678729658945 0.041187038814048 0
1678729667608 0.04715473502177974 0
1678729676171 0.040054532991300316 0
1678729685007 0.04746542969444085 0
1678729693722 0.05292086224142904 0
1678729763955 1.2254633336633056 0
1678729772603 0.5237831714940103 0
1678729781263 0.20252564138229803 0
1678729789895 0.09218628927983853 0
1678729798583 0.0574412600091027 0
1678729807362 0.03719695185303333 0
1678729816093 0.04338056617368365 0
1678729824730 0.04294606450106688 0
1678729833440 0.0604860727386462 0
1678729842058 0.02493392612462028 0
1678729912163 1.1633310607406346 0
1678729920840 0.45591657957309484 0
1678729929524 0.15596951731679856 0
1678729938256 0.06771489888028082 0
1678729946883 0.049360848456787586 0
1678729955501 0.042933040331306606 0
1678729964271 0.02928364610706003 0
1678729972947 0.02222028600990783 0
1678729981752 0.04295060281831935 0
1678729990378 0.04087788109111609 0
1678730060343 1.2139245505119785 0
1678730068973 0.522442655730178 0
1678730077624 0.18043171148837714 0
1678730086296 0.08015122768026572 0
1678730094833 0.05395052537133789 0
1678730103527 0.03188588216075397 0
1678730112182 0.03732882338133437 0
1678730120936 0.03129601931136981 0
1678730129691 0.0455394801240237 0
1678730138432 0.033247899125055005 0
1678730208584 1.2449700237913814 0
1678730217323 0.49142127839502125 0
1678730225945 0.1806759812924581 0
1678730234569 0.07759772066733056 0
1678730243296 0.028090893170758992 0
1678730252035 0.03708284040154801 0
1678730260662 0.022493830367805095 0
1678730269315 0.041077299922125304 0
1678730278008 0.044749226237569155 0
1678730286620 0.03980908460308541 0
1678730356698 1.184099868957501 0
1678730365331 0.47151250493048463 0
1678730374018 0.16425833356264585 0
1678730382675 0.07122004813042765 0
1678730391433 0.045048296934091014 0
1678730400143 0.03790599450125005 0
1678730408757 0.058090149470913885 0
1678730417418 0.07188123370773121 0
1678730426010 0.0345555559253345 0
1678730434693 0.025755576481352384 0
1678730504964 1.3002186239547322 0
1678730513819 0.5247054601132494 0
1678730522451 0.1705901589264506 0
1678730531181 0.06943119214436075 0
1678730539895 0.04165344274701888 0
1678730548463 0.0233131367790107 0
1678730557173 0.0412347743390811 0
1678730565865 0.03517904093343405 0
1678730574513 0.039882266048713796 0
1678730583271 0.04668058069095363 0
1678730653966 1.1055826685429488 0
1678730662676 0.44494236146898386 0
1678730671521 0.17371595431095221 0
1678730680139 0.07770676704726097 0
1678730688846 0.050868280017475856 0
1678730697539 0.04859859517486 0
1678730706159 0.04818971864707188 0
1678730714863 0.05272282533561178 0
1678730723644 0.04525722538063466 0
1678730732298 0.03575455732453561 0
1678730802899 1.2037525137893195 0
1678730811576 0.5079958523246816 0
1678730820279 0.1664170728437376 0
1678730828978 0.0832489415641109 0
1678730837766 0.05993120299056987 0
1678730846452 0.08544190390123776 0
1678730855134 0.05843023915174231 0
1678730863836 0.03834623686770115 0
1678730872485 0.03887145691896412 0
1678730881149 0.0525424983298105 0
1678730952002 0.9995710617740968 0
1678730960826 0.354275359002753 0
1678730969586 0.1288979555534008 0
1678730978223 0.07277409993510127 0
1678730986859 0.05826378370137209 0
1678730995574 0.04542355301946894 0
1678731004293 0.03948017080269678 0
1678731013000 0.0616709432560605 0
1678731021786 0.05743420777540254 0
1678731030393 0.04413524480702129 0
1678731101767 1.4385264658655406 0
1678731110363 0.6776917131929314 0
1678731119045 0.22956001565063278 0
1678731127640 0.11839098778122072 0
1678731136375 0.07736483236397924 0
1678731144967 0.06259497231441452 0
1678731153717 0.06841808607292647 0
1678731162359 0.05780419606555993 0
1678731171035 0.050170055468718916 0
1678731179648 0.05535594940526186 0
1678731250740 1.128536761277505 0
1678731259403 0.5739018713696914 0
1678731268103 0.2594475123291676 0
1678731276759 0.1281459341410369 0
1678731285430 0.06312401035181957 0
1678731294273 0.054228221357963485 0
1678731302925 0.051288171871166625 0
1678731311600 0.06332891496541866 0
1678731320350 0.06610413078709523 0
1678731329149 0.0724096447699853 0
