1679404483964 4.17511785402894 0
1679404487033 2.9168002330698073 0
1679404491474 4.25181428308133 0
1679404495921 4.26639460993465 0
1679404499661 3.580979616031982 0
1679404503918 4.089463167008944 0
1679404508063 3.9704424829687923 0
1679404512270 4.027571039972827 0
1679404516401 3.9731731129577383 0
1679404520573 3.989960056031123 0
1679404539923 4.84027070295997 0
1679404544816 4.707342711044475 0
1679404549648 4.628397842985578 0
1679404554185 4.35646977100987 0
1679404559183 4.8188978099497035 0
1679404564147 4.768060247995891 0
1679404569217 4.878309829044156 0
1679404573903 4.508321274071932 0
1679404578833 4.7527869020123035 0
1679404583745 4.721089445985854 0
1679404600924 4.662537061027251 0
1679404605958 4.763201830908656 0
1679404610839 4.668660014052875 0
1679404615877 4.856691997032613 0
1679404620794 4.7122703599743545 0
1679404625710 4.729690067004412 0
1679404630674 4.785267270985059 0
1679404635519 4.640985428006388 0
1679404640451 4.7493762749945745 0
1679404645375 4.715426973998547 0
1679404661198 4.822582447086461 0
1679404666141 4.7436846640193835 0
1679404671082 4.766478264937177 0
1679404676040 4.75588223093655 0
1679404681101 4.867033909889869 0
1679404686034 4.74463722796645 0
1679404690853 4.62988848099485 0
1679404696051 4.9405685879755765 0
1679404700911 4.680966316955164 0
1679404705611 4.454364759963937 0
1679404722674 4.58629695198033 0
1679404727544 4.675932875019498 0
1679404732583 4.834153981995769 0
1679404737684 4.905449928948656 0
1679404742601 4.703119651065208 0
1679404747593 4.78751331102103 0
1679404752580 4.77214479201939 0
1679404757487 4.693960635107942 0
1679404762582 4.840907294070348 0
1679404767179 4.4053175079170614 0
1679404784590 4.850006198044866 0
1679404789434 4.652463839040138 0
1679404794628 5.004237759043463 0
1679404799666 4.851329894037917 0
1679404804695 4.831426076008938 0
1679404809751 4.841973175061867 0
1679404814801 4.84208349394612 0
1679404819303 4.274716426036321 0
1679404824438 4.9308112289290875 0
1679404829668 5.00951244099997 0
1679404846944 4.82110904797446 0
1679404852065 4.8965269409818575 0
1679404856868 4.614082945976406 0
1679404862036 4.9742979450384155 0
1679404867002 4.782059710007161 0
1679404872127 4.9356415909715 0
1679404876675 4.28966940799728 0
1679404881909 5.021707407082431 0
1679404887128 5.028473300975747 0
1679404891678 4.372818075004034 0
1679404910109 4.859225189895369 0
1679404915076 4.787833818001673 0
1679404919996 4.717322294018231 0
1679404925005 4.783619888941757 0
1679404929989 4.798540318035521 0
1679404934319 4.054401598055847 0
1679404939383 4.877805707976222 0
1679404944466 4.8887142420280725 0
1679404949077 4.404633727972396 0
1679404954109 4.81872735300567 0
1679404972542 4.877440062933601 0
1679404977611 4.869746841024607 0
1679404982762 4.92954823304899 0
1679404987765 4.7855845369631425 0
1679404991981 3.95614313299302 0
1679404996941 4.735614928998984 0
1679405001985 4.8523025860777125 0
1679405006565 4.382635551970452 0
1679405011579 4.817275477107614 0
1679405016648 4.872033447958529 0
1679405035463 4.757772287004627 0
1679405040474 4.817585307988338 0
1679405045490 4.802048392943107 0
1679405049589 3.8311943019507453 0
1679405054990 5.184512817999348 0
1679405060014 4.8338436300400645 0
1679405064574 4.35030261403881 0
1679405069666 4.895798465935513 0
1679405074644 4.7719418599735945 0
1679405079742 4.891090849996544 0
1679405099001 4.925083996960893 0
1679405104044 4.8361993139842525 0
1679405108070 3.7833208310185 0
1679405113283 4.96543111896608 0
1679405118272 4.80157880904153 0
1679405123072 4.606423779041506 0
1679405128074 4.79716486192774 0
1679405133288 4.972827743040398 0
1679405138341 4.854569577961229 0
1679405143390 4.841717840055935 0
1679405162400 4.6207659129286185 0
1679405166365 3.7324220810551196 0
1679405171550 4.964006063062698 0
1679405176519 4.753546455991454 0
1679405181659 4.936518806032836 0
1679405186335 4.4616505859885365 0
1679405191483 4.96630941494368 0
1679405196508 4.810625634039752 0
1679405201612 4.891512024099939 0
1679405206715 4.8844782810192555 0
1679405226525 4.779835792025551 0
1679405231581 4.815668761031702 0
1679405236455 4.673452650080435 0
1679405241542 4.878228650079109 0
1679405246536 4.77062650595326 0
1679405251661 4.902918169973418 0
1679405256579 4.720930229057558 0
1679405261770 4.970787081983872 0
1679405266902 4.9148088389774784 0
1679405272038 4.914717552950606 0
1679405292466 4.832665557041764 0
1679405297438 4.754783070995472 0
1679405302363 4.719513831078075 0
1679405307454 4.859941027010791 0
1679405312310 4.6528989729704335 0
1679405317306 4.775158627075143 0
1679405322535 5.028414763044566 0
1679405327463 4.718422251055017 0
1679405332603 4.929177889949642 0
1679405337625 4.793132196064107 0
1679405358069 4.875636290991679 0
1679405363064 4.782232332974672 0
1679405368097 4.821808677050285 0
1679405373006 4.699102484039031 0
1679405378028 4.824215683969669 0
1679405383036 4.791233133990318 0
1679405388232 4.938409601920284 0
1679405393230 4.730130273965187 0
1679405398521 5.078005293966271 0
1679405403289 4.576423094957136 0
1679405424180 4.869236245052889 0
1679405429219 4.8389040200272575 0
1679405434211 4.7805025620618835 0
1679405439422 4.964450955041684 0
1679405444599 4.957579943002202 0
1679405449667 4.8512620909605175 0
1679405454595 4.696859731920995 0
1679405459425 4.587175960070454 0
1679405464486 4.85464689694345 0
1679405469522 4.811368468916044 0
1679405490729 4.887501547927968 0
1679405495788 4.833570866030641 0
1679405500870 4.866825253004208 0
1679405505962 4.856919665005989 0
1679405511167 4.94097390701063 0
1679405516059 4.650507180020213 0
1679405521056 4.792065859073773 0
1679405526327 5.044725587009452 0
1679405531301 4.77202206896618 0
1679405536259 4.731574674020521 0
1679405557263 5.07595722109545 0
1679405562339 4.865503560984507 0
1679405567457 4.894365296000615 0
1679405572587 4.906999625032768 0
1679405577644 4.808251376962289 0
1679405582550 4.690450249938294 0
1679405587789 5.008012855076231 0
1679405592991 4.9610730489948764 0
1679405598109 4.872301810071804 0
1679405603320 4.949700620956719 0
1679405624471 4.571583600947633 0
1679405629463 4.767316858982667 0
1679405634514 4.833183747949079 0
1679405639383 4.643044881988317 0
1679405644530 4.923028538003564 0
1679405649573 4.826321787084453 0
1679405654401 4.607194384094328 0
1679405659579 4.957632147939876 0
1679405664816 4.984492685995065 0
1679405669826 4.774778156075627 0
1679405692304 4.866791245993227 0
1679405697569 4.991912611061707 0
1679405702675 4.8902306240051985 0
1679405707945 5.018870033090934 0
1679405713128 4.911405893974006 0
1679405718308 4.946322677074932 0
1679405723395 4.857596901012585 0
1679405728224 4.611419960972853 0
1679405733438 4.991821371018887 0
1679405738626 4.930362639017403 0
