1679227342523 0.8777573529411765 0
1679227346701 0.9546568627450981 0
1679227350743 0.9708946078431373 0
1679227354805 0.9782475490196079 0
1679227359057 0.9889705882352942 0
1679227363539 0.9920343137254902 0
1679227367774 0.9892769607843137 0
1679227371905 0.9957107843137255 0
1679227376335 0.9957107843137255 0
1679227380874 0.9981617647058824 0
1679227395433 0.8547794117647058 0
1679227399690 0.9718137254901961 0
1679227403844 0.9883578431372549 0
1679227408283 0.9923406862745098 0
1679227412456 0.9908088235294118 0
1679227416815 0.9770220588235294 0
1679227421095 0.9941789215686274 0
1679227425489 0.9926470588235294 0
1679227429672 0.9996936274509803 0
1679227433896 0.9990808823529411 0
1679227450256 0.7815563725490197 0
1679227454834 0.9779411764705882 0
1679227459225 0.9880514705882353 0
1679227463620 0.9877450980392157 0
1679227467878 0.991421568627451 0
1679227472002 0.9978553921568627 0
1679227476102 0.9987745098039216 0
1679227480401 0.9938725490196079 0
1679227484891 0.9733455882352942 0
1679227489267 0.9960171568627451 0
1679227505775 0.7457107843137255 0
1679227510220 0.9586397058823529 0
1679227514494 0.975796568627451 0
1679227518818 0.9810049019607843 0
1679227523099 0.9969362745098039 0
1679227527279 0.9975490196078431 0
1679227531559 0.9886642156862745 0
1679227535667 0.9840686274509803 0
1679227540028 0.9941789215686274 0
1679227544376 0.9975490196078431 0
1679227560758 0.6439950980392157 0
1679227564885 0.9479166666666666 0
1679227569184 0.9828431372549019 0
1679227573600 0.9877450980392157 0
1679227577811 0.9806985294117647 0
1679227581471 0.9877450980392157 0
1679227585785 0.9947916666666666 0
1679227589991 0.9950980392156863 0
1679227594583 0.9880514705882353 0
1679227598730 0.9911151960784313 0
1679227615410 0.5759803921568627 0
1679227619769 0.9203431372549019 0
1679227624041 0.960171568627451 0
1679227628303 0.9751838235294118 0
1679227632586 0.9898897058823529 0
1679227637402 0.9846813725490197 0
1679227641669 0.9852941176470589 0
1679227645927 0.9892769607843137 0
1679227650372 0.9954044117647058 0
1679227654872 0.9975490196078431 0
1679227671020 0.5876225490196079 0
1679227675219 0.9261642156862745 0
1679227679628 0.9635416666666666 0
1679227683851 0.9828431372549019 0
1679227688292 0.9837622549019608 0
1679227692656 0.9889705882352942 0
1679227696736 0.9978553921568627 0
1679227700996 0.9966299019607843 0
1679227705449 0.9963235294117647 0
1679227709773 0.9932598039215687 0
1679227726510 0.6109068627450981 0
1679227730659 0.9154411764705882 0
1679227734965 0.9626225490196079 0
1679227739374 0.9641544117647058 0
1679227743703 0.9825367647058824 0
1679227747986 0.991421568627451 0
1679227752250 0.9905024509803921 0
1679227756436 0.9920343137254902 0
1679227760793 0.9944852941176471 0
1679227764919 0.9972426470588235 0
1679227783128 0.6430759803921569 0
1679227787509 0.9399509803921569 0
1679227791975 0.9748774509803921 0
1679227796481 0.9849877450980392 0
1679227800789 0.9911151960784313 0
1679227805170 0.9895833333333334 0
1679227809668 0.9932598039215687 0
1679227813784 0.9871323529411765 0
1679227818089 0.9941789215686274 0
1679227822512 0.9944852941176471 0
1679227840313 0.5986519607843137 0
1679227844706 0.9417892156862745 0
1679227849187 0.9754901960784313 0
1679227853455 0.984375 0
1679227857789 0.9877450980392157 0
1679227862125 0.9846813725490197 0
1679227866456 0.9950980392156863 0
1679227870753 0.9895833333333334 0
1679227875200 0.9908088235294118 0
1679227879478 0.9987745098039216 0
1679227896628 0.48284313725490197 0
1679227900401 0.8719362745098039 0
1679227904941 0.9540441176470589 0
1679227909536 0.9761029411764706 0
1679227913998 0.9895833333333334 0
1679227918396 0.9874387254901961 0
1679227922790 0.9944852941176471 0
1679227927093 0.9935661764705882 0
1679227931372 0.9871323529411765 0
1679227935777 0.9895833333333334 0
1679227954001 0.5845588235294118 0
1679227958664 0.9154411764705882 0
1679227962575 0.9662990196078431 0
1679227966852 0.9810049019607843 0
1679227971378 0.9892769607843137 0
1679227975678 0.9911151960784313 0
1679227980138 0.9895833333333334 0
1679227984762 0.9886642156862745 0
1679227989097 0.9880514705882353 0
1679227993609 0.9938725490196079 0
1679228011617 0.6167279411764706 0
1679228016056 0.9231004901960784 0
1679228020507 0.9705882352941176 0
1679228024614 0.9754901960784313 0
1679228029019 0.9840686274509803 0
1679228033493 0.9880514705882353 0
1679228038031 0.9923406862745098 0
1679228042522 0.9877450980392157 0
1679228046853 0.9926470588235294 0
1679228051455 0.9941789215686274 0
1679228069919 0.6176470588235294 0
1679228074376 0.9136029411764706 0
1679228078741 0.9669117647058824 0
1679228083274 0.9806985294117647 0
1679228087387 0.9837622549019608 0
1679228091838 0.9883578431372549 0
1679228095978 0.9938725490196079 0
1679228100426 0.9944852941176471 0
1679228105015 0.9911151960784313 0
1679228109446 0.9935661764705882 0
1679228128023 0.5980392156862745 0
1679228132405 0.9240196078431373 0
1679228136898 0.9788602941176471 0
1679228141186 0.9852941176470589 0
1679228145609 0.9865196078431373 0
1679228149522 0.9926470588235294 0
1679228153871 0.9960171568627451 0
1679228158094 0.991421568627451 0
1679228162469 0.9883578431372549 0
1679228166948 0.9950980392156863 0
1679228185297 0.5955882352941176 0
1679228189733 0.9175857843137255 0
1679228194173 0.9690563725490197 0
1679228198460 0.9828431372549019 0
1679228202669 0.991421568627451 0
1679228207047 0.9941789215686274 0
1679228210789 0.9868259803921569 0
1679228215169 0.9917279411764706 0
1679228219598 0.9880514705882353 0
1679228223977 0.9960171568627451 0
1679228242643 0.5765931372549019 0
1679228246980 0.9077818627450981 0
1679228251347 0.9693627450980392 0
1679228255756 0.984375 0
1679228260026 0.9865196078431373 0
1679228264568 0.9898897058823529 0
1679228269117 0.9975490196078431 0
1679228272725 0.9969362745098039 0
1679228277002 0.9938725490196079 0
1679228281332 0.9950980392156863 0
1679228300473 0.4730392156862745 0
1679228304916 0.8639705882352942 0
1679228309316 0.9534313725490197 0
1679228313662 0.9761029411764706 0
1679228317959 0.9800857843137255 0
1679228322326 0.9920343137254902 0
1679228326918 0.9862132352941176 0
1679228331510 0.9874387254901961 0
1679228335687 0.9923406862745098 0
1679228340186 0.9957107843137255 0
1679228359382 0.4491421568627451 0
1679228363865 0.8651960784313726 0
1679228368122 0.9515931372549019 0
1679228372525 0.9733455882352942 0
1679228376977 0.984375 0
1679228381198 0.9865196078431373 0
1679228385636 0.9852941176470589 0
1679228390263 0.9898897058823529 0
1679228394796 0.9947916666666666 0
1679228399081 0.9874387254901961 0
1679228418863 0.5321691176470589 0
1679228423336 0.8915441176470589 0
1679228427867 0.9675245098039216 0
1679228432372 0.9825367647058824 0
1679228436883 0.9837622549019608 0
1679228441135 0.9852941176470589 0
1679228445507 0.9895833333333334 0
1679228449763 0.9923406862745098 0
1679228454430 0.9923406862745098 0
1679228459133 0.9895833333333334 0
