1679227342541 4.223450055986177 0
1679227346714 4.052840224991087 0
1679227350765 3.91501752496697 0
1679227354823 3.9385510479914956 0
1679227359083 4.122674831014592 0
1679227363555 4.34304540901212 0
1679227367789 4.125021210988052 0
1679227371922 4.0000921780010685 0
1679227376354 4.295505132991821 0
1679227380895 4.404047766991425 0
1679227395452 3.930444166995585 0
1679227399703 4.107296691974625 0
1679227403868 4.032925884996075 0
1679227408306 4.304286514001433 0
1679227412475 4.046527870988939 0
1679227416839 4.213641286012717 0
1679227421115 4.151188201038167 0
1679227425508 4.268676288949791 0
1679227429690 4.055257731990423 0
1679227433917 4.098345111997332 0
1679227450270 3.4487866460112855 0
1679227454852 4.45357327099191 0
1679227459245 4.258288799028378 0
1679227463639 4.272949018981308 0
1679227467898 4.1208209480391815 0
1679227472018 3.9976162040256895 0
1679227476124 3.985177473980002 0
1679227480418 4.1785700809559785 0
1679227484912 4.359912567015272 0
1679227489284 4.235511887003668 0
1679227505794 4.409970080014318 0
1679227510241 4.30146677501034 0
1679227514508 4.122492503956892 0
1679227518842 4.204943776014261 0
1679227523117 4.152574780979194 0
1679227527298 4.058843681996223 0
1679227531585 4.159590810013469 0
1679227535688 3.9768612750340253 0
1679227540048 4.229948867985513 0
1679227544393 4.220709080982488 0
1679227560770 3.9719688709592447 0
1679227564906 3.998806987015996 0
1679227569200 4.171261935029179 0
1679227573616 4.277359455998521 0
1679227577830 4.091036194004118 0
1679227581493 3.543444579001516 0
1679227585803 4.166306387051009 0
1679227590013 4.081367695995141 0
1679227594608 4.446649754943792 0
1679227598752 4.023119067947846 0
1679227615430 4.108944198989775 0
1679227619794 4.2287487020366825 0
1679227624059 4.13747328199679 0
1679227628323 4.129483002994675 0
1679227632606 4.151596252981108 0
1679227637425 4.68161649396643 0
1679227641690 4.133277414017357 0
1679227645952 4.124457700003404 0
1679227650391 4.310964055010118 0
1679227654884 4.35862699302379 0
1679227671035 4.308038284012582 0
1679227675230 4.079906697035767 0
1679227679649 4.2909532859921455 0
1679227683875 4.083815328020137 0
1679227688316 4.304610977007542 0
1679227692672 4.224485913000535 0
1679227696754 3.9550815430120565 0
1679227701017 4.12941613496514 0
1679227705465 4.297180972003844 0
1679227709797 4.174730144033674 0
1679227726528 4.3628591739689 0
1679227730676 4.029037136991974 0
1679227734979 4.116358946019318 0
1679227739392 4.274734633043408 0
1679227743722 4.179725383000914 0
1679227748007 4.156717679987196 0
1679227752278 4.124879297974985 0
1679227756463 4.050334836007096 0
1679227760807 4.207294378022198 0
1679227764935 3.9894108650041744 0
1679227783147 4.145042440970428 0
1679227787526 4.23899037099909 0
1679227791992 4.33203416102333 0
1679227796499 4.373345899977721 0
1679227800813 4.1700440990389325 0
1679227805196 4.229613146977499 0
1679227809692 4.350865475018509 0
1679227813806 3.9742506140028127 0
1679227818107 4.16367205401184 0
1679227822532 4.283004084019922 0
1679227840337 3.8142431089654565 0
1679227844729 4.239610593998805 0
1679227849216 4.338396253995597 0
1679227853479 4.119229422009084 0
1679227857808 4.187364672019612 0
1679227862144 4.2055297900224105 0
1679227866468 4.192287196987309 0
1679227870777 4.163318256032653 0
1679227875219 4.30515407898929 0
1679227879499 4.126269436033908 0
1679227896649 4.188878285000101 0
1679227900424 3.6431165719986893 0
1679227904963 4.4018536360235885 0
1679227909557 4.44409565400565 0
1679227914030 4.313815675035585 0
1679227918418 4.242700867995154 0
1679227922808 4.253782005980611 0
1679227927121 4.167560247995425 0
1679227931388 4.128486511996016 0
1679227935799 4.27506886201445 0
1679227954030 4.586538137984462 0
1679227958688 4.506384330044966 0
1679227962602 3.7694790209643543 0
1679227966877 4.123659554054029 0
1679227971403 4.33766692399513 0
1679227975698 4.156756265962031 0
1679227980157 4.307332276017405 0
1679227984780 4.480812913971022 0
1679227989116 4.199946514971089 0
1679227993632 4.377991071029101 0
1679228011636 4.313718088960741 0
1679228016069 4.261576508986764 0
1679228020527 4.296876595995855 0
1679228024639 3.964351180999074 0
1679228029037 4.267852930992376 0
1679228033522 4.336313326028176 0
1679228038051 4.379135822993703 0
1679228042543 4.34787990199402 0
1679228046881 4.19095959799597 0
1679228051477 4.421691127994563 0
1679228069951 4.346560782985762 0
1679228074394 4.274808119982481 0
1679228078761 4.211270337982569 0
1679228083300 4.411402672994882 0
1679228087408 3.9631223949836567 0
1679228091857 4.302221624995582 0
1679228096006 4.009316972980741 0
1679228100453 4.262868448975496 0
1679228105038 4.43050979799591 0
1679228109476 4.281173329043668 0
1679228128044 4.320327705994714 0
1679228132422 4.235180114977993 0
1679228136925 4.340056995977648 0
1679228141213 4.120565638993867 0
1679228145634 4.287311061983928 0
1679228149544 3.757429000979755 0
1679228153896 4.209834631008562 0
1679228158120 4.055048783018719 0
1679228162488 4.226186113024596 0
1679228166966 4.333069065993186 0
1679228185326 4.265268048038706 0
1679228189755 4.281045101990458 0
1679228194201 4.298881432972848 0
1679228198491 4.143458525009919 0
1679228202692 4.0532888189773075 0
1679228207070 4.238383502000943 0
1679228210817 3.6030505349626765 0
1679228215195 4.232594261993654 0
1679228219614 4.246017123979982 0
1679228223998 4.22697577503277 0
1679228242672 4.369092129985802 0
1679228247000 4.184670067043044 0
1679228251381 4.224606412986759 0
1679228255778 4.261701274022926 0
1679228260055 4.133451002999209 0
1679228264599 4.367963802011218 0
1679228269134 4.368428223009687 0
1679228272745 3.479781770030968 0
1679228277029 4.11799015395809 0
1679228281353 4.173860009002965 0
1679228300499 4.198922723007854 0
1679228304936 4.28569355601212 0
1679228309338 4.247562024043873 0
1679228313685 4.210954018053599 0
1679228317986 4.154731681046542 0
1679228322342 4.224937163991854 0
1679228326944 4.442553034983575 0
1679228331534 4.426838623010553 0
1679228335713 4.003301005985122 0
1679228340212 4.342687010008376 0
1679228359400 4.39943188696634 0
1679228363885 4.325407308002468 0
1679228368150 4.12125038402155 0
1679228372550 4.250867480004672 0
1679228376998 4.2828426050255075 0
1679228381229 4.079664569988381 0
1679228385661 4.288017990998924 0
1679228390283 4.459261246025562 0
1679228394821 4.3776550439652056 0
1679228399107 4.115578341006767 0
1679228418880 4.326829224009998 0
1679228423357 4.330210110987537 0
1679228427898 4.392781205999199 0
1679228432393 4.352663197030779 0
1679228436903 4.361427775002085 0
1679228441157 4.111779982980806 0
1679228445547 4.219904744997621 0
1679228449782 4.096102381008677 0
1679228454449 4.509893113048747 0
1679228459159 4.550901395035908 0
