1678647533355 0.5947822433236238 0
1678647563577 0.5005482433753812 0
1678647598228 1.1395965503129495 0
1678647636016 1.8788997311147368 0
1678647673891 2.589779566142793 0
1678647714242 3.3887070287076537 0
1678647755711 3.4137846999436414 0
1678647797288 3.7869679764364146 0
1678647839296 3.8390156211051916 0
1678647882923 4.247274363460623 0
1678647922691 4.443360019127773 0
1678647967959 4.691399137203601 0
1678648014455 4.713780101542858 0
1678648062020 4.949915771060258 0
1678648110434 5.009072082288623 0
1678648158196 5.224684848985678 0
1678648197532 9533211064747.7 0
1678648247920 nan 0
1678648297156 nan 0
1678648349605 nan 0
