1678647533351 0.8084069448674992 0
1678647563560 0.8915997529339098 0
1678647598224 0.7794935145151328 0
1678647635999 0.6559604694255713 0
1678647673874 0.5308832612723904 0
1678647714226 0.36812847436689317 0
1678647755706 0.3792464484249537 0
1678647797272 0.2578752316244595 0
1678647839279 0.3922174181593576 0
1678647882906 0.23965410747374924 0
1678647922674 0.29184681902408893 0
1678647967942 0.19024088943792464 0
1678648014438 0.25880172946263125 0
1678648062003 0.1432983323038913 0
1678648110416 0.22328597899938232 0
1678648158190 0.13310685608400247 0
1678648197519 0.1355775169857937 0
1678648247902 0.10438542310067943 0
1678648297148 0.10438542310067943 0
1678648349598 0.10438542310067943 0
